2.2692353894400268e-24
2.2341847874093325e-24
2.2015409719953913e-24
2.171215553508577e-24
2.1431249813520135e-24
2.1171903904265313e-24
2.0933374538721036e-24
2.0714962413440377e-24
2.0516010820755902e-24
2.0335904320477886e-24
2.0174067446517014e-24
2.002996344298181e-24
1.990309302500913e-24
1.9792993160272016e-24
1.969923586780699e-24
1.9621427031442512e-24
1.95592052257627e-24
1.9512240553104553e-24
1.948023349066806e-24
1.9462913747296173e-24
1.9460039129974363e-24
1.9471394420492786e-24
1.9496790263109064e-24
1.9536062064378426e-24
1.9589068906601857e-24
1.965569247660778e-24
1.973583601179501e-24
1.982942326554796e-24
1.993639749427149e-24
2.00567204684119e-24
2.0190371509910215e-24
2.0337346558557545e-24
2.049765726975779e-24
2.0671330146154347e-24
2.0858405705522868e-24
2.1058937687249526e-24
2.1272992299563036e-24
2.150064750955486e-24
2.174199237780151e-24
2.199712643919762e-24
2.2266159131367514e-24
2.2549209271721667e-24
2.2846404583964747e-24
2.3157881274539283e-24
2.3483783659177267e-24
2.382426383939858e-24
2.4179481428505226e-24
2.4549603326262482e-24
2.49348035411872e-24
2.5335263059065473e-24
2.5751169756041854e-24
2.618271835439695e-24
2.6630110418907068e-24
2.7093554391492075e-24
2.7573265661715814e-24
2.8069466670582567e-24
2.8582387044997027e-24
2.911226376019406e-24
2.9659341327467287e-24
3.022387200450404e-24
3.0806116025724847e-24
3.1406341850079933e-24
3.202482642387535e-24
3.2661855456329336e-24
3.3317723705688445e-24
3.399273527391794e-24
3.4687203908148585e-24
3.540145330721876e-24
3.613581743186527e-24
3.689064081731015e-24
3.7666278887124274e-24
3.846309826749838e-24
3.928147710118055e-24
4.012180536052737e-24
4.09844851592667e-24
4.1869931062731e-24
4.277857039643029e-24
4.3710843552999674e-24
4.466720429760843e-24
4.564812007209503e-24
4.665407229807682e-24
4.7685556679485065e-24
4.8743083504902865e-24
4.982717795023917e-24
5.09383803822776e-24
5.207724666363874e-24
5.324434845978425e-24
5.4440273548635674e-24
5.5665626133459686e-24
5.692102715961351e-24
5.820711463577888e-24
5.952454396029222e-24
6.087398825317534e-24
6.22561386944674e-24
6.367170486938307e-24
6.5121415120938265e-24
6.660601691047904e-24
6.812627718674151e-24
6.968298276384272e-24
7.127694070875684e-24
7.290897873872942e-24
7.457994562902963e-24
7.629071163153102e-24
7.804216890453083e-24
7.983523195412662e-24
8.167083808764557e-24
8.354994787948215e-24
8.547354564955667e-24
8.744263995507654e-24
8.94582640955049e-24
9.152147663153542e-24
9.363336191797133e-24
9.579503065134917e-24
9.800762043196491e-24
1.002722963413556e-23
1.0259025153500285e-23
1.0496270785081884e-23
1.0739091643389036e-23
1.0987615837733465e-23
1.1241974538021424e-23
1.1502302042229435e-23
1.1768735845642095e-23
1.2041416711859455e-23
1.2320488745617976e-23
1.2606099467461904e-23
1.2898399890290786e-23
1.3197544597866582e-23
1.3503691825251358e-23
1.3817003541255256e-23
1.4137645532928002e-23
1.446578749215887e-23
1.480160310434846e-23
1.5145270139346284e-23
1.5496970544526294e-23
1.5856890540127106e-23
1.622522071694321e-23
1.6602156136389142e-23
1.6987896432915853e-23
1.7382645918912556e-23
1.7786613692109186e-23
1.8200013745633646e-23
1.8623065080555694e-23
1.905599182117074e-23
1.9499023333096748e-23
1.9952394344012586e-23
2.04163450673155e-23
2.089112132891806e-23
2.1376974696495327e-23
2.1874162612571206e-23
2.2382948529689672e-23
2.2903602049892335e-23
2.3436399066673084e-23
2.3981621910411343e-23
2.4539559497419616e-23
2.5110507482272202e-23
2.5694768413944123e-23
2.6292651895273408e-23
2.6904474746021604e-23
2.7530561170187495e-23
2.8171242927300596e-23
2.8826859506782753e-23
2.949775830748826e-23
3.018429482011296e-23
3.088683281575013e-23
3.160574453617964e-23
3.234141089119516e-23
3.309422165905884e-23
3.3864575690836515e-23
3.465288112159372e-23
3.545955558506081e-23
3.628502643267819e-23
3.712973095950504e-23
3.7994116632813393e-23
3.887864132908838e-23
3.9783773572593405e-23
4.0709992784533365e-23
4.165778953156222e-23
4.2627665784414497e-23
4.362013518280869e-23
4.463572330228147e-23
4.567496793249063e-23
4.673841935594175e-23
4.782664063601278e-23
4.894020791859634e-23
5.0079710721553623e-23
5.124575225253598e-23
5.24389497175972e-23
5.365993464784424e-23
5.490935322711163e-23
5.618786662608199e-23
5.749615134740617e-23
5.883489958003397e-23
6.020481955896242e-23
6.160663591918556e-23
6.304109010130773e-23
6.450894069294065e-23
6.60109638544413e-23
6.754795371247313e-23
6.912072276148206e-23
7.073010227602065e-23
7.237694274969337e-23
