2.073954560980806e-22
2.0739681357596981e-22
2.0739805152668994e-22
2.0739917257827416e-22
2.0740017911061664e-22
2.0740107326050706e-22
2.0740185692621494e-22
2.0740253177148672e-22
2.074030992291263e-22
2.0740356050400998e-22
2.07403916575705e-22
2.074041682004958e-22
2.0740431591303334e-22
2.0740436002747171e-22
2.074043006381362e-22
2.074041376197406e-22
2.074038706271017e-22
2.0740349909445608e-22
2.0740302223420126e-22
2.074024390353077e-22
2.074017482610913e-22
2.0740094844668645e-22
2.0740003789586426e-22
2.0739901467746096e-22
2.0739787662132822e-22
2.0739662131363895e-22
2.073952460918805e-22
2.0739374803908505e-22
2.073921239777594e-22
2.0739037046309544e-22
2.073884837756349e-22
2.07386459913413e-22
2.073842945834831e-22
2.07381983192789e-22
2.0737952083839877e-22
2.073769022971409e-22
2.0737412201452913e-22
2.0737117409293362e-22
2.073680522791013e-22
2.073647499510126e-22
2.073612601033162e-22
2.0735757533348603e-22
2.073536878245977e-22
2.0734958933096819e-22
2.0734527115785336e-22
2.0734072414511325e-22
2.0733593864749794e-22
2.0733090451346657e-22
2.073256110631404e-22
2.073200470685516e-22
2.0731420072628897e-22
2.0730805963342632e-22
2.0730161076345977e-22
2.0729484043488773e-22
2.0728773428615897e-22
2.0728027724200508e-22
2.0727245348294799e-22
2.0726424641146077e-22
2.0725563861645701e-22
2.0724661183754764e-22
2.0723714692455175e-22
2.0722722379794754e-22
2.0721682140536976e-22
2.0720591767851309e-22
2.0719448948468584e-22
2.071825125782083e-22
2.0716996154964087e-22
2.0715680977037203e-22
2.0714302933786581e-22
2.071285910152376e-22
2.071134641690799e-22
2.0709761670521273e-22
2.0708101500000634e-22
2.0706362382894507e-22
2.0704540629246292e-22
2.0702632373672784e-22
2.070063356719772e-22
2.0698539968635756e-22
2.0696347135660074e-22
2.069405041521292e-22
2.0691644933787875e-22
2.0689125586937024e-22
2.0686487028548777e-22
2.0683723659373856e-22
2.0680829615220178e-22
2.067779875446933e-22
2.067462464485976e-22
2.0671300550253861e-22
2.0667819415750285e-22
2.0664173853090537e-22
2.0660356124792407e-22
2.0656358127743648e-22
2.0652171375976565e-22
2.0647786982584061e-22
2.0643195640763767e-22
2.0638387604208608e-22
2.0633352666101081e-22
2.062808013761732e-22
2.06225588251952e-22
2.0616777006410057e-22
2.0610722405421959e-22
2.0604382166439306e-22
2.0597742826621456e-22
2.0590790287297816e-22
2.0583509783952577e-22
2.0575885854819195e-22
2.056790230782008e-22
2.0559542185672414e-22
2.0550787730803993e-22
2.054162034620438e-22
2.053202055692942e-22
2.0521967967407543e-22
2.0511441218560908e-22
2.0500417942223236e-22
2.0488874713146042e-22
2.0476786998865238e-22
2.046412910728843e-22
2.0450874132134105e-22
2.0436993895340076e-22
2.0422458885477918e-22
2.0407238196449387e-22
2.039129946011632e-22
2.037460877710734e-22
2.0357130644732661e-22
2.033882787939424e-22
2.0319661538842625e-22
2.0299590836715295e-22
2.027857305549053e-22
2.0256563455394e-22
2.023351517641975e-22
2.0209379139424114e-22
2.0184103939336147e-22
2.0157635733136837e-22
2.0129918128131095e-22
2.010089205168066e-22
2.0070495633601912e-22
2.0038664065858817e-22
2.0005329462606648e-22
1.997042071575357e-22
1.9933863338308878e-22
1.9895579303707305e-22
1.985548687664358e-22
1.981350042931306e-22
1.9769530266388365e-22
1.9723482418835148e-22
1.9675258441383533e-22
1.9624755198805846e-22
1.9571864634005803e-22
1.951647354559382e-22
1.94584633145115e-22
1.9397709663298445e-22
1.933408237725611e-22
1.9267445006381635e-22
1.9197654569356024e-22
1.912456124726151e-22
1.9048008022974132e-22
1.896783035650983e-22
1.8883855800373147e-22
1.8795903618636922e-22
1.870378438536677e-22
1.8607299533231497e-22
1.8506240936561488e-22
1.8400390417600305e-22
1.8289519249219892e-22
1.8173387627433817e-22
1.8051744139064582e-22
1.792432516079049e-22
1.7790854257104517e-22
1.765104152985761e-22
1.7504582935291107e-22
1.7351159568949757e-22
1.7190436934240724e-22
1.7022064099898713e-22
1.684567287726466e-22
1.66608769502585e-22
1.6467270883037138e-22
1.6264429175566527e-22
1.6051905166857418e-22
1.5829229931237665e-22
1.559591105929728e-22
1.5351431476360285e-22
1.5095247974545262e-22
1.4826789866721184e-22
1.4545457421753643e-22
1.4250620238240903e-22
1.3941615368960962e-22
1.3617745676113793e-22
1.3278277484669544e-22
1.2922438470914416e-22
1.2549415166544977e-22
1.215835030517765e-22
1.1748339675898397e-22
1.1318428804916704e-22
1.086760884752625e-22
1.0394811942344588e-22
9.898905649029607e-23
9.378685515659947e-23
8.832866139033787e-23
8.260068005118984e-23
7.658799210045598e-23
7.027426318101399e-23
