6.335670416912099e-23
6.335682366783621e-23
6.335692859289592e-23
6.335701916638138e-23
6.335709557997189e-23
6.335715799535061e-23
6.335720654454208e-23
6.335724133018947e-23
6.335726242577085e-23
6.335726987575132e-23
6.335726369567484e-23
6.335724387219547e-23
6.335721036304733e-23
6.335716309695115e-23
6.335710197346383e-23
6.335702686276308e-23
6.335693760537158e-23
6.335683401181187e-23
6.33567158622118e-23
6.335658290583029e-23
6.335643486052667e-23
6.335627141216248e-23
6.3356092213932e-23
6.335589688562855e-23
6.335568501283161e-23
6.335545614603162e-23
6.33552097996785e-23
6.335494545113843e-23
6.335466253960359e-23
6.335436046488394e-23
6.335403858614094e-23
6.335369622052928e-23
6.33533326417455e-23
6.335294707848745e-23
6.335253871281264e-23
6.33521066784052e-23
6.3351650058746e-23
6.335116788515556e-23
6.335065913473855e-23
6.33501227282249e-23
6.334955752765874e-23
6.334896233401054e-23
6.334833588461168e-23
6.334767685048e-23
6.334698383349552e-23
6.334625536344236e-23
6.33454898948811e-23
6.334468580387911e-23
6.334384138454032e-23
6.334295484540037e-23
6.334202430563759e-23
6.334104779105473e-23
6.334002322991016e-23
6.333894844846084e-23
6.33378211664827e-23
6.333663899224406e-23
6.33353994175983e-23
6.333409981254147e-23
6.333273741970978e-23
6.33313093484407e-23
6.332981256873803e-23
6.332824390471705e-23
6.332660002795859e-23
6.332487745041072e-23
6.332307251692133e-23
6.332118139761625e-23
6.331920007959286e-23
6.331712435849296e-23
6.331494982956022e-23
6.331267187829035e-23
6.331028567057946e-23
6.33077861424949e-23
6.330516798951823e-23
6.330242565515589e-23
6.329955331939998e-23
6.329654488593131e-23
6.329339396969693e-23
6.32900938828306e-23
6.328663762063527e-23
6.328301784687127e-23
6.327922687775007e-23
6.327525666598732e-23
6.327109878337454e-23
6.326674440313921e-23
6.326218428072883e-23
6.325740873459286e-23
6.325240762545365e-23
6.324717033433751e-23
6.324168574047545e-23
6.323594219727511e-23
6.32299275079477e-23
6.322362889865803e-23
6.321703299220183e-23
6.321012577905917e-23
6.320289258761471e-23
6.319531805261093e-23
6.318738608282403e-23
6.317907982626229e-23
6.317038163473131e-23
6.316127302550663e-23
6.315173464213141e-23
6.314174621351367e-23
6.313128650943001e-23
6.312033329659189e-23
6.310886328998443e-23
6.309685210382567e-23
6.308427419803422e-23
6.30711028255355e-23
6.305730997282875e-23
6.304286630121481e-23
6.302774108565889e-23
6.301190214268085e-23
6.299531576850793e-23
6.297794666280961e-23
6.295975785244205e-23
6.294071061484985e-23
6.292076439144594e-23
6.289987670204289e-23
6.287800305289743e-23
6.285509683978271e-23
6.283110925107412e-23
6.280598915636166e-23
6.277968299924918e-23
6.275213468328632e-23
6.27232854465613e-23
6.269307373609989e-23
6.266143507764502e-23
6.262830192522562e-23
6.259360352530118e-23
6.255726575843303e-23
6.251921097606873e-23
6.247935783205256e-23
6.24376211074084e-23
6.239391151732604e-23
6.234813552290614e-23
6.230019511592832e-23
6.224998761915564e-23
6.219740544004343e-23
6.214233584247293e-23
6.208466071366065e-23
6.202425626148255e-23
6.196099278699028e-23
6.189473435503198e-23
6.182533852079531e-23
6.175265599052413e-23
6.167653030624613e-23
6.159679746445985e-23
6.151328559100668e-23
6.142581449010488e-23
6.133419530876392e-23
6.123823004168213e-23
6.113771113125438e-23
6.103242093277471e-23
6.092213128272541e-23
6.080660292758389e-23
6.068558497405956e-23
6.055881433132492e-23
6.042601503987393e-23
6.028689769344975e-23
6.014115872689172e-23
5.998847964896936e-23
5.982852640267843e-23
5.966094837613606e-23
5.948537778090235e-23
5.930142863619295e-23
5.910869577598727e-23
5.890675396610332e-23
5.869515678412981e-23
5.847343561461523e-23
5.824109825557608e-23
5.799762788290818e-23
5.77424816886029e-23
5.747508940370575e-23
5.719485190162661e-23
5.690113961420334e-23
5.65932907132357e-23
5.627060974232324e-23
5.593236519643499e-23
5.557778796779758e-23
5.520606911195206e-23
5.481635733935788e-23
5.440775688192984e-23
5.397932509434651e-23
5.353006894842028e-23
5.305894302110137e-23
5.2564845746214653e-23
5.2046616208842474e-23
5.1503030745113374e-23
5.0932798813089047e-23
5.033455895881137e-23
4.970687427764233e-23
4.90482278397105e-23
4.8357017108719665e-23
4.763154881669039e-23
4.6870032496659737e-23
4.60705741045258e-23
4.523116924316464e-23
4.43496943769746e-23
4.3423899513924306e-23
4.245139877565679e-23
4.142965973009792e-23
