6.364617749858892e-24
5.219236298779629e-24
4.142660706279944e-24
3.1326599856805614e-24
2.187217722200011e-24
1.3047518539424142e-24
4.864768685146098e-25
2.985206587342577e-25
9.967806625717895e-25
1.6469748203099212e-24
2.2437927117466035e-24
2.7878850878172097e-24
3.2802363728177896e-24
3.7218167428385844e-24
4.113518292844075e-24
4.4561380769013426e-24
4.750372893174908e-24
4.9968177363226944e-24
5.1959655171790705e-24
5.348207200027514e-24
5.453832015829305e-24
5.513027602682565e-24
5.525880001599567e-24
5.4923734761360445e-24
5.412390143270667e-24
5.2857094196964114e-24
5.112007305726458e-24
4.890855558624645e-24
4.621720863636006e-24
4.303964230686374e-24
3.936841122215975e-24
3.519503518674063e-24
3.0510071313002877e-24
2.5303336295248376e-24
1.9564652791386022e-24
1.3287090284566667e-24
6.492535506995726e-25
1.6945813008569472e-25
9.217099006703721e-25
1.783097365909104e-24
2.7111211766025127e-24
3.7059276922076816e-24
4.769428514645127e-24
5.904007256319142e-24
7.112317300118129e-24
8.39723501495842e-24
9.761850086334087e-24
1.120946790858553e-23
1.2743617002966639e-23
1.4368059105648715e-23
1.6086801048615447e-23
1.7904108101478556e-23
1.9824518669155034e-23
2.1852860344397136e-23
2.3994267370967e-23
2.625419961013338e-23
2.863846312722431e-23
3.115323253401486e-23
3.3805075248366176e-23
3.660097785619596e-23
3.954837476696462e-23
4.265517940398036e-23
4.59298181823275e-23
4.938126755896697e-23
5.301909448169979e-23
5.685350060942029e-23
6.089537069935212e-23
6.515632564403518e-23
6.964878067350848e-23
7.438600931443469e-23
7.93822138008682e-23
8.465260268441944e-23
9.021347652749135e-23
9.608232270716237e-23
1.0227792042836593e-22
1.088204573149385e-22
1.1573165904362485e-22
1.23034933811492e-22
1.3075553365638902e-22
1.3892073489830116e-22
1.4756004054244657e-22
1.5670540773115392e-22
1.6639150395054256e-22
1.7665599641317771e-22
1.8753987969037744e-22
1.9908784765200917e-22
2.1134871683859755e-22
2.2437590989926895e-22
2.382280091386881e-22
2.529693924564362e-22
2.686709663578027e-22
2.8541101373499904e-22
3.0327617798713063e-22
3.223626098961517e-22
3.427773094634773e-22
3.6463970238943527e-22
3.880835010397901e-22
4.1325891099452127e-22
4.403352610041158e-22
4.695041540876353e-22
5.009832643687168e-22
5.350209396303532e-22
5.719018163666115e-22
6.119537173432616e-22
6.555561859282652e-22
7.031511307971471e-22
7.552562145208097e-22
8.124818486780609e-22
8.755529826105472e-22
9.453373389368174e-22
1.0228824408022307e-21
1.1094647926392863e-21
1.206656141237882e-21
1.3164141629747556e-21
1.4412087594693481e-21
1.5842014194996617e-21
1.749505603853431e-21
1.942574309896879e-21
2.170793678328867e-21
2.444422766884676e-21
2.778140167456062e-21
3.1937092858582383e-21
3.724834354545768e-21
4.4266373900847876e-21
5.395838825505555e-21
6.818953764447437e-21
9.107170766218946e-21
1.3374282220876088e-20
2.395186839469361e-20
7.282284293579994e-20
3.964817171893778e-20
1.8810202061770348e-20
1.2377268138319843e-20
9.311318140353505e-21
7.524512112633897e-21
6.356500915046581e-21
5.534144992707266e-21
4.9242666688137154e-21
4.454249002680069e-21
4.08114604262557e-21
3.777939740049008e-21
3.526784640097087e-21
3.3154204038875794e-21
3.135145396674472e-21
2.979612542645976e-21
2.844082960713557e-21
2.724946527037109e-21
2.6194042210843844e-21
2.525251961446285e-21
2.4407300740174117e-21
2.364416223687512e-21
2.295147833039533e-21
2.231964959076167e-21
2.174067586806507e-21
2.1207832444651127e-21
2.071542188076469e-21
2.0258581090998485e-21
1.983313041945862e-21
1.9435453821004837e-21
1.9062403433158054e-21
1.8711222436189406e-21
1.837948277192417e-21
1.8065033805740108e-21
1.776596051445634e-21
1.7480548497378183e-21
1.720725485504749e-21
1.6944683988536826e-21
1.669156696582042e-21
1.644674385296679e-21
1.6209149328942714e-21
1.5977799575891716e-21
1.5751781408476158e-21
1.5530242830155558e-21
1.5312384702515198e-21
1.5097453552452918e-21
1.4884735309921864e-21
1.467354945180423e-21
1.4463244318664096e-21
1.4253192515496971e-21
1.4042786900875595e-21
1.3831437123094032e-21
1.3618566215822656e-21
1.3403607645121534e-21
1.3186002634404213e-21
1.2965197456090186e-21
1.2740641347174187e-21
1.2511784037672324e-21
1.2278073747527128e-21
1.2038955273946785e-21
1.179386798414217e-21
1.1542244042849833e-21
1.1283506717714574e-21
1.1017068453489531e-21
1.0742329499588496e-21
1.0458675815169706e-21
1.0165477810064994e-21
9.862088616231164e-22
9.547842201730723e-22
9.22205198124158e-22
8.88400904488609e-22
8.532980463134547e-22
