6.316440279602624e-24
6.2300006792396105e-24
6.143057788764902e-24
6.055436718971902e-24
5.966962186595904e-24
5.8774582544026925e-24
5.786748082412701e-24
5.6946536961302966e-24
5.6009957692341485e-24
5.505593428696621e-24
5.4082640820647046e-24
5.3088232733173454e-24
5.207084573866796e-24
5.1028595144626306e-24
4.995957570578705e-24
4.886186212282925e-24
4.773351035760308e-24
4.6572559992365754e-24
4.5377037955893255e-24
4.414496394073529e-24
4.287435815230285e-24
4.156325205549981e-24
4.020970320445778e-24
3.881181558665517e-24
3.736776762131192e-24
3.587585079195088e-24
3.4334523559735304e-24
3.2742487232762813e-24
3.1098794449354328e-24
2.9403006777825203e-24
2.765542812165688e-24
2.5857458161587e-24
2.4012140641540483e-24
2.212503716218871e-24
2.0205659722733985e-24
1.8269886633424974e-24
1.63441367009518e-24
1.4472658435458116e-24
1.2729928465229654e-24
1.1239168647303257e-24
1.0188544900820175e-24
9.808442689981015e-25
1.0264766075051372e-24
1.154572464731488e-24
1.3498829650470063e-24
1.5953043515820979e-24
1.878144731590701e-24
2.190346588555576e-24
2.527059638886617e-24
2.885410639257403e-24
3.2637183011335732e-24
3.6610291983192655e-24
4.0768459098157155e-24
4.510965178636421e-24
4.963379088036115e-24
5.434213006352384e-24
5.9236854604168196e-24
6.432081478217882e-24
6.959734385096673e-24
7.507013056662558e-24
8.07431274282219e-24
8.662048340135256e-24
9.270649307757649e-24
9.90055575679411e-24
1.0552215396122579e-23
1.1226081045626686e-23
1.1922608671403106e-23
1.2642255733065618e-23
1.3385479817874979e-23
1.4152737520472456e-23
1.4944483501952882e-23
1.576116972349523e-23
1.6603244827131992e-23
1.7471153658559887e-23
1.8365336901339797e-23
1.9286230871312483e-23
2.0234267400301683e-23
2.1209873840851784e-23
2.2213473206885487e-23
2.324548438391495e-23
2.430632252604731e-23
2.5396399411099163e-23
2.6516124108690685e-23
2.7665903551079345e-23
2.8846143311720934e-23
3.005724847300648e-23
3.129962448627414e-23
3.257367824530312e-23
3.38798190974432e-23
3.5218460000382487e-23
3.659001870763761e-23
3.799491911381472e-23
3.9433592303744385e-23
4.090647814593451e-23
4.241402641869732e-23
4.395669829961257e-23
4.5534967584220943e-23
4.7149322210933045e-23
4.88002655728816e-23
5.0488317710038787e-23
5.221401690640543e-23
5.3977920797042e-23
5.578060755948797e-23
5.762267749648898e-23
5.950475389045148e-23
6.142748420826186e-23
6.339154152315295e-23
6.539762511960259e-23
6.744646195005937e-23
6.95388073640754e-23
7.167544594747822e-23
7.385719294347253e-23
7.608489449236638e-23
7.835942859989571e-23
8.068170621239951e-23
8.305267167299954e-23
8.547330352517546e-23
8.794461499788684e-23
9.04676550195383e-23
9.304350826258908e-23
9.56732964925224e-23
9.835817855318878e-23
1.0109935102625768e-22
1.03898048793019e-22
1.067555460750574e-22
1.0967315623171865e-22
1.1265223232086158e-22
1.1569416834439243e-22
1.188003995898724e-22
1.2197240203835245e-22
1.252116951546377e-22
1.2851983909482374e-22
1.318984397409811e-22
1.3534914487170756e-22
1.3887364765103209e-22
1.424736861944168e-22
1.4615104466168897e-22
1.4990755291986578e-22
1.5374508805554038e-22
1.576655756511613e-22
1.6167098936858364e-22
1.6576335222670338e-22
1.6994473697742968e-22
1.7421726821392768e-22
1.7858312016113872e-22
1.8304452396539982e-22
1.876037585928595e-22
1.9226316276904665e-22
1.970251260145328e-22
2.0189209912376342e-22
2.0686658634779547e-22
2.119511506273691e-22
2.1714841951980062e-22
2.2246107318800524e-22
2.278918578540478e-22
2.3344358764645925e-22
2.391191302441381e-22
2.4492142821041315e-22
2.5085348383890224e-22
2.5691837470967363e-22
2.6311923675891384e-22
2.6945929143617077e-22
2.7594181695096597e-22
2.8257017593073875e-22
2.8934779716774186e-22
2.9627819714229883e-22
3.033649505378745e-22
3.106117407931095e-22
3.1802230586426174e-22
3.256004697733858e-22
3.3335014304056783e-22
3.4127533844060496e-22
3.4938012456295547e-22
3.5766868709385023e-22
3.6614529085280997e-22
3.7481426735922875e-22
3.8368008827362704e-22
3.927472798698168e-22
4.0202048852827317e-22
4.1150445717614724e-22
4.2120400301264737e-22
4.311240648803884e-22
4.412697078179684e-22
4.516460529767374e-22
4.6225834211957565e-22
4.731119466835964e-22
4.842123406581195e-22
4.955650382929467e-22
5.071757958032628e-22
5.190503164596448e-22
5.311946466289044e-22
5.43614667848712e-22
5.563165711208639e-22
5.6930664206228795e-22
5.82591186383376e-22
5.961767610035655e-22
6.100698602274288e-22
6.242772578621055e-22
6.388056851231682e-22
6.536623056042668e-22
6.688539711001083e-22
