1.3565668922205184e-24
1.3199291682547035e-24
1.285581216285034e-24
1.2534096676408674e-24
1.2233043437695201e-24
1.1951581949514621e-24
1.1688672654730645e-24
1.1443306818275162e-24
1.1214506600168697e-24
1.100132527684046e-24
1.0802847566402149e-24
1.0618190012839022e-24
1.0446501386575545e-24
1.028696306088208e-24
1.0138789328880499e-24
1.0001227630909022e-24
9.873558668077332e-25
9.755096384290711e-25
9.645187805745633e-25
9.5432127320082e-25
9.448583279792983e-25
9.360743283648612e-25
9.279167563207669e-25
9.20336106894177e-25
9.13285792063616e-25
9.06722035464782e-25
9.006037596121381e-25
8.948924673022819e-25
8.895521187642658e-25
8.845490061034403e-25
8.798516264352337e-25
8.754305549487219e-25
8.712583190538145e-25
8.673092745281333e-25
8.63559484533835e-25
8.599866021183054e-25
8.565697567689344e-25
8.53289445414357e-25
8.501274282191579e-25
8.470666292842264e-25
8.440910425143222e-25
8.411856425746035e-25
8.38336301030086e-25
8.355297075694202e-25
8.327532962699023e-25
8.299951767684096e-25
8.272440702274233e-25
8.244892500062763e-25
8.217204868372765e-25
8.189279984566353e-25
8.161024035543276e-25
8.13234679940674e-25
8.103161269056094e-25
8.073383316922438e-25
8.042931401432321e-25
8.011726315043755e-25
7.979690975454657e-25
7.94675026158352e-25
7.9128308955958615e-25
7.87786137559853e-25
7.8417719621095085e-25
7.804494723370169e-25
7.765963646264813e-25
7.726114821030205e-25
7.684886708554584e-25
7.642220503587162e-25
7.598060606559984e-25
7.552355223487913e-25
7.505057112857263e-25
7.456124507061198e-25
7.405522237028027e-25
7.353223098948882e-25
7.299209504738883e-25
7.243475471735181e-25
7.186029013633147e-25
7.126895008696192e-25
7.066118634917963e-25
7.003769480041688e-25
6.9399464495177775e-25
6.874783619699254e-25
6.808457200988144e-25
6.741193800981567e-25
6.673280185673461e-25
6.605074755148672e-25
6.537020928241615e-25
6.469662596758438e-25
6.403661714234736e-25
6.339817910180044e-25
6.279089726763557e-25
6.222616606176589e-25
6.17174003717212e-25
6.128021236206575e-25
6.093251326080113e-25
6.069448155216648e-25
6.058831773678947e-25
6.063768445962622e-25
6.086671529256109e-25
6.129847591547474e-25
6.19527932140299e-25
6.284344878759671e-25
6.397488301875892e-25
6.533878304500741e-25
6.691122208980697e-25
6.865131637440678e-25
7.050253609210027e-25
7.2397636104525445e-25
7.426745263382157e-25
7.605253382582692e-25
7.7715136194810235e-25
7.924831010726881e-25
8.067931712675899e-25
8.2066439340452675e-25
8.349045984218794e-25
8.504356080218215e-25
8.681854708579287e-25
8.89004382113496e-25
9.13612700994414e-25
9.425796999654143e-25
9.763262249215019e-25
1.0151428070699028e-24
1.059215518877947e-24
1.108653703964395e-24
1.1635157628342842e-24
1.2238309861612144e-24
1.2896167467707292e-24
1.3608912344211505e-24
1.4376823569931773e-24
1.5200335939488072e-24
1.6080075740249237e-24
1.701688042459636e-24
1.8011807442448807e-24
1.90661363138475e-24
2.018136670038201e-24
2.1359214548699745e-24
2.260160756679076e-24
2.3910680859901264e-24
2.5288773270917618e-24
2.6738424685450726e-24
2.82623744092209e-24
2.986356070568728e-24
3.1545121450888038e-24
3.331039588918448e-24
3.516292741548818e-24
3.710646735224376e-24
3.914497961828649e-24
4.128264632130201e-24
4.352387409000673e-24
4.5873301307301904e-24
4.833580600773357e-24
5.091651455183912e-24
5.3620811003696024e-24
5.645434724105427e-24
5.942305373868534e-24
6.253315107593414e-24
6.579116211035931e-24
6.920392494487385e-24
7.27786065146968e-24
7.652271701047675e-24
8.044412499072409e-24
8.455107333695537e-24
8.885219591629572e-24
9.33565351853237e-24
9.807356056377507e-24
1.0301318772363832e-23
1.0818579880347144e-23
1.1360226354252877e-23
1.192739614648321e-23
1.2521280497989426e-23
1.3143126367969175e-23
1.379423896951031e-23
1.447598440551435e-23
1.518979245482692e-23
1.5937159454533735e-23
1.6719651320985587e-23
1.7538906713606053e-23
1.839664032423159e-23
1.9294646332995204e-23
2.023480196892375e-23
2.12190712954934e-23
2.224950909541571e-23
2.3328264962525444e-23
2.445758755586007e-23
2.563982902606719e-23
2.6877449649702444e-23
2.817302264615193e-23
2.952923919427853e-23
3.0948913659241064e-23
3.2434989051222575e-23
3.39905426719744e-23
3.561879202274266e-23
3.732310096265631e-23
3.9106986039007294e-23
4.097412315302815e-23
4.2928354453809455e-23
4.497369548220491e-23
4.7114342592820375e-23
4.9354680715298095e-23
5.169929127541779e-23
5.415296053068765e-23
5.67206881928379e-23
5.940769624809075e-23
