5.151364943044802e-24
5.1491105478282e-24
5.146975977788781e-24
5.144955361999547e-24
5.1430431880162076e-24
5.141234280250948e-24
5.139523779902027e-24
5.137907126331105e-24
5.1363800397850805e-24
5.134938505366748e-24
5.133578758168587e-24
5.132297269485117e-24
5.131090734036367e-24
5.129956058123224e-24
5.12889034866167e-24
5.127890903038233e-24
5.12695519971976e-24
5.126080889580695e-24
5.125265787913071e-24
5.124507867046575e-24
5.123805249565794e-24
5.123156202097197e-24
5.122559129609297e-24
5.122012570203663e-24
5.1215151903993195e-24
5.12106578084584e-24
5.120663252473649e-24
5.120306633057175e-24
5.119995064150037e-24
5.119727798426999e-24
5.1195041973752084e-24
5.119323729332241e-24
5.1191859678938946e-24
5.1190905906316126e-24
5.119037378167726e-24
5.119026213567714e-24
5.1190570820505365e-24
5.119130071044882e-24
5.119245370545862e-24
5.119403273828799e-24
5.119604178479513e-24
5.119848587742594e-24
5.120137112272115e-24
5.120470472167617e-24
5.120849499423706e-24
5.121275140737563e-24
5.121748460724578e-24
5.122270645506758e-24
5.122843006773894e-24
5.123466986264183e-24
5.124144160729243e-24
5.12487624738337e-24
5.125665109897876e-24
5.126512764963913e-24
5.12742138938836e-24
5.128393327894693e-24
5.129431101582445e-24
5.130537417053506e-24
5.1317151763717154e-24
5.13296748782743e-24
5.1342976775789325e-24
5.135709302233813e-24
5.1372061624696246e-24
5.138792317786481e-24
5.140472102320908e-24
5.142250142098308e-24
5.1441313735019604e-24
5.146121063328467e-24
5.148224830402534e-24
5.1504486688151105e-24
5.152798973285851e-24
5.155282566166444e-24
5.15790672687041e-24
5.1606792236632334e-24
5.163608347714783e-24
5.166702950171182e-24
5.169972481991493e-24
5.17342703706221e-24
5.1770773987782886e-24
5.180935090198552e-24
5.1850124283283126e-24
5.189322582772235e-24
5.193879638963037e-24
5.1986986665541954e-24
5.2037957930042114e-24
5.209188283452989e-24
5.2148946264284834e-24
5.220934626827478e-24
5.227329505815868e-24
5.2341020088536696e-24
5.241276521948683e-24
5.24887919728905e-24
5.2569380882562756e-24
5.2654832949879165e-24
5.2745471209701186e-24
5.284164241637427e-24
5.2943718854247565e-24
5.305210028158956e-24
5.3167216021332834e-24
5.3289527197825136e-24
5.3419529134956235e-24
5.355775392184452e-24
5.370477315615265e-24
5.3861200869089844e-24
5.402769664663791e-24
5.4204968947837946e-24
5.439377863119912e-24
5.459494269846888e-24
5.480933824257708e-24
5.50379066362402e-24
5.528165793140231e-24
5.554167549035029e-24
5.5819120832748646e-24
5.611523870744759e-24
5.643136237984133e-24
5.676891911648045e-24
5.712943585645211e-24
5.751454508067077e-24
5.7925990811433245e-24
5.836563476957855e-24
5.88354626346692e-24
5.9337590383456274e-24
5.98742706985957e-24
6.044789939377831e-24
6.1061021819868926e-24
6.171633925238055e-24
6.2416715199230736e-24
6.316518160844285e-24
6.396494496447638e-24
6.481939224224097e-24
6.57320967200475e-24
6.670682365259747e-24
6.774753580958257e-24
6.88583989019969e-24
7.00437869516248e-24
7.130828762589705e-24
7.265670764326305e-24
7.409407827304283e-24
7.562566108686292e-24
7.725695400361184e-24
7.899369775684935e-24
8.08418829218016e-24
8.280775757443397e-24
8.489783571333211e-24
8.711890653983633e-24
8.947804468879747e-24
9.198262149680905e-24
9.464031730628397e-24
9.745913491911048e-24
1.0044741407508413e-23
1.0361384707237563e-23
1.0696749530715936e-23
1.1051780670791973e-23
1.1427463390063051e-23
1.1824825281650433e-23
1.2244938162008674e-23
1.2688919947312611e-23
1.3157936486419669e-23
1.365320329136431e-23
1.4175987122454242e-23
1.4727607346574065e-23
1.5309436998965537e-23
1.592290344345946e-23
1.6569488541308675e-23
1.7250728172019716e-23
1.79682109673868e-23
1.8723576129697257e-23
1.951851001521141e-23
2.035474136361426e-23
2.1234034886070428e-23
2.2158182846824764e-23
2.312899432507539e-23
2.4148281849883988e-23
2.5217844861001562e-23
2.6339449609040002e-23
2.751480502969441e-23
2.874553407668045e-23
3.003313998016413e-23
3.137896686197358e-23
3.2784154738287616e-23
3.424958787026622e-23
3.577583704342976e-23
3.736309543178971e-23
3.9011108534907476e-23
4.0719099203182064e-23
4.2485688822242863e-23
4.430881725415184e-23
4.618566315411168e-23
4.811256921571583e-23
5.0084976467319164e-23
5.209737213935932e-23
5.414325642836688e-23
5.621513679531397e-23
5.830455061556027e-23
6.040212690727447e-23
6.249768730368266e-23
6.45803891862037e-23
6.66389114952814e-23
6.866167909872113e-23
7.063711523879281e-23
7.255391815718517e-23
