4.771352061796655e-24
4.771034756982235e-24
4.770743997455997e-24
4.7704773858950654e-24
4.770232732467489e-24
4.770008036506981e-24
4.769801469780696e-24
4.769611361211586e-24
4.769436182928954e-24
4.7692745375313796e-24
4.7691251464565775e-24
4.7689868393609385e-24
4.7688585444203285e-24
4.768739279472481e-24
4.7686281439251665e-24
4.768524311364868e-24
4.7684270228024544e-24
4.7683355805010136e-24
4.7682493423334315e-24
4.768167716623349e-24
4.768090157426218e-24
4.768016160211592e-24
4.767945257910671e-24
4.767877017296426e-24
4.76781103566624e-24
4.7677469378006146e-24
4.767684373171574e-24
4.767623013379306e-24
4.767562549795822e-24
4.767502691395781e-24
4.767443162758854e-24
4.767383702225203e-24
4.7673240601923335e-24
4.76726399753751e-24
4.767203284154886e-24
4.7671416975962166e-24
4.76707902180362e-24
4.767015045926728e-24
4.766949563213952e-24
4.766882369970952e-24
4.766813264578569e-24
4.766742046564264e-24
4.7666685157181246e-24
4.7665924712522464e-24
4.766513710993507e-24
4.766432030609285e-24
4.766347222855222e-24
4.7662590768492495e-24
4.766167377360288e-24
4.7660719041123404e-24
4.765972431097491e-24
4.765868725897818e-24
4.765760549011076e-24
4.765647653174862e-24
4.765529782694366e-24
4.765406672758008e-24
4.7652780487541306e-24
4.76514362557186e-24
4.7650031068926184e-24
4.764856184465985e-24
4.764702537371055e-24
4.764541831254505e-24
4.7643737175521784e-24
4.7641978326837196e-24
4.76401379722035e-24
4.763821215027147e-24
4.763619672377669e-24
4.763408737021706e-24
4.763187957241908e-24
4.762956860848517e-24
4.762714954147207e-24
4.762461720867981e-24
4.762196621032774e-24
4.7619190897945695e-24
4.7616285362186176e-24
4.7613243420007005e-24
4.761005860146429e-24
4.760672413580651e-24
4.7603232937075064e-24
4.759957758876703e-24
4.759575032818315e-24
4.759174302984463e-24
4.758754718813842e-24
4.758315389932457e-24
4.7578553842515365e-24
4.7573737259936724e-24
4.756869393626178e-24
4.7563413176904694e-24
4.755788378539688e-24
4.7552094039670895e-24
4.7546031667159806e-24
4.753968381900249e-24
4.753303704280526e-24
4.752607725425228e-24
4.7518789707154194e-24
4.75111589627044e-24
4.750316885639401e-24
4.749480246455068e-24
4.7486042067913445e-24
4.747686911492829e-24
4.746726418235037e-24
4.7457206934310035e-24
4.744667607962775e-24
4.743564932700866e-24
4.742410333822288e-24
4.7412013678935476e-24
4.73993547672836e-24
4.738609982053376e-24
4.7372220798311224e-24
4.735768834464345e-24
4.734247172537985e-24
4.73265387646154e-24
4.730985577754734e-24
4.729238749846919e-24
4.727409700932615e-24
4.725494566102581e-24
4.7234892993030736e-24
4.721389664956974e-24
4.7191912290554994e-24
4.716889350132132e-24
4.714479169273631e-24
4.711955600370929e-24
4.7093133193974375e-24
4.706546753421592e-24
4.703650069084618e-24
4.700617160540717e-24
4.6974416369382834e-24
4.694116809179077e-24
4.690635676186071e-24
4.686990910625187e-24
4.683174843824341e-24
4.679179450104652e-24
4.674996330502932e-24
4.670616695718423e-24
4.666031348108342e-24
4.6612306633496904e-24
4.6562045709002766e-24
4.65094253384925e-24
4.645433527457988e-24
4.639666018065984e-24
4.633627939156411e-24
4.627306668054925e-24
4.620689001064087e-24
4.6137611277016e-24
4.606508603668032e-24
4.5989163228046375e-24
4.5909684879417915e-24
4.5826485815991076e-24
4.573939333918287e-24
4.564822691346596e-24
4.555279780825395e-24
4.545290877915902e-24
4.5348353687470715e-24
4.523891715599316e-24
4.512437415570797e-24
4.500448964708103e-24
4.487901815227957e-24
4.474770336698059e-24
4.4610277722401385e-24
4.446646198461267e-24
4.431596477924455e-24
4.415848220672908e-24
4.3993697378815846e-24
4.382127996521935e-24
4.3640885799527824e-24
4.345215643892006e-24
4.3254718760708646e-24
4.304818455617098e-24
4.2832150201536084e-24
4.2606196314709576e-24
4.2369887499776864e-24
4.21227721118701e-24
4.186438212763533e-24
4.159423312452921e-24
4.13118243356076e-24
4.1016638871961535e-24
4.070814417936401e-24
4.038579259566425e-24
4.004902231273462e-24
3.969725855559113e-24
3.932991527229781e-24
3.8946397213844494e-24
3.854610268645101e-24
3.812842702690852e-24
3.7692767007425896e-24
3.723852625733998e-24
3.676512215144206e-24
3.62719943418494e-24
3.575861544508231e-24
3.522450395346763e-24
3.466924091031204e-24
3.4092489976606545e-24
3.349402271179764e-24
3.287375017233109e-24
3.223176163508452e-24
3.1568373843133632e-24
3.088419153095527e-24
3.0180183801946118e-24
2.9457779547637554e-24
2.871898599985286e-24
2.7966537871438358e-24
