4.0052820831234505e-24
3.853161393647544e-24
3.71080783613251e-24
3.577803678480552e-24
3.453749143020472e-24
3.338261668303424e-24
3.230975211686169e-24
3.1315395910576967e-24
3.039619864340257e-24
2.9548957452158426e-24
2.8770610535618633e-24
2.8058231992077305e-24
2.7409026972849154e-24
2.6820327132973397e-24
2.628958636169278e-24
2.581437676826633e-24
2.5392384901675646e-24
2.5021408178920346e-24
2.4699351495930936e-24
2.442422399541972e-24
2.4194135965417808e-24
2.4007295845605173e-24
2.3862007318267484e-24
2.375666646475222e-24
2.3689758971796124e-24
2.365985737490662e-24
2.366561832955838e-24
2.370577990600052e-24
2.377915890356006e-24
2.3884648188005924e-24
2.402121405299874e-24
2.418789361053466e-24
2.4383792219214907e-24
2.460808095166876e-24
2.4859994115142993e-24
2.5138826826267347e-24
2.544393264904324e-24
2.5774721300953725e-24
2.6130656433363714e-24
2.6511253487161896e-24
2.6916077630301316e-24
2.7344741776049943e-24
2.7796904685475084e-24
2.8272269153429827e-24
2.8770580279443656e-24
2.9291623819685372e-24
2.983522462314583e-24
3.040124514798279e-24
3.0989584055992333e-24
3.1600174883782373e-24
3.2232984790576015e-24
3.2888013376239263e-24
3.356529157222319e-24
3.426488059779139e-24
3.4986870983496695e-24
3.5731381658382876e-24
3.64985590971723e-24
3.72885765266555e-24
3.8101633190175275e-24
3.893795366487168e-24
3.979778723245615e-24
4.068140730148296e-24
4.158911087601025e-24
4.2521218074202976e-24
4.347807168932281e-24
4.446003679644311e-24
4.54675003984653e-24
4.650087111463794e-24
4.7560578906860144e-24
4.864707484245636e-24
4.976083089320253e-24
5.090233977054758e-24
5.207211479062044e-24
5.327068977314105e-24
5.449861897167751e-24
5.575647703402409e-24
5.704485898630662e-24
5.8364380252200484e-24
5.971567669363044e-24
6.109940467757941e-24
6.251624116924112e-24
6.396688384624478e-24
6.5452051244741635e-24
6.697248291511879e-24
6.852893960630269e-24
7.01222034753151e-24
7.175307830963418e-24
7.342238977362592e-24
7.513098567140704e-24
7.687973623137374e-24
7.866953441104217e-24
8.050129621317535e-24
8.237596102204735e-24
8.429449196062878e-24
8.625787626225793e-24
8.826712565130474e-24
9.032327675087183e-24
9.242739149964145e-24
9.458055758502284e-24
9.678388888883877e-24
9.9038525955494e-24
1.013456364603167e-23
1.0370641570339571e-23
1.061220871207639e-23
1.0859390279008815e-23
1.1112314396022882e-23
1.1371112160944467e-23
1.1635917698289903e-23
1.1906868216752249e-23
1.2184104067112483e-23
1.2467768800360463e-23
1.2758009229190476e-23
1.3054975487634385e-23
1.3358821093990918e-23
1.366970301365135e-23
1.3987781723178837e-23
1.4313221274083145e-23
1.464618936081684e-23
1.498685738471129e-23
1.533540052151071e-23
1.569199779051704e-23
1.605683212028624e-23
1.6430090419474395e-23
1.6811963645292e-23
1.7202646870375107e-23
1.7602339356443862e-23
1.801124462112776e-23
1.8429570505614942e-23
1.8857529248790997e-23
1.9295337551957927e-23
1.9743216648551434e-23
2.020139237300239e-23
2.0670095225948127e-23
2.1149560441818476e-23
2.164002805311859e-23
2.2141742954281243e-23
2.265495496219495e-23
2.3179918879725155e-23
2.3716894549282958e-23
2.4266146912332657e-23
2.482794606201535e-23
2.54025672897438e-23
2.599029113642372e-23
2.6591403434205226e-23
2.7206195346826366e-23
2.7834963404230496e-23
2.8478009529319576e-23
2.9135641068301604e-23
2.980817081481348e-23
3.049591700788665e-23
3.119920335399327e-23
3.1918359026906165e-23
3.265371864566521e-23
3.340562227597653e-23
3.417441539886755e-23
3.496044887572233e-23
3.5764078907383623e-23
3.658566698267715e-23
3.742557980919805e-23
3.828418923732988e-23
3.9161872171223535e-23
4.0059010480551926e-23
4.097599085472728e-23
4.1913204695762424e-23
4.2871047975580906e-23
4.3849921058307544e-23
4.485022853001592e-23
4.587237900907611e-23
4.691678492458329e-23
4.798386230395639e-23
4.907403049574207e-23
5.0187711926747717e-23
5.1325331816960864e-23
5.2487317846493603e-23
5.367409985893734e-23
5.488610951243984e-23
5.612377989441658e-23
5.738754516656259e-23
5.867784015471183e-23
5.999509991271003e-23
6.133975934969055e-23
6.271225268577174e-23
6.411301309473772e-23
6.554247214172341e-23
6.700105938266191e-23
6.84892018265387e-23
7.000732347264401e-23
7.155584481938947e-23
7.313518239375088e-23
7.474574828577103e-23
7.63879496894556e-23
7.806218851045058e-23
7.976886092918036e-23
8.150835706968454e-23
8.328106073805719e-23
8.508734908528326e-23
8.692759250840792e-23
8.880215450236537e-23
9.071139164680779e-23
9.265565377968429e-23
9.46352840483416e-23
