3.0761551924435517e-22
3.0770098328210235e-22
3.0778229710325055e-22
3.0785963328500326e-22
3.0793315595850775e-22
3.0800302115772037e-22
3.080693771511633e-22
3.0813236475694917e-22
3.081921176421677e-22
3.082487626068251e-22
3.083024198534383e-22
3.0835320324223817e-22
3.0840122053321813e-22
3.084465736150041e-22
3.084893587212915e-22
3.0852966663530927e-22
3.0856758288251913e-22
3.0860318791242324e-22
3.086365572692468e-22
3.0866776175247532e-22
3.0869686756713555e-22
3.087239364643648e-22
3.0874902587255393e-22
3.087721890191598e-22
3.0879347504383473e-22
3.088129291025211e-22
3.0883059246355144e-22
3.0884650259489492e-22
3.0886069324397286e-22
3.088731945089398e-22
3.088840329027135e-22
3.088932314091238e-22
3.089008095315604e-22
3.089067833343553e-22
3.0891116547671547e-22
3.089139652394591e-22
3.089151885446905e-22
3.0891483796802926e-22
3.0891291274411264e-22
3.089094087646908e-22
3.0890431856962063e-22
3.0889763133097567e-22
3.0888933282972195e-22
3.0887940542521655e-22
3.088678280175556e-22
3.088545760024044e-22
3.0883962121840957e-22
3.0882293188702734e-22
3.0880447254462164e-22
3.087842039666952e-22
3.087620830841123e-22
3.087380628910121e-22
3.087120923445483e-22
3.0868411625556955e-22
3.086540751709323e-22
3.0862190524626873e-22
3.085875381095545e-22
3.0855090071497267e-22
3.0851191518654996e-22
3.0847049865174535e-22
3.084265630640266e-22
3.083800150144187e-22
3.083307555315412e-22
3.0827867986958756e-22
3.082236772840003e-22
3.081656307939727e-22
3.0810441693171415e-22
3.0803990547753747e-22
3.079719591803874e-22
3.0790043346317175e-22
3.078251761120204e-22
3.0774602694927174e-22
3.076628174888449e-22
3.075753705736531e-22
3.074834999940649e-22
3.0738701008666707e-22
3.0728569531231366e-22
3.071793398123864e-22
3.0706771694274356e-22
3.069505887836135e-22
3.068277056248572e-22
3.066988054251441e-22
3.06563613243852e-22
3.0642184064443987e-22
3.0627318506773734e-22
3.061173291738609e-22
3.059539401511043e-22
3.057826689903288e-22
3.056031497226842e-22
3.054149986194994e-22
3.052178133518956e-22
3.050111721082183e-22
3.0479463266727836e-22
3.04567731425002e-22
3.0432998237203764e-22
3.0408087601995226e-22
3.038198782729761e-22
3.0354642924298304e-22
3.0325994200398933e-22
3.029598012835862e-22
3.0264536208731485e-22
3.0231594825289837e-22
3.0197085092998147e-22
3.0160932698155598e-22
3.0123059730252536e-22
3.008338450508859e-22
3.0041821378628905e-22
2.9998280551094367e-22
2.995266786068e-22
2.9904884566322716e-22
2.985482711884711e-22
2.9802386919766294e-22
2.9747450067005203e-22
2.9689897086741337e-22
2.9629602650420013e-22
2.9566435276067786e-22
2.950025701281338e-22
2.9430923107527516e-22
2.935828165238246e-22
2.9282173211915167e-22
2.9202430428325573e-22
2.9118877603201877e-22
2.9031330254175106e-22
2.893959464438004e-22
2.884346728283478e-22
2.8742734393210975e-22
2.863717134864696e-22
2.852654206952568e-22
2.841059838126683e-22
2.8289079328375977e-22
2.816171044090489e-22
2.8028202948877024e-22
2.7888252939373927e-22
2.774154045082708e-22
2.7587728498060747e-22
2.7426462020170026e-22
2.7257366743253076e-22
2.708004794818268e-22
2.6894089131463403e-22
2.669905054700096e-22
2.6494467612943898e-22
2.627984916567507e-22
2.6054675540537985e-22
2.5818396454062095e-22
2.5570428658312124e-22
2.531015333291438e-22
2.5036913172520686e-22
2.475000911882881e-22
2.444869667758268e-22
2.4132181744385224e-22
2.379961584951062e-22
2.3450090709928e-22
2.3082631947984867e-22
2.2696191805665517e-22
2.228964063479645e-22
2.1861756887030607e-22
2.1411215254982205e-22
2.0936572507457399e-22
2.0436250437468703e-22
1.9908515148887183e-22
1.9351451674745073e-22
1.8762932564380534e-22
1.8140578615333225e-22
1.7481709244456409e-22
1.6783279041813367e-22
1.6041795638410688e-22
1.5253211966042982e-22
1.4412782858553002e-22
1.3514871173852972e-22
1.2552681098342807e-22
1.1517884257605379e-22
1.0400084385909723e-22
9.186032650777026e-23
7.858447104123427e-23
6.39418548171119e-23
4.761340018673244e-23
2.914644941391835e-23
7.947544473095327e-24
1.7538825861025504e-23
4.847753687410544e-23
8.853302531341444e-23
1.4453571560260491e-22
2.332352576597064e-22
4.093039754653095e-22
1.0124178767660441e-21
3.240076691594759e-21
6.41602319305915e-22
3.3995214473291096e-22
2.1420587806150204e-22
1.3941004376857913e-22
8.592588221598035e-23
4.309731122201086e-23
6.433481231472363e-24
2.774744412385102e-23
5.94535914923975e-23
9.017206145546411e-23
1.2046924986049303e-22
1.50758574948084e-22
1.813483758233735e-22
2.1247859425737375e-22
2.4434395678794276e-22
