5.79391769098262e-22
5.793888837290346e-22
5.793858036379348e-22
5.793825222923962e-22
5.7937903273292025e-22
5.793753275582757e-22
5.79371398909889e-22
5.793672384550471e-22
5.793628373693508e-22
5.793581863179042e-22
5.79353275435645e-22
5.793480943062615e-22
5.7934263194022465e-22
5.793368767514304e-22
5.79330816532626e-22
5.793244384295603e-22
5.793177289136337e-22
5.793106737533204e-22
5.79303257983869e-22
5.792954658756502e-22
5.792872809007151e-22
5.792786856978573e-22
5.792696620356472e-22
5.79260190773832e-22
5.792502518227847e-22
5.792398241007699e-22
5.792288854893992e-22
5.792174127865007e-22
5.792053816571244e-22
5.791927665817559e-22
5.791795408022791e-22
5.791656762652159e-22
5.791511435621751e-22
5.791359118675034e-22
5.7911994887293145e-22
5.791032207189666e-22
5.790856919231604e-22
5.790673253047703e-22
5.7904808190597005e-22
5.790279209091914e-22
5.790067995504627e-22
5.789846730288481e-22
5.7896149441133935e-22
5.7893721453328e-22
5.789117818941393e-22
5.788851425482858e-22
5.788572399904815e-22
5.788280150361199e-22
5.787974056956457e-22
5.787653470430708e-22
5.7873177107831405e-22
5.78696606582838e-22
5.786597789687974e-22
5.786212101205968e-22
5.785808182294099e-22
5.785385176195245e-22
5.784942185666969e-22
5.7844782710780995e-22
5.783992448415276e-22
5.783483687196964e-22
5.782950908287032e-22
5.782392981605772e-22
5.781808723733419e-22
5.781196895399543e-22
5.780556198855495e-22
5.779885275120701e-22
5.779182701101209e-22
5.77844698657091e-22
5.777676571010878e-22
5.776869820299645e-22
5.776025023246865e-22
5.775140387964798e-22
5.774214038066983e-22
5.773244008688948e-22
5.772228242320799e-22
5.771164584443396e-22
5.770050778958916e-22
5.768884463405466e-22
5.767663163947405e-22
5.766384290127895e-22
5.765045129374931e-22
5.763642841249056e-22
5.762174451418414e-22
5.760636845351395e-22
5.759026761710867e-22
5.757340785437594e-22
5.755575340507684e-22
5.753726682349137e-22
5.751790889899871e-22
5.749763857292545e-22
5.747641285147499e-22
5.7454186714543305e-22
5.743091302025444e-22
5.74065424049841e-22
5.738102317868241e-22
5.735430121525626e-22
5.732631983778731e-22
5.7297019698357455e-22
5.7266338652188515e-22
5.723421162587275e-22
5.720057047937889e-22
5.716534386157315e-22
5.712845705892194e-22
5.708983183707262e-22
5.704938627497035e-22
5.700703459116109e-22
5.696268696191227e-22
5.691624933076588e-22
5.686762320912595e-22
5.681670546744029e-22
5.676338811656829e-22
5.670755807882703e-22
5.664909694827586e-22
5.658788073969784e-22
5.652377962576532e-22
5.645665766182697e-22
5.638637249773564e-22
5.631277507610168e-22
5.623570931634907e-22
5.615501178388385e-22
5.6070511343687e-22
5.598202879760336e-22
5.588937650455704e-22
5.579235798286911e-22
5.56907674938835e-22
5.558438960595639e-22
5.547299873795621e-22
5.535635868125648e-22
5.523422209923503e-22
5.510633000321223e-22
5.497241120373733e-22
5.483218173604043e-22
5.468534425845206e-22
5.4531587422514105e-22
5.437058521345204e-22
5.42019962596147e-22
5.402546310942792e-22
5.384061147432134e-22
5.364704943604953e-22
5.344436661671987e-22
5.3232133309774655e-22
5.300989957009856e-22
5.277719426132924e-22
5.25335240583506e-22
5.2278372402875955e-22
5.20111984099041e-22
5.173143572274318e-22
5.143849131418258e-22
5.113174423127391e-22
5.081054428108753e-22
5.047421065461894e-22
5.012203048600365e-22
4.975325734390782e-22
4.936710965196741e-22
4.896276903488302e-22
4.853937858666416e-22
4.809604105735199e-22
4.763181695434633e-22
4.714572255427268e-22
4.663672782114874e-22
4.610375422636875e-22
4.55456724657942e-22
4.496130006902553e-22
4.434939889561602e-22
4.37086725127564e-22
4.30377634485946e-22
4.23352503150605e-22
4.1599644793648585e-22
4.0829388477196774e-22
4.002284956020739e-22
3.917831936966391e-22
3.8294008727627987e-22
3.736804413604173e-22
3.6398463773089276e-22
3.5383213289098335e-22
3.432014138808695e-22
3.3206995178496656e-22
3.20414152729472e-22
3.0820930611375623e-22
2.954295297358367e-22
2.82047711339269e-22
2.680354458918352e-22
2.533629675371096e-22
2.3799907450626975e-22
2.2191104406981466e-22
2.0506453226327218e-22
1.8742344829936715e-22
1.6894978297912457e-22
1.4960334514085808e-22
1.2934129354072559e-22
1.0811715152058423e-22
8.587827684975938e-23
6.255746672017635e-23
3.8031296861954633e-23
1.1580193091208533e-23
1.2214109430732177e-23
4.109052745163658e-23
7.053132638886195e-23
1.0124026138639954e-22
1.3335513766245073e-22
1.6696399916748135e-22
