6.184362654180711e-24
5.6934439761962686e-24
5.210269163987318e-24
4.7338348745572644e-24
4.263156358579937e-24
3.797267209353303e-24
3.3352205750547615e-24
2.8760934154587504e-24
2.4189977825036947e-24
1.9631105329102423e-24
1.5077605977973313e-24
1.0527489374326235e-24
6.001399277374567e-25
1.8442898516995945e-25
3.719355648722791e-25
8.277896661162912e-25
1.3001933911554295e-24
1.781501315748108e-24
2.271245803318122e-24
2.7699627955594648e-24
3.278460866817814e-24
3.79765515214619e-24
4.328515945776106e-24
4.87204982090634e-24
5.4292921153583655e-24
6.0013040082203064e-24
6.589171657994948e-24
7.19400634234942e-24
7.816945112998214e-24
8.459151725056393e-24
9.121817713782094e-24
9.806163547476321e-24
1.051343981418247e-23
1.1244928415374962e-23
1.2001943748476134e-23
1.2785833864962263e-23
1.3597981593637285e-23
1.443980562029486e-23
1.531276151588479e-23
1.6218342705784535e-23
1.7158081373006922e-23
1.8133549288226913e-23
1.9146358559509863e-23
2.0198162294542008e-23
2.1290655168110818e-23
2.242557388749153e-23
2.3604697548421137e-23
2.4829847874301312e-23
2.6102889331398275e-23
2.7425729112937575e-23
2.880031698525168e-23
3.0228644989453206e-23
3.171274699255557e-23
3.325469808254679e-23
3.4856613802540645e-23
3.6520649220003676e-23
3.8248997827969806e-23
4.004389027624714e-23
4.190759293185228e-23
4.3842406269241444e-23
4.585066309255199e-23
4.7934726593510104e-23
5.0096988250613846e-23
5.233986557701185e-23
5.466579972650071e-23
5.707725296911532e-23
5.957670604997939e-23
6.216665544716784e-23
6.484961054654192e-23
6.762809075368334e-23
7.05046225649921e-23
7.348173662214637e-23
7.656196477580287e-23
7.974783718606108e-23
8.304187948863469e-23
8.644661005677185e-23
8.996453738972992e-23
9.359815765913256e-23
9.734995244439489e-23
1.0122238668862388e-22
1.0521790690442264e-22
1.093389396596227e-22
1.135878903692248e-22
1.1796714241948307e-22
1.2247905664642634e-22
1.2712597118823923e-22
1.3191020172856637e-22
1.3683404214254945e-22
1.4189976555457976e-22
1.471096258125343e-22
1.5246585937839463e-22
1.579706876306572e-22
1.6362631957048855e-22
1.6943495491799443e-22
1.7539878758174643e-22
1.8152000947943535e-22
1.8780081468546941e-22
1.9424340387612086e-22
2.0084998904159762e-22
2.076227984293584e-22
2.145640816850943e-22
2.216761151498941e-22
2.2896120727769714e-22
2.3642170413265134e-22
2.4405999492511713e-22
2.518785175498185e-22
2.5987976408493765e-22
2.68066286216791e-22
2.7644070055484838e-22
2.850056938006674e-22
2.9376402774255637e-22
3.027185440462173e-22
3.11872168811436e-22
3.212279168770075e-22
3.3078889584710375e-22
3.405583098236585e-22
3.505394628272503e-22
3.6073576189473106e-22
3.711507198380004e-22
3.8178795766224943e-22
3.9265120662552916e-22
4.0374430995029886e-22
4.150712241594024e-22
4.2663602005718975e-22
4.3844288334334075e-22
4.504961148443805e-22
4.628001303934485e-22
4.753594603213131e-22
4.881787485879172e-22
5.012627515260512e-22
5.146163362188705e-22
5.282444784901944e-22
5.421522605116251e-22
5.563448680237713e-22
5.708275871409305e-22
5.856058007891281e-22
6.00684984687291e-22
6.160707029255621e-22
6.31768603110048e-22
6.477844110267906e-22
6.64123924865147e-22
6.807930089390734e-22
6.977975868888846e-22
7.151436343745752e-22
7.328371711960908e-22
7.508842528515306e-22
7.692909614592331e-22
7.880633960858772e-22
8.072076623819079e-22
8.26729861492512e-22
8.46636078337615e-22
8.669323690242219e-22
8.876247474889921e-22
9.087191713688017e-22
9.30221526951615e-22
9.521376131982708e-22
9.744731249541798e-22
9.972336350198158e-22
1.0204245753593375e-21
1.044051217224733e-21
1.0681186502430142e-21
1.0926317602873461e-21
1.117595206468679e-21
1.143013396802235e-21
1.168890462817497e-21
1.1952302329137326e-21
1.222036204645849e-21
1.2493115159295376e-21
1.2770589147277397e-21
1.305280728032261e-21
1.3339788295195907e-21
1.3631546059756912e-21
1.3928089232380452e-21
1.42294209023664e-21
1.4535538230608089e-21
1.4846432077165142e-21
1.5162086621712022e-21
1.5482478978352868e-21
1.5807578806965753e-21
1.6137347921682205e-21
1.6471739887372969e-21
1.6810699637728302e-21
1.7154163070286253e-21
1.750205666710135e-21
1.785429710412193e-21
1.8210790887573126e-21
1.857143397677498e-21
1.8936111455300195e-21
1.9304697189052734e-21
1.967705352599635e-21
2.005303100151841e-21
2.043246806953741e-21
2.0815190907723905e-21
2.120101318172939e-21
2.1589735923659984e-21
2.19811473881845e-21
2.2375022957417978e-21
2.2771125153753425e-21
2.3169203629498993e-21
2.3568995242505498e-21
2.3970224133195717e-21
