1.5296749757897454e-24
1.5167154413448603e-24
1.5047629387775855e-24
1.4937443784871221e-24
1.4835911858747185e-24
1.474239136457799e-24
1.465628181619468e-24
1.4577022673359664e-24
1.4504091481130616e-24
1.4437001982404743e-24
1.4375302222875068e-24
1.4318572665588352e-24
1.4266424330251729e-24
1.4218496970161774e-24
1.417445729762656e-24
1.4133997266530793e-24
1.4096832419054448e-24
1.4062700301660957e-24
1.4031358953989844e-24
1.4002585472884576e-24
1.397617465273224e-24
1.395193770217035e-24
1.3929701036367436e-24
1.3909305143599756e-24
1.3890603524054554e-24
1.3873461698447558e-24
1.3857756283885075e-24
1.3843374133867096e-24
1.3830211539419416e-24
1.38181734882386e-24
1.380717297848094e-24
1.3797130384202285e-24
1.3787972869126215e-24
1.3779633845807746e-24
1.3772052477134154e-24
1.3765173217359227e-24
1.3758945389975477e-24
1.3753322799774783e-24
1.3748263376613686e-24
1.374372884870924e-24
1.3739684443159128e-24
1.3736098611693438e-24
1.3732942779804101e-24
1.3730191117385631e-24
1.3727820329311356e-24
1.3725809464459103e-24
1.3724139741505379e-24
1.3722794390718507e-24
1.372175850987629e-24
1.3721018933698691e-24
1.3720564115634388e-24
1.3720384020926703e-24
1.3720470030276123e-24
1.3720814853258408e-24
1.3721412450702146e-24
1.372225796552007e-24
1.3723347661277561e-24
1.372467886800094e-24
1.3726249934770486e-24
1.372806018859614e-24
1.3730109899270731e-24
1.3732400249725046e-24
1.373493331170897e-24
1.3737712026410294e-24
1.3740740189850921e-24
1.374402244282645e-24
1.3747564265116545e-24
1.375137197401614e-24
1.375545272689129e-24
1.3759814527664517e-24
1.3764466237331688e-24
1.376941758822015e-24
1.3774679202180883e-24
1.378026261239389e-24
1.3786180289491408e-24
1.3792445670866825e-24
1.3799073194497756e-24
1.3806078336461469e-24
1.381347765271424e-24
1.3821288824831694e-24
1.3829530710335443e-24
1.3838223397334369e-24
1.3847388263889795e-24
1.385704804199427e-24
1.3867226886783214e-24
1.3877950450738708e-24
1.3889245963514973e-24
1.3901142317192e-24
1.3913670157560322e-24
1.392686198170981e-24
1.3940752241322109e-24
1.3955377453683122e-24
1.397077631907075e-24
1.3986989844837642e-24
1.4004061478521524e-24
1.4022037246552043e-24
1.4040965903677413e-24
1.4060899087780625e-24
1.4081891485472614e-24
1.4104001005411592e-24
1.4127288960771732e-24
1.4151820259700956e-24
1.41776636071931e-24
1.4204891713444305e-24
1.4233581513388293e-24
1.426381439334696e-24
1.4295676428819358e-24
1.4329258627462575e-24
1.4364657183365003e-24
1.44019737372161e-24
1.4441315642128228e-24
1.4482796237315607e-24
1.4526535126462587e-24
1.4572658455916891e-24
1.4621299201962384e-24
1.4672597451498238e-24
1.472670068529782e-24
1.478376405653145e-24
1.4843950662472872e-24
1.4907431809364484e-24
1.497438726567838e-24
1.5045005496206653e-24
1.5119483886567555e-24
1.51980289369992e-24
1.5280856437353535e-24
1.5368191615098836e-24
1.5460269236926533e-24
1.555733369095897e-24
1.5659639019627577e-24
1.5767448902919988e-24
1.5881036606945842e-24
1.6000684868840401e-24
1.6126685731739859e-24
1.6259340325593811e-24
1.6398958592398361e-24
1.6545858936111564e-24
1.6700367837225744e-24
1.6862819390132292e-24
1.7033554779992744e-24
1.721292173747497e-24
1.7401273893344645e-24
1.7598970128071977e-24
1.7806373859509827e-24
1.8023852304018973e-24
1.825177570423546e-24
1.8490516551297525e-24
1.8740448801779854e-24
1.9001947046564804e-24
1.9275385776281593e-24
1.9561138594212652e-24
1.9859577498725922e-24
2.017107217860682e-24
2.049598939162864e-24
2.0834692388719988e-24
2.118754038575575e-24
2.1554888126213112e-24
2.193708553322651e-24
2.23344774251538e-24
2.2747403327405504e-24
2.3176197377703734e-24
2.3621188302163123e-24
2.408269951329006e-24
2.4561049235232513e-24
2.5056550825861712e-24
2.5569513019681986e-24
2.6100240379584127e-24
2.6649033784002077e-24
2.7216190904304406e-24
2.7802006882792565e-24
2.8406774883776352e-24
2.9030786864625114e-24
2.967433422925868e-24
3.0337708630827467e-24
3.102120270090414e-24
3.172511077868163e-24
3.2449729886549666e-24
3.319536034606112e-24
3.3962306598675695e-24
3.475087801051457e-24
3.5561389693262164e-24
3.639416310825988e-24
3.724952689841888e-24
3.812781743399901e-24
3.9029379762434326e-24
3.995456785822584e-24
4.090374562534616e-24
4.1877287166280424e-24
4.287557732990087e-24
4.3899012444114885e-24
4.4948000312213836e-24
4.6022961130352645e-24
4.712432761245332e-24
4.825254543985714e-24
4.9408072976326755e-24
5.059138253942946e-24
5.180295986093779e-24
5.30433045881092e-24
5.431293012225472e-24
5.561236413908446e-24
5.694214823109787e-24
5.830283822367706e-24
