1.4469926107312253e-24
1.4066811023283235e-24
1.3687314048397426e-24
1.3330333889660138e-24
1.299480565912012e-24
1.2679699549545877e-24
1.2384019731162468e-24
1.2106803451299107e-24
1.1847120319187059e-24
1.1604071753462354e-24
1.1376790568180895e-24
1.1164440671435306e-24
1.096621684888458e-24
1.0781344607068706e-24
1.060908004819971e-24
1.0448709754550128e-24
1.029955065859936e-24
1.016094988126483e-24
1.00322845203963e-24
9.912961380336166e-25
9.802416629788623e-25
9.70011538667756e-25
9.605551223744152e-25
9.518245599925454e-25
9.43774721639331e-25
9.363631306940307e-25
9.295498865162491e-25
9.232975821196914e-25
9.175712173195224e-25
9.123381084956118e-25
9.075677957463947e-25
9.032319486154174e-25
8.993042708399992e-25
8.95760405365842e-25
8.925778400800304e-25
8.897358149317327e-25
8.87215231178648e-25
8.849985629903067e-25
8.830697720806058e-25
8.81414225453115e-25
8.800186166668912e-25
8.788708906232943e-25
8.779601722658577e-25
8.772766990058778e-25
8.768117569994283e-25
8.765576211622203e-25
8.765074991244519e-25
8.766554787000102e-25
8.769964789673035e-25
8.775262048159849e-25
8.782411048093234e-25
8.791383320454874e-25
8.802157083694169e-25
8.814716909198266e-25
8.829053417998898e-25
8.845162999518688e-25
8.863047555546349e-25
8.882714264500873e-25
8.904175366287326e-25
8.92744796681066e-25
8.95255385771216e-25
8.979519352341713e-25
9.00837513703278e-25
9.039156132934946e-25
9.071901371095454e-25
9.106653876534504e-25
9.14346056169442e-25
9.182372128463811e-25
9.223442973944245e-25
9.266731106224048e-25
9.312298061172755e-25
9.360208824227382e-25
9.410531756380653e-25
9.463338519316294e-25
9.518704004508661e-25
9.57670626321424e-25
9.637426435730684e-25
9.700948678325812e-25
9.76736009611653e-25
9.836750667459978e-25
9.909213171083056e-25
9.984843116615879e-25
1.006373866014241e-24
1.0146000537243986e-24
1.0231731979823313e-24
1.0321038637475799e-24
1.041402850465125e-24
1.0510811834802058e-24
1.0611501069093498e-24
1.0716210756502627e-24
1.0825057475166688e-24
1.0938159769686004e-24
1.1055638070070565e-24
1.1177614633876524e-24
1.130421347923849e-24
1.1435560336387983e-24
1.15717825847459e-24
1.1713009220884765e-24
1.18593708169424e-24
1.2010999490670082e-24
1.2168028886115889e-24
1.2330594164916634e-24
1.2498831998121333e-24
1.267288057825887e-24
1.2852879635538877e-24
1.3038970456550393e-24
1.3231295935283695e-24
1.3430000612035521e-24
1.363523072410333e-24
1.3847134284893978e-24
1.4065861150636617e-24
1.4291563105040386e-24
1.4524393958276953e-24
1.4764509643077321e-24
1.501206832948338e-24
1.5267230537948031e-24
1.553015926231607e-24
1.5801020107500671e-24
1.6079981411364644e-24
1.6367214398281945e-24
1.6662893324353335e-24
1.696719561913806e-24
1.7280302051425863e-24
1.7602396873341637e-24
1.7933667996141017e-24
1.827430713343046e-24
1.8624509993096417e-24
1.8984476426558206e-24
1.9354410595534706e-24
1.973452116177449e-24
2.012502144212921e-24
2.052612959875635e-24
2.0938068799561614e-24
2.136106740878083e-24
2.179535915553693e-24
2.2241183333401605e-24
2.269878494272196e-24
2.3168414936392834e-24
2.3650330335861736e-24
2.414479448122609e-24
2.4652077175573782e-24
2.5172454907988335e-24
2.570621102232672e-24
2.6253635961343683e-24
2.681502739114055e-24
2.7390690477744433e-24
2.7980938089431706e-24
2.8586090954369244e-24
2.9206477939432358e-24
2.984243622647684e-24
3.049431158271922e-24
3.1162458571962265e-24
3.184724078242662e-24
3.2549031053752067e-24
3.3268211831611395e-24
3.400517530103826e-24
3.476032371108769e-24
3.553406961685631e-24
3.6326836250459535e-24
3.713905771340665e-24
3.797117931521207e-24
3.8823657876063214e-24
3.9696962079760536e-24
4.059157274677426e-24
4.150798327968774e-24
4.2446699889410495e-24
4.3408242054450715e-24
4.4393142912765526e-24
4.5401949566066005e-24
4.6435223628773726e-24
4.749354155375081e-24
4.85774950869347e-24
4.9687691810756786e-24
5.0824755527002985e-24
5.1989326857035634e-24
5.318206371687115e-24
5.44036418361131e-24
5.5654755453691494e-24
5.693611772233471e-24
5.824846152639352e-24
5.959254007919502e-24
6.0969127491220814e-24
6.23790196525104e-24
6.382303495972381e-24
6.530201498719003e-24
6.681682543348143e-24
6.836835694507129e-24
6.995752607021253e-24
7.158527617145962e-24
7.325257852082932e-24
7.496043322411956e-24
7.670987053180994e-24
7.850195186025712e-24
8.033777124342923e-24
8.221845644724323e-24
8.414517044663553e-24
8.611911310125612e-24
8.814152241876735e-24
9.021367648115908e-24
9.233689522972441e-24
9.451254204174925e-24
