1.1931037986529586e-23
1.1931021936245386e-23
1.1931006002402946e-23
1.1930990050292052e-23
1.1930973954045689e-23
1.1930957595591257e-23
1.1930940863687132e-23
1.1930923653036286e-23
1.1930905863470063e-23
1.1930887399194804e-23
1.1930868168095296e-23
1.1930848081089909e-23
1.193082705153125e-23
1.1930804994648309e-23
1.1930781827025611e-23
1.1930757466114667e-23
1.1930731829775915e-23
1.1930704835845079e-23
1.1930676401723287e-23
1.1930646443986124e-23
1.1930614878011155e-23
1.1930581617618759e-23
1.1930546574726153e-23
1.193050965901223e-23
1.1930470777589858e-23
1.1930429834683997e-23
1.193038673131722e-23
1.1930341364996273e-23
1.1930293629399636e-23
1.1930243414068021e-23
1.1930190604089634e-23
1.1930135079788332e-23
1.1930076716401127e-23
1.193001538375716e-23
1.1929950945945635e-23
1.1929883260979003e-23
1.1929812180445498e-23
1.1929737549157241e-23
1.1929659204776594e-23
1.1929576977443442e-23
1.1929490689383152e-23
1.1929400154496654e-23
1.1929305177944053e-23
1.1929205555705895e-23
1.1929101074129317e-23
1.1928991509451857e-23
1.1928876627315675e-23
1.1928756182244616e-23
1.1928629917117421e-23
1.1928497562600465e-23
1.1928358836567043e-23
1.1928213443492342e-23
1.192806107380407e-23
1.1927901403228151e-23
1.1927734092083064e-23
1.1927558784557174e-23
1.1927375107936401e-23
1.1927182671817073e-23
1.1926981067271132e-23
1.192676986596253e-23
1.1926548619236558e-23
1.1926316857171544e-23
1.1926074087564954e-23
1.1925819794887996e-23
1.1925553439187284e-23
1.1925274454941732e-23
1.192498224984406e-23
1.1924676203547518e-23
1.1924355666358195e-23
1.1924019957826332e-23
1.1923668365318329e-23
1.1923300142486218e-23
1.1922914507699814e-23
1.1922510642367439e-23
1.1922087689191953e-23
1.192164475036521e-23
1.1921180885636229e-23
1.1920695110318734e-23
1.1920186393209028e-23
1.1919653654375968e-23
1.1919095762852887e-23
1.1918511534281469e-23
1.1917899728324625e-23
1.191725904604946e-23
1.1916588127208335e-23
1.1915885547274531e-23
1.1915149814418145e-23
1.1914379366414629e-23
1.191357256715519e-23
1.1912727703354619e-23
1.1911842980725925e-23
1.1910916520276435e-23
1.1909946354205383e-23
1.1908930421847842e-23
1.1907866565056403e-23
1.1906752523915484e-23
1.1905585931536674e-23
1.1904364309325349e-23
1.1903085061551425e-23
1.1901745469806132e-23
1.1900342687178123e-23
1.1898873732261216e-23
1.1897335482644175e-23
1.1895724668357152e-23
1.1894037864870034e-23
1.18922714855363e-23
1.1890421774276485e-23
1.1888484797264805e-23
1.1886456434690493e-23
1.1884332371519104e-23
1.188210808881172e-23
1.187977885365502e-23
1.1877339709084088e-23
1.1874785463519007e-23
1.1872110679036211e-23
1.1869309660859466e-23
1.1866376443759373e-23
1.1863304780248524e-23
1.1860088126274228e-23
1.1856719627930816e-23
1.1853192105943772e-23
1.1849498040323948e-23
1.1845629554477669e-23
1.1841578398147312e-23
1.1837335928104705e-23
1.1832893091825298e-23
1.1828240406342473e-23
1.182336793696437e-23
1.1818265277244437e-23
1.1812921525962903e-23
1.1807325261646172e-23
1.18014645199068e-23
1.1795326767256652e-23
1.17888988696512e-23
1.1782167070252604e-23
1.1775116952520463e-23
1.1767733414267124e-23
1.1760000630219243e-23
1.175190201790979e-23
1.1743420203052956e-23
1.1734536978449329e-23
1.1725233266218694e-23
1.171548907135235e-23
1.170528344255696e-23
1.169459441926233e-23
1.1683398987671293e-23
1.1671673024457415e-23
1.1659391250343852e-23
1.1646527160628712e-23
1.1633052974432609e-23
1.1618939572697752e-23
1.1604156423700988e-23
1.1588671521799796e-23
1.1572451306850567e-23
1.1555460589558456e-23
1.1537662476628431e-23
1.1519018276035418e-23
1.1499487409577365e-23
1.1479027319237367e-23
1.1457593372449672e-23
1.1435138748383711e-23
1.1411614325717119e-23
1.138696858623715e-23
1.1361147457726995e-23
1.1334094218747792e-23
1.1305749345232211e-23
1.1276050357328635e-23
1.1244931691481378e-23
1.1212324518364405e-23
1.1178156592126823e-23
1.1142352059867185e-23
1.1104831258660608e-23
1.1065510559780169e-23
1.1024302123745046e-23
1.0981113684579452e-23
1.0935848325721046e-23
1.0888404223379328e-23
1.0838674391317666e-23
1.0786546388651985e-23
1.0731902085267463e-23
1.0674617275044321e-23
1.0614561425163797e-23
1.0551597265021727e-23
1.0485580529475664e-23
1.0416359460559472e-23
1.0343774497500381e-23
1.0267657866327199e-23
1.0187833089888877e-23
1.010411458062301e-23
1.0016307202137061e-23
9.924205708078037e-24
9.827594324119882e-24
9.72624622530879e-24
9.619923119022132e-24
9.508374566167742e-24
9.391337773375453e-24
9.268537053955142e-24
9.13968345030571e-24
9.004474706244883e-24
8.862594911991662e-24
8.713714977413757e-24
