1.561825541269378e-23
1.5644715810494072e-23
1.5669954734795996e-23
1.5694025672686192e-23
1.5716979638385963e-23
1.5738865280987657e-23
1.575972898722271e-23
1.5779614979465838e-23
1.5798565409203804e-23
1.5816620446124266e-23
1.5833818363056602e-23
1.5850195616892752e-23
1.5865786925696075e-23
1.58806253421349e-23
1.5894742323410912e-23
1.5908167797808663e-23
1.5920930228021763e-23
1.5933056671390275e-23
1.5944572837161073e-23
1.595550314089199e-23
1.5965870756140756e-23
1.5975697663503914e-23
1.5985004697152398e-23
1.599381158891866e-23
1.600213701007105e-23
1.60099986108321e-23
1.6017413057728884e-23
1.6024396068871757e-23
1.6030962447208073e-23
1.603712611184405e-23
1.6042900127486636e-23
1.6048296732088757e-23
1.605332736269549e-23
1.60580026796445e-23
1.6062332589076758e-23
1.606632626385814e-23
1.606999216293399e-23
1.6073338049165324e-23
1.6076371005693782e-23
1.6079097450834742e-23
1.6081523151561138e-23
1.608365323560837e-23
1.6085492202194637e-23
1.6087043931393602e-23
1.608831169220533e-23
1.6089298149280088e-23
1.609000536837394e-23
1.609043482049427e-23
1.6090587384757543e-23
1.6090463350019496e-23
1.6090062415156046e-23
1.6089383688084115e-23
1.6088425683559812e-23
1.608718631960688e-23
1.6085662912652404e-23
1.608385217140121e-23
1.6081750189315707e-23
1.607935243575409e-23
1.6076653745763485e-23
1.6073648308430014e-23
1.6070329653792534e-23
1.6066690638281305e-23
1.606272342872428e-23
1.6058419484707127e-23
1.6053769539306824e-23
1.6048763578328723e-23
1.6043390817713843e-23
1.6037639679217646e-23
1.6031497764255533e-23
1.6024951825884864e-23
1.6017987738770877e-23
1.6010590467087367e-23
1.6002744030407422e-23
1.599443146711335e-23
1.5985634795744914e-23
1.5976334973731706e-23
1.596651185358904e-23
1.5956144136418577e-23
1.5945209322793316e-23
1.5933683660295482e-23
1.592154208835431e-23
1.5908758179459883e-23
1.5895304077189216e-23
1.588115043052931e-23
1.5866266324054054e-23
1.585061920457178e-23
1.583417480308947e-23
1.5816897052281743e-23
1.5798747999288956e-23
1.5779687713281636e-23
1.57596741875671e-23
1.573866323604312e-23
1.571660838345423e-23
1.569346074925861e-23
1.5669168924212766e-23
1.5643678839927278e-23
1.5616933630251222e-23
1.5588873484402056e-23
1.5559435490779106e-23
1.5528553471481833e-23
1.5496157805630493e-23
1.5462175242934852e-23
1.5426528703944586e-23
1.5389137067813522e-23
1.5349914946375793e-23
1.5308772443355192e-23
1.5265614896944193e-23
1.5220342605061084e-23
1.5172850531343218e-23
1.5123027991554278e-23
1.5070758316106992e-23
1.5015918489762203e-23
1.4958378763797318e-23
1.489800223893855e-23
1.483464441842687e-23
1.4768152723532115e-23
1.4698365973671708e-23
1.462511382250546e-23
1.4548216149807425e-23
1.4467482398716873e-23
1.4382710862463147e-23
1.429368790216204e-23
1.4200187097728663e-23
1.4101968322443764e-23
1.3998776728055373e-23
1.3890341635849056e-23
1.3776375315098882e-23
1.3656571643760558e-23
1.3530604623882272e-23
1.3398126750601868e-23
1.3258767194464448e-23
1.3112129785789959e-23
1.295779077219866e-23
1.2795296305956994e-23
1.2624159637178787e-23
1.2443857953071083e-23
1.2253828820932956e-23
1.2053466165727152e-23
1.1842115712651427e-23
1.1619069794387803e-23
1.1383561440894743e-23
1.1134757601131292e-23
1.0871751382007549e-23
1.0593553096744584e-23
1.0299079947743428e-23
9.987144115811691e-24
9.656438962401332e-24
9.305523097389876e-24
8.9328020211043e-24
8.53650714426129e-24
8.114672163066698e-24
7.665107291054506e-24
7.185372960292881e-24
6.672757191968563e-24
6.124266817760019e-24
5.536657357244138e-24
4.906564424328444e-24
4.230909125147626e-24
3.5081092808151554e-24
2.7420376718317576e-24
1.957676144474521e-24
1.280914423003997e-24
1.2129341741199572e-24
2.010895637971847e-24
3.2182873550661163e-24
4.672000817323164e-24
6.36452836211557e-24
8.334094738305564e-24
1.0648574723254692e-23
1.341125859758616e-23
1.6779014698803328e-23
2.0998487326383332e-23
2.647899812905235e-23
3.395157894978772e-23
4.4859459339527487e-23
6.249106447974213e-23
9.619456186112859e-23
1.8458687796011291e-22
4.447773099862369e-22
1.9467855605018e-22
1.059000903717697e-22
7.193534280386893e-23
5.402789870716108e-23
4.279268834745135e-23
3.4930216830194603e-23
2.899282333773823e-23
2.424721926657774e-23
2.028274771587525e-23
1.6852044857992623e-23
1.3798298981361428e-23
1.101979357133985e-23
8.453906694082532e-24
6.0784228689768024e-24
3.9573085648526446e-24
2.5059610287675283e-24
2.8447672724990333e-24
4.5645058743427024e-24
6.67733878635852e-24
8.928030497411361e-24
1.1260674401912132e-23
1.36630876670607e-23
