2.5906072204176653e-22
2.6150147429884303e-22
2.638194216840651e-22
2.660194837192768e-22
2.681063296095065e-22
2.700843881688339e-22
2.7195785723446655e-22
2.7373071258860433e-22
2.754067164079746e-22
2.7698942525832267e-22
2.7848219765152537e-22
2.7988820118097375e-22
2.8121041925096547e-22
2.824516574140704e-22
2.8361454933009395e-22
2.847015623595576e-22
2.8571500280319716e-22
2.8665702079918557e-22
2.8752961488792156e-22
2.8833463625465486e-22
2.8907379265852993e-22
2.8974865205679914e-22
2.903606459314079e-22
2.909110723255947e-22
2.914010985966045e-22
2.9183176389019157e-22
2.9220398134269755e-22
2.925185400146569e-22
2.927761065608788e-22
2.9297722663932563e-22
2.931223260630862e-22
2.9321171169671966e-22
2.9324557209949375e-22
2.9322397791641877e-22
2.9314688201822e-22
2.93014119389936e-22
2.928254067685072e-22
2.9258034202761458e-22
2.922784033093101e-22
2.9191894789955503e-22
2.9150121084574524e-22
2.9102430331300112e-22
2.9048721067521507e-22
2.898887903372124e-22
2.8922776928252052e-22
2.885027413419358e-22
2.877121641762253e-22
2.8685435596686046e-22
2.8592749180686895e-22
2.849295997843243e-22
2.838585567493416e-22
2.8271208375536437e-22
2.814877411648177e-22
2.8018292340759343e-22
2.7879485338158555e-22
2.7732057648182775e-22
2.7575695424570776e-22
2.7410065759938176e-22
2.7234815969069187e-22
2.704957282923423e-22
2.68539417758047e-22
2.6647506051376686e-22
2.642982580646979e-22
2.6200437149756995e-22
2.5958851145678307e-22
2.5704552757136127e-22
2.543699973089091e-22
2.5155621423072066e-22
2.4859817562105164e-22
2.4548956946243957e-22
2.4222376072641345e-22
2.3879377694816294e-22
2.3519229305142594e-22
2.314116153882745e-22
2.2744366495599273e-22
2.2327995975200507e-22
2.189115962248745e-22
2.1432922977718005e-22
2.095230542742896e-22
2.0448278050944124e-22
1.9919761357379242e-22
1.9365622907691016e-22
1.8784674815982713e-22
1.8175671124096323e-22
1.7537305043056604e-22
1.6868206054758101e-22
1.6166936866983502e-22
1.5431990214494292e-22
1.4661785499007112e-22
1.3854665260637628e-22
1.300889147424427e-22
1.2122641664922862e-22
1.1194004840253093e-22
1.0220977243421043e-22
9.201457947050685e-23
8.133244346278864e-23
7.014027713864193e-23
5.841389300076902e-23
4.612798632370554e-23
3.3256212658315984e-23
1.977185152735638e-23
5.6596974325740955e-24
9.189073504062356e-24
2.469129608824035e-23
4.0942064391690124e-23
5.797037144808852e-23
7.581262600522543e-23
9.450769617051293e-23
1.1409653428124962e-22
1.3462217670156363e-22
1.561298184431758e-22
1.786669125002069e-22
2.0228328183958042e-22
2.270312405767957e-22
2.5296572334838666e-22
2.8014442275626317e-22
3.086279351142392e-22
3.384799148974456e-22
3.697672384038178e-22
4.0256017720637187e-22
4.369325820445187e-22
4.729620778634429e-22
5.1073027077202e-22
5.503229677648906e-22
5.918304101132653e-22
6.353475214221216e-22
6.809741714288802e-22
7.288154567128577e-22
7.789819995947942e-22
8.315902666103111e-22
8.867629080765505e-22
9.446291203966362e-22
1.0053250329242066e-21
1.0689941213461482e-21
1.135787649759665e-21
1.2058651438018378e-21
1.279394897472358e-21
1.3565545164546616e-21
1.4375315011343486e-21
1.5225238727714733e-21
1.6117408466207413e-21
1.7054035563087965e-21
1.8037458340026756e-21
1.9070150517792865e-21
2.015473029587634e-21
2.1293970166241808e-21
2.2490807527773866e-21
2.3748356183954242e-21
2.50699188091709e-21
2.645900048372919e-21
2.7919323408133234e-21
2.945484291949514e-21
3.106976494527722e-21
3.2768565059255458e-21
3.455600930557803e-21
3.643717699525757e-21
3.841748569832057e-21
4.050271868447541e-21
4.269905510120533e-21
4.501310322252166e-21
4.745193713199905e-21
5.002313728046892e-21
5.273483540461184e-21
5.559576435620334e-21
5.861531351827814e-21
6.1803590520958266e-21
6.517149014826249e-21
6.873077143882827e-21
7.249414409628355e-21
7.647536568382108e-21
8.068935102853408e-21
8.515229589487875e-21
8.988181694885821e-21
9.489711075508736e-21
1.0021913483078032e-20
1.0587081439391086e-20
1.1187727928154613e-20
1.1826613631506955e-20
1.2506778323697264e-20
1.3231577238265266e-20
1.4004723285701973e-20
1.48303363148026e-20
1.571300080303865e-20
1.6657833681079543e-20
1.767056455170713e-20
1.8757630833618242e-20
1.9926291434271727e-20
2.1184763004734554e-20
2.2542384579265495e-20
2.4009817328451796e-20
2.5599288844054254e-20
2.732489377199235e-20
2.920296678539625e-20
3.1252548836407366e-20
3.3495975198107576e-20
3.59596242716603e-20
3.8674880744793697e-20
4.1679388254336333e-20
4.501869852850359e-20
4.8748472116074846e-20
5.2937456865440025e-20
