1.415677923572301e-24
1.4009672210189703e-24
1.387430100626254e-24
1.3749837954714787e-24
1.3635502174828754e-24
1.353055854790734e-24
1.343431651104404e-24
1.334612869358994e-24
1.326538942010862e-24
1.3191533104343371e-24
1.3124032559458308e-24
1.3062397247947888e-24
1.3006171494206185e-24
1.2954932680073432e-24
1.2908289442267688e-24
1.2865879887735345e-24
1.2827369841181944e-24
1.2792451136296227e-24
1.2760839960492848e-24
1.2732275260451646e-24
1.2706517214463729e-24
1.268334577532563e-24
1.2662559287045098e-24
1.2643973175551993e-24
1.2627418715343155e-24
1.2612741869813935e-24
1.259980220549595e-24
1.2588471877035433e-24
1.2578634681704334e-24
1.2570185179854553e-24
1.256302787916381e-24
1.2557076478989756e-24
1.2552253172324375e-24
1.2548488001639948e-24
1.2545718265506289e-24
1.2543887973627196e-24
1.2542947345886017e-24
1.254285235389434e-24
1.2543564301172705e-24
1.2545049439867886e-24
1.254727862140549e-24
1.2550226978114477e-24
1.2553873634365322e-24
1.255820144472467e-24
1.2563196756624839e-24
1.2568849196792314e-24
1.2575151478586342e-24
1.2582099229415795e-24
1.2589690836358767e-24
1.2597927308586075e-24
1.2606812155549538e-24
1.2616351279656516e-24
1.2626552882069883e-24
1.2637427381047354e-24
1.264898734175558e-24
1.266124741636379e-24
1.2674224293950092e-24
1.2687936659973881e-24
1.2702405163172293e-24
1.2717652391211386e-24
1.2733702852538793e-24
1.2750582965565973e-24
1.276832105393742e-24
1.2786947346884714e-24
1.2806493985577345e-24
1.2826995033798874e-24
1.2848486493467065e-24
1.2871006323876406e-24
1.289459446496543e-24
1.2919292864218622e-24
1.2945145506186519e-24
1.2972198445363276e-24
1.3000499841417687e-24
1.30300999966071e-24
1.306105139556182e-24
1.3093408746450428e-24
1.3127229023650479e-24
1.3162571512182725e-24
1.3199497852358476e-24
1.3238072085496963e-24
1.3278360700681776e-24
1.3320432680647531e-24
1.336435954798855e-24
1.3410215412465693e-24
1.3458077014679525e-24
1.3508023772845254e-24
1.356013782539616e-24
1.3614504073873672e-24
1.3671210224290029e-24
1.3730346826156115e-24
1.3792007309812816e-24
1.3856288022801656e-24
1.3923288261802544e-24
1.399311030376175e-24
1.406585943387985e-24
1.4141643971350764e-24
1.4220575290256206e-24
1.430276784129149e-24
1.4388339166066238e-24
1.447740991133537e-24
1.4570103840102628e-24
1.4666547838265003e-24
1.4766871918829682e-24
1.4871209224849638e-24
1.4979696026999157e-24
1.5092471721526977e-24
1.5209678824053484e-24
1.5331462962543458e-24
1.5457972867760159e-24
1.5589360362883597e-24
1.572578035416218e-24
1.5867390816171084e-24
1.60143527827268e-24
1.6166830334943461e-24
1.6324990592477901e-24
1.6489003702748212e-24
1.6659042838337795e-24
1.6835284189267375e-24
1.701790696572371e-24
1.7207093404803276e-24
1.740302877016712e-24
1.7605901374094884e-24
1.7815902593214976e-24
1.8033226893462668e-24
1.8258071863143914e-24
1.84906382531175e-24
1.8731130021591585e-24
1.8979754393740643e-24
1.9236721924849e-24
1.9502246569585808e-24
1.9776545770614604e-24
2.0059840552085815e-24
2.03523556186224e-24
2.0654319469315585e-24
2.0965964527912763e-24
2.1287527271316536e-24
2.16192483828879e-24
2.1961372903354495e-24
2.2314150407821388e-24
2.2677835179671283e-24
2.3052686415863383e-24
2.343896841810193e-24
2.3836950816686215e-24
2.424690880569602e-24
2.4669123379849095e-24
2.510388157881873e-24
2.555147679264696e-24
2.6012208991020108e-24
2.6486385058777493e-24
2.6974319090843877e-24
2.7476332715392824e-24
2.7992755427915837e-24
2.8523924955374665e-24
2.9070187603458964e-24
2.9631898673168888e-24
3.020942283438625e-24
3.0803134556726438e-24
3.141341853770084e-24
3.2040670185022358e-24
3.2685296056783526e-24
3.3347714415812366e-24
3.402835566955252e-24
3.472766298504216e-24
3.544609285210688e-24
3.618411563188497e-24
3.694221624054025e-24
3.7720894772755054e-24
3.852066719758128e-24
3.934206606894862e-24
4.0185641326882774e-24
4.105196103056387e-24
4.194161223027621e-24
4.285520183457914e-24
4.379335758422603e-24
4.475672894875006e-24
4.574598820458213e-24
4.6761831536740456e-24
4.78049801036108e-24
4.887618134410956e-24
4.99762101739279e-24
5.110587035107292e-24
5.226599592741462e-24
5.34574526824947e-24
5.4681139850755835e-24
5.593799159781927e-24
5.722897898354044e-24
5.855511171711322e-24
5.991744031117488e-24
6.131705790532265e-24
6.275510286093121e-24
6.4232760918989495e-24
6.5751267586229736e-24
6.731191132460638e-24
6.89160355777224e-24
7.056504262631133e-24
7.226039618011147e-24
7.400362486229929e-24
7.579632616691994e-24
7.764016970946492e-24
7.953690165159041e-24
8.148834914048298e-24
