3.7622586771866823e-23
3.7756310265551103e-23
3.788235437626734e-23
3.8000986616098684e-23
3.811245875956133e-23
3.821700737902993e-23
3.83148543471599e-23
3.8406207309034904e-23
3.8491260122848593e-23
3.857019327224388e-23
3.8643174249657346e-23
3.871035791193406e-23
3.877188680967033e-23
3.8827891489552566e-23
3.887849077185432e-23
3.892379200245778e-23
3.8963891280937255e-23
3.899887366424792e-23
3.902881334736826e-23
3.905377382042801e-23
3.907380800344108e-23
3.908895835807051e-23
3.9099256977620646e-23
3.910472565476493e-23
3.910537592715769e-23
3.910120910164127e-23
3.9092216256107384e-23
3.9078378219821037e-23
3.9059665532676935e-23
3.903603838058428e-23
3.9007446511097746e-23
3.897382912498188e-23
3.8935114746190055e-23
3.8891221068935076e-23
3.8842054781217337e-23
3.8787511365450665e-23
3.872747487465254e-23
3.8661817684315875e-23
3.859040021940561e-23
3.8513070655893347e-23
3.8429664595213734e-23
3.834000471330173e-23
3.824390038009406e-23
3.814114725216581e-23
3.803152683421584e-23
3.7914806012261566e-23
3.7790736552811923e-23
3.7659054571444493e-23
3.75194799670925e-23
3.73717158210911e-23
3.721544775994678e-23
3.705034327993431e-23
3.68760510352525e-23
3.6692200080232567e-23
3.649839907334629e-23
3.6294235435747924e-23
3.607927446337604e-23
3.585305839004475e-23
3.5615105401958e-23
3.536490859915429e-23
3.510193490164215e-23
3.482562389789008e-23
3.4535386635368264e-23
3.4230604345830145e-23
3.391062710808672e-23
3.3574772438424437e-23
3.3222323813250423e-23
3.285252911210295e-23
3.246459898689493e-23
3.2057705144434514e-23
3.163097854376436e-23
3.118350750447037e-23
3.0714335717133055e-23
3.0222460156030924e-23
2.9706828886664843e-23
2.916633876392476e-23
2.8599833014819033e-23
2.800609870221439e-23
2.7383864060391676e-23
2.673179569802331e-23
2.6048495667412552e-23
2.5332498384798705e-23
2.458226739714447e-23
2.3796192000709827e-23
2.2972583690000827e-23
2.2109672440568437e-23
2.120560282523937e-23
2.025842995553636e-23
1.9266115263180486e-23
1.8226522133843976e-23
1.7137411419120222e-23
1.599643691162351e-23
1.480114090126951e-23
1.3548950090513787e-23
1.2237172440279721e-23
1.0862996220129145e-23
9.423494398021241e-24
7.915642963717054e-24
6.336380916510905e-24
4.6828248877879994e-24
2.95331362641846e-24
1.1587159746203204e-24
8.360556731912905e-25
2.7937393861745155e-24
4.877602151429297e-24
7.065157254135746e-24
9.35859832968073e-24
1.1762294153176156e-23
1.4281292040425106e-23
1.692104250953626e-23
1.9687330318180732e-23
2.2586259048533797e-23
2.5624253818320853e-23
2.880807154576043e-23
3.2144815113676744e-23
3.5641949912415113e-23
3.930732219835502e-23
4.3149179005911677e-23
4.717618949292781e-23
5.139746780038687e-23
5.582259733277721e-23
6.04616567077871e-23
6.532524727931485e-23
7.042452249720994e-23
7.577121914943644e-23
8.137769059067217e-23
8.725694221331044e-23
9.342266931636798e-23
9.988929726850886e-23
1.0667202473104973e-22
1.137868695199601e-22
1.2125071795910926e-22
1.2908137732621329e-22
1.3729763241323463e-22
1.4591930573552202e-22
1.549673225687189e-22
1.644637803503208e-22
1.7443202360651154e-22
1.8489672443748617e-22
1.9588396893865551e-22
2.074213510216096e-22
2.195380727470855e-22
2.32265053575261e-22
2.4563504783678483e-22
2.596827723012656e-22
2.7444504441832525e-22
2.8996093228687806e-22
3.062719171937842e-22
3.2342207167722566e-22
3.4145825198344105e-22
3.6043030907852115e-22
3.8039131865827536e-22
4.0139783335158214e-22
4.2351015843084934e-22
4.467926539526578e-22
4.713140693921192e-22
4.971479079746195e-22
5.24372831925332e-22
5.530731091597736e-22
5.833391052399701e-22
6.152678339048545e-22
6.489635628419592e-22
6.845384926423518e-22
7.2211351175356265e-22
7.61819038033855e-22
8.037959688157831e-22
8.481967370188386e-22
8.951865123402155e-22
9.449445421862495e-22
9.97665680421759e-22
1.0535621135617292e-21
1.1128653309206891e-21
1.1758283567942258e-21
1.2427283224086546e-21
1.31386940452173e-21
1.389586222441393e-21
1.4702477381309667e-21
1.556261793966082e-21
1.64808040490501e-21
1.7462059162173324e-21
1.8511982434100725e-21
1.963683416588653e-21
2.0843636478552322e-21
2.214029388037249e-21
2.3535736644892076e-21
2.504009398489791e-21
2.6664902949539762e-21
2.842336252864425e-21
3.0330645872734485e-21
3.2404286498436373e-21
3.466465469540086e-21
3.713555668116497e-21
3.984499846028018e-21
4.2826149245823374e-21
4.611859424431786e-21
4.9769965410392394e-21
5.383809630487799e-21
5.839389556587252e-21
6.352527421979198e-21
6.934253325006587e-21
7.598595423551107e-21
