4.884497425761659e-24
3.858488680786668e-24
2.8938969170791854e-24
1.9887626654868187e-24
1.1414756012515106e-24
3.531460108915006e-25
3.9665982858250673e-25
1.0794561272379347e-24
1.7139732331302256e-24
2.2993067764200032e-24
2.8364177426216958e-24
3.326357281793018e-24
3.770120662760666e-24
4.1686189772674855e-24
4.522671929175901e-24
4.833006078697429e-24
5.100254773357588e-24
5.324958611297594e-24
5.507566017771928e-24
5.648433764788673e-24
5.747827356020593e-24
5.8059212398511816e-24
5.822798828882677e-24
5.798452316240131e-24
5.732782280172944e-24
5.625597074758298e-24
5.4766120057580426e-24
5.2854482972599045e-24
5.05163186349407e-24
4.7745919188975764e-24
4.453659499741262e-24
4.088066060902022e-24
3.676942531784099e-24
3.2193198212587845e-24
2.7141336363878196e-24
2.16024355763085e-24
1.5565115461571994e-24
9.022713624385688e-25
2.0815094076796434e-25
5.819976645258793e-25
1.3989538141597971e-24
2.277454369908897e-24
3.2173662997542954e-24
4.220616083493571e-24
5.289543395217698e-24
6.426724203710732e-24
7.63493783295969e-24
8.917163449047465e-24
1.0276585439397521e-23
1.1716602481690121e-23
1.3240838693402782e-23
1.485315631810654e-23
1.655766977764309e-23
1.8358761070484704e-23
2.0261096570412752e-23
2.2269645318845097e-23
2.4389698935423295e-23
2.662689328970333e-23
2.8987232104668166e-23
3.1477112684208385e-23
3.4103353976695065e-23
3.68732272223344e-23
3.979448945985309e-23
4.287542019824656e-23
4.612486161024795e-23
4.955226263608543e-23
5.316772745794558e-23
5.698206884516649e-23
6.100686694924902e-23
6.525453422451673e-23
6.973838721065333e-23
7.447272605320255e-23
7.947292274832124e-23
8.475551925636462e-23
9.033833679304478e-23
9.624059780978585e-23
1.0248306245851343e-22
1.0908818152181472e-22
1.1608026826572497e-22
1.2348569193141885e-22
1.3133309618825764e-22
1.3965364632709284e-22
1.4848130982243527e-22
1.5785317546917356e-22
1.6780981768138207e-22
1.7839571335969713e-22
1.8965972058133315e-22
2.01655630067859e-22
2.1444280256273694e-22
2.2808690831386344e-22
2.4266078837934506e-22
2.582454613956866e-22
2.7493130599784087e-22
2.9281945518956564e-22
3.1202344852000284e-22
3.326711997723711e-22
3.549073523805239e-22
3.7889611483230793e-22
4.0482469478586284e-22
4.329074839196302e-22
4.63391192854787e-22
4.965611976642688e-22
5.327494452894506e-22
5.723443828407584e-22
6.15803543814387e-22
6.636696584407169e-22
7.165914948974592e-22
7.753511382156957e-22
8.409001496583832e-22
9.144081739049263e-22
9.973293005112202e-22
1.0914942271538423e-21
1.1992407488841518e-21
1.3236025381741404e-21
1.46858904454749e-21
1.6396122960189025e-21
1.844159149345623e-21
2.0928910843567262e-21
2.4015262508004482e-21
2.794239840625986e-21
3.3102327940382908e-21
4.017542510443148e-21
5.0454922531645604e-21
6.673557460311964e-21
9.637046257975777e-21
1.6676101665220615e-20
5.1374596307241146e-20
4.0269159322673695e-20
1.6087160751427972e-20
1.0140658083643025e-20
7.485763391032451e-21
5.9853810601944465e-21
5.021947532214994e-21
4.3514523334740185e-21
3.858207001828075e-21
3.480318456490582e-21
3.181683643209579e-21
2.939825806825587e-21
2.7400204040562176e-21
2.5722179995564476e-21
2.4293248320894783e-21
2.306190093760673e-21
2.198982857338184e-21
2.1047942552681074e-21
2.021375330244079e-21
1.9469594830337004e-21
1.8801392797463962e-21
1.8197791732472302e-21
1.7649524417543856e-21
1.7148949105024814e-21
1.6689704084142417e-21
1.6266446700516997e-21
1.5874653441409239e-21
1.5510465035349635e-21
1.5170565409448768e-21
1.4852085729273933e-21
1.4552528063370972e-21
1.4269703874718092e-21
1.400168418746775e-21
1.3746758887295097e-21
1.3503403213758532e-21
1.3270250061630588e-21
1.3046066818320478e-21
1.282973608300361e-21
1.2620239237054745e-21
1.2416642736008573e-21
1.2218086221439878e-21
1.2023772358910256e-21
1.1832958309678755e-21
1.1644947971322672e-21
1.1459085594716497e-21
1.1274749941843572e-21
1.1091349259844929e-21
1.0908316814743528e-21
1.0725106900739826e-21
1.054119134256707e-21
1.035605625680171e-21
1.0169199205634483e-21
9.980126452666416e-22
9.788350761382915e-22
9.593389037198584e-22
9.394760276786862e-22
9.19198373838207e-22
8.98457700438495e-22
8.772054517429029e-22
8.55392566442548e-22
8.32969344139452e-22
8.098852965877406e-22
7.860889869580958e-22
7.615279047668007e-22
7.361483220632455e-22
7.098951607702044e-22
6.827118581027236e-22
6.545402252417421e-22
6.253203249444077e-22
5.949903383994974e-22
5.634864254476953e-22
5.307425962229718e-22
4.966905745913197e-22
4.612596617383272e-22
4.24376603337535e-22
