3.0145484422971965e-24
2.8711373834717717e-24
2.7343782068037282e-24
2.6039809250151955e-24
2.4796691253972e-24
2.3611793912500974e-24
2.2482607516853226e-24
2.1406741585221377e-24
2.0381919890247798e-24
1.9405975732794204e-24
1.8476847448749836e-24
1.7592574136651855e-24
1.6751291591257722e-24
1.5951228429381377e-24
1.519070239053522e-24
1.4468116795940549e-24
1.378195714539092e-24
1.313078782919245e-24
1.2513248930919106e-24
1.1928053091870198e-24
1.1373982405927197e-24
1.084988530778991e-24
1.0354673418088975e-24
9.887318300006088e-25
9.446848087193337e-25
9.032343933650024e-25
8.642936248191609e-25
8.277800672242056e-25
7.936153775261485e-25
7.617248454149653e-25
7.320369045196628e-25
7.04482618151237e-25
6.789951464452293e-25
6.555092050742911e-25
6.339605296329236e-25
6.142853632952708e-25
5.964199881315078e-25
5.8030032181965835e-25
5.658616012320242e-25
5.530381720530317e-25
5.417633986176583e-25
5.319697017298143e-25
5.23588723870717e-25
5.165516127497081e-25
5.107894058973339e-25
5.062334922972675e-25
5.02816122601875e-25
5.004709379298561e-25
4.991334881227843e-25
4.987417136270431e-25
4.9923637053348795e-25
5.005613841471406e-25
5.026641228223103e-25
5.05495589522477e-25
5.0901053364210905e-25
5.131674891024564e-25
5.179287476688213e-25
5.232602775199153e-25
5.291315978433979e-25
5.3551561979963145e-25
5.423884636185243e-25
5.497292602407337e-25
5.575199449150063e-25
5.657450488253919e-25
5.743914933232826e-25
5.834483906558916e-25
5.929068537053499e-25
6.02759816696924e-25
6.130018678889518e-25
6.236290949635518e-25
6.346389431945671e-25
6.460300863000547e-25
6.578023094371849e-25
6.699564039582138e-25
6.824940731086776e-25
6.9541784788745255e-25
7.087310125110625e-25
7.224375384180158e-25
7.365420262939794e-25
7.510496551957479e-25
7.659661382647815e-25
7.812976842318499e-25
7.970509641528351e-25
8.132330829120171e-25
8.298515548455207e-25
8.46914283149807e-25
8.644295425459417e-25
8.824059649626017e-25
9.008525277969538e-25
9.19778544479564e-25
9.39193657099382e-25
9.591078308325464e-25
9.795313500336384e-25
1.0004748156620404e-24
1.0219491439844863e-24
1.043965566528724e-24
1.0665356308442525e-24
1.089671202200447e-24
1.1133844662161243e-24
1.1376879320361286e-24
1.162594436153476e-24
1.188117146972414e-24
1.2142695696711724e-24
1.2410655517294083e-24
1.2685192887712235e-24
1.2966453308734914e-24
1.325458589315821e-24
1.3549743434587579e-24
1.385208248296684e-24
1.4161763419682925e-24
1.4478950539085937e-24
1.4803812130124943e-24
1.5136520562470187e-24
1.5477252375502893e-24
1.5826188369480561e-24
1.6183513698580482e-24
1.6549417968600122e-24
1.6924095335987135e-24
1.7307744610688616e-24
1.770056935900209e-24
1.8102778013835866e-24
1.851458398255967e-24
1.8936205760036812e-24
1.9367867047801773e-24
1.980979686734033e-24
2.0262229688210058e-24
2.0725405546361556e-24
2.1199570175275448e-24
2.168497513820411e-24
2.218187795635501e-24
2.269054225136957e-24
2.321123788351815e-24
2.3744241096412226e-24
2.42898346600825e-24
2.4848308028638255e-24
2.5419957488785125e-24
2.600508631928296e-24
2.6604004953935256e-24
2.7217031144835615e-24
2.7844490131606347e-24
2.8486714818677112e-24
2.914404594959022e-24
2.9816832287644516e-24
3.0505430804136987e-24
3.1210206869795106e-24
3.1931534446159243e-24
3.2669796287444335e-24
3.342538414520378e-24
3.419869897885736e-24
3.4990151166580526e-24
3.5800160721921e-24
3.662915753058413e-24
3.747758156686813e-24
3.834588313493505e-24
3.923452311229049e-24
4.0143973186285095e-24
4.107471612360719e-24
4.202724601358213e-24
4.3002068538688076e-24
4.399970125046173e-24
4.5020673836237366e-24
4.606552841101834e-24
4.7134819818015625e-24
4.822911590176795e-24
4.934899783211058e-24
5.049506042469516e-24
5.166791244438597e-24
5.286817692658162e-24
5.409649154207427e-24
5.535350892096731e-24
5.663989701287419e-24
5.795633943670382e-24
5.930353586441147e-24
6.068220239263635e-24
6.2093071945224754e-24
6.353689465970179e-24
6.501443826139822e-24
6.652648856920078e-24
6.80738498444872e-24
6.96573452499227e-24
7.127781732345984e-24
7.293612840322337e-24
7.463316113036786e-24
7.636981898125743e-24
7.814702663965304e-24
7.996573050842339e-24
8.182689954649718e-24
8.373152527046623e-24
8.568062274488902e-24
8.767523099949013e-24
8.97164136890047e-24
9.180525944952822e-24
9.394288267363014e-24
9.613042426971377e-24
9.836905189112361e-24
1.0065996139639014e-23
1.0300437684450117e-23
1.0540355062714478e-23
1.0785876587691197e-23
1.1037133588487134e-23
1.1294260505732757e-23
