3.524036745300632e-24
3.451371296249578e-24
3.3883011412643086e-24
3.3346664539123235e-24
3.290325699525282e-24
3.25515525004479e-24
3.229049018670792e-24
3.2119181083525055e-24
3.2036904684615518e-24
3.204310554623746e-24
3.2137389876504294e-24
3.2319522086996987e-24
3.2589421290533693e-24
3.2947157741704448e-24
3.339294922771584e-24
3.392715742455837e-24
3.455028423994468e-24
3.5262968164217475e-24
3.60659806501091e-24
3.696022253739551e-24
3.794672053233597e-24
3.9026623745269704e-24
4.0201200282398584e-24
4.147183388164185e-24
4.284002057709532e-24
4.430736537276709e-24
4.587557890385006e-24
4.754647406302423e-24
4.932196256920398e-24
5.1204051458027646e-24
5.319483947535718e-24
5.529651335783386e-24
5.7511343988474586e-24
5.984168241801156e-24
6.228995574746614e-24
6.485866287061602e-24
6.755037007937308e-24
7.036770653865384e-24
7.331335964155259e-24
7.639007025895281e-24
7.960062790181937e-24
8.294786581755186e-24
8.643465604542066e-24
9.006390445942217e-24
9.383854582935642e-24
9.776153893466714e-24
1.0183586176692367e-23
1.0606450685984869e-23
1.1045047678713584e-23
1.1499677986961004e-23
1.1970642613434978e-23
1.2458242356840375e-23
1.2962777470967422e-23
1.3484547361685374e-23
1.402385032583619e-23
1.4580983335882405e-23
1.5156241873837844e-23
1.5749919817751685e-23
1.6362309383535572e-23
1.699370112458844e-23
1.7644383991190064e-23
1.831464545093541e-23
1.9004771671255773e-23
1.9715047764117963e-23
2.0445758092776615e-23
2.1197186639475907e-23
2.1969617432790808e-23
2.2763335032394953e-23
2.3578625068768445e-23
2.441577483461324e-23
2.5275073924487813e-23
2.615681491865049e-23
2.706129410674283e-23
2.7988812246719574e-23
2.893967535425501e-23
2.99141955175789e-23
3.0912691732656876e-23
3.1935490753896175e-23
3.2982927955152554e-23
3.405534819632903e-23
3.515310669098899e-23
3.627656987052717e-23
3.742611624074316e-23
3.860213722737311e-23
3.9805038006786656e-23
4.103523831922071e-23
4.229317326188616e-23
4.357929405981058e-23
4.4894068812661233e-23
4.6237983216427773e-23
4.7611541258888726e-23
4.901526588857661e-23
5.0449699657069515e-23
5.191540533479372e-23
5.341296650097976e-23
5.494298810864313e-23
5.65060970257778e-23
5.810294255381996e-23
5.973419692520029e-23
6.140055578170055e-23
6.31027386352741e-23
6.484148931325358e-23
6.661757639017251e-23
6.843179360804931e-23
7.028496028733205e-23
7.217792173029082e-23
7.411154961949596e-23
7.608674241257965e-23
7.810442573633345e-23
8.016555278077107e-23
8.227110469608005e-23
8.442209099377061e-23
8.661954995346179e-23
8.886454903762682e-23
9.115818531471355e-23
9.350158589332146e-23
9.589590836771261e-23
9.834234127642837e-23
1.0084210457456678e-22
1.0339645012193557e-22
1.0600666218707588e-22
1.0867405796757195e-22
1.1139998812909917e-22
1.141858373626735e-22
1.1703302496114475e-22
1.1994300541569372e-22
1.2291726903247085e-22
1.25957342570418e-22
1.2906478990083622e-22
1.322412126878814e-22
1.354882510927898e-22
1.3880758449864223e-22
1.4220093226055525e-22
1.456700544768171e-22
1.4921675278517867e-22
1.528428711811187e-22
1.5655029686272912e-22
1.6034096109661928e-22
1.6421684011130285e-22
1.6817995601216705e-22
1.7223237772339167e-22
1.7637622195419883e-22
1.8061365418860122e-22
1.8494688970337718e-22
1.8937819460703675e-22
1.939098869096107e-22
1.985443376106374e-22
2.0328397182217005e-22
2.081312699056381e-22
2.130887686472743e-22
2.1815906244784726e-22
2.2334480454423763e-22
2.2864870825680323e-22
2.3407354825826975e-22
2.396221618714643e-22
2.4529745039467666e-22
2.511023804451411e-22
2.5703998533342975e-22
2.631133664685091e-22
2.693256947633986e-22
2.7568021210346854e-22
2.8218023280368054e-22
2.8882914510968793e-22
2.9563041271160445e-22
3.0258757629464064e-22
3.097042550934007e-22
3.1698414847528188e-22
3.2443103756131105e-22
3.320487868302953e-22
3.3984134578305955e-22
3.4781275059536683e-22
3.559671257854101e-22
3.64308685930922e-22
3.7284173735525257e-22
3.815706798517604e-22
3.9050000841381022e-22
3.996343149775088e-22
4.089782901512243e-22
4.185367249623319e-22
4.283145125614824e-22
4.383166501246854e-22
4.485482402875124e-22
4.5901449322654105e-22
4.6972072802920305e-22
4.806723746211609e-22
4.918749753528623e-22
5.0333418650971565e-22
5.150557802668638e-22
5.270456457150261e-22
5.3930979084221895e-22
5.518543436470067e-22
5.646855537380987e-22
5.7780979355972895e-22
5.912335595129755e-22
6.049634732028019e-22
6.1900628225843445e-22
6.333688614300872e-22
6.480582132897197e-22
6.630814681455354e-22
6.78445885732509e-22
6.941588546393218e-22
