2.274733871681998e-24
2.2662325658423665e-24
2.2582336650153207e-24
2.2507065009466824e-24
2.243622422386238e-24
2.2369546688886026e-24
2.2306782512261713e-24
2.2247698387316043e-24
2.2192076530081827e-24
2.213971367903343e-24
2.209042015578621e-24
2.20440189839901e-24
2.2000345062521076e-24
2.1959244392757035e-24
2.192057335583799e-24
2.18841980364816e-24
2.1849993594198183e-24
2.1817843674367488e-24
2.1787639862483597e-24
2.175928117415789e-24
2.1732673581779734e-24
2.170772957432107e-24
2.1684367749179344e-24
2.1662512432660327e-24
2.164209332880152e-24
2.1623045194150785e-24
2.160530753561268e-24
2.1588824332899416e-24
2.1573543780072815e-24
2.155941804860045e-24
2.1546403067787745e-24
2.1534458324171745e-24
2.1523546673476394e-24
2.151363417386434e-24
2.1504689925518e-24
2.149668593192365e-24
2.1489596966856695e-24
2.1483400456473787e-24
2.1478076371333942e-24
2.1473607130841906e-24
2.1469977512719835e-24
2.146717457687484e-24
2.146518759511539e-24
2.146400799038708e-24
2.146362928164637e-24
2.1464047039679015e-24
2.1465258846249878e-24
2.1467264263634894e-24
2.147006480700306e-24
2.147366392682897e-24
2.1478066993891246e-24
2.1483281292833603e-24
2.148931602003914e-24
2.1496182285914028e-24
2.1503893124986255e-24
2.1512463512131697e-24
2.152191037752374e-24
2.1532252634212084e-24
2.1543511207830674e-24
2.1555709071743137e-24
2.1568871284070067e-24
2.1583025034109385e-24
2.1598199693193497e-24
2.161442686658083e-24
2.163174045530172e-24
2.165017672267526e-24
2.1669774357059282e-24
2.1690574555039426e-24
2.1712621098001467e-24
2.1735960434821637e-24
2.1760641779776914e-24
2.1786717196215162e-24
2.1814241715164916e-24
2.1843273425449824e-24
2.1873873595420824e-24
2.1906106787044928e-24
2.1940040979951625e-24
2.1975747699802955e-24
2.201330215557054e-24
2.2052783373881982e-24
2.2094274347081768e-24
2.2137862181204715e-24
2.2183638257112166e-24
2.2231698385592074e-24
2.2282142973366055e-24
2.2335077204778177e-24
2.239061118801464e-24
2.2448860168140854e-24
2.2509944694334013e-24
2.25739907929102e-24
2.264113018338991e-24
2.271150043477233e-24
2.278524519957083e-24
2.2862514360298338e-24
2.2943464268108335e-24
2.302825789282423e-24
2.311706502629284e-24
2.3210062493356442e-24
2.3307434299529757e-24
2.340937181502351e-24
2.3516073962411585e-24
2.3627747337160166e-24
2.3744606406777276e-24
2.386687361315623e-24
2.3994779504624285e-24
2.4128562852936503e-24
2.4268470733474896e-24
2.441475861112217e-24
2.4567690384892407e-24
2.4727538429332693e-24
2.489458357987294e-24
2.5069115136911007e-24
2.5251430818948255e-24
2.5441836677187855e-24
2.564064701080369e-24
2.584818424223099e-24
2.6064778712274247e-24
2.6290768573265405e-24
2.6526499523783518e-24
2.6772324532976046e-24
2.7028603650503673e-24
2.7295703621517855e-24
2.7573997676752977e-24
2.7863865059137574e-24
2.8165690770448672e-24
2.8479865147369885e-24
2.880678350147795e-24
2.9146845716827947e-24
2.9500455832457383e-24
2.986802176750152e-24
3.0249954763614193e-24
3.064666914665034e-24
3.1058581933671167e-24
3.148611250374105e-24
3.1929682298060455e-24
3.2389714554793378e-24
3.2866634020975275e-24
3.3360866963577895e-24
3.387284061234497e-24
3.440298353229924e-24
3.495172527223388e-24
3.551949642630542e-24
3.610672867121122e-24
3.671385505805463e-24
3.734130969224248e-24
3.798952868592321e-24
3.8658949665456155e-24
3.935001247032176e-24
4.0063159665383146e-24
4.0798836607695444e-24
4.155749204312305e-24
4.233957856911595e-24
4.31455533599818e-24
4.3975878357525944e-24
4.483102119675248e-24
4.57114556603307e-24
4.661766229896744e-24
4.755012926776159e-24
4.850935270104639e-24
4.949583757997814e-24
5.051009840595003e-24
5.1552659828079734e-24
5.262405753082971e-24
5.372483854834807e-24
5.485556230279287e-24
5.601680092394514e-24
5.720914042041451e-24
5.843318089156954e-24
5.968953763562956e-24
6.097884093591208e-24
6.2301737806930365e-24
6.3658891961083785e-24
6.5050984291166844e-24
6.647871407922055e-24
6.794279913690068e-24
6.944397616477306e-24
7.098300237050961e-24
7.256065462012323e-24
7.417773141274233e-24
7.583505201287356e-24
7.753345822580259e-24
7.927381449684444e-24
8.105700826176426e-24
8.288395078780909e-24
8.475557742946997e-24
8.667284854325922e-24
8.863675036894403e-24
9.064829397552562e-24
9.27085183187903e-24
9.481848819157337e-24
9.697929729439562e-24
9.919206676642554e-24
1.0145794723350673e-23
1.0377811901389365e-23
1.0615379215657255e-23
1.0858620798756295e-23
1.1107663868069335e-23
1.1362639037097552e-23
1.162368005005956e-23
1.1890924075725076e-23
1.2164511822783943e-23
