2.1636807999646757e-11
2.114003495236624e-11
2.0647876265024832e-11
2.016232576004671e-11
1.9689553750075116e-11
1.922362461585556e-11
1.8770850587829453e-11
1.831788385327064e-11
1.7876583055931067e-11
1.7442051212404244e-11
1.70208751552435e-11
1.6597511665495445e-11
1.6188645117149135e-11
1.5788170048942834e-11
1.5395234036232374e-11
1.5010261491564158e-11
1.4629886764189808e-11
1.4260023488025438e-11
1.3897304664035618e-11
1.35394937613491e-11
1.3184395597618579e-11
1.2840681430763584e-11
1.2504137818757388e-11
1.2170547490033195e-11
1.1850769557373446e-11
1.1525783679771273e-11
1.1217521956311148e-11
1.0906769925786885e-11
1.0612958523400164e-11
1.031772987379825e-11
1.0029638182739097e-11
9.74640122444856e-12
9.469302149225459e-12
9.198323186060793e-12
8.934247823537093e-12
8.674748020280827e-12
8.422209921653759e-12
8.172257622963426e-12
7.928225582474803e-12
7.688750080595868e-12
7.45498832771439e-12
7.2266387007438644e-12
7.003753084302595e-12
6.7848129237415006e-12
6.56999930942889e-12
6.361420901163313e-12
6.156667965161259e-12
5.9573230012367574e-12
5.7622316030168516e-12
5.571645479609029e-12
5.385717674617416e-12
5.2031817628106765e-12
5.027858766097837e-12
4.854321133213159e-12
4.68538084485779e-12
4.520484909628066e-12
4.359716497221663e-12
4.2041656284824204e-12
4.052047276956812e-12
3.9039260780011725e-12
3.759249863045437e-12
3.6196539536425432e-12
3.483399374715741e-12
3.3502438753060846e-12
3.2216990741595665e-12
3.0964050111057427e-12
2.974488016083311e-12
2.8563781902705895e-12
2.7414947139705762e-12
2.6306691247464332e-12
2.5224340400928866e-12
2.4178198131008863e-12
2.3164979982717557e-12
2.218427326213951e-12
2.123255006768591e-12
2.031131908684539e-12
1.9424490315287454e-12
1.856229660600583e-12
1.772995937857315e-12
1.6925885867024226e-12
1.6147385376235738e-12
1.5396113940382853e-12
1.4671371189841033e-12
1.3970266079066158e-12
1.329644686488975e-12
1.2645142329025779e-12
1.2017177766366873e-12
1.1412138767661439e-12
1.0828752516956904e-12
1.0266386308463728e-12
9.72608951739021e-13
9.205487734536517e-13
8.703958141476241e-13
8.221408641130089e-13
7.757685907667735e-13
7.311600294489972e-13
6.882466498369272e-13
6.470014914263557e-13
6.07383304287147e-13
5.693141576576218e-13
5.327433246184606e-13
4.976468608525018e-13
4.639285516980479e-13
4.3156199659192714e-13
4.005039273798628e-13
3.7071415818731346e-13
3.4212002855771894e-13
3.1468840478151433e-13
2.88399375338323e-13
2.631871969485173e-13
2.390145694521009e-13
2.1584533895600776e-13
1.936286456336538e-13
1.7235383230663623e-13
1.5195911808088173e-13
1.324283634698601e-13
1.137189453474344e-13
9.579811872067701e-14
7.863960600293075e-14
6.220819002563915e-14
4.64771381939674e-14
3.141639525775089e-14
1.7001264026700243e-14
3.2120482184890613e-15
1.0007003480921321e-14
2.264164286913128e-14
3.4732021042934944e-14
4.6300804012921254e-14
5.736856469278389e-14
6.795594675388678e-14
7.808310754730855e-14
8.77705114878222e-14
9.703520865030495e-14
1.0589569139590042e-13
1.143684904842229e-13
1.224711407477357e-13
1.3021957146315784e-13
1.3762810964057802e-13
1.447094594533641e-13
1.5147968829550324e-13
1.5795290425467859e-13
1.6413995047848715e-13
1.7005550848894377e-13
1.7570849378241053e-13
1.8111454480869116e-13
1.862768462786969e-13
1.9121409483849311e-13
1.9593063114536624e-13
2.0043836824075363e-13
2.0474768910154737e-13
2.0886309333489177e-13
2.1279760534333944e-13
2.1655554658861945e-13
2.2014665452833e-13
2.2357871309902223e-13
2.2685939624863844e-13
2.2998854114354837e-13
2.3298259939364795e-13
2.3584105599094973e-13
2.385730015328439e-13
2.4118139393438336e-13
2.4367462177906356e-13
2.460569228026154e-13
2.4833095982745175e-13
2.505010654245388e-13
2.525779050431511e-13
2.545603454861428e-13
2.564510009431787e-13
2.582591735526234e-13
2.599857280934154e-13
2.6163327024089277e-13
2.63206932817841e-13
2.6470942541894427e-13
2.661462266042602e-13
2.6751539496080387e-13
2.688240540741871e-13
2.7007267397082415e-13
2.7126496061341386e-13
2.724028206132085e-13
2.734891802632971e-13
2.745258654414674e-13
2.7551601493138477e-13
2.7645992638562756e-13
2.773594639055714e-13
2.7821937330326384e-13
2.790381260813542e-13
2.798204525512654e-13
2.8056595219652745e-13
2.812764071111876e-13
2.819532303822798e-13
2.825995085044312e-13
2.832146925199117e-13
2.8380068122697965e-13
2.8435907576577233e-13
2.848891940915687e-13
2.8539529528878084e-13
2.858772925005144e-13
2.863332318387267e-13
2.867679506531571e-13
2.8718064892087985e-13
2.8757270383487626e-13
