1.466706577484296e-22
1.468967383292578e-22
1.4711217648638087e-22
1.4731742945300828e-22
1.4751293283486581e-22
1.4769910153620263e-22
1.478763306417811e-22
1.4804499625644584e-22
1.4820545630441636e-22
1.4835805128993259e-22
1.485031050207754e-22
1.4864092529611867e-22
1.487718045605592e-22
1.4889602052524492e-22
1.4901383675795428e-22
1.4912550324268738e-22
1.4923125691075982e-22
1.4933132214388236e-22
1.4942591125075082e-22
1.495152249178189e-22
1.4959945263525786e-22
1.4967877309949927e-22
1.4975335459250314e-22
1.4982335533899196e-22
1.4988892384220066e-22
1.499501991991746e-22
1.500073113959931e-22
1.500603815835132e-22
1.501095223342003e-22
1.501548378815566e-22
1.5019642434071071e-22
1.5023436991207249e-22
1.502687550690365e-22
1.502996527280034e-22
1.503271284028623e-22
1.5035124034390625e-22
1.5037203966152495e-22
1.5038957043346145e-22
1.504038697987333e-22
1.5041496803567112e-22
1.5042288862588663e-22
1.5042764830302218e-22
1.504292570884713e-22
1.5042771831154022e-22
1.5042302861586032e-22
1.5041517795161696e-22
1.5040414955308118e-22
1.503899199023943e-22
1.5037245867847178e-22
1.503517286912667e-22
1.5032768580241905e-22
1.503002788292145e-22
1.5026944943499492e-22
1.5023513200352568e-22
1.5019725349798819e-22
1.5015573330391632e-22
1.5011048305591382e-22
1.5006140644818537e-22
1.500083990263956e-22
1.4995134796412649e-22
1.4989013181990633e-22
1.4982462027594032e-22
1.4975467385665868e-22
1.4968014363108753e-22
1.496008708899214e-22
1.4951668680304466e-22
1.4942741205898806e-22
1.4933285647369873e-22
1.4923281858386194e-22
1.491270852100384e-22
1.4901543099662721e-22
1.4889761792486375e-22
1.487733947960683e-22
1.4864249669235877e-22
1.4850464439555244e-22
1.4835954378766323e-22
1.4820688521021398e-22
1.4804634279053274e-22
1.4787757373391795e-22
1.4770021757686125e-22
1.4751389540130322e-22
1.4731820900856873e-22
1.4711274004707576e-22
1.4689704909861801e-22
1.4667067471557792e-22
1.4643313240742477e-22
1.4618391357657407e-22
1.4592248440152363e-22
1.4564828465285818e-22
1.4536072646653187e-22
1.4505919303359216e-22
1.4474303723559717e-22
1.4441158021488017e-22
1.4406410985252079e-22
1.4369987918731137e-22
1.4331810474378443e-22
1.4291796477585288e-22
1.4249859742301555e-22
1.4205909876787214e-22
1.4159852079379578e-22
1.4111586924386851e-22
1.4061010134760036e-22
1.4008012347059518e-22
1.3952478858436662e-22
1.3894289365749975e-22
1.383331768854916e-22
1.3769431475191589e-22
1.3702491899878346e-22
1.3632353335381527e-22
1.3558863015024742e-22
1.3481860673466313e-22
1.3401178167358786e-22
1.331663907866227e-22
1.3228058292161823e-22
1.313524155417503e-22
1.3037985003068405e-22
1.293607467676565e-22
1.2829285990482307e-22
1.2717383187462675e-22
1.2600118756599826e-22
1.2477232816868684e-22
1.2348452470163107e-22
1.221349111129087e-22
1.2072047702140041e-22
1.1923806000094156e-22
1.1768433744610596e-22
1.160558179197594e-22
1.1434883199056815e-22
1.1255952251690404e-22
1.106838343471445e-22
1.0871750335604566e-22
1.0665604482989373e-22
1.044947410950594e-22
1.022286283548525e-22
9.985248272212205e-23
9.736080529895745e-23
9.474780629850279e-23
9.200738811451076e-23
8.913312722882232e-23
8.611825498058168e-23
8.295563689124865e-23
7.96377506752828e-23
7.615666267358073e-23
7.250400267590824e-23
6.86709369338406e-23
6.46481393884325e-23
6.042576090436478e-23
5.59933964984154e-23
5.134005085254357e-23
4.6454102269361035e-23
4.132326659589185e-23
3.593456425044229e-23
3.027430021437138e-23
2.4328088320272043e-23
1.8081047974855413e-23
1.151892651472698e-23
4.6402344059697106e-24
2.7350965319969116e-24
1.0314191567469323e-23
1.8334432332710676e-23
2.677740223093665e-23
3.5663489349115925e-23
4.501723003739129e-23
5.486541920770697e-23
6.523687723514623e-23
7.616249944273821e-23
8.767538931884995e-23
9.981103206852497e-23
1.1260749690355208e-22
1.261056663192476e-22
1.4034949300641386e-22
1.5538628799755283e-22
1.7126704274738783e-22
1.8804679083619859e-22
2.0578501298662025e-22
2.24546094804068e-22
2.443998414276293e-22
2.6542206180540797e-22
2.8769522851151935e-22
3.113092318805309e-22
3.3636223800717574e-22
3.629616702484841e-22
3.9122534143511613e-22
4.2128274863465803e-22
4.532765802097059e-22
4.873644611419098e-22
5.237209834942093e-22
5.625400873596434e-22
6.040378566415353e-22
6.484558180473642e-22
6.960648619482332e-22
7.471699018891872e-22
8.0211548486453095e-22
8.612925325305288e-22
9.25146541101273e-22
9.941875758028408e-22
1.0690025887745824e-21
1.1502706610256403e-21
1.2387820445543645e-21
1.335462203052617e-21
1.4414022936029368e-21
