1.4481307123343259e-24
1.3987259302303368e-24
1.3521037867391933e-24
1.3081447569868477e-24
1.2667333392425793e-24
1.227757783749881e-24
1.191109846807902e-24
1.1566845715486253e-24
1.124380096516146e-24
1.0940974927805202e-24
1.0657406298189043e-24
1.0392160697936642e-24
1.0144329892478158e-24
9.913031266272108e-25
9.697407533552075e-25
9.496626656831053e-25
9.309881940253557e-25
9.1363922615287e-25
8.975402404324889e-25
8.826183451649242e-25
8.688033202673735e-25
8.560276576792416e-25
8.442265973192143e-25
8.3333815582296e-25
8.233031457921253e-25
8.140651839393378e-25
8.055706869509477e-25
7.977688545548506e-25
7.9061163965929e-25
7.840537059817943e-25
7.780523738645392e-25
7.725675552790282e-25
7.675616792825254e-25
7.629996092634647e-25
7.588485534000593e-25
7.550779697998636e-25
7.516594677130546e-25
7.485667061659193e-25
7.457752912384591e-25
7.432626731201014e-25
7.410080439300919e-25
7.389922371499161e-25
7.371976293779003e-25
7.356080450563997e-25
7.342086645620168e-25
7.329859360820297e-25
7.319274915513796e-25
7.310220667548772e-25
7.30259425786713e-25
7.296302898353877e-25
7.291262703176588e-25
7.287398062703734e-25
7.28464105926243e-25
7.282930923366938e-25
7.282213528717564e-25
7.282440924888027e-25
7.283570905396173e-25
7.285566609470594e-25
7.288396156067482e-25
7.2920323077709145e-25
7.2964521629970865e-25
7.301636874968004e-25
7.307571395128817e-25
7.314244239903733e-25
7.321647279056635e-25
7.329775543755988e-25
7.338627053663985e-25
7.348202660799914e-25
7.358505909604793e-25
7.369542911665267e-25
7.381322233838152e-25
7.3938547992664505e-25
7.407153799386157e-25
7.421234616975184e-25
7.43611475873144e-25
7.451813796489533e-25
7.468353317124217e-25
7.485756879298154e-25
7.504049977213753e-25
7.523260010497594e-25
7.543416259642285e-25
7.564549866250661e-25
7.5866938178113075e-25
7.609882936911023e-25
7.634153873107003e-25
7.659545098663117e-25
7.686096906804076e-25
7.7138514120676475e-25
7.742852553007231e-25
7.773146096141911e-25
7.8047796417665825e-25
7.8378026300465985e-25
7.872266348970718e-25
7.908223941724239e-25
7.9457304149807595e-25
7.984842647345532e-25
8.0256193975216085e-25
8.0681213120132465e-25
8.112410932580046e-25
8.158552703322157e-25
8.206612977358904e-25
8.256660021793413e-25
8.308764023206525e-25
8.362997091106711e-25
8.419433261863012e-25
8.478148501139106e-25
8.539220704869517e-25
8.602729702556974e-25
8.668757255696936e-25
8.737387060047175e-25
8.808704745441186e-25
8.882797875534488e-25
8.95975594893251e-25
9.039670400933619e-25
9.122634604614374e-25
9.208743873084641e-25
9.298095467299513e-25
9.390788597276536e-25
9.48692443499368e-25
9.586606124708024e-25
9.689938793471495e-25
9.797029571904647e-25
9.907987613909831e-25
1.002292412047997e-24
1.0141952371841239e-24
1.0265187758905965e-24
1.0392747827244198e-24
1.0524752318120547e-24
1.0661323224518815e-24
1.0802584844603253e-24
1.0948663855752626e-24
1.1099689378667654e-24
1.1255793065220574e-24
1.1417109176724445e-24
1.1583774699893443e-24
1.1755929431065866e-24
1.1933716108303148e-24
1.2117280530147266e-24
1.2306771688308545e-24
1.2502341919415182e-24
1.2704147052281639e-24
1.2912346585474733e-24
1.3127103854090817e-24
1.3348586231483587e-24
1.3576965320946689e-24
1.3812417172507267e-24
1.4055122527414779e-24
1.4305267033571027e-24
1.4563041516229225e-24
1.4828642256382433e-24
1.5102271249152316e-24
1.5384136544681166e-24
1.567445253422493e-24
1.5973440299310737e-24
1.6281327975373989e-24
1.6598351108035628e-24
1.692475306253661e-24
1.726078543034487e-24
1.760670847924104e-24
1.7962791610982063e-24
1.832931383665474e-24
1.8706564317452276e-24
1.9094842882107314e-24
1.9494460615786145e-24
1.9905740468686623e-24
2.0329017868123404e-24
2.0764641422283613e-24
2.1212973613088767e-24
2.1674391561768823e-24
2.21492877941456e-24
2.2638071111513385e-24
2.314116746470852e-24
2.365902087112832e-24
2.4192094435699067e-24
2.4740871364940863e-24
2.530585609941841e-24
2.5887575483248134e-24
2.6486579936316373e-24
2.7103444889773028e-24
2.7738771996125206e-24
2.839319076079655e-24
2.9067360011357616e-24
2.9761969478650126e-24
3.0477741614077367e-24
3.1215433398723482e-24
3.1975838218113217e-24
3.275978797328406e-24
3.356815525319736e-24
3.4401855560831884e-24
3.5261849709427226e-24
3.6149146531053355e-24
3.706480543826568e-24
3.8009939164369944e-24
3.898571725291318e-24
3.99933686535341e-24
4.10341854752941e-24
4.210952650826273e-24
4.322082087303208e-24
4.436957216291601e-24
4.5557362479112075e-24
4.6785857058495715e-24
