2.1021555477807526e-12
2.0620162930872286e-12
2.026320170413653e-12
1.9929513812234386e-12
1.962901228715657e-12
1.9355632014099513e-12
1.910758813958745e-12
1.8876061304761615e-12
1.8671352236434397e-12
1.848380285851523e-12
1.83176550094284e-12
1.8159490939698122e-12
1.8014840077980245e-12
1.7886035211156116e-12
1.7767583128207102e-12
1.7656662645087855e-12
1.7561088345502923e-12
1.7475170731617665e-12
1.7392865031037977e-12
1.7315955408707051e-12
1.7250721367523599e-12
1.7188546021550595e-12
1.7131681278720357e-12
1.7084088643789914e-12
1.7036590157487816e-12
1.6996088776293097e-12
1.695564262611405e-12
1.6922363947898717e-12
1.6890132091373021e-12
1.6861326180185976e-12
1.6837304656030033e-12
1.681385622072754e-12
1.679183334542573e-12
1.677179362577918e-12
1.6753844837375246e-12
1.6738017680347644e-12
1.6723217167412402e-12
1.6710770842851613e-12
1.6697731991559691e-12
1.6687451718073233e-12
1.6677316136854915e-12
1.6669619107391917e-12
1.6661197207411183e-12
1.6653424470817563e-12
1.6646866533095843e-12
1.6640391781273015e-12
1.6635514058954722e-12
1.6631874172343428e-12
1.662616509378553e-12
1.6622954154930608e-12
1.6617651186870118e-12
1.6615177422420866e-12
1.661231304640693e-12
1.6609324973582819e-12
1.6607862737780061e-12
1.660543280627966e-12
1.6603181297013081e-12
1.6601056993366749e-12
1.660037195806942e-12
1.6599001327860872e-12
1.6597536293508345e-12
1.6596691305020583e-12
1.6595541418965151e-12
1.659442320813933e-12
1.6593953002549838e-12
1.659252334388554e-12
1.659249658668582e-12
1.6592058377093272e-12
1.6591692668148514e-12
1.6590645718477167e-12
1.6590528795443943e-12
1.6590994631201792e-12
1.658968818908e-12
1.6588855606176575e-12
1.6589085103863354e-12
1.6589258576061058e-12
1.658886130162638e-12
1.6588472150445941e-12
1.6589067691577025e-12
1.658818670685724e-12
1.6588464370450393e-12
1.6588514436094918e-12
1.6588888732530333e-12
1.6588631273213092e-12
1.6588407377532217e-12
1.6588377854258353e-12
1.6588393842732632e-12
1.6588532587107674e-12
1.6588687320506176e-12
1.6588910641988551e-12
1.6588571962893319e-12
1.6588980830017703e-12
1.6588680114365075e-12
1.6588745504847527e-12
1.6588649289856634e-12
1.6588396075125248e-12
1.6588701056377503e-12
1.6588916768759343e-12
1.6588908646183157e-12
1.6588848041340452e-12
1.6588697305185163e-12
1.6589132035091193e-12
1.6588849871330213e-12
1.6589182342166392e-12
1.6588936932791354e-12
1.6589415772125836e-12
1.6588946077291181e-12
1.6589154608786246e-12
1.65890771661002e-12
1.6589276005621695e-12
1.6589443687969775e-12
1.6589416699378242e-12
1.6589102276751497e-12
1.6589139479476976e-12
1.6589102615890138e-12
1.658911341915339e-12
1.6589385681085073e-12
1.6589334953331327e-12
1.6589614119861884e-12
1.6589443061799787e-12
1.6589475219224068e-12
1.6589442785187555e-12
1.6589407893246506e-12
1.6589779375913898e-12
1.65896150690888e-12
1.658964370673459e-12
1.658951708634912e-12
1.6589616251654906e-12
1.6589704500814078e-12
1.6589748449158928e-12
1.6589759340737302e-12
1.6589702036290325e-12
1.6589709907608327e-12
1.6589625590181782e-12
1.6589647833135959e-12
1.6589767927943806e-12
1.658978533660234e-12
1.6589886190787702e-12
1.6589771613588864e-12
1.6589916483769225e-12
1.6589771629522326e-12
1.6589819966670217e-12
1.658985867781082e-12
1.6589920966436147e-12
1.6589974323420172e-12
1.6589884819017772e-12
1.6589893069799578e-12
1.6589869493531268e-12
1.6589959964030867e-12
1.6589930435314378e-12
1.6589965914594405e-12
1.6589908124060339e-12
1.6589995465221099e-12
1.6589923622723968e-12
1.6589824195992251e-12
1.65899486171571e-12
1.6589909607041e-12
1.6589852573165404e-12
1.6589923320942644e-12
1.6589951679314094e-12
1.6589857544311782e-12
1.6589948698781408e-12
1.6589912180784855e-12
1.6589932194728024e-12
1.658998348676779e-12
1.6590036350374209e-12
1.6590031929367321e-12
1.6589914361900618e-12
1.6589947648722067e-12
1.658992604673745e-12
1.6589950493916515e-12
1.6589903655810083e-12
1.6589974462653246e-12
1.658990383846206e-12
1.658988827100241e-12
1.6589865195666068e-12
1.6589896530025947e-12
1.6589877806338487e-12
1.6589869613926667e-12
1.6589921798673703e-12
1.658984201649909e-12
1.6589896951586765e-12
1.6589847229241405e-12
1.6589817359169026e-12
1.6589847670329493e-12
1.6589766247771941e-12
1.6589741854726174e-12
1.6589757117131535e-12
1.658971804182726e-12
1.6589742310956662e-12
1.6589744436691153e-12
1.6589731400430575e-12
1.6589646105411514e-12
1.6589666389626127e-12
1.6589637806663294e-12
1.6589564762441653e-12
1.658960217501495e-12
1.6589522623112491e-12
1.6589547017782033e-12
1.6589504735792197e-12
1.6589503368963501e-12
