8.509978302294994e-09
8.509936310016075e-09
8.915666959107527e-09
6.341772049445563e-09
8.915570379044496e-09
2.6523195843058775e-09
9.064460400245848e-09
8.915377225105853e-09
8.915377225105848e-09
2.6522239967665574e-09
8.915087509601925e-09
8.509390445665251e-09
8.914990941881115e-09
9.063547012468822e-09
8.914701251067239e-09
8.914701251075172e-09
2.5929358847300547e-09
9.063242590769898e-09
8.508550781889662e-09
5.9602475684752846e-09
2.6480824226819183e-09
9.062836726988585e-09
9.062532353008713e-09
2.618012496935873e-09
6.34019578316735e-09
2.6516506161866195e-09
6.18889642649686e-09
2.6515290218724003e-09
8.91286697232984e-09
9.061112211379185e-09
9.06121363530872e-09
2.647477068152194e-09
8.506368379229862e-09
9.06030090169076e-09
9.060098096964829e-09
2.647157206679041e-09
9.059692514765727e-09
8.910551049217277e-09
8.50527756943584e-09
6.337685214159559e-09
8.909586430441178e-09
8.909200640433459e-09
8.504270899704635e-09
8.908429158923449e-09
2.6500447336433636e-09
8.908043467444608e-09
7.935245622705532e-09
7.934972987534981e-09
8.906693805807144e-09
9.05442324861671e-09
8.500916938664458e-09
2.6452223948049927e-09
6.182901425565083e-09
8.903610374326487e-09
8.498738187086845e-09
2.6445148214437846e-09
2.644290547835271e-09
6.331392853677214e-09
9.048148667288607e-09
2.6436179548654513e-09
2.643324880225344e-09
7.29807099265412e-09
8.897257421757288e-09
2.6425666353305748e-09
8.894757190245837e-09
6.176233188925345e-09
7.924760638147874e-09
9.038854008091544e-09
2.6408793773444378e-09
9.037239494551901e-09
8.888224650860074e-09
8.484518143341026e-09
9.031996306555347e-09
9.031190202207574e-09
8.882084991500976e-09
9.027564512509323e-09
8.879401512432957e-09
8.47584069462545e-09
8.47450717260902e-09
9.019517837622051e-09
9.017910223738106e-09
9.015098277919335e-09
8.865243854954391e-09
8.863715956162314e-09
8.86104337908983e-09
8.859516903698655e-09
2.6303911018487995e-09
8.853035148972801e-09
8.850749697158212e-09
8.993464926477194e-09
2.630292184261511e-09
8.443943922009428e-09
8.981092626290702e-09
8.977905298640918e-09
2.6220873285878984e-09
7.87739705608875e-09
2.6195793078207006e-09
8.423462822151767e-09
2.6203477903697504e-09
8.80528314333851e-09
8.80076174591551e-09
8.938253742660568e-09
8.399794519053778e-09
8.395206777944299e-09
8.92013140167371e-09
8.913845192058016e-09
8.764754338244905e-09
2.603694180235028e-09
7.824387219860822e-09
2.5671796907897295e-09
8.872421799273089e-09
8.865425847217663e-09
8.85379041214557e-09
8.327594009180962e-09
8.836008611625855e-09
8.308921819680286e-09
6.169232777093929e-09
8.6635596511872e-09
8.788428923070999e-09
8.63952704395252e-09
6.132875431243293e-09
6.1225655829816946e-09
8.730799880986004e-09
2.5468886083986547e-09
6.135700377150338e-09
8.551807393541486e-09
8.534757107374129e-09
8.1592172817755e-09
7.639742842237174e-09
8.47560474088995e-09
8.45606633107089e-09
8.435230540472998e-09
8.067058436820005e-09
8.38700482845478e-09
8.486243762265004e-09
8.337964776820351e-09
8.306928403947345e-09
8.280124754717649e-09
5.902354795866591e-09
5.878353120746275e-09
5.81387431946096e-09
8.263103921303047e-09
5.76323195543814e-09
8.185566301602297e-09
8.146028869644175e-09
8.102976507138326e-09
6.74806080391799e-09
7.904916449120637e-09
7.574433323480626e-09
7.808558047466852e-09
2.2871917085566672e-09
5.462184062414085e-09
2.2631501748976923e-09
7.672882212697365e-09
7.603694816681374e-09
7.533499897184801e-09
7.462387213993471e-09
7.082310228280588e-09
7.007099540194003e-09
7.229920736106626e-09
7.1401334053877666e-09
7.04469302556766e-09
4.559109447610679e-09
6.85568906641435e-09
6.510965350587061e-09
6.412205557009571e-09
6.304119045334139e-09
5.690188480986307e-09
1.8374123078950885e-09
1.7944996772943575e-09
6.014620222520576e-09
5.864045585363047e-09
5.715655819020149e-09
5.4196826628807825e-09
3.805278678557867e-09
5.213827834956175e-09
5.039341166386849e-09
3.422279850534658e-09
4.349278687763469e-09
1.296583217988999e-09
4.164247380191331e-09
3.7947863184933174e-09
3.712908806347946e-09
3.5018677539503736e-09
3.239945268387764e-09
2.958079122442284e-09
2.6707656942571097e-09
1.6545359535534222e-09
2.0480483042645e-09
1.7223238463632734e-09
1.3677277602500928e-09
9.902526213184873e-10
4.241794259726998e-10
6.616581609610763e-11
5.6826540206323866e-11
5.860488363319755e-10
1.0781281988457767e-09
1.1118799514402605e-09
6.085809433969617e-10
2.400049153817497e-09
2.8147059938469455e-09
