3.9316511659735915e-23
3.932093862455053e-23
3.9325158898006506e-23
3.932918143369503e-23
3.933301476561719e-23
3.9336667026300165e-23
3.9340145964060384e-23
3.9343458959449016e-23
3.934661304091857e-23
3.9349614899740676e-23
3.9352470904207396e-23
3.93551871131477e-23
3.935776928878566e-23
3.9360222908969937e-23
3.936255317879867e-23
3.936476504166568e-23
3.936686318975081e-23
3.9368852073977445e-23
3.9370735913456576e-23
3.937251870444064e-23
3.9374204228802173e-23
3.9375796062060156e-23
3.9377297580964957e-23
3.9378711970663157e-23
3.9380042231457443e-23
3.938129118516947e-23
3.9382461481129264e-23
3.9383555601793655e-23
3.9384575868015074e-23
3.9385524443962893e-23
3.9386403341715146e-23
3.938721442552745e-23
3.9387959415786004e-23
3.938863989265694e-23
3.9389257299437973e-23
3.938981294561804e-23
3.939030800965569e-23
3.9390743541475426e-23
3.939112046469505e-23
3.9391439578582207e-23
3.9391701559747415e-23
3.939190696357803e-23
3.9392056225412704e-23
3.939214966146177e-23
3.9392187469475575e-23
3.9392169729159076e-23
3.939209640233733e-23
3.9391967332870026e-23
3.939178224631463e-23
3.939154074933889e-23
3.9391242328880644e-23
3.939088635105111e-23
3.9390472059785076e-23
3.938999857522655e-23
3.9389464891854375e-23
3.9388869876338866e-23
3.938821226512705e-23
3.938749066174981e-23
3.938670353384582e-23
3.938584920989756e-23
3.9384925875669e-23
3.938393157033886e-23
3.938286418232289e-23
3.9381721444772204e-23
3.9380500930742835e-23
3.9379200048020525e-23
3.9377816033594737e-23
3.9376345947766387e-23
3.9374786667878195e-23
3.9373134881654096e-23
3.937138708013098e-23
3.9369539550171814e-23
3.9367588366539874e-23
3.936552938351742e-23
3.936335822605363e-23
3.9361070280418717e-23
3.935866068434579e-23
3.935612431663825e-23
3.935345578622178e-23
3.93506494206136e-23
3.934769925378667e-23
3.934459901340118e-23
3.9341342107374905e-23
3.933792160976367e-23
3.933433024591992e-23
3.9330560376896904e-23
3.9326603983064517e-23
3.932245264690068e-23
3.931809753491769e-23
3.9313529378686466e-23
3.9308738454915324e-23
3.930371456453607e-23
3.9298447010756275e-23
3.929292457602212e-23
3.928713549784512e-23
3.9281067443433887e-23
3.927470748307676e-23
3.926804206221437e-23
3.926105697213549e-23
3.925373731923403e-23
3.9246067492751766e-23
3.923803113093712e-23
3.922961108553823e-23
3.9220789384549896e-23
3.921154719312716e-23
3.9201864772573907e-23
3.919172143731089e-23
3.9181095509720583e-23
3.9169964272762584e-23
3.915830392024617e-23
3.914608950464198e-23
3.913329488230476e-23
3.911989265597636e-23
3.910585411442934e-23
3.909114916909999e-23
3.907574628755813e-23
3.905961242364533e-23
3.904271294410684e-23
3.9025011551534515e-23
3.9006470203421506e-23
3.898704902712154e-23
3.8966706230496386e-23
3.8945398008011526e-23
3.8923078442039897e-23
3.88996993991058e-23
3.887521042079054e-23
3.8849558609007295e-23
3.8822688505324425e-23
3.8794541964007033e-23
3.8765058018413717e-23
3.873417274037533e-23
3.870181909214221e-23
3.8667926770472305e-23
3.863242204239484e-23
3.8595227572155215e-23
3.855626223881268e-23
3.8515440943923186e-23
3.8472674408699616e-23
3.8427868959998037e-23
3.8380926304429565e-23
3.8331743289843357e-23
3.828021165337103e-23
3.822621775515807e-23
3.816964229683819e-23
3.8110360023734335e-23
3.804823940967899e-23
3.7983142323263484e-23
3.791492367421973e-23
3.784343103852353e-23
3.7768504260692427e-23
3.768997503160408e-23
3.7607666440017957e-23
3.7521392495802866e-23
3.743095762269601e-23
3.733615611819092e-23
3.7236771577934064e-23
3.7132576281724626e-23
3.7023330537926396e-23
3.6908781982755495e-23
3.6788664830530694e-23
3.666269907053846e-23
3.653058960567469e-23
3.6392025327472127e-23
3.62466781214779e-23
3.609420179622689e-23
3.5934230928213296e-23
3.5766379614310056e-23
3.5590240121973905e-23
3.540538142629513e-23
3.521134762146695e-23
3.5007656192514957e-23
3.479379613111933e-23
3.4569225876987843e-23
3.433337106347027e-23
3.4085622042824775e-23
3.3825331162679125e-23
3.355180976062574e-23
3.3264324838410874e-23
3.2962095370619724e-23
3.2644288194886694e-23
3.231001342115967e-23
3.195831928605469e-23
3.158818636435927e-23
3.1198521032680924e-23
3.0788148059318884e-23
3.03558021686834e-23
2.99001183967419e-23
2.9419621014444884e-23
2.8912710746811266e-23
2.837764995374137e-23
2.7812545361328066e-23
2.7215327835280244e-23
2.6583728565880466e-23
2.591525088044375e-23
2.5207136707633516e-23
2.445632648144848e-23
2.3659410987555645e-23
2.281257332661111e-23
2.191151882908628e-23
2.095139049561066e-23
1.9926667593605575e-23
