9.705878658024782e-23
9.710817600836332e-23
9.715508129082039e-23
9.71996019760186e-23
9.724183254881041e-23
9.728186263130756e-23
9.731977717343737e-23
9.73556566334621e-23
9.738957714892135e-23
9.742161069837926e-23
9.745182525444351e-23
9.748028492803309e-23
9.750705010472575e-23
9.753217757280927e-23
9.755572064393115e-23
9.757772926638448e-23
9.759825013102827e-23
9.761732677053728e-23
9.763499965152021e-23
9.765130626054502e-23
9.766628118380296e-23
9.767995618022131e-23
9.769236024873886e-23
9.770351968998224e-23
9.771345816185543e-23
9.772219672966372e-23
9.772975391048824e-23
9.773614571245572e-23
9.774138566853865e-23
9.774548486506873e-23
9.774845196474396e-23
9.775029322498711e-23
9.77510125109426e-23
9.775061130321681e-23
9.774908870058413e-23
9.774644141764436e-23
9.774266377757822e-23
9.773774769938086e-23
9.773168268048765e-23
9.772445577324155e-23
9.771605155692636e-23
9.77064521048993e-23
9.76956369452108e-23
9.768358301590966e-23
9.767026461555561e-23
9.765565334758191e-23
9.763971805860159e-23
9.762242477109722e-23
9.760373660967055e-23
9.75836137219936e-23
9.75620131902415e-23
9.753888894104234e-23
9.751419164330839e-23
9.748786860285346e-23
9.745986364593441e-23
9.743011699970588e-23
9.739856515971604e-23
9.736514075381521e-23
9.732977239480689e-23
9.729238452357469e-23
9.725289724609375e-23
9.721122615871541e-23
9.716728216112339e-23
9.712097126537424e-23
9.707219438637358e-23
9.702084712599365e-23
9.696681954242744e-23
9.690999591113249e-23
9.685025446658274e-23
9.678746713354793e-23
9.67214992457691e-23
9.665220924725939e-23
9.657944837544638e-23
9.650306033414674e-23
9.642288094217119e-23
9.633873776795567e-23
9.625044974227729e-23
9.615782675426752e-23
9.606066922015441e-23
9.595876763725722e-23
9.585190210722878e-23
9.573984183734116e-23
9.562234461514945e-23
9.549915626042555e-23
9.537001003378419e-23
9.523462603161289e-23
9.509271054139049e-23
9.494395535112632e-23
9.478803704989384e-23
9.46246162560486e-23
9.445333683230189e-23
9.427382504920989e-23
9.408568869437395e-23
9.388851613913045e-23
9.368187536609175e-23
9.346531292344339e-23
9.323835283441803e-23
9.300049543032851e-23
9.275121615293448e-23
9.248996424012148e-23
9.221616137972665e-23
9.192920026178109e-23
9.162844305434026e-23
9.131321979839997e-23
9.09828266914075e-23
9.063652428930969e-23
9.027353558617355e-23
8.989304398318869e-23
8.949419114902342e-23
8.907607472295119e-23
8.86377459020641e-23
8.817820684612041e-23
8.76964079762569e-23
8.719124503399989e-23
8.666155599327199e-23
8.610611777489906e-23
8.552364270505185e-23
8.491277481490514e-23
8.42720857923706e-23
8.360007074316292e-23
8.289514362842034e-23
8.215563237303731e-23
8.137977365074457e-23
8.056570728599294e-23
7.971147025241159e-23
7.881499023824515e-23
7.78740787191964e-23
7.68864235259234e-23
7.584958083374912e-23
7.476096653101338e-23
7.361784690802867e-23
7.24173286236615e-23
7.115634778606739e-23
6.983165825285577e-23
6.843981885561017e-23
6.697717955153584e-23
6.543986642135712e-23
6.382376530487834e-23
6.212450402516089e-23
6.033743294974241e-23
5.845760378567413e-23
5.647974640571888e-23
5.439824347268411e-23
5.220710257830566e-23
4.989992573502494e-23
4.74698758330815e-23
4.490963984319959e-23
4.2211388350730566e-23
3.9366731307809206e-23
3.636666980817588e-23
3.3201544266914886e-23
2.9860980193386e-23
2.6333835497426273e-23
2.260816064167172e-23
1.867120649950838e-23
1.450960857659109e-23
1.0110369607952727e-23
5.4677676434236765e-24
8.802280075537658e-25
4.821021314092778e-24
1.0346823569044767e-23
1.6235193011404585e-23
2.249588640572161e-23
2.91543439688032e-23
3.6240936089628053e-23
4.3789871065745033e-23
5.183928392991213e-23
6.043164138246178e-23
6.961430857801193e-23
7.944025275461478e-23
8.99688915791204e-23
1.0126711254569562e-22
1.134104984158718e-22
1.2648480805856217e-22
1.405877740166097e-22
1.5583130017233336e-22
1.7234416444590962e-22
1.9027537243967153e-22
2.097983455120746e-22
2.311162014171337e-22
2.5446847645032237e-22
2.801397638609496e-22
3.0847094411034444e-22
3.3987396441793383e-22
3.7485154201228314e-22
4.1402381807360346e-22
4.581650257746577e-22
5.082548158266586e-22
5.655515919036466e-22
6.316997361137263e-22
7.088904519232145e-22
8.001104459395952e-22
9.095399198090802e-22
1.043216179890019e-21
1.2101954655442629e-21
1.4247117386982033e-21
1.710496836025901e-21
2.1102913148855854e-21
2.709638544299213e-21
3.708310603412732e-21
5.7059428991797384e-21
