5.196034637797213e-22
5.33914958821075e-22
5.490779011374127e-22
5.651015767105377e-22
5.819957010258679e-22
5.997703830227317e-22
6.184360882213678e-22
6.380036031006814e-22
6.584840014073884e-22
6.798886130357696e-22
7.02228991276657e-22
7.255168864558929e-22
7.497642172140675e-22
7.749830484228292e-22
8.011855673685489e-22
8.283840657423978e-22
8.565909226985205e-22
8.858185933667506e-22
9.160795956821703e-22
9.473865064686151e-22
9.797519553868143e-22
1.0131886269244528e-21
1.0477092611553155e-21
1.083326663079238e-21
1.120053710589034e-21
1.1579033690034921e-21
1.1968887080251282e-21
1.2370229207221225e-21
1.278319346917573e-21
1.3207914996992253e-21
1.3644530930371696e-21
1.4093180742274275e-21
1.455400654503315e-21
1.5027153479686054e-21
1.5512770056093707e-21
1.601100856917077e-21
1.6522025458914787e-21
1.7045981767123373e-21
1.758304350239066e-21
1.8133382099616413e-21
1.869717483688803e-21
1.9274605244757004e-21
1.986586353188291e-21
2.047114699830261e-21
2.1090660469535748e-21
2.172461667730225e-21
2.23732366444415e-21
2.3036750103044733e-21
2.3715395834932772e-21
2.4409422046654285e-21
2.5119086732924945e-21
2.5844657971102548e-21
2.658641428843638e-21
2.734464495355014e-21
2.811965026166431e-21
2.8911741861350505e-21
2.972124297399679e-21
3.0548488703108e-21
3.1393826263617633e-21
3.2257615243317288e-21
3.3140227808485627e-21
3.404204897654647e-21
3.496347678696107e-21
3.5904922540881496e-21
3.686681107045969e-21
3.784958083250506e-21
3.885368418951941e-21
3.9879587651703204e-21
4.092777193821949e-21
4.199873233062446e-21
4.309297884528843e-21
4.421103633178896e-21
4.535344498470063e-21
4.652076017985879e-21
4.771355283060443e-21
4.893240982170996e-21
5.017793398694333e-21
5.1450744419787295e-21
5.275147712906528e-21
5.408078394920317e-21
5.543933493519507e-21
5.682781710094471e-21
5.824693448448499e-21
5.969740987231272e-21
6.117998461691717e-21
6.2695416085233514e-21
6.424448494741417e-21
6.582798678817474e-21
6.74467388517229e-21
6.910157918037117e-21
7.079336311615475e-21
7.252297059214836e-21
7.42913016122658e-21
7.609927240146048e-21
7.794783070623711e-21
7.98379395884368e-21
8.177058710594293e-21
8.374678484500822e-21
8.57675662630344e-21
8.783399564474387e-21
8.994715328426013e-21
9.210815081180288e-21
9.431812501169567e-21
9.657823779454956e-21
9.888967569452148e-21
1.0125366424884854e-20
1.0367143970804282e-20
1.0614428323750689e-20
1.0867349722863308e-20
1.1126041007661404e-20
1.13906403274081e-20
1.1661285160428146e-20
1.193812141717226e-20
1.2221291715755711e-20
1.2510948969451622e-20
1.2807244226724255e-20
1.3110334291431252e-20
1.3420382393739577e-20
1.3737547595459782e-20
1.4062000984305098e-20
1.4393913647504778e-20
1.4733462826118295e-20
1.5080822614000475e-20
1.5436185174792255e-20
1.579972946249751e-20
1.617165643546212e-20
1.6552158615480924e-20
1.6941439615102168e-20
1.7339701300347058e-20
1.7747155943864212e-20
1.816401806595003e-20
1.8590518954782925e-20
1.9026871087184295e-20
1.9473316037586585e-20
1.9930075350942213e-20
2.0397410547063075e-20
2.0875549743229955e-20
2.136476400240499e-20
2.1865301930737597e-20
2.237743429477722e-20
2.2901409183084496e-20
2.3437549509140794e-20
2.3986093446117366e-20
2.4547356269378788e-20
2.5121634757065816e-20
2.5709225908902757e-20
2.6310456013969905e-20
2.692563538590054e-20
2.7555045872250976e-20
2.8199074119521056e-20
2.8858065882279037e-20
2.953232208517038e-20
3.022226444393383e-20
3.092819848959458e-20
3.1650547419343294e-20
3.238957429124884e-20
3.314585580419568e-20
3.39197109403123e-20
3.4711513369731306e-20
3.5521636773445464e-20
3.635064725402921e-20
3.7198931986737315e-20
3.806687478086854e-20
3.895500911303133e-20
3.986375847539651e-20
4.079356285260225e-20
4.1745098837954885e-20
4.271867331680605e-20
4.3714922959348264e-20
4.473433775330441e-20
4.5777382140401054e-20
4.6844644543527676e-20
4.7936679073604925e-20
4.905418054870634e-20
5.0197396601033245e-20
5.13676376320342e-20
5.256488854799153e-20
5.378974984501267e-20
5.504337917444342e-20
5.63257934760673e-20
5.763824047227573e-20
5.898095571593835e-20
6.035539235009273e-20
6.176129663608725e-20
6.320024376457435e-20
6.467236276453498e-20
6.617875521181351e-20
6.771971943971894e-20
6.929680530481836e-20
7.091082205856006e-20
7.256191006540422e-20
7.424993455973813e-20
7.598157936049202e-20
7.775041534194272e-20
7.955882509480165e-20
8.141118435373106e-20
8.330444089132691e-20
8.524359793804072e-20
8.722694076433818e-20
8.925999201693131e-20
9.133351700684262e-20
