3.3657760703903905e-22
3.365910394216246e-22
3.3660376858621885e-22
3.3661582154947595e-22
3.3662722389227004e-22
3.3663799981410045e-22
3.366481721845373e-22
3.3665776259180515e-22
3.366667913887194e-22
3.366752777358949e-22
3.3668323964252314e-22
3.3669069400459236e-22
3.3669765664082023e-22
3.3670414232625797e-22
3.367101648236833e-22
3.367157369128626e-22
3.367208704176531e-22
3.3672557623119313e-22
3.367298643389734e-22
3.3673374384010738e-22
3.3673722296660644e-22
3.36740309100943e-22
3.3674300879165744e-22
3.367453277672953e-22
3.367472709486007e-22
3.3674884245891977e-22
3.3675004563304472e-22
3.367508830241776e-22
3.367513564094798e-22
3.367514667937511e-22
3.367512144116397e-22
3.3675059872809253e-22
3.367496184372632e-22
3.3674827145969435e-22
3.367465549379677e-22
3.3674446523057355e-22
3.3674199790425385e-22
3.3673914772450703e-22
3.367359086445697e-22
3.367322737925153e-22
3.367282354566742e-22
3.3672378506929574e-22
3.3671891318833638e-22
3.3671360947739242e-22
3.3670786268379265e-22
3.3670166061468476e-22
3.366949901111499e-22
3.3668783702026077e-22
3.3668018616503038e-22
3.3667202131217534e-22
3.366633251376708e-22
3.366540791898924e-22
3.3664426385051983e-22
3.366338582927803e-22
3.36622840437286e-22
3.3661118690507495e-22
3.3659887296799374e-22
3.365858724961402e-22
3.3657215790232664e-22
3.365577000835311e-22
3.365424683590139e-22
3.3652643040512014e-22
3.3650955218661035e-22
3.3649179788429937e-22
3.3647312981895073e-22
3.364535083711758e-22
3.3643289189718205e-22
3.3641123664028856e-22
3.3638849663783325e-22
3.3636462362348418e-22
3.36339566924516e-22
3.3631327335411583e-22
3.36285687098191e-22
3.3625674959662436e-22
3.3622639941866684e-22
3.361945721322179e-22
3.361612001666979e-22
3.3612621266913286e-22
3.3608953535339397e-22
3.3605109034193395e-22
3.360107959999226e-22
3.359685667613721e-22
3.3592431294676994e-22
3.358779405719893e-22
3.358293511479159e-22
3.357784414704521e-22
3.357251034004235e-22
3.356692236328994e-22
3.3561068345537068e-22
3.3554935849441007e-22
3.354851184500966e-22
3.354178268177521e-22
3.3534734059626105e-22
3.3527350998249114e-22
3.351961780509996e-22
3.3511518041841443e-22
3.3503034489168546e-22
3.3494149109955802e-22
3.3484843010625476e-22
3.3475096400674356e-22
3.346488855024811e-22
3.3454197745689106e-22
3.3443001242942968e-22
3.3431275218729984e-22
3.3418994719368215e-22
3.340613360713604e-22
3.339266450405252e-22
3.3378558732949987e-22
3.33637862557085e-22
3.3348315608503714e-22
3.333211383393657e-22
3.331514640987565e-22
3.3297377174858176e-22
3.3278768249876635e-22
3.325927995636893e-22
3.323887073023079e-22
3.321749703163729e-22
3.3195113250476654e-22
3.3171671607167383e-22
3.3147122048630296e-22
3.312141213915942e-22
3.3094486945949075e-22
3.306628891898572e-22
3.3036757765023274e-22
3.300583031534453e-22
3.2973440386959324e-22
3.293951863693437e-22
3.2903992409463046e-22
3.286678557530684e-22
3.2827818363195383e-22
3.278700718277237e-22
3.274426443860492e-22
3.269949833479619e-22
3.265261266967465e-22
3.2603506620017257e-22
3.2552074514223863e-22
3.2498205593825162e-22
3.244178376265614e-22
3.2382687322999874e-22
3.2320788697939504e-22
3.225595413911061e-22
3.218804341899269e-22
3.211690950680985e-22
3.204239822703376e-22
3.196434789943256e-22
3.1882588959482794e-22
3.1796943557907465e-22
3.170722513798377e-22
3.161323798913234e-22
3.15147767752163e-22
3.1411626035768597e-22
3.1303559658290066e-22
3.1190340319477365e-22
3.1071718893145177e-22
3.0947433822268466e-22
3.081721045238943e-22
3.0680760323282456e-22
3.053778041544543e-22
3.038795234756516e-22
3.023094152067916e-22
3.0066396204172226e-22
2.989394655816426e-22
2.971320358608287e-22
2.952375801036571e-22
2.9325179063219494e-22
2.9117013183142215e-22
2.889878260647676e-22
2.8669983841533474e-22
2.843008601072042e-22
2.817852904359136e-22
2.791472170062615e-22
2.7638039403776256e-22
2.734782184513037e-22
2.7043370339256715e-22
2.6723944877534606e-22
2.6388760833698294e-22
2.603698525828077e-22
2.56677326849605e-22
2.528006035295669e-22
2.4872962725194633e-22
2.4445365150074415e-22
2.3996116472693675e-22
2.3523980345591487e-22
2.3027624914152835e-22
2.250561045025192e-22
2.195637436837185e-22
2.1378212865058334e-22
2.0769258150702044e-22
2.0127449855144213e-22
1.9450498627962625e-22
1.8735839130008088e-22
1.798056837913902e-22
1.7181363531090257e-22
1.6334370243399734e-22
1.5435048091013151e-22
1.4477951839247185e-22
1.34564144590155e-22
1.2362075254158332e-22
1.1184155745528192e-22
9.90830908697696e-23
8.514716440918425e-23
