4.404230215773218e-22
4.490468224004499e-22
4.5863208050944885e-22
4.691984567375118e-22
4.807676302683013e-22
4.933633385925212e-22
5.070114211966582e-22
5.217398671637333e-22
5.375788666356315e-22
5.545608661984628e-22
5.727206282710979e-22
5.920952945312302e-22
6.127244534421723e-22
6.346502118733427e-22
6.579172710085803e-22
6.825730064529321e-22
7.086675526541764e-22
7.362538917643853e-22
7.653879468063231e-22
7.961286794893086e-22
8.285381923922728e-22
8.626818358443967e-22
8.986283193231244e-22
9.364498276112575e-22
9.76222141553537e-22
1.0180247635557749e-21
1.0619410478141055e-21
1.1080583351188032e-21
1.1564680926730823e-21
1.2072660581885675e-21
1.2605523889158742e-21
1.3164318150889752e-21
1.3750137980311685e-21
1.4364126924163842e-21
1.5007479130357922e-21
1.5681441053917995e-21
1.6387313207270828e-21
1.7126451942013865e-21
1.790027126967683e-21
1.871024471174794e-21
1.9557907183093193e-21
2.0444856894917863e-21
2.1372757283364773e-21
2.2343338953761235e-21
2.3358401631985493e-21
2.4419816133605626e-21
2.5529526318131796e-21
2.668955105529542e-21
2.790198615146345e-21
2.916900627929499e-21
3.049286687299791e-21
3.1875905963549233e-21
3.332054598612697e-21
3.4829295530139405e-21
3.640475099129427e-21
3.804959818016565e-21
3.976661378767858e-21
4.155866679874566e-21
4.342871970872264e-21
4.5379829712276675e-21
4.741514961251697e-21
4.953792865676707e-21
5.17515131627747e-21
5.405934694725516e-21
5.646497155690026e-21
5.89720261800548e-21
6.158424752906623e-21
6.4305469159806446e-21
6.713962082120155e-21
7.00907274010049e-21
7.316290731035778e-21
7.636037116844668e-21
7.968741945496637e-21
8.314844056066533e-21
8.674790755945811e-21
9.04903761086364e-21
9.438048013611984e-21
9.842292881672039e-21
1.0262250240012257e-20
1.069840483302218e-20
1.1151247531713118e-20
1.1621275027670383e-20
1.2108989194395571e-20
1.2614896601904081e-20
1.313950793126607e-20
1.3683337381213527e-20
1.4246902142748253e-20
1.4830721814702426e-20
1.5435317661878807e-20
1.6061212133004003e-20
1.6708928315562425e-20
1.7378989183643746e-20
1.807191717089562e-20
1.878823369710369e-20
1.9528458523595485e-20
2.0293109232962916e-20
2.1082701226172172e-20
2.1897746501360176e-20
2.2738754392091863e-20
2.360623060169335e-20
2.4500677678732998e-20
2.5422593096678475e-20
2.637247329346001e-20
2.7350807569131564e-20
2.8358084712791323e-20
2.939478873336923e-20
3.0461400006122847e-20
3.1558399385865706e-20
3.26862618861146e-20
3.3845463904862345e-20
3.5036479034201864e-20
3.625978190371492e-20
3.751584913096074e-20
3.880515750341381e-20
4.0128184360798503e-20
4.148541756354625e-20
4.287734420481498e-20
4.4304457326349116e-20
4.576725244726379e-20
4.7266254415172493e-20
4.880197834705179e-20
5.0374953681853355e-20
5.198571726825566e-20
5.363483909939269e-20
5.532287465742751e-20
5.705043251467797e-20
5.881812080137499e-20
6.062654261108743e-20
6.247635946419296e-20
6.436824004833729e-20
6.630287052300747e-20
6.828095441096735e-20
7.030324040791073e-20
7.237049822104052e-20
7.448350256280929e-20
7.664312538599938e-20
7.885013756100348e-20
8.110553395669101e-20
8.341000536549477e-20
8.576475810213758e-20
8.817060929906203e-20
9.062862214902463e-20
9.313969569460913e-20
9.570518016781121e-20
9.832607064752559e-20
1.0100347531647502e-19
1.0373850147969091e-19
1.0653250445434341e-19
1.0938670933674876e-19
1.1230246596802664e-19
1.152809262844085e-19
1.183238156078774e-19
1.2143229115280275e-19
1.2460776480084376e-19
1.278518130039301e-19
1.311662022214532e-19
1.3455211743593885e-19
1.3801148398698993e-19
1.4154588276947136e-19
1.4515741944921778e-19
1.488467143151226e-19
1.526169595058803e-19
1.56469151983031e-19
1.6040548331680314e-19
1.6442810023567925e-19
1.6853825399382723e-19
1.7273867615244669e-19
1.770315488410122e-19
1.8141785404455566e-19
1.8590141775977455e-19
1.9048488898598528e-19
1.9516709668541574e-19
1.9995410235804764e-19
2.0484527632874847e-19
2.0984642454183368e-19
2.1495833318713917e-19
2.2018295480561843e-19
2.255226074584271e-19
2.3098196308060854e-19
2.36562048752921e-19
2.422706217882208e-19
2.481030989448101e-19
2.540655480847307e-19
2.6015725985841976e-19
2.66389811785506e-19
2.727556222158315e-19
2.79266460270222e-19
2.8593086463405436e-19
2.9273196705533903e-19
2.9968392263419403e-19
3.067919771281069e-19
3.140704763318996e-19
3.215070504481986e-19
3.291102026604612e-19
3.368711574797056e-19
3.448190543683966e-19
3.529564112145989e-19
3.6125008485190476e-19
3.6972737119071103e-19
3.7840074029946774e-19
3.8727757045615895e-19
