4.903164101938876e-24
4.91706824332267e-24
4.9303150620797375e-24
4.942930861275219e-24
4.9549407807920634e-24
4.9663688326894235e-24
4.977237936100325e-24
4.987569951520045e-24
4.9973857143628926e-24
5.006705067687391e-24
5.0155468940083335e-24
5.023929146130911e-24
5.0318688769542194e-24
5.0393822682052595e-24
5.0464846580710846e-24
5.053190567707999e-24
5.059513726611113e-24
5.0654670968343545e-24
5.071062896055157e-24
5.076312619482158e-24
5.081227060606644e-24
5.0858163308016066e-24
5.090089877773029e-24
5.094056502870333e-24
5.097724377263213e-24
5.101101056992086e-24
5.104193496900946e-24
5.107008063459597e-24
5.109550546482909e-24
5.111826169753687e-24
5.113839600555026e-24
5.115594958117078e-24
5.11709582098135e-24
5.1183452332850544e-24
5.1193457099663625e-24
5.1200992408891045e-24
5.120607293884616e-24
5.120870816705581e-24
5.120890237885851e-24
5.1206654664963184e-24
5.120195890786731e-24
5.11948037569899e-24
5.1185172592360555e-24
5.117304347667651e-24
5.115838909550448e-24
5.11411766853864e-24
5.112136794956056e-24
5.109891896099035e-24
5.107378005234696e-24
5.10458956925555e-24
5.101520434948273e-24
5.098163833828433e-24
5.094512365490259e-24
5.0905579794140776e-24
5.086291955169942e-24
5.081704880949479e-24
5.076786630352453e-24
5.071526337348213e-24
5.065912369324646e-24
5.059932298130207e-24
5.053572869006042e-24
5.046819967297531e-24
5.0396585828230336e-24
5.032072771769735e-24
5.0240456159732096e-24
5.015559179426374e-24
5.0065944618495984e-24
4.997131349139753e-24
4.987148560499174e-24
4.9766235920297444e-24
4.9655326565560585e-24
4.9538506194238285e-24
4.94155092999315e-24
4.928605548525074e-24
4.914984868128831e-24
4.900657631409413e-24
4.885590841419776e-24
4.8697496664868434e-24
4.85309733843822e-24
4.835595043713757e-24
4.8172018067954235e-24
4.797874365335233e-24
4.777567036302438e-24
4.756231572404156e-24
4.733817007964257e-24
4.7102694933647426e-24
4.685532117071351e-24
4.659544714171937e-24
4.632243660256538e-24
4.603561649367208e-24
4.57342745463031e-24
4.5417656700760305e-24
4.508496432036126e-24
4.473535118403175e-24
4.436792023945307e-24
4.398172009797974e-24
4.357574125240092e-24
4.314891199895055e-24
4.270009404662869e-24
4.222807779989777e-24
4.1731577306499855e-24
4.120922487114333e-24
4.065956535033827e-24
4.008105016567819e-24
3.9472031106743615e-24
3.88307540452809e-24
3.8155352758395304e-24
3.744384317210236e-24
3.6694118507176375e-24
3.59039460662034e-24
3.507096678997701e-24
3.4192699306038365e-24
3.326655110902344e-24
3.228984094163345e-24
3.1259838702173097e-24
3.0173832818375087e-24
2.9029240905794636e-24
2.7823789249553813e-24
2.655580300717162e-24
2.522467703911735e-24
2.3831645992287154e-24
2.2381057951050134e-24
2.0882506724065827e-24
1.9354436576275976e-24
1.7830239785483374e-24
1.6368336531620509e-24
1.5067544380281638e-24
1.4085482350746894e-24
1.364528725025802e-24
1.399864616864021e-24
1.5336839166561842e-24
1.772847821854571e-24
2.11587667190611e-24
2.561578673200235e-24
3.11488924231833e-24
3.789706373386003e-24
4.6114094970347806e-24
5.621297963643657e-24
6.885244548950393e-24
8.510771181531061e-24
1.0682373104957967e-23
1.3740839988844188e-23
1.8382625192204193e-23
2.623546556354681e-23
4.16826186910707e-23
7.197752519719531e-23
6.759646526417115e-23
4.072478710704587e-23
2.747193938375719e-23
2.0446333302492305e-23
1.6138723355996807e-23
1.3204133694904604e-23
1.1048444919323844e-23
9.374407273197693e-24
8.019093362768866e-24
6.887633971060347e-24
5.923417089127279e-24
5.093987061376331e-24
4.3846386445975785e-24
3.796207440571364e-24
3.344538813822862e-24
3.0573998081728805e-24
2.96247798143764e-24
3.0674955203886807e-24
3.350911036556271e-24
3.7747316635472625e-24
4.302623989702757e-24
4.9079323503160455e-24
5.5734653212355916e-24
6.288857465648758e-24
7.048176712354452e-24
7.848285518415277e-24
8.6878138409351e-24
9.566531767604745e-24
1.0484966391161043e-23
1.144416557672953e-23
1.2445550498772109e-23
1.3490822570149667e-23
1.4581904283978728e-23
1.5720901607839197e-23
1.6910080334561714e-23
1.8151851641888424e-23
1.944876384656685e-23
2.0803498408910423e-23
2.2218868899283835e-23
2.369782208787187e-23
2.5243440588435495e-23
2.6858946663062384e-23
2.854770692038206e-23
3.0313237743073596e-23
3.2159211300687063e-23
3.408946207103386e-23
3.61079938097823e-23
3.8218986924510367e-23
4.0426806246773843e-23
4.273600915027745e-23
4.5151354041777696e-23
4.76778092081138e-23
5.03205620035547e-23
5.308502840292581e-23
5.5976862931407e-23
