2.602606999273562e-23
2.6201412749618763e-23
2.6368575310332466e-23
2.652791240585976e-23
2.6679762154636567e-23
2.682444678068589e-23
2.696227329802905e-23
2.709353416275852e-23
2.721850789409752e-23
2.7337459665938604e-23
2.745064186992351e-23
2.755829465140694e-23
2.766064641934174e-23
2.775791433127639e-23
2.78503047543435e-23
2.793801370339493e-23
2.8021227257124596e-23
2.810012195296341e-23
2.817486516184941e-23
2.8245615443371016e-23
2.8312522882295836e-23
2.837572940693983e-23
2.8435369090361723e-23
2.849156843471018e-23
2.8544446639545175e-23
2.859411585460284e-23
2.8640681417562545e-23
2.8684242077389236e-23
2.8724890203486177e-23
2.876271198143655e-23
2.879778759556338e-23
2.883019139854382e-23
2.885999206880249e-23
2.888725275571242e-23
2.891203121298911e-23
2.8934379920591385e-23
2.895434619541729e-23
2.8971972290841755e-23
2.8987295485655224e-23
2.900034816195684e-23
2.901115787311534e-23
2.9019747400873604e-23
2.902613480247905e-23
2.903033344762123e-23
2.90323520452203e-23
2.9032194660271086e-23
2.9029860720641024e-23
2.9025345013643414e-23
2.901863767306765e-23
2.9009724155469506e-23
2.899858520686547e-23
2.8985196818762543e-23
2.896953017416489e-23
2.8951551582613025e-23
2.893122240509556e-23
2.8908498967623704e-23
2.888333246391926e-23
2.885566884664685e-23
2.8825448707027286e-23
2.879260714293754e-23
2.875707361390069e-23
2.871877178444591e-23
2.867761935334296e-23
2.863352787069938e-23
2.858640253974629e-23
2.85361420053434e-23
2.84826381267758e-23
2.842577573556667e-23
2.836543237603839e-23
2.830147803091205e-23
2.8233774827170053e-23
2.8162176725107654e-23
2.808652918778899e-23
2.8006668829583257e-23
2.792242304554248e-23
2.783360961667878e-23
2.7740036293864865e-23
2.764150035639564e-23
2.753778814565729e-23
2.74286745716758e-23
2.7313922591669197e-23
2.7193282659539784e-23
2.70664921422446e-23
2.6933274705858656e-23
2.679333966494144e-23
2.664638129523814e-23
2.6492078108839775e-23
2.6330092087551094e-23
2.6160067872097202e-23
2.5981631907866362e-23
2.57943915383864e-23
2.5597934051317614e-23
2.5391825666094167e-23
2.5175610466912408e-23
2.494880927106788e-23
2.4710918434126354e-23
2.446140858497952e-23
2.419972328749141e-23
2.3925277621642702e-23
2.363745668281959e-23
2.333561399364701e-23
2.3019069817288581e-23
2.268710937195613e-23
2.2338980938917705e-23
2.197389385347115e-23
2.1591016377498232e-23
2.1189473439023784e-23
2.0768344237525864e-23
2.0326659700376194e-23
1.9863399789654128e-23
1.9377490643844693e-23
1.886780154998598e-23
1.8333141744785072e-23
1.7772257035050194e-23
1.7183826241879905e-23
1.6566457483454706e-23
1.5918684302098453e-23
1.5238961703877996e-23
1.4525662168571586e-23
1.37770717896727e-23
1.2991386796132758e-23
1.2166710925367045e-23
1.1301054529310459e-23
1.0392337089185317e-23
9.438396593399737e-24
8.437013240941178e-24
7.385965097970747e-24
6.283162096317341e-24
5.126999046837825e-24
3.917449878616292e-24
2.6605370807185563e-24
1.399086180200651e-24
7.220527010339302e-25
1.8382036062695076e-24
3.34947049454024e-24
4.981961357066917e-24
6.712851328142393e-24
8.540586854548721e-24
1.0468192671368058e-23
1.250036744652841e-23
1.4642719503605683e-23
1.6901523760164436e-23
1.9283645444702845e-23
2.179652908151303e-23
2.444821820287893e-23
2.7247392447437204e-23
3.0203416867459566e-23
3.332640115622429e-23
3.662726862125042e-23
4.011783484134089e-23
4.3810897232097304e-23
4.772033642989953e-23
5.186123127803781e-23
5.624998941990358e-23
6.090449584387258e-23
6.584428192715404e-23
7.109071894404736e-23
7.666723996897206e-23
8.259959446824608e-23
8.89161427289723e-23
9.56481962158936e-23
1.0283041330316643e-22
1.1050126063746916e-22
1.187035541932063e-22
1.274850944070648e-22
1.3689941813489964e-22
1.470066911914681e-22
1.578747729564902e-22
1.6958049364182383e-22
1.822111987430796e-22
1.9586661973801424e-22
2.1066116302438287e-22
2.26726730652755e-22
2.442162081957454e-22
2.6330783846410276e-22
2.8421072268057703e-22
3.071718334079111e-22
3.3248501993478236e-22
3.6050272116968537e-22
3.9165138415370183e-22
4.264519890659842e-22
4.655478404064849e-22
5.097427562960317e-22
5.600544623473452e-22
6.177908381035413e-22
6.846612295948085e-22
7.629430052194906e-22
8.55738451026281e-22
9.673842241852561e-22
1.1041305392648113e-21
1.275320785706341e-21
1.4955593269777618e-21
1.7889750210148253e-21
2.1983527639736816e-21
2.806919226812362e-21
3.797996576864974e-21
5.6469798697364186e-21
9.720255822726905e-21
1.4364413373916943e-20
9.034325661982795e-21
5.6673834799521054e-21
