1.5436023131035117e-24
1.4643014759503449e-24
1.3921416748031113e-24
1.3268265097907503e-24
1.2680731341617357e-24
1.215608021031211e-24
1.1691627951766306e-24
1.1284703765400435e-24
1.0932617145289972e-24
1.0632633883348051e-24
1.038196298950031e-24
1.0177755836561064e-24
1.0017117556853278e-24
9.897129332258e-25
9.814879003400489e-25
9.767496617298483e-25
9.75219127136526e-25
9.766285892151668e-25
9.807247286427746e-25
9.87270972742858e-25
9.960491292858823e-25
1.0068602999488987e-24
1.0195251393482315e-24
1.0338835633046804e-24
1.0497940263559697e-24
1.0671324884734523e-24
1.0857911799554668e-24
1.1056772566390943e-24
1.1267114187012276e-24
1.1488265480270814e-24
1.1719664029011402e-24
1.1960843952700867e-24
1.22114246517806e-24
1.2471100589316275e-24
1.2739632117631478e-24
1.3016837318054014e-24
1.330258479643855e-24
1.3596787362453e-24
1.3899396513582261e-24
1.4210397643204752e-24
1.4529805894067329e-24
1.4857662582691512e-24
1.5194032125860537e-24
1.5538999406420293e-24
1.5892667521954506e-24
1.6255155866134038e-24
1.662659849829586e-24
1.7007142762271082e-24
1.7396948120366135e-24
1.77961851728649e-24
1.8205034837311605e-24
1.8623687665318494e-24
1.9052343277742397e-24
1.949120990165038e-24
1.9940503994905996e-24
2.040044994616812e-24
2.08712798398413e-24
2.135323327702879e-24
2.1846557244838126e-24
2.235150602750712e-24
2.2868341153707114e-24
2.3397331375328372e-24
2.3938752673690985e-24
2.4492888289621154e-24
2.5060028774598364e-24
2.5640472060364202e-24
2.6234523544939956e-24
2.6842496193248673e-24
2.746471065078461e-24
2.8101495369115195e-24
2.8753186742118098e-24
2.9420129252008e-24
3.0102675624478307e-24
3.0801186992282443e-24
3.1516033066713345e-24
3.2247592316637356e-24
3.2996252154679453e-24
3.3762409130289546e-24
3.454646912949633e-24
3.534884758112148e-24
3.616996966947163e-24
3.701027055325357e-24
3.7870195590780166e-24
3.875020057135466e-24
3.965075195294865e-24
4.057232710610837e-24
4.151541456407095e-24
4.248051427937794e-24
4.346813788676933e-24
4.447880897265083e-24
4.551306335115207e-24
4.657144934686023e-24
4.765452808442146e-24
4.876287378507459e-24
4.989707407021282e-24
5.105773027224024e-24
5.2245457752758854e-24
5.3460886228244666e-24
5.470466010345036e-24
5.597743881267e-24
5.727989716889251e-24
5.8612725721301104e-24
5.997663112106014e-24
6.137233649570689e-24
6.280058183219824e-24
6.426212436909756e-24
6.57577389976891e-24
6.728821867263933e-24
6.885437483219964e-24
7.045703782805649e-24
7.20970573654759e-24
7.377530295348914e-24
7.549266436557946e-24
7.725005211125199e-24
7.904839791849741e-24
8.088865522735974e-24
8.277179969528301e-24
8.469882971394673e-24
8.667076693828819e-24
8.868865682775748e-24
9.075356920031182e-24
9.286659879899578e-24
9.50288658721015e-24
9.724151676645418e-24
9.950572453474159e-24
1.0182268955685886e-23
1.0419364017573555e-23
1.0661983334786167e-23
1.091025553091041e-23
1.1164312225581273e-23
1.1424288104183142e-23
1.1690320989183927e-23
1.1962551913090938e-23
1.2241125193140036e-23
1.2526188507695565e-23
1.2817892974432648e-23
1.3116393230329574e-23
1.342184751352044e-23
1.3734417747054666e-23
1.4054269624575417e-23
1.4381572698008243e-23
1.471650046728408e-23
1.505923047212165e-23
1.540994438595229e-23
1.5768828112028528e-23
1.6136071881729043e-23
1.6511870355177907e-23
1.6896422724163868e-23
1.7289932817464255e-23
1.769260920857065e-23
1.810466532595612e-23
1.8526319565845586e-23
1.8957795407622898e-23
1.939932153187861e-23
1.9851131941200306e-23
2.0313466083764075e-23
2.07865689797211e-23
2.1270691350560805e-23
2.1766089751436713e-23
2.2273026706503046e-23
2.2791770847418813e-23
2.3322597054996877e-23
2.386578660412231e-23
2.442162731202116e-23
2.499041368986879e-23
2.5572447097943882e-23
2.6168035904311013e-23
2.6777495647096166e-23
2.740114920052923e-23
2.803932694474379e-23
2.869236693947397e-23
2.936061510163794e-23
3.004442538709801e-23
3.0744159976377655e-23
3.1460189464749036e-23
3.219289305649548e-23
3.29426587636613e-23
3.370988360923285e-23
3.4494973834891485e-23
3.5298345113472405e-23
3.6120422766132193e-23
3.696164198441541e-23
3.782244805726206e-23
3.8703296602997075e-23
3.960465380657554e-23
4.052699666194269e-23
4.147081321980581e-23
4.243660284079581e-23
4.3424876454119345e-23
4.4436156821879674e-23
4.5470978809023306e-23
4.6529889659133947e-23
4.761344927602827e-23
4.872223051135121e-23
4.985681945816026e-23
5.101781575058172e-23
5.220583286968654e-23
5.342149845547767e-23
5.466545462514673e-23
5.593835829767914e-23
5.724088152459953e-23
