5.822441510984967e-22
5.822495397396549e-22
5.822544640205269e-22
5.822589343949733e-22
5.822629603532496e-22
5.822665504422394e-22
5.822697122836486e-22
5.822724525901664e-22
5.822747771798479e-22
5.822766909884093e-22
5.822781980798397e-22
5.822793016549711e-22
5.822800040583447e-22
5.822803067832086e-22
5.822802104747071e-22
5.822797149313094e-22
5.8227881910432415e-22
5.822775210958089e-22
5.822758181544517e-22
5.822737066698378e-22
5.822711821647255e-22
5.822682392856803e-22
5.822648717916094e-22
5.822610725405751e-22
5.822568334746947e-22
5.822521456029716e-22
5.822469989823724e-22
5.822413826965347e-22
5.822352848328249e-22
5.8222869245691e-22
5.822215915854354e-22
5.822139671562863e-22
5.82205802996705e-22
5.821970817888926e-22
5.821877850333862e-22
5.821778930096946e-22
5.821673847345856e-22
5.821562379174252e-22
5.821444289130375e-22
5.821319326714379e-22
5.821187226846943e-22
5.821047709307413e-22
5.82090047813894e-22
5.820745221020108e-22
5.820581608602919e-22
5.820409293813653e-22
5.820227911116464e-22
5.820037075737731e-22
5.819836382849634e-22
5.81962540671101e-22
5.819403699764388e-22
5.8191707916850745e-22
5.818926188384717e-22
5.818669370961201e-22
5.818399794598685e-22
5.818116887410432e-22
5.817820049225765e-22
5.817508650315943e-22
5.817182030057153e-22
5.816839495529502e-22
5.816480320045456e-22
5.816103741607348e-22
5.815708961290262e-22
5.815295141545669e-22
5.814861404423955e-22
5.814406829710373e-22
5.813930452971126e-22
5.813431263506566e-22
5.812908202204473e-22
5.812360159292132e-22
5.811785971978617e-22
5.811184421987117e-22
5.810554232967028e-22
5.809894067783347e-22
5.809202525676875e-22
5.808478139289301e-22
5.807719371546659e-22
5.8069246123930795e-22
5.806092175372059e-22
5.805220294042438e-22
5.804307118225367e-22
5.803350710073656e-22
5.802349039952952e-22
5.8012999821290215e-22
5.800201310249245e-22
5.799050692610248e-22
5.797845687201423e-22
5.796583736513169e-22
5.795262162098181e-22
5.793878158876411e-22
5.792428789168748e-22
5.790910976448854e-22
5.789321498797502e-22
5.787656982048184e-22
5.78591389260659e-22
5.784088529930188e-22
5.782177018650559e-22
5.780175300323556e-22
5.778079124786167e-22
5.775884041105353e-22
5.7735853880955285e-22
5.771178284387831e-22
5.768657618026706e-22
5.766018035573018e-22
5.763253930689598e-22
5.76035943218441e-22
5.757328391485496e-22
5.754154369520425e-22
5.750830622972091e-22
5.747350089879471e-22
5.743705374554505e-22
5.739888731779509e-22
5.735892050252093e-22
5.731706835240815e-22
5.727324190413185e-22
5.722734798797346e-22
5.717928902833104e-22
5.712896283470637e-22
5.707626238268979e-22
5.702107558446923e-22
5.696328504833262e-22
5.690276782665626e-22
5.683939515178738e-22
5.677303215923913e-22
5.670353759759039e-22
5.66307635243881e-22
5.655455498742625e-22
5.647474969062151e-22
5.639117764374727e-22
5.630366079520577e-22
5.621201264702057e-22
5.611603785110885e-22
5.601553178592926e-22
5.591028011249264e-22
5.580005830868712e-22
5.568463118081048e-22
5.556375235113881e-22
5.543716372027862e-22
5.530459490300859e-22
5.516576263620608e-22
5.502037015738221e-22
5.486810655226658e-22
5.470864606977592e-22
5.45416474025811e-22
5.4366752931417e-22
5.418358793108321e-22
5.399175973601041e-22
5.379085686308986e-22
5.358044808926615e-22
5.336008148128669e-22
5.312928337468297e-22
5.28875572989721e-22
5.263438284564369e-22
5.236921447538894e-22
5.209148026052697e-22
5.180058055835608e-22
5.149588661064293e-22
5.117673906402224e-22
5.084244640547103e-22
5.049228330643413e-22
5.012548886832258e-22
4.974126476127928e-22
4.933877324698054e-22
4.891713507497667e-22
4.847542724054266e-22
4.801268059011626e-22
4.752787725813643e-22
4.701994791629729e-22
4.64877688127472e-22
4.593015857444512e-22
4.534587474042569e-22
4.4733609986828815e-22
4.409198799570221e-22
4.341955890817866e-22
4.271479428777623e-22
4.197608150006437e-22
4.1201717388997442e-22
4.038990109544333e-22
3.9538725816279552e-22
3.8646169237689615e-22
3.7710082286337e-22
3.6728175715454004e-22
3.5698003862035427e-22
3.461694464898208e-22
3.3482174519297626e-22
3.2290636408699494e-22
3.1038997973669736e-22
2.972359590004979e-22
2.8340359885676203e-22
2.688470621547376e-22
2.5351384610601915e-22
2.3734251082965194e-22
2.202591954119819e-22
2.0217206753831086e-22
1.8296208597122335e-22
1.6246681565321601e-22
1.4045025987776009e-22
1.1654214984400308e-22
9.010316690924801e-23
5.988381559824713e-23
2.299140974034239e-23
