1.5125467534247426e-24
1.4951304430746846e-24
1.4789238434002874e-24
1.4638493918900452e-24
1.4498336913949956e-24
1.4368074028178349e-24
1.4247051280921515e-24
1.4134652848190132e-24
1.4030299735268935e-24
1.393344839112553e-24
1.3843589276191004e-24
1.3760245399039606e-24
1.3682970833881533e-24
1.3611349231517574e-24
1.3544992335854995e-24
1.3483538515306313e-24
1.3426651319234547e-24
1.3374018066559034e-24
1.332534847396443e-24
1.328037332845635e-24
1.323884320922856e-24
1.320052726154309e-24
1.3165212026151444e-24
1.3132700324165284e-24
1.3102810199453053e-24
1.3075373918349236e-24
1.3050237025759837e-24
1.3027257457375539e-24
1.300630470692873e-24
1.2987259045488984e-24
1.2970010793350645e-24
1.2954459640215748e-24
1.294051401306356e-24
1.2928090488975231e-24
1.2917113250976372e-24
1.2907513584006243e-24
1.2899229409893032e-24
1.2892204858311864e-24
1.288638987104187e-24
1.2881739840566401e-24
1.2878215276033742e-24
1.2875781498961564e-24
1.287440836546833e-24
1.2874070012440534e-24
1.2874744627702435e-24
1.2876414240535368e-24
1.2879064533664697e-24
1.288268467334584e-24
1.288726715709409e-24
1.2892807677654214e-24
1.2899305002708723e-24
1.2906760868585075e-24
1.2915179887013982e-24
1.2924569464635133e-24
1.2934939734919292e-24
1.294630349806105e-24
1.2958676175817934e-24
1.2972075770559386e-24
1.2986522836878117e-24
1.3002040460716331e-24
1.3018654244106604e-24
1.3036392300649802e-24
1.3055285254688776e-24
1.3075366248578854e-24
1.3096670955021688e-24
1.3119237594232302e-24
1.314310695904575e-24
1.3168322440113189e-24
1.3194930058815205e-24
1.3222978503464472e-24
1.3252519168186735e-24
1.32836061950776e-24
1.3316296519486049e-24
1.3350649918395881e-24
1.3386729058216291e-24
1.3424599547541335e-24
1.3464329989209746e-24
1.3505992032296082e-24
1.3549660428147576e-24
1.3595413081327268e-24
1.3643331102888328e-24
1.3693498866173889e-24
1.374600405090486e-24
1.3800937698772754e-24
1.3858394255119375e-24
1.3918471614427527e-24
1.3981271159957837e-24
1.4046897804867553e-24
1.4115460016638652e-24
1.4187069849968647e-24
1.4261842969445606e-24
1.433989866480917e-24
1.4421359864556078e-24
1.4506353138387445e-24
1.4595008696567107e-24
1.4687460383944972e-24
1.4783845662025386e-24
1.4884305591176702e-24
1.4988984795341615e-24
1.5098031432160827e-24
1.5211597148552102e-24
1.5329837028085103e-24
1.5452909543772465e-24
1.558097648729463e-24
1.5714202906082277e-24
1.5852757039192047e-24
1.5996810234651572e-24
1.6146536875263122e-24
1.6302114290223846e-24
1.6463722691645464e-24
1.66315450778772e-24
1.6805767157750176e-24
1.6986577277639367e-24
1.7174166336778236e-24
1.7368727735059277e-24
1.757045728908428e-24
1.77795531780315e-24
1.7996215912216625e-24
1.8220648273349967e-24
1.845305529002681e-24
1.869364421646001e-24
1.8942624531125827e-24
1.9200207940952324e-24
1.9466608385786616e-24
1.9742042084262773e-24
2.002672755960955e-24
2.0320885743696225e-24
2.0624739976359412e-24
2.0938516148905252e-24
2.1262442799877076e-24
2.1596751192743495e-24
2.1941675471906865e-24
2.22974527975308e-24
2.266432349003023e-24
2.3042531199013103e-24
2.3432323045953562e-24
2.3833949865822066e-24
2.424766634865616e-24
2.467373125025306e-24
2.511240761299251e-24
2.5563962984019305e-24
2.6028669589664755e-24
2.650680463647504e-24
2.699865048385325e-24
2.7504494903394282e-24
2.8024631310075003e-24
2.8559359045785064e-24
2.9108983525451874e-24
2.967381662777566e-24
3.025417680252153e-24
3.0850389440296635e-24
3.1462787037316703e-24
3.2091709534455446e-24
3.2737504478542433e-24
3.3400527406120105e-24
3.408114194163116e-24
3.477972024713898e-24
3.54966431057211e-24
3.6232300337264864e-24
3.698709096052565e-24
3.7761423522020614e-24
3.8555716317638306e-24
3.937039774239655e-24
4.020590648916715e-24
4.1062691843861034e-24
4.194121401495797e-24
4.284194441181454e-24
4.376536587074313e-24
4.471197295860184e-24
4.5682272403092005e-24
4.667678320617414e-24
4.769603709582735e-24
4.87405788007514e-24
4.981096628789826e-24
5.090777127023801e-24
5.203157931148407e-24
5.318299039672373e-24
5.436261904791444e-24
5.557109493052365e-24
5.680906295456772e-24
5.8077183878526466e-24
5.9376134529384374e-24
6.070660830582559e-24
6.206931543180621e-24
6.346498359497594e-24
6.489435814152593e-24
6.635820252863929e-24
6.785729896301802e-24
6.939244874422329e-24
7.096447267353775e-24
7.257421151892827e-24
7.422252671727474e-24
7.59103007710353e-24
7.763843751416052e-24
7.940786340105994e-24
8.121952692127781e-24
8.307440058720151e-24
8.497348013550086e-24
8.691778640327262e-24
8.890836508334566e-24
9.094628767225505e-24
