1.260534534559098e-11
1.231684138199798e-11
1.2039451522180764e-11
1.1763202213010971e-11
1.1496745026563563e-11
1.1233957386697619e-11
1.098310286642115e-11
1.0727623959677698e-11
1.0487554289939971e-11
1.0248656936838203e-11
1.0017864034679752e-11
9.789833332370096e-12
9.567037385341366e-12
9.347252505122372e-12
9.134208064324349e-12
8.925628043438635e-12
8.723353061066853e-12
8.524944717840122e-12
8.331792383214889e-12
8.141081857225933e-12
7.95564972950929e-12
7.774003789412148e-12
7.597918051523374e-12
7.423885249934224e-12
7.254965027315966e-12
7.091059654341846e-12
6.9284968101899705e-12
6.770372544548204e-12
6.615341240244727e-12
6.465256720050409e-12
6.318557965341523e-12
6.174011368985673e-12
6.033048360984134e-12
5.8954135864102795e-12
5.76029829082371e-12
5.6294945716432945e-12
5.5008866711673605e-12
5.375392096126927e-12
5.2526602893367426e-12
5.13255017902075e-12
5.0154177706775996e-12
4.900670698211093e-12
4.788502358790258e-12
4.6797125018737465e-12
4.57283419496461e-12
4.467852233577572e-12
4.365351174061835e-12
4.265719778130885e-12
4.168298025876926e-12
4.0728619703172785e-12
3.979431238575723e-12
3.8881069343331095e-12
3.799378890562084e-12
3.7121622737283054e-12
3.6270479006571404e-12
3.5436389912678633e-12
3.462391089701648e-12
3.382850372327975e-12
3.305049735328143e-12
3.2294047050786537e-12
3.155026165522906e-12
3.0826524162917654e-12
3.0117555790721233e-12
2.9421559769707753e-12
2.87458246235661e-12
2.808276462180858e-12
2.7435101312854566e-12
2.6801839427467822e-12
2.6183044978905526e-12
2.5577985588285365e-12
2.4986555156309158e-12
2.440907574280731e-12
2.384300686236338e-12
2.3289659385552526e-12
2.274978872791035e-12
2.222250900052462e-12
2.1705888411945724e-12
2.120128166466886e-12
2.0707035864637116e-12
2.022389631319752e-12
1.975242233112273e-12
1.9290629666298583e-12
1.883981466973262e-12
1.839782997569075e-12
1.796638194758577e-12
1.754440666708507e-12
1.71315934376791e-12
1.6728388064616075e-12
1.6333425823522808e-12
1.5947475462752914e-12
1.5569169044382469e-12
1.5200233617466462e-12
1.4838809371069067e-12
1.4485331798643977e-12
1.4139770455260237e-12
1.3801260030370504e-12
1.34704100145174e-12
1.3146724575659976e-12
1.2829925651909682e-12
1.251969532442734e-12
1.2216363177722936e-12
1.1919427951714346e-12
1.1628970853486631e-12
1.134499551909853e-12
1.1066151150508037e-12
1.079410724372753e-12
1.0527244186767758e-12
1.026626887778961e-12
1.0010582804914491e-12
9.760273347733406e-13
9.515250562124776e-13
9.275335946114584e-13
9.040080080787883e-13
8.809905590580858e-13
8.584319437558564e-13
8.363283358755778e-13
8.146862040365137e-13
7.934611957206376e-13
7.726826659952671e-13
7.52290132026677e-13
7.323268093419127e-13
7.127616327241578e-13
6.935472978042504e-13
6.74718513695767e-13
6.562659339654621e-13
6.381613329925573e-13
6.203967558561195e-13
6.029724849071275e-13
5.858808407712989e-13
5.690977025742172e-13
5.526437677666429e-13
5.364730340479937e-13
5.206084759868979e-13
5.050313605087015e-13
4.897297376560396e-13
4.747115874700414e-13
4.599478795883544e-13
4.454572487849609e-13
4.3121061926603584e-13
4.172101300493158e-13
4.0345359673790306e-13
3.899215366505514e-13
3.766326644895177e-13
3.6355659721160356e-13
3.5070796237506136e-13
3.3806591740590073e-13
3.2564133148191746e-13
3.134161634280851e-13
3.0138871708121457e-13
2.895675850856991e-13
2.77928995097739e-13
2.664915925178368e-13
2.5523235929889445e-13
2.4416268286591684e-13
2.3327624209459237e-13
2.2257245567563985e-13
2.12044219775398e-13
2.0169822315955555e-13
1.9152628915354164e-13
1.8153357630607712e-13
1.717196236184206e-13
1.6208505186036372e-13
1.526304979098896e-13
1.4335557983060692e-13
1.3426333023310036e-13
1.2535930244248553e-13
1.1664408892124551e-13
1.0812207116451419e-13
9.979723614679023e-14
9.167505673232001e-14
8.376139388672903e-14
7.606139027211124e-14
6.85811818198763e-14
6.132971961246164e-14
5.4312536951388146e-14
4.7538912580335154e-14
4.10166821539548e-14
3.4756251905369566e-14
2.8765640673175396e-14
2.3055191446579406e-14
1.7634938032506775e-14
1.2514877150850865e-14
7.705428988596794e-15
3.2171188581883177e-15
9.439415844190087e-16
4.758469290584801e-15
8.224098824759609e-15
1.1329701160615669e-14
1.4066412387093728e-14
1.642588784725588e-14
1.8400830939273416e-14
1.998446634560206e-14
2.1170991781601783e-14
2.1955814185286903e-14
2.2335106444747e-14
2.230633696403017e-14
2.186816959260189e-14
2.102007322229692e-14
1.9763181783556457e-14
1.8099409058337427e-14
1.6032022578251582e-14
