1.453105123040126e-24
1.371665456292344e-24
1.29804786483752e-24
1.231968911858879e-24
1.1731591525140563e-24
1.1213554548448093e-24
1.07629316865322e-24
1.0376987468235112e-24
1.0052835525289385e-24
9.787395978480793e-25
9.577378155634394e-25
9.419291654583339e-25
9.309484749196842e-25
9.244205067624498e-25
9.219674411755142e-25
9.232168254601641e-25
9.278091005768211e-25
9.354040156480174e-25
9.456855168215924e-25
9.58364971616644e-25
9.731828099541432e-25
9.899088076611079e-25
1.0083413060279612e-24
1.0283056712027645e-24
1.0496522681753397e-24
1.072254176562446e-24
1.0960048217884647e-24
1.12081564606472e-24
1.1466139005223263e-24
1.1733406075931676e-24
1.2009487174056893e-24
1.2294014652511455e-24
1.25867092537346e-24
1.2887367497827227e-24
1.3195850764933525e-24
1.351207590324676e-24
1.3836007188999755e-24
1.4167649473730216e-24
1.4507042363676505e-24
1.4854255291811338e-24
1.5209383358118035e-24
1.5572543827527513e-24
1.5943873189873409e-24
1.6323524698923548e-24
1.6711666318984555e-24
1.710847901700925e-24
1.7514155348065383e-24
1.7928898290412073e-24
1.835292029005867e-24
1.8786442484230097e-24
1.922969407549976e-24
1.9682911834809556e-24
2.014633970930632e-24
2.0620228526404975e-24
2.110483577072965e-24
2.160042542907866e-24
2.2107267889117847e-24
2.2625639888093034e-24
2.3155824498499323e-24
2.3698111148103008e-24
2.4252795671214205e-24
2.482018038138827e-24
2.5400574168204533e-24
2.599429261001166e-24
2.660165810323012e-24
2.7223000005952618e-24
2.785865479328456e-24
2.850896622046896e-24
2.917428550053428e-24
2.9854971482739803e-24
3.0551390849851298e-24
3.126391830701431e-24
3.1992936794221946e-24
3.2738837687392605e-24
3.350202102183927e-24
3.428289570649881e-24
3.5081879754310344e-24
3.589940051147631e-24
3.673589489283367e-24
3.759180962545923e-24
3.846760149197718e-24
3.936373758586479e-24
4.028069556270045e-24
4.121896390979397e-24
4.2179042199580966e-24
4.316144137778345e-24
4.416668402926152e-24
4.519530466640448e-24
4.624785001714009e-24
4.732487931815535e-24
4.842696461972001e-24
4.955469109026657e-24
5.070865732795163e-24
5.1889475680564295e-24
5.309777257851545e-24
5.4334188858931205e-24
5.5599380109550034e-24
5.689401702405994e-24
5.821878573737139e-24
5.957438820853813e-24
6.0961542576680996e-24
6.238098354373201e-24
6.3833462763946e-24
6.53197492301417e-24
6.684062967541099e-24
6.839690899303883e-24
6.998941065117128e-24
7.161897711679057e-24
7.328647029897798e-24
7.49927719927194e-24
7.673878433771112e-24
7.85254302793115e-24
8.035365406277732e-24
8.222442167791126e-24
8.41387214048391e-24
8.609756429460512e-24
8.810198468012098e-24
9.015304072439147e-24
9.225181493334991e-24
9.439941474409398e-24
9.65969730422454e-24
9.88456487604267e-24
1.0114662747506039e-23
1.0350112197686095e-23
1.0591037287192083e-23
1.083756492450373e-23
1.1089824925518042e-23
1.1347950080123026e-23
1.1612076214992877e-23
1.1882342266900472e-23
1.2158890342144867e-23
1.2441865795966031e-23
1.2731417294068102e-23
1.3027696892978505e-23
1.3330860108664603e-23
1.3641065992706727e-23
1.3958477210112532e-23
1.428326011254163e-23
1.4615584823907845e-23
1.4955625315670737e-23
1.5303559488916482e-23
1.5659569257747318e-23
1.602384063691842e-23
1.6396563818236272e-23
1.6777933268581634e-23
1.7168147808402756e-23
1.7567410710674205e-23
1.7975929777610603e-23
1.839391744675143e-23
1.8821590875107536e-23
1.9259172033429184e-23
1.9706887804013488e-23
2.016497007248405e-23
2.0633655833247206e-23
2.1113187268584043e-23
2.1603811874715317e-23
2.210578252419024e-23
2.2619357606410264e-23
2.3144801089609217e-23
2.3682382643497544e-23
2.423237773564925e-23
2.4795067728210308e-23
2.537073997468081e-23
2.595968792761193e-23
2.656221123251234e-23
2.717861582019585e-23
2.7809214021201343e-23
2.845432464731209e-23
2.911427308325183e-23
2.978939138331477e-23
3.048001838280806e-23
3.118649974860779e-23
3.190918806509486e-23
3.264844295867168e-23
3.340463113273152e-23
3.417812644700897e-23
3.4969309999985387e-23
3.577857017289811e-23
3.660630268995954e-23
3.7452910673973796e-23
3.8318804680830975e-23
3.920440272638006e-23
4.011013030727795e-23
4.1036420428034117e-23
4.19837135741398e-23
4.295245771449635e-23
4.394310828086917e-23
4.495612808726919e-23
4.599198731244937e-23
4.705116342045513e-23
4.8134140963443637e-23
4.9241411648504066e-23
5.037347398273279e-23
5.15308332029809e-23
5.2714001099375566e-23
5.392349571725138e-23
5.515984107511433e-23
5.642356694086534e-23
5.771520835233082e-23
5.903530530662762e-23
6.038440233100089e-23
