2.8341316056015715e-22
2.6770332402353572e-22
2.5310991537721526e-22
2.3960196897419523e-22
2.2715082468984894e-22
2.157300670486807e-22
2.0531546913888377e-22
1.9588494119146737e-22
1.8741848372015125e-22
1.7989814512109825e-22
1.7330798364747043e-22
1.6763403367746452e-22
1.628642762100606e-22
1.589886135284488e-22
1.55998847977592e-22
1.5388866481232533e-22
1.5265361908285185e-22
1.5229112652351835e-22
1.5280045842583108e-22
1.5418274048220093e-22
1.5644095559748476e-22
1.5957995067117232e-22
1.6360644737170446e-22
1.6852905692669119e-22
1.7435829897002623e-22
1.8110662449304361e-22
1.8878844295801375e-22
1.9742015364141556e-22
2.070201812819479e-22
2.1760901612020817e-22
2.292092584214279e-22
2.418456675873827e-22
2.5554521597138505e-22
2.7033714751896313e-22
2.862530413723941e-22
3.0332688058475837e-22
3.2159512610583823e-22
3.4109679621352935e-22
3.618735515639987e-22
3.8396978608657583e-22
4.074327239074043e-22
4.323125225564639e-22
4.58662382673938e-22
4.865386645192985e-22
5.160010115257592e-22
5.47112481192471e-22
5.79939683677137e-22
6.145529283428091e-22
6.510263787595865e-22
6.894382163131854e-22
7.2987081307204605e-22
7.724109141602417e-22
8.171498301835681e-22
8.641836401290081e-22
9.136134052898554e-22
9.655453947796814e-22
1.0200913231141012e-21
1.0773686005625864e-21
1.1375005969807736e-21
1.2006169194557936e-21
1.2668537050716254e-21
1.3363539291546431e-21
1.4092677296478074e-21
1.4857527493080584e-21
1.5659744955900705e-21
1.6501067200574235e-21
1.7383318178684145e-21
1.8308412487692133e-21
1.9278359806630487e-21
2.029526956772447e-21
2.1361355883661146e-21
2.247894273844161e-21
2.3650469462022985e-21
2.487849650152346e-21
2.6165711509528076e-21
2.7514935767144944e-21
2.892913096057602e-21
3.041140633652234e-21
3.1965026255203893e-21
3.359341816637925e-21
3.53001810389235e-21
3.70890942719101e-21
3.896412709917495e-21
4.0929448565093685e-21
4.298943805066798e-21
4.514869642943371e-21
4.74120578790958e-21
4.978460238701435e-21
5.227166902494773e-21
5.4878869986439244e-21
5.761210551743726e-21
6.047757975730657e-21
6.348181751433494e-21
6.663168218075649e-21
6.993439470444769e-21
7.339755377206007e-21
7.702915737745666e-21
8.083762566706944e-21
8.483182540891659e-21
8.902109603755111e-21
9.341527740854823e-21
9.802473955028339e-21
1.0286041440380252e-20
1.0793382974553936e-20
1.1325714554115032e-20
1.1884319297589221e-20
1.2470551610887917e-20
1.3085841685786665e-20
1.3731700307631512e-20
1.4409724040538748e-20
1.5121600796324886e-20
1.586911586025262e-20
1.6654158349410114e-20
1.7478728227031217e-20
1.8344943856704594e-20
1.9255050186710232e-20
2.0211427601120762e-20
2.121660157336894e-20
2.2273253053654382e-20
2.338422985103083e-20
2.455255898135622e-20
2.578146013447562e-20
2.7074360368594206e-20
2.8434910196165614e-20
2.986700113705534e-20
3.1374785055148244e-20
3.2962695257763687e-20
3.4635469824059875e-20
3.639817724562391e-20
3.825624464234867e-20
4.021548912016924e-20
4.2282152298839793e-20
4.4462938728829025e-20
4.676505850448152e-20
4.9196274825788537e-20
5.1764956935833636e-20
5.448013935577691e-20
5.73515882504204e-20
6.038987593582105e-20
6.360646490615066e-20
6.701380225687253e-20
7.062542702310742e-20
7.445609144715896e-20
7.852189912764496e-20
8.284046270894669e-20
8.743108367209675e-20
9.231495991783045e-20
9.751542253740063e-20
1.0305821223101424e-19
1.0897179704669165e-19
1.1528774423529543e-19
1.2204115207355155e-19
1.2927115990173001e-19
1.3702154682832636e-19
1.4534143952648607e-19
1.5428615645217908e-19
1.6391821646459397e-19
1.743085504529178e-19
1.8553796652071437e-19
1.9769893493623656e-19
2.1089777049831052e-19
2.2525732889372846e-19
2.409203551890313e-19
2.5805368036045263e-19
2.76853526437147e-19
2.9755227752515457e-19
3.2042721240780753e-19
3.45811887853489e-19
3.741111708194325e-19
4.058213376114144e-19
4.415573899076801e-19
4.820907204797934e-19
5.2840207092029145e-19
5.817574952997803e-19
6.438197904701348e-19
7.1681635136112345e-19
8.037994965824221e-19
9.090642473496561e-19
1.0388459472259199e-18
1.2025405122592282e-18
1.414960105535221e-18
1.7007872478164996e-18
2.104090746805911e-18
2.7105928181443173e-18
3.704409486125776e-18
5.503266179223511e-18
8.54419367937461e-18
8.9976362775488e-18
6.1218531031375494e-18
4.278505139670222e-18
3.2557814043239186e-18
2.6337774889971665e-18
2.2216261339849546e-18
1.930353463769225e-18
1.7143565519571009e-18
1.5481803678569116e-18
1.4165956756119587e-18
1.309967258699758e-18
1.2219150368735237e-18
1.1480524549976555e-18
1.0852670490684936e-18
