3.1960468552834336e-24
3.1953247936913512e-24
3.1946792216044176e-24
3.1941026987575444e-24
3.193588459960666e-24
3.1931303552616974e-24
3.192722795235382e-24
3.1923607009751043e-24
3.1920394584008225e-24
3.191754876522309e-24
3.1915031493265283e-24
3.1912808209840217e-24
3.1910847540913678e-24
3.1909121006916545e-24
3.1907602758354477e-24
3.1906269334621447e-24
3.190509944402824e-24
3.1904073763190623e-24
3.1903174754111775e-24
3.1902386497383867e-24
3.190169454013017e-24
3.190108575737113e-24
3.1900548225624247e-24
3.1900071107682528e-24
3.1899644547553154e-24
3.1899259574660548e-24
3.1898908016500093e-24
3.1898582418958197e-24
3.1898275973640233e-24
3.1897982451550842e-24
3.189769614255691e-24
3.1897411800123138e-24
3.1897124590802183e-24
3.1896830048099013e-24
3.189652403023221e-24
3.1896202681511867e-24
3.189586239692386e-24
3.1895499789660603e-24
3.1895111661309834e-24
3.1894694974432222e-24
3.189424682731898e-24
3.189376443069725e-24
3.1893245086196386e-24
3.1892686166386333e-24
3.1892085096262635e-24
3.18914393359562e-24
3.189074636462378e-24
3.1890003665319977e-24
3.1889208710748744e-24
3.1888358949824967e-24
3.1887451794928503e-24
3.1886484609729e-24
3.1885454697570446e-24
3.1884359290246614e-24
3.188319553717646e-24
3.1881960494923663e-24
3.188065111684691e-24
3.187926424309821e-24
3.1877796590622164e-24
3.1876244743297094e-24
3.1874605142168773e-24
3.1872874075598456e-24
3.1871047669361443e-24
3.186912187690541e-24
3.1867092469077486e-24
3.1864955024091595e-24
3.1862704917132304e-24
3.1860337309766193e-24
3.1857847139206615e-24
3.185522910715172e-24
3.185247766850917e-24
3.184958701974079e-24
3.1846551086777595e-24
3.1843363512802873e-24
3.1840017645367606e-24
3.1836506523322414e-24
3.1832822863383998e-24
3.1828959045892375e-24
3.1824907100622693e-24
3.182065869176508e-24
3.181620510255e-24
3.1811537219488742e-24
3.1806645515763497e-24
3.1801520034749713e-24
3.1796150372204623e-24
3.179052565888101e-24
3.178463454160364e-24
3.1778465164765882e-24
3.1772005150909982e-24
3.1765241580552983e-24
3.1758160972330162e-24
3.1750749262006766e-24
3.1742991781158865e-24
3.17348732358344e-24
3.1726377685210346e-24
3.1717488518381665e-24
3.1708188433250523e-24
3.169845941375055e-24
3.168828270714071e-24
3.1677638802268078e-24
3.166650740744325e-24
3.1654867428710606e-24
3.1642696949190274e-24
3.1629973207976728e-24
3.1616672582686385e-24
3.1602770569194292e-24
3.158824176751977e-24
3.1573059866248857e-24
3.1557197629778736e-24
3.1540626891412138e-24
3.1523318545738103e-24
3.1505242546638147e-24
3.1486367910335935e-24
3.146666272421215e-24
3.1446094160115988e-24
3.142462849572143e-24
3.1402231145581575e-24
3.137886669925347e-24
3.1354498974068552e-24
3.1329091076128582e-24
3.1302605480982918e-24
3.127500412695342e-24
3.1246248530558487e-24
3.121629992306504e-24
3.1185119410514165e-24
3.1152668167072477e-24
3.1118907656013605e-24
3.108379989031032e-24
3.1047307740237743e-24
3.1009395283450135e-24
3.0970028214205305e-24
3.092917431532366e-24
3.088680401123781e-24
3.0842890981986906e-24
3.0797412903863344e-24
3.0750352269247528e-24
3.0701697352059502e-24
3.065144329922325e-24
3.059959339806841e-24
3.054616051173604e-24
3.049116874687592e-24
3.0434655351213418e-24
3.0376672875086303e-24
3.031729170215255e-24
3.0256602857949395e-24
3.0194721328845894e-24
3.0131789780340166e-24
3.0067982866005017e-24
3.0003512148831606e-24
2.993863171553616e-24
2.9873644640493982e-24
2.980891035234151e-24
2.974485306749188e-24
2.968197143684332e-24
2.962084957791365e-24
2.956216963359691e-24
2.9506726078452115e-24
2.9455442076930554e-24
2.9409387933232745e-24
2.9369802150584497e-24
2.9338115094578186e-24
2.9315975680280577e-24
2.9305281354647758e-24
2.9308211432393718e-24
2.9327264203774636e-24
2.9365297718671408e-24
2.9425574358267574e-24
2.951180902600955e-24
2.962822078917608e-24
2.9779587224286804e-24
2.9971301080086875e-24
3.0209427661246803e-24
3.0500762922558564e-24
3.0852888858789127e-24
3.127422720530577e-24
3.1774087510656633e-24
3.2362710278303476e-24
3.3051302170663887e-24
3.3852065309303424e-24
3.477821670744331e-24
3.5844001550952615e-24
3.70646955629627e-24
3.845659642439597e-24
4.0036995839589306e-24
4.1824119625688485e-24
4.383701629645562e-24
4.609535475647962e-24
4.861908228996701e-24
5.1427863164450704e-24
5.454018957942025e-24
5.797203158566284e-24
6.173484169647966e-24
6.583273204331122e-24
7.025863647466597e-24
7.498938578728144e-24
7.997985485534688e-24
8.515677384264675e-24
9.041351569137225e-24
9.56079575001822e-24
1.0056615008723268e-23
1.0509423303534816e-23
