1.5831759664313719e-24
1.7997979635486664e-24
2.0110617481617686e-24
2.2170899546888512e-24
2.4181632277899414e-24
2.6146376133959206e-24
2.806902696190703e-24
2.9953593094233905e-24
3.1804072877016917e-24
3.36243865212038e-24
3.541833867812983e-24
3.718959893945119e-24
3.8941693107405695e-24
4.067800100537735e-24
4.240175835839911e-24
4.411606111826029e-24
4.5823871301489876e-24
4.752802366905746e-24
4.9231232870731425e-24
5.093610074795519e-24
5.2645123642461495e-24
5.436069960413108e-24
5.608513537395268e-24
5.78206531614966e-24
5.956939714007543e-24
6.133343965669461e-24
6.311478717346351e-24
6.4915385912088034e-24
6.67371272167305e-24
6.858185266252008e-24
7.045135888232117e-24
7.234740215758851e-24
7.427170276402543e-24
7.622594910542425e-24
7.82118016161191e-24
8.023089647688457e-24
8.228484913269969e-24
8.437525764398498e-24
8.650370585977197e-24
8.867176644910752e-24
9.088100376996804e-24
9.313297663082347e-24
9.542924089322087e-24
9.777135198174013e-24
1.0016086727834524e-23
1.0259934841274425e-23
1.0508836346757378e-23
1.0762948909241235e-23
1.1022431253672946e-23
1.1287443361739989e-23
1.1558146661558505e-23
1.1834704211280123e-23
1.2117280876710033e-23
1.2406043505567407e-23
1.2701161094721343e-23
1.3002804954668723e-23
1.3311148871538492e-23
1.3626369262752004e-23
1.394864533266969e-23
1.4278159223996597e-23
1.4615096168207963e-23
1.495964463264295e-23
1.5311996467234563e-23
1.5672347049771347e-23
1.6040895429231747e-23
1.6417844470371096e-23
1.6803400995147162e-23
1.7197775926877888e-23
1.76011844308564e-23
1.8013846059497468e-23
1.8435984893705028e-23
1.8867829687690787e-23
1.9309614013821747e-23
1.9761576406750026e-23
2.0223960513142867e-23
2.069701523670852e-23
2.1180994890691145e-23
2.16761593462261e-23
2.2182774189913976e-23
2.270111087531519e-23
2.3231446881157062e-23
2.3774065872534856e-23
2.4329257861782552e-23
2.4897319374186854e-23
2.5478553613955535e-23
2.6073270636717555e-23
2.6681787519827377e-23
2.730442854236206e-23
2.7941525361239726e-23
2.859341719734004e-23
2.926045102131143e-23
2.994298174481151e-23
3.064137240806512e-23
3.135599438844135e-23
3.2087227595786424e-23
3.283546067833123e-23
3.360109123601295e-23
3.4384526037889467e-23
3.5186181230759094e-23
3.600648257427534e-23
3.6845865672404685e-23
3.770477619227358e-23
3.858367011730759e-23
3.948301399395512e-23
4.040328516144376e-23
4.1344972031620454e-23
4.2308574339060404e-23
4.329460340035634e-23
4.430358240449239e-23
4.533604667651239e-23
4.639254397644135e-23
4.7473634771640866e-23
4.857989257022785e-23
4.971190417776516e-23
5.0870270052599204e-23
5.205560460655755e-23
5.326853653680641e-23
5.450970914622196e-23
5.577978071110382e-23
5.707942480382934e-23
5.840933068555338e-23
5.97702036128213e-23
6.116276530306061e-23
6.258775421350191e-23
6.404592601000167e-23
6.553805393984151e-23
6.706492924739907e-23
6.862736158733217e-23
7.022617947647418e-23
7.186223067482119e-23
7.353638273722176e-23
7.524952333972319e-23
7.700256089506145e-23
7.879642489529916e-23
8.063206653656571e-23
8.251045915093947e-23
8.443259868522099e-23
8.639950430888635e-23
8.841221890510147e-23
9.047180968848378e-23
9.257936862644731e-23
9.473601321885871e-23
9.694288693257339e-23
9.920115984130648e-23
1.0151202931938951e-22
1.0387672060838091e-22
1.062964874044119e-22
1.0877261277536129e-22
1.1130640943089018e-22
1.1389922080289975e-22
1.1655242168465623e-22
1.1926741867098528e-22
1.2204565118617947e-22
1.2488859233144233e-22
1.2779774930657011e-22
1.3077466441158408e-22
1.3382091614901395e-22
1.369381194277204e-22
1.4012792682644898e-22
1.4339202980370855e-22
1.4673215840743446e-22
1.5015008396203839e-22
1.536476182459915e-22
1.5722661545059579e-22
1.608889731211878e-22
1.646366329751338e-22
1.6847158187790456e-22
1.7239585241986457e-22
1.7641152564632033e-22
1.8052073022102877e-22
1.847256445068825e-22
1.8902849755503233e-22
1.9343157057004442e-22
1.9793719810803924e-22
2.0254776792681138e-22
2.072657250664256e-22
2.120935699569139e-22
2.1703386177994843e-22
2.220892195617175e-22
2.2726232345999746e-22
2.325559152897797e-22
2.3797280122384013e-22
2.4351585295343537e-22
2.4918800756587408e-22
2.549922734321648e-22
2.6093172479765265e-22
2.670095125947333e-22
2.7322885590457773e-22
2.7959305249568216e-22
2.8610547509102503e-22
2.927695747093216e-22
2.9958888502827495e-22
3.0656701935291624e-22
3.1370767411596382e-22
3.2101463671559827e-22
3.2849177760262384e-22
3.3614305872749804e-22
3.439725365358233e-22
3.519843569736494e-22
3.601827688595582e-22
3.6857211337157985e-22
