7.331043230773298e-24
7.34081653267459e-24
7.350134321572587e-24
7.359015851144008e-24
7.367479496980937e-24
7.375542791070358e-24
7.383222454935445e-24
7.39053443144117e-24
7.397493915308497e-24
7.40411538235595e-24
7.41041261750777e-24
7.416398741585146e-24
7.42208623693317e-24
7.427486971890013e-24
7.432612224151235e-24
7.437472703045627e-24
7.442078570764084e-24
7.446439462558354e-24
7.450564505954172e-24
7.454462338997997e-24
7.458141127560098e-24
7.461608581738194e-24
7.464871971375292e-24
7.467938140703965e-24
7.47081352217769e-24
7.473504149470868e-24
7.476015669693775e-24
7.478353354838275e-24
7.48052211247315e-24
7.482526495697153e-24
7.484370712379432e-24
7.486058633713842e-24
7.487593802047885e-24
7.488979438093023e-24
7.490218447416447e-24
7.491313426338514e-24
7.492266667140796e-24
7.493080162674884e-24
7.493755610338256e-24
7.494294415424705e-24
7.494697693874233e-24
7.494966274405863e-24
7.495100700037039e-24
7.495101229021812e-24
7.494967835158635e-24
7.494700207492538e-24
7.494297749424595e-24
7.493759577204005e-24
7.493084517773239e-24
7.492271106047978e-24
7.491317581473098e-24
7.490221884039379e-24
7.488981649549508e-24
7.487594204298214e-24
7.486056558998047e-24
7.484365402061236e-24
7.48251709214842e-24
7.480507649958173e-24
7.478332749329181e-24
7.475987707437857e-24
7.473467474361906e-24
7.470766621625001e-24
7.467879330079407e-24
7.464799376641031e-24
7.461520120397003e-24
7.458034487475254e-24
7.454334955072257e-24
7.450413534370972e-24
7.446261752365918e-24
7.441870632573636e-24
7.437230674496348e-24
7.432331831889138e-24
7.427163489653188e-24
7.421714439362404e-24
7.415972853466373e-24
7.409926257709003e-24
7.403561502210064e-24
7.396864730747763e-24
7.389821348207592e-24
7.382415986313016e-24
7.37463246719976e-24
7.366453765063786e-24
7.357861965532692e-24
7.348838222687501e-24
7.339362713669077e-24
7.329414590585848e-24
7.318971929885495e-24
7.308011678375567e-24
7.296509596579002e-24
7.284440198539167e-24
7.271776688092864e-24
7.258490891469898e-24
7.244553186101466e-24
7.229932424787032e-24
7.214595855669587e-24
7.198509037396891e-24
7.181635749013313e-24
7.163937894397866e-24
7.145375401103883e-24
7.125906112586212e-24
7.105485674046832e-24
7.084067411032962e-24
7.06160220032144e-24
7.038038332984241e-24
7.013321368071828e-24
6.987393977765755e-24
6.960195781415195e-24
6.931663170150687e-24
6.901729118831258e-24
6.87032298602853e-24
6.837370301544388e-24
6.802792538239157e-24
6.766506870858025e-24
6.728425917086352e-24
6.688457462676944e-24
6.646504167540351e-24
6.602463254243708e-24
6.556226174975905e-24
6.507678258890905e-24
6.456698337036841e-24
6.403158346304862e-24
6.346922911179288e-24
6.2878489041199334e-24
6.2257849866122306e-24
6.160571133855067e-24
6.092038145884485e-24
6.020007154938299e-24
5.944289135957679e-24
5.864684439256957e-24
5.780982363467887e-24
5.692960802299073e-24
5.6003860089317855e-24
5.503012541372872e-24
5.4005834754520646e-24
5.29283101980543e-24
5.1794777071203574e-24
5.060238431996584e-24
4.934823708757014e-24
4.802944710375688e-24
4.664320901201229e-24
4.5186914801825066e-24
4.365832459194064e-24
4.205582152211191e-24
4.037879341163508e-24
3.862820739511578e-24
3.680748139110086e-24
3.4923815681339214e-24
3.2990240561159246e-24
3.102877214982521e-24
2.9075242271012028e-24
2.718649835706159e-24
2.5450437835616856e-24
2.3997864510516076e-24
2.3010834752769762e-24
2.2714802527411297e-24
2.334018558662244e-24
2.5061553143755194e-24
2.7959086643912358e-24
3.2036944271043906e-24
3.727659373435433e-24
4.368362205725085e-24
5.1313974545904994e-24
6.0287789969346885e-24
7.08020142865353e-24
8.314983429057972e-24
9.775376013464398e-24
1.1522163591701604e-23
1.364420903864743e-23
1.6275182705149612e-23
1.962423811722858e-23
2.40357200029711e-23
3.011426631100425e-23
3.9010559109012424e-23
5.313217325203932e-23
7.788183204927359e-23
1.2147211970063969e-22
1.4473608784789153e-22
1.0300671469126885e-22
7.060199780819474e-23
5.2455113170311325e-23
4.144063934866674e-23
3.410337043830028e-23
2.884585020241791e-23
2.4861877722592717e-23
2.170811465560104e-23
1.9123119897437466e-23
1.694413164120999e-23
1.5065750180074507e-23
1.341814281159641e-23
1.1955094319271459e-23
1.0647440397112945e-23
9.47973736522378e-24
8.449065986673186e-24
7.565209321625785e-24
6.85107021111202e-24
6.3409486412937205e-24
6.072987882674263e-24
6.0744197362128625e-24
6.347091884371687e-24
6.865914154014464e-24
7.591294218055389e-24
