3.1773010008218422e-24
3.175885145162207e-24
3.174576093526847e-24
3.1733653462743454e-24
3.172245106244272e-24
3.1712082202544555e-24
3.1702481254239896e-24
3.1693587999335064e-24
3.1685347178785908e-24
3.1677708078762202e-24
3.167062415133938e-24
3.1664052666879705e-24
3.1657954395594285e-24
3.1652293315862577e-24
3.1647036347117917e-24
3.1642153105192925e-24
3.1637615678390822e-24
3.1633398422420578e-24
3.162947777267436e-24
3.1625832072442416e-24
3.1622441415613746e-24
3.1619287502787977e-24
3.1616353509495924e-24
3.1613623965665588e-24
3.1611084645307054e-24
3.1608722465569908e-24
3.160652539433299e-24
3.160448236571722e-24
3.1602583202734205e-24
3.1600818546517525e-24
3.159917979160925e-24
3.159765902675366e-24
3.1596248980690404e-24
3.1594942972684446e-24
3.15937348671533e-24
3.159261903230854e-24
3.159159030226089e-24
3.1590643942454106e-24
3.1589775618010516e-24
3.158898136490715e-24
3.158825756361477e-24
3.158760091506248e-24
3.1587008418693933e-24
3.1586477352536766e-24
3.158600525505452e-24
3.158558990852619e-24
3.158522932417147e-24
3.1584921728444623e-24
3.158466555082087e-24
3.1584459412605898e-24
3.1584302117028374e-24
3.1584192640142855e-24
3.1584130123010058e-24
3.1584113864276597e-24
3.158414331417764e-24
3.1584218068712654e-24
3.158433786514387e-24
3.1584502577541126e-24
3.1584712213535563e-24
3.1584966911345533e-24
3.158526693746164e-24
3.1585612684906505e-24
3.1586004672017495e-24
3.158644354167706e-24
3.158693006117756e-24
3.1587465122295236e-24
3.1588049742101748e-24
3.158868506416899e-24
3.158937236005727e-24
3.159011303133716e-24
3.1590908612259964e-24
3.15917607724979e-24
3.1592671320696082e-24
3.1593642208252127e-24
3.1594675533462056e-24
3.1595773546524717e-24
3.1596938654619132e-24
3.1598173427856655e-24
3.159948060541833e-24
3.160086310220748e-24
3.1602324016701094e-24
3.1603866638293537e-24
3.1605494456391297e-24
3.1607211169484583e-24
3.160902069451581e-24
3.1610927178614745e-24
3.161293500916854e-24
3.161504882697396e-24
3.161727353890844e-24
3.1619614331620724e-24
3.162207668683688e-24
3.1624666397177288e-24
3.1627389583018843e-24
3.163025271056313e-24
3.163326261145317e-24
3.1636426504058516e-24
3.1639752014599474e-24
3.1643247201388013e-24
3.1646920580809997e-24
3.1650781153418473e-24
3.1654838433759448e-24
3.165910248026526e-24
3.1663583930966934e-24
3.1668294035384227e-24
3.1673244696933412e-24
3.167844850941366e-24
3.1683918803912654e-24
3.1689669695146006e-24
3.1695716129476934e-24
3.170207394212131e-24
3.1708759912735758e-24
3.1715791827098553e-24
3.1723188547284178e-24
3.1730970077599067e-24
3.1739157646083217e-24
3.1747773784726367e-24
3.1756842419150905e-24
3.1766388962337588e-24
3.1776440419379677e-24
3.1787025494735817e-24
3.1798174713225487e-24
3.180992054405828e-24
3.1822297542750403e-24
3.183534249302704e-24
3.1849094566402836e-24
3.1863595496833733e-24
3.187888975369056e-24
3.189502475667065e-24
3.191205106353355e-24
3.1930022618015053e-24
3.1948996988058573e-24
3.1969035622733332e-24
3.1990204145538754e-24
3.201257265215243e-24
3.2036216032437886e-24
3.2061214331935965e-24
3.2087653123049542e-24
3.2115623902657923e-24
3.214522452872752e-24
3.2176559678006268e-24
3.2209741354854222e-24
3.2244889407584097e-24
3.2282132093162904e-24
3.2321606695374707e-24
3.236346014532877e-24
3.240784974017699e-24
3.2454943829593157e-24
3.2504922638671968e-24
3.2557979035655134e-24
3.26143194611902e-24
3.2674164793554582e-24
3.2737751338812575e-24
3.280533186628157e-24
3.2877176608743875e-24
3.295357449659577e-24
3.3034834207202532e-24
3.312128543132712e-24
3.321328010815364e-24
3.3311193768880174e-24
3.341542675316303e-24
3.3526405657361814e-24
3.364458470042463e-24
3.377044707175195e-24
3.3904506228116016e-24
3.404730751789105e-24
3.419942921692131e-24
3.436148399317754e-24
3.453412009390219e-24
3.4718022518654685e-24
3.4913913900009724e-24
3.512255566541803e-24
3.534474860015924e-24
3.558133330489008e-24
3.5833190861217075e-24
3.610124252171403e-24
3.638644973139375e-24
3.668981382727127e-24
3.701237471510685e-24
3.7355209940838964e-24
3.7719433412907225e-24
3.810619261115618e-24
3.85166667606768e-24
3.895206395679606e-24
3.941361717852474e-24
3.990258124871969e-24
4.042022843637225e-24
4.096784240764947e-24
4.154671535638939e-24
4.215814082401623e-24
4.2803407236488816e-24
4.348379382469699e-24
4.420056155331662e-24
4.49549469137054e-24
4.574815541516076e-24
4.658135464300336e-24
4.7455663739470756e-24
4.837214915039193e-24
4.9331815353002876e-24
5.033559687528221e-24
5.138435237419756e-24
5.247885404825414e-24
