3.904357847236898e-24
3.716283969493397e-24
3.540202877052659e-24
3.375513989170103e-24
3.2216450761052316e-24
3.078051151173248e-24
2.9442133903046717e-24
2.8196380769562387e-24
2.7038555730011338e-24
2.5964193148523323e-24
2.496904836222063e-24
2.4049088183906706e-24
2.320048170013713e-24
2.2419591382237747e-24
2.170296453479399e-24
2.1047325102460922e-24
2.044956585385111e-24
1.9906740960181133e-24
1.9416058975124326e-24
1.897487622020422e-24
1.8580690567533427e-24
1.8231135604270454e-24
1.7923975156132185e-24
1.765709813753401e-24
1.742851369190756e-24
1.723634658160804e-24
1.7078832787547136e-24
1.6954315276752936e-24
1.6861239903066276e-24
1.67981514089712e-24
1.6763689503988178e-24
1.6756585002499777e-24
1.6775656008518623e-24
1.681980414653094e-24
1.6888010835930777e-24
1.697933361874984e-24
1.709290254812738e-24
1.722791664994081e-24
1.7383640469627507e-24
1.7559400718067495e-24
1.775458302642892e-24
1.7968628822266263e-24
1.8201032333419797e-24
1.845133772845144e-24
1.871913639643919e-24
1.9004064369202638e-24
1.930579988746174e-24
1.9624061108246694e-24
1.9958603953568105e-24
2.0309220094653077e-24
2.067573506887488e-24
2.1058006523671548e-24
2.1455922583191467e-24
2.1869400328875496e-24
2.229838439174082e-24
2.2742845648691604e-24
2.3202780014843588e-24
2.3678207332077133e-24
2.4169170339689572e-24
2.4675733730442647e-24
2.519798328010416e-24
2.5736025052404345e-24
2.6289984665532138e-24
2.6860006626106837e-24
2.7446253720913305e-24
2.8048906463906304e-24
2.8668162592791703e-24
2.9304236618170287e-24
2.9957359416398025e-24
3.0627777864804105e-24
3.1315754518043534e-24
3.2021567323961527e-24
3.274550937235495e-24
3.3487888682476365e-24
3.424902801613524e-24
3.5029264727335725e-24
3.5828950637922276e-24
3.6648451940446705e-24
3.748814912805007e-24
3.834843694794444e-24
3.922972438069626e-24
4.013243463905277e-24
4.105700519100395e-24
4.20038878018683e-24
4.2973548598185966e-24
4.396646814710033e-24
4.498314155803018e-24
4.602407860201384e-24
4.7089803842917395e-24
4.818085679167823e-24
4.9297792073812905e-24
5.044117961273949e-24
5.1611604827851366e-24
5.280966885079917e-24
5.4035988749094075e-24
5.529119777520874e-24
5.657594561638952e-24
5.7890898670925765e-24
5.923674033125741e-24
6.061417127870274e-24
6.20239097982972e-24
6.346669210219563e-24
6.494327266801452e-24
6.645442458628946e-24
6.800093993146957e-24
6.958363012978002e-24
7.12033263557409e-24
7.28608799343305e-24
7.455716275799664e-24
7.629306771204767e-24
7.806950912049022e-24
7.988742320145313e-24
8.174776854585555e-24
8.36515265751776e-24
8.559970207267816e-24
8.759332366784088e-24
8.96334443730038e-24
9.172114211970986e-24
9.385752031138469e-24
9.604370840504416e-24
9.828086246084103e-24
1.0057016578454996e-23
1.0291282951019775e-23
1.0531009323687787e-23
1.0776322568107832e-23
1.1027352532485054e-23
1.1284232111121111e-23
1.154709731305536e-23
1.1816087332006219e-23
1.2091344623265218e-23
1.2373014971233946e-23
1.2661247574160492e-23
1.2956195118683438e-23
1.325801385798038e-23
1.3566863697274114e-23
1.388290827819585e-23
1.420631506272465e-23
1.4537255422349336e-23
1.4875904730517532e-23
1.5222442449839068e-23
1.5577052232678935e-23
1.593992201714615e-23
1.631124412175206e-23
1.6691215350617727e-23
1.7080037098885808e-23
1.747791545684749e-23
1.7885061319327705e-23
1.8301690495824818e-23
1.8728023825837018e-23
1.916428729869637e-23
1.9610712166832997e-23
2.006753507287232e-23
2.053499817474713e-23
2.1013349273252648e-23
2.1502841937886607e-23
2.2003735648465908e-23
2.251629592829724e-23
2.3040794490263072e-23
2.3577509372208934e-23
2.4126725087879764e-23
2.468873277847835e-23
2.5263830370816153e-23
2.5852322718471693e-23
2.6454521792563516e-23
2.707074680864446e-23
2.7701324435577654e-23
2.8346588934145115e-23
2.900688234732937e-23
2.968255471527462e-23
3.0373964179461066e-23
3.108147724851458e-23
3.1805468961442076e-23
3.254632309644254e-23
3.330443232863877e-23
3.4080198537650677e-23
3.487403289594033e-23
3.5686356187111206e-23
3.6517598982159006e-23
3.7368201865269885e-23
3.8238615686460426e-23
3.91293017914861e-23
4.0040732208544664e-23
4.097339004074055e-23
4.1927769602395324e-23
4.290437664267207e-23
4.3903728780166044e-23
4.4926355582124873e-23
4.597279919571695e-23
4.704361388885576e-23
4.8139367257324716e-23
4.926063983869015e-23
5.040802596188259e-23
5.158213361384389e-23
5.278358459225681e-23
5.401301582613542e-23
5.527107867895894e-23
5.655843958429537e-23
5.78757806766004e-23
5.922379950393481e-23
6.060321028961028e-23
6.201474469783569e-23
