1.5762288223840326e-24
1.5348433814427788e-24
1.4957615476918132e-24
1.4588754466741087e-24
1.4240812321590494e-24
1.3912789447192944e-24
1.3603723853469426e-24
1.3312690027480883e-24
1.3038797929220956e-24
1.2781192094928096e-24
1.2539050830543626e-24
1.2311585481934376e-24
1.2098039763836188e-24
1.1897689133536499e-24
1.170984019490398e-24
1.153383011946161e-24
1.1369026074141182e-24
1.121482464389768e-24
1.1070651243385588e-24
1.0935959510043895e-24
1.0810230674565949e-24
1.0692972906278583e-24
1.0583720631163604e-24
1.0482033825352092e-24
1.0387497281592311e-24
1.029971985566881e-24
1.021833369247587e-24
1.0142993438172103e-24
1.0073375440456564e-24
1.0009176944183357e-24
9.95011528489737e-25
9.895927085365961e-25
9.846367459986994e-25
9.801209230887787e-25
9.760242159186215e-25
9.723272195337334e-25
9.690120750975249e-25
9.660623995528161e-25
9.634632179055015e-25
9.612008982400202e-25
9.592630898535537e-25
9.576386642495318e-25
9.563176593139772e-25
9.552912265509093e-25
9.545515814831332e-25
9.540919570477185e-25
9.539065600364954e-25
9.539905305591188e-25
9.543399041971903e-25
9.549515770724277e-25
9.558232733969095e-25
9.56953515657303e-25
9.583415970286682e-25
9.599875560881789e-25
9.618921535968237e-25
9.640568509533264e-25
9.664837907986559e-25
9.691757789380135e-25
9.721362676706196e-25
9.753693402888073e-25
9.788796970510234e-25
9.826726416022827e-25
9.867540683242385e-25
9.911304504956217e-25
9.958088281898877e-25
1.0007967975639523e-24
1.006102498887924e-24
1.0117346058525653e-24
1.017702313716267e-24
1.0240153277065473e-24
1.0306838507470724e-24
1.0377185708376488e-24
1.0451306476808226e-24
1.0529316987484859e-24
1.0611337841664027e-24
1.0697493914896477e-24
1.0787914192562027e-24
1.0882731593877014e-24
1.0982082796379443e-24
1.108610804465826e-24
1.1194950954280995e-24
1.1308758312799265e-24
1.1427679874038277e-24
1.15518681440583e-24
1.168147816816592e-24
1.1816667325444184e-24
1.1957595106763944e-24
1.2104422909669271e-24
1.2257313837499065e-24
1.2416432503599896e-24
1.2581944831004525e-24
1.2754017900363595e-24
1.2932819764301304e-24
1.3118519315907869e-24
1.331128615907173e-24
1.3511290490563895e-24
1.3718703022878994e-24
1.3933694909710837e-24
1.4156437702988055e-24
1.4387103332492882e-24
1.4625864119345595e-24
1.4872892788864327e-24
1.512836254420571e-24
1.5392447120199821e-24
1.5665320911348885e-24
1.5947159067229362e-24
1.623813766874335e-24
1.6538433871152726e-24
1.6848226103324516e-24
1.7167694254741693e-24
1.7497019920218633e-24
1.7836386610679065e-24
1.8185980009927583e-24
1.8545988225290816e-24
1.891660206463721e-24
1.9298015290570017e-24
1.969042491068068e-24
2.0094031461300774e-24
2.0509039282562116e-24
2.0935656819595714e-24
2.1374096880923e-24
2.1824576944990866e-24
2.228731944113602e-24
2.2762552009428948e-24
2.3250507791487057e-24
2.3751425702941626e-24
2.4265550673775558e-24
2.4793133924186364e-24
2.533443323718267e-24
2.588971317895508e-24
2.6459245340354673e-24
2.704330860775839e-24
2.7642189358054847e-24
2.8256181704130087e-24
2.888558773614514e-24
2.9530717684720188e-24
3.0191890220309237e-24
3.0869432588105064e-24
3.156368085851238e-24
3.2274980132404608e-24
3.300368476080579e-24
3.375015849808925e-24
3.4514774767389346e-24
3.5297916845181446e-24
3.609997806269215e-24
3.6921362044564124e-24
3.776248287784477e-24
3.862376536541579e-24
3.950564521883221e-24
4.0408569291861275e-24
4.13329958238078e-24
4.22793947334415e-24
4.324824772817808e-24
4.4240048579649475e-24
4.5255303616126336e-24
4.629453165839531e-24
4.735826451253426e-24
4.844704719760398e-24
4.95614383616611e-24
5.070201043547779e-24
5.186935009480648e-24
5.306405858914568e-24
5.428675212703219e-24
5.553806228330213e-24
5.6818636445435494e-24
5.812913820206595e-24
5.947024789084457e-24
6.0842663179953634e-24
6.224709946792356e-24
6.368429062121083e-24
6.5154989335822075e-24
6.665996843381076e-24
6.820002074417715e-24
6.977596076807578e-24
7.138862477943053e-24
7.303887231825743e-24
7.472758690310526e-24
7.645567714402527e-24
7.82240779691989e-24
8.003375184156365e-24
8.188569047891106e-24
8.378091575179245e-24
8.572048173651598e-24
8.770547644006319e-24
8.973702341160311e-24
9.181628482389683e-24
9.394446242315897e-24
9.612280082437503e-24
9.835259015812423e-24
1.0063516849694409e-23
1.029719260866763e-23
1.0536430701136987e-23
1.0781381587832024e-23
1.1032201825501855e-23
1.1289054784495012e-23
1.1552110928099598e-23
1.1821548564791642e-23
1.2097554121466092e-23
1.2380323010006444e-23
1.2670059986503877e-23
1.2966980061066194e-23
