6.188670836418219e-23
6.189280573022886e-23
6.189854946439337e-23
6.190395175508928e-23
6.190902406602701e-23
6.191377716056403e-23
6.191822112458283e-23
6.192236538790066e-23
6.192621874431583e-23
6.192978937027929e-23
6.193308484227407e-23
6.193611215289449e-23
6.193887772571026e-23
6.194138742890415e-23
6.19436465877413e-23
6.194565999587846e-23
6.194743192554148e-23
6.194896613661187e-23
6.195026588459942e-23
6.195133392756844e-23
6.195217253199126e-23
6.195278347757403e-23
6.195316806102363e-23
6.195332709881692e-23
6.195326092894032e-23
6.195296941159846e-23
6.195245192894221e-23
6.195170738374315e-23
6.195073419708257e-23
6.194953030499692e-23
6.19480931541113e-23
6.194641969621968e-23
6.19445063818178e-23
6.194234915258416e-23
6.193994343276532e-23
6.193728411947213e-23
6.193436557185743e-23
6.193118159914478e-23
6.192772544750263e-23
6.192398978571605e-23
6.191996668962693e-23
6.191564762532666e-23
6.191102343106335e-23
6.190608429778149e-23
6.190081974832866e-23
6.189521861522786e-23
6.188926901696419e-23
6.188295833280558e-23
6.187627317599723e-23
6.186919936537711e-23
6.186172189528554e-23
6.185382490371151e-23
6.184549163865279e-23
6.183670442256612e-23
6.182744461484677e-23
6.181769257227069e-23
6.180742760736145e-23
6.179662794443194e-23
6.178527067338478e-23
6.177333170111652e-23
6.176078570039904e-23
6.174760605607192e-23
6.173376480863219e-23
6.171923259484206e-23
6.1703978585448e-23
6.168797041970143e-23
6.167117413673666e-23
6.165355410342511e-23
6.163507293879242e-23
6.161569143466563e-23
6.159536847237699e-23
6.15740609355709e-23
6.155172361862985e-23
6.1528309130693e-23
6.15037677950893e-23
6.14780475437857e-23
6.145109380687062e-23
6.142284939678067e-23
6.139325438670328e-23
6.136224598343674e-23
6.132975839392696e-23
6.129572268567687e-23
6.126006664022709e-23
6.122271459974462e-23
6.118358730642788e-23
6.114260173404544e-23
6.109967091142138e-23
6.10547037378864e-23
6.100760478960494e-23
6.095827411666977e-23
6.090660703073725e-23
6.085249388266586e-23
6.079581982904062e-23
6.073646458845218e-23
6.067430218556236e-23
6.060920068289932e-23
6.054102190079245e-23
6.046962112314991e-23
6.039484678930844e-23
6.031654017204849e-23
6.023453503939408e-23
6.014865730110893e-23
6.005872463722822e-23
5.996454611109563e-23
5.986592176143398e-23
5.976264217715002e-23
5.965448805015161e-23
5.95412297094178e-23
5.942262662887326e-23
5.92984269167035e-23
5.916836677678324e-23
5.903216994517622e-23
5.888954710120839e-23
5.874019524795497e-23
5.858379706736024e-23
5.842002023747927e-23
5.824851672554695e-23
5.806892204104448e-23
5.788085445426676e-23
5.768391418011632e-23
5.747768251815495e-23
5.726172095572732e-23
5.703557022409352e-23
5.679874931150209e-23
5.655075442852907e-23
5.629105791930681e-23
5.601910712479184e-23
5.573432318873599e-23
5.54360998015468e-23
5.512380189094773e-23
5.479676423576472e-23
5.445429002362682e-23
5.409564932572142e-23
5.372007750452728e-23
5.332677352731735e-23
5.291489821562369e-23
5.2483572378692146e-23
5.2031874869369584e-23
5.155884052570921e-23
5.106345800894286e-23
5.054466752050741e-23
5.0001358401261186e-23
4.9432366562560954e-23
4.8836471832482635e-23
4.8212395065058655e-23
4.7558795124945253e-23
4.6874265661773575e-23
4.615733166120292e-23
4.5406445773450046e-23
4.461998432834439e-23
4.3796243060687615e-23
4.293343245871162e-23
4.2029672684166084e-23
4.1082987948698547e-23
4.009130025196732e-23
3.905242235038462e-23
3.7964049653209536e-23
3.682375094327101e-23
3.562895719589923e-23
3.4376948179540647e-23
3.3064835876683186e-23
3.1689543192455106e-23
3.0247776199859106e-23
2.8735986381889736e-23
2.715031777456517e-23
2.5486529911566485e-23
2.3739881069666044e-23
2.1904943380519977e-23
1.9975295254253314e-23
1.7942980111498165e-23
1.5797488974774578e-23
1.3523687146105594e-23
1.1097138742064532e-23
8.472077632998759e-24
5.544824683660772e-24
2.0585529845516135e-24
5.3053847223942715e-24
1.1557119833134551e-23
1.1682427911768995e-24
5.1243737841364246e-24
8.933937121631212e-24
1.2655287829419818e-23
1.642666410242414e-23
2.0307548974403428e-23
2.4330119146361814e-23
2.8515504785236314e-23
3.287984577634188e-23
3.7436894560903364e-23
4.219926668958996e-23
4.71790992144158e-23
5.2388425552670966e-23
5.783940522424087e-23
6.354447485034895e-23
6.951645405632435e-23
7.576862637326702e-23
8.231480339350559e-23
8.916938108724345e-23
9.63473887141298e-23
1.0386453745688732e-22
1.1173726518742155e-22
1.199827823054688e-22
