3.426491018506994e-24
3.2516980622195845e-24
3.0852967455482756e-24
2.926921618488004e-24
2.7762239262928008e-24
2.6328708979859833e-24
2.496545074324059e-24
2.36694367371951e-24
2.24377799499585e-24
2.126772855719644e-24
2.015666064584824e-24
1.9102079265510178e-24
1.810160779052403e-24
1.7152985571395877e-24
1.6254063857121432e-24
1.5402801957964155e-24
1.4597263618713357e-24
1.383561356324346e-24
1.3116114162526752e-24
1.243712216984732e-24
1.1797085455015966e-24
1.1194539657852116e-24
1.0628104666992574e-24
1.009648081883403e-24
9.598444700771625e-25
9.13284443385704e-25
8.698594313032287e-25
8.29466869336594e-25
7.9200950323999135e-25
7.573946046676584e-25
7.25533100513064e-25
6.963386264590881e-25
6.697265270471821e-25
6.456128356024098e-25
6.239132799243668e-25
6.045423692660926e-25
5.874126239488746e-25
5.724340079821788e-25
5.595136167474176e-25
5.485556552376621e-25
5.394617189592579e-25
5.321313629195541e-25
5.26462917957054e-25
5.2235449120038445e-25
5.197050742142634e-25
5.184156773786409e-25
5.183904149412311e-25
5.195374772406662e-25
5.217699448394911e-25
5.250064181101753e-25
5.291714537091688e-25
5.341958150084954e-25
5.400165538836947e-25
5.465769484911392e-25
5.538263247024049e-25
5.617197890445431e-25
5.7021789914661e-25
5.792862945203298e-25
5.888953068318432e-25
5.990195649149474e-25
6.096376063489732e-25
6.2073150393904755e-25
6.322865130699926e-25
6.442907434840717e-25
6.567348573879355e-25
6.696117946011574e-25
6.829165242616854e-25
6.966458222252415e-25
7.107980726562252e-25
7.253730922291686e-25
7.403719749583795e-25
7.557969559632412e-25
7.716512922102726e-25
7.879391587075001e-25
8.046655582382307e-25
8.218362433085692e-25
8.39457648932573e-25
8.575368347159822e-25
8.760814355845769e-25
8.950996197299698e-25
9.146000529683696e-25
9.345918688366413e-25
9.550846436175198e-25
9.760883756751837e-25
9.976134685103325e-25
1.0196707172383134e-24
1.042271297834072e-24
1.065426758986249e-24
1.089149015976701e-24
1.1134503467459178e-24
1.138343389433977e-24
1.1638411415082832e-24
1.1899569600733075e-24
1.2167045634757144e-24
1.2440980339639322e-24
1.2721518209377555e-24
1.3008807454396601e-24
1.330300005067336e-24
1.3604251795963257e-24
1.3912722373142073e-24
1.42285754171897e-24
1.4551978590124077e-24
1.4883103656981655e-24
1.5222126567590956e-24
1.5569227544816255e-24
1.5924591173352352e-24
1.6288406494382785e-24
1.666086710130078e-24
1.704217124299968e-24
1.7432521930212676e-24
1.7832127037859037e-24
1.8241199421663402e-24
1.8659957031650232e-24
1.9088623029339457e-24
1.9527425912363205e-24
1.997659963916139e-24
2.043638375039252e-24
2.090702351729783e-24
2.1388770059354384e-24
2.1881880499964226e-24
2.238661809859288e-24
2.2903252406469283e-24
2.3432059406480132e-24
2.3973321691641144e-24
2.4527328598435846e-24
2.5094376386195585e-24
2.567476840532781e-24
2.6268815267389536e-24
2.687683501979243e-24
2.7499153341378053e-24
2.8136103713973614e-24
2.878802763735111e-24
2.9455274788766172e-24
3.0138203293841586e-24
3.083717985343077e-24
3.1552580040695344e-24
3.2284788473355953e-24
3.3034199034115268e-24
3.3801215175024206e-24
3.458625006430073e-24
3.538972692943807e-24
3.621207922484077e-24
3.705375099451032e-24
3.791519705886035e-24
3.8796883350422375e-24
3.969928716782548e-24
4.06228974910284e-24
4.156821533907021e-24
4.2535754008352994e-24
4.352603943102253e-24
4.453961052342858e-24
4.557701956808e-24
4.663883251405632e-24
4.772562939110179e-24
4.883800465981623e-24
4.997656774886953e-24
5.114194322531494e-24
5.2334771483169314e-24
5.355570901164134e-24
5.48054288638471e-24
5.60846214311394e-24
5.739399434992354e-24
5.87342735903457e-24
6.010620374345887e-24
6.151054863646323e-24
6.294809168475798e-24
6.441963676017487e-24
6.592600911324948e-24
6.746805491368214e-24
6.904664310012346e-24
7.066266590163985e-24
7.231703875694713e-24
7.401070168572715e-24
7.574462057880306e-24
7.751978689873829e-24
7.933721914051877e-24
8.11979640954775e-24
8.310309700132638e-24
8.505372323110277e-24
8.705097954210861e-24
8.909603293068168e-24
9.119008544681927e-24
9.333437221419422e-24
9.553016450872492e-24
9.77787695636759e-24
1.000815343037488e-23
1.0243984381020394e-23
1.0485512514215013e-23
1.0732884691821012e-23
1.0986252381686576e-23
1.1245771555424913e-23
1.151160297649355e-23
1.17839124016128e-23
1.2062870813140014e-23
1.2348654522259728e-23
1.2641445509824451e-23
1.294143180221382e-23
1.3248807129863647e-23
1.3563771847061263e-23
1.3886533120747255e-23
1.421730467706584e-23
