4.26859739319236e-24
4.297270662462162e-24
4.324517899242245e-24
4.350394141708888e-24
4.374951829018506e-24
4.3982408752593076e-24
4.4203087429742764e-24
4.44120051573172e-24
4.460958969271296e-24
4.479624640864912e-24
4.497235896641023e-24
4.5138289965947795e-24
4.529438157169319e-24
4.544095611237812e-24
4.5578316654050875e-24
4.570674754541258e-24
4.5826514935136625e-24
4.593786726094874e-24
4.604103570970858e-24
4.613623464906465e-24
4.622366203055283e-24
4.630349976360346e-24
4.637591406156453e-24
4.644105575897887e-24
4.6499060600794956e-24
4.6550049503640394e-24
4.659412878900368e-24
4.663139038907285e-24
4.666191202487195e-24
4.668575735676977e-24
4.670297610848923e-24
4.671360416336686e-24
4.6717663633883416e-24
4.671516290400558e-24
4.670609664503747e-24
4.669044580415773e-24
4.6668177565934706e-24
4.663924528762811e-24
4.660358840637851e-24
4.6561132319946576e-24
4.651178824008335e-24
4.645545301806371e-24
4.639200894325223e-24
4.632132351339704e-24
4.62432491768526e-24
4.615762304730959e-24
4.606426658910718e-24
4.596298527495642e-24
4.58535682143495e-24
4.5735787752686695e-24
4.5609399042468065e-24
4.547413958402198e-24
4.532972873834369e-24
4.517586721023763e-24
4.5012236503015315e-24
4.483849834496109e-24
4.465429408769387e-24
4.44592440784653e-24
4.4252947005922734e-24
4.403497922220848e-24
4.380489404364232e-24
4.356222103015113e-24
4.330646525046073e-24
4.303710653401649e-24
4.2753598717287914e-24
4.2455368888710906e-24
4.2141816642016494e-24
4.18123133488549e-24
4.146620146039321e-24
4.1102793858103196e-24
4.0721373266759035e-24
4.032119176309767e-24
3.990147040045285e-24
3.946139899518965e-24
3.900013611832696e-24
3.851680935257922e-24
3.801051589171651e-24
3.748032357421222e-24
3.692527247657526e-24
3.634437721850646e-24
3.573663017831921e-24
3.510100588100665e-24
3.443646689127372e-24
3.374197165117923e-24
3.3016484849971047e-24
3.2258991097384875e-24
3.1468512941962943e-24
3.0644134653122927e-24
2.9785033690397787e-24
2.8890522539232217e-24
2.79601046332144e-24
2.6993549617766916e-24
2.5990995431267915e-24
2.49530879642141e-24
2.3881173864807072e-24
2.277756924056264e-24
2.164593748156684e-24
2.0491824567633026e-24
1.9323421009906728e-24
1.8152645118708957e-24
1.6996664906886385e-24
1.5879968450081595e-24
1.4836981308512557e-24
1.3914853977672324e-24
1.3175162672139938e-24
1.269187001506944e-24
1.2542153397184125e-24
1.2789641676838878e-24
1.346726983047332e-24
1.4571434413789427e-24
1.6071169466217455e-24
1.792399124671728e-24
2.0088532089594e-24
2.2530722650929815e-24
2.522520906617892e-24
2.8154511301067354e-24
3.1307525521356503e-24
3.4678082093898205e-24
3.8263778970785204e-24
4.2065105279814225e-24
4.6084805566816765e-24
5.032742644721045e-24
5.4798996268043204e-24
5.950680033801018e-24
6.445922460578943e-24
6.966564876721596e-24
7.51363752135042e-24
8.088258460145554e-24
8.691631125720078e-24
9.325043389127042e-24
9.989867833568485e-24
1.0687562981368975e-23
1.1419675332745997e-23
1.2187842086895494e-23
1.2993794448419726e-23
1.3839361511828866e-23
1.4726474645357212e-23
1.5657172354248532e-23
1.6633605662347395e-23
1.7658043957368646e-23
1.8732881344512348e-23
1.9860643523734487e-23
2.1043995166551888e-23
2.2285747928605203e-23
2.358886897368343e-23
2.4956490202359114e-23
2.6391918145374114e-23
2.7898644550991094e-23
2.9480357801149927e-23
3.1140955178291556e-23
3.288455594765884e-23
3.471551556960941e-23
3.663844084530714e-23
3.865820634712289e-23
4.077997191622379e-23
4.300920167366835e-23
4.5351684494329904e-23
4.7813555990396215e-23
5.0401322210037236e-23
5.31218854419105e-23
5.598257178783719e-23
5.899116124087536e-23
6.215591987378285e-23
6.54856351274051e-23
6.898965340014455e-23
7.26779213673408e-23
7.65610302270485e-23
8.065026395838526e-23
8.495765140179413e-23
8.94960227816823e-23
9.427907066567411e-23
9.932141687430936e-23
1.0463868341241442e-22
1.102475705616348e-22
1.1616594037192746e-22
1.224129073397955e-22
1.2900893627574426e-22
1.3597594573536878e-22
1.4333742197400898e-22
1.5111853691943745e-22
1.5934627714652036e-22
1.6804957857235004e-22
1.7725946486262848e-22
1.8700919883882835e-22
1.9733442613606473e-22
2.0827333204865396e-22
2.1986678496372466e-22
2.3215848000719414e-22
2.451950592248536e-22
2.5902621157250173e-22
2.73704734455596e-22
2.8928653647316724e-22
3.058305529821614e-22
3.233985843620182e-22
3.420549272995398e-22
3.6186588379975375e-22
3.8289895467157e-22
4.0522170711431336e-22
4.289002541039855e-22
4.539971211669069e-22
4.805685479673052e-22
