4.816136797030373e-24
3.788167829618665e-24
2.8215085642746993e-24
1.9142017200622497e-24
1.0646837851770486e-24
2.7548190968259464e-25
4.777187170437317e-25
1.1640391229899125e-24
1.8015536793810226e-24
2.3900011759568823e-24
2.9303976472773837e-24
3.4238158503291e-24
3.871267521693296e-24
4.273679594013374e-24
4.631888168293402e-24
4.946637207555194e-24
5.218578711000505e-24
5.448273354666869e-24
5.6361912267971754e-24
5.782712505099895e-24
5.888128006654896e-24
5.952639576309989e-24
5.976360297310029e-24
5.959314513411358e-24
5.901437658439796e-24
5.802575890491975e-24
5.662485531863398e-24
5.48083231933102e-24
5.257190476326636e-24
4.99104163251258e-24
4.681773643469679e-24
4.328679423986106e-24
3.930956049923263e-24
3.4877047504686124e-24
2.997933471171762e-24
2.4605672959111285e-24
1.8744874288555796e-24
1.2387140268380636e-24
5.540683139459257e-25
2.1387584895911944e-25
9.956369716861696e-25
1.8475339748841688e-24
2.7593426977339168e-24
3.732387454977988e-24
4.768733082731025e-24
5.8707168355542344e-24
7.040872828105787e-24
8.281916951301776e-24
9.596746990795991e-24
1.0988448002448955e-23
1.246030009656473e-23
1.4015787674686983e-23
1.565860977272135e-23
1.7392691392138926e-23
1.9222195800638066e-23
2.1151537827334256e-23
2.318539820815361e-23
2.5328739050252504e-23
2.758682050279029e-23
2.996521873036056e-23
3.246984529935439e-23
3.5106968099010017e-23
3.7883233937372766e-23
4.0805692958666415e-23
4.3881825059028106e-23
4.71195684792966e-23
5.052735079443175e-23
5.411412252885535e-23
5.788939365056841e-23
6.186327325549055e-23
6.60465127489531e-23
7.04505528989628e-23
7.508757517525205e-23
7.997055782546059e-23
8.511333722682066e-23
9.053067507935696e-23
9.623833212567091e-23
1.0225314913821447e-22
1.0859313603243098e-22
1.1527757007830114e-22
1.2232710432344517e-22
1.297638874710762e-22
1.3761169671886367e-22
1.458960851221762e-22
1.546445455295811e-22
1.6388669314479235e-22
1.7365446941046176e-22
1.8398237006198401e-22
1.9490770082707097e-22
2.0647086478520603e-22
2.187156860815237e-22
2.3168977540667667e-22
2.454449438041359e-22
2.6003767242463467e-22
2.7552964711308516e-22
2.9198836886651776e-22
3.0948785267081646e-22
3.2810943032867888e-22
3.4794267569504326e-22
3.6908647471430883e-22
3.916502673646506e-22
4.157554947874319e-22
4.415372922053646e-22
4.691464778707967e-22
4.987518998737347e-22
5.305432193866757e-22
5.64734226367773e-22
6.015668124118513e-22
6.413157566077436e-22
6.8429452524172555e-22
7.308623471409958e-22
7.814329015343707e-22
8.364850667336493e-22
8.965763212218413e-22
9.623595962201702e-22
1.0346046603067233e-21
1.1142255268900043e-21
1.2023159599740937e-21
1.3001960140210835e-21
1.4094738280676472e-21
1.532128840885192e-21
1.6706256240708918e-21
1.828072324421642e-21
2.0084455515455147e-21
2.2169166168932832e-21
2.460336776220588e-21
2.7479797965526422e-21
3.0927164507603414e-21
3.512945348850728e-21
4.035916249788744e-21
4.703776429997137e-21
5.5853517348971196e-21
6.801187420070737e-21
8.583230550592162e-21
1.1441526632343251e-20
1.6754557614903254e-20
2.990604328962765e-20
9.80320565674878e-20
5.42894375292647e-20
2.4528575631092654e-20
1.5955558335656604e-20
1.1945228497604421e-20
9.62787202518656e-21
8.120450935311376e-21
7.062546918048104e-21
6.2798087883998376e-21
5.677665709334352e-21
5.2003964165060865e-21
4.813043761141853e-21
4.492568878902459e-21
4.2231712580256955e-21
3.993652977669404e-21
3.7958562090527714e-21
3.6236966669790806e-21
3.472543687441724e-21
3.3388101039585534e-21
3.219673522894446e-21
3.112882374853028e-21
3.0166181002561495e-21
2.9293954159013285e-21
2.849988893896333e-21
2.777378113020926e-21
2.7107061168579938e-21
2.6492475643861263e-21
2.5923840172210127e-21
2.5395845805856927e-21
2.490390578171633e-21
2.4444033236617342e-21
2.4012742699730536e-21
2.3606970175165593e-21
2.322400787043074e-21
2.2861450478139967e-21
2.2517150658792193e-21
2.2189182017614287e-21
2.187580797768373e-21
2.1575455653071885e-21
2.1286693666934506e-21
2.10082132681583e-21
2.073881213288922e-21
2.0477380550552194e-21
2.0222889346265844e-21
1.9974379502197896e-21
1.9730953050464504e-21
1.949176510623807e-21
1.9256016889562882e-21
1.9022949488199844e-21
1.8791838372278664e-21
1.8561988463507587e-21
1.833272971612491e-21
1.810341314680262e-21
1.7873407203916435e-21
1.7642094491822146e-21
1.740886872040204e-21
1.717313192954397e-21
1.6934291911409867e-21
1.6691759785683026e-21
1.6444947725151436e-21
1.6193266817349442e-21
1.5936125016753599e-21
1.567292518668459e-21
1.5403063277843925e-21
