7.712022031712992e-22
7.712117584995267e-22
7.712204328099793e-22
7.712282445183761e-22
7.712352102092853e-22
7.7124134467139885e-22
7.712466609291347e-22
7.712511702701858e-22
7.712548822697135e-22
7.7125780481061575e-22
7.712599441005166e-22
7.712613046847966e-22
7.712618894564424e-22
7.712616996621658e-22
7.712607349051079e-22
7.712589931441581e-22
7.712564706894125e-22
7.7125316219474525e-22
7.712490606461353e-22
7.7124415734713505e-22
7.712384419001234e-22
7.71231902184758e-22
7.712245243318515e-22
7.712162926939017e-22
7.71207189812563e-22
7.711971963807851e-22
7.711862912027473e-22
7.711744511479523e-22
7.711616511031271e-22
7.711478639182066e-22
7.711330603492442e-22
7.711172089960973e-22
7.711002762358676e-22
7.710822261518471e-22
7.710630204570337e-22
7.710426184129009e-22
7.7102097674321535e-22
7.709980495419561e-22
7.709737881763926e-22
7.70948141183199e-22
7.70921054160051e-22
7.708924696496545e-22
7.70862327018153e-22
7.708305623264117e-22
7.707971081940957e-22
7.707618936574511e-22
7.707248440178434e-22
7.706858806841297e-22
7.706449210051062e-22
7.706018780946348e-22
7.705566606478354e-22
7.705091727460011e-22
7.704593136540663e-22
7.704069776068833e-22
7.703520535845207e-22
7.702944250763984e-22
7.702339698351644e-22
7.701705596159888e-22
7.701040599054585e-22
7.700343296354617e-22
7.699612208842147e-22
7.698845785624305e-22
7.698042400843439e-22
7.697200350219318e-22
7.696317847435038e-22
7.69539302036025e-22
7.6944239070543e-22
7.693408451620983e-22
7.692344499845356e-22
7.691229794603618e-22
7.690061971085316e-22
7.688838551787452e-22
7.687556941230309e-22
7.686214420456189e-22
7.684808141277797e-22
7.683335120198106e-22
7.681792232106514e-22
7.680176203625995e-22
7.678483606183332e-22
7.676710848697587e-22
7.67485416999587e-22
7.672909630798167e-22
7.670873105352303e-22
7.668740272700337e-22
7.666506607483353e-22
7.6641673703153035e-22
7.6617175977491845e-22
7.659152091717131e-22
7.656465408491522e-22
7.65365184712301e-22
7.65070543733685e-22
7.647619926823088e-22
7.644388767977503e-22
7.641005103991666e-22
7.637461754257502e-22
7.633751199121059e-22
7.629865563914143e-22
7.625796602175404e-22
7.621535678153803e-22
7.617073748441935e-22
7.612401342720079e-22
7.607508543691607e-22
7.602384965857636e-22
7.597019733562529e-22
7.5914014577794015e-22
7.585518211834042e-22
7.579357506172244e-22
7.57290626159102e-22
7.566150781591028e-22
7.559076722931845e-22
7.551669065452105e-22
7.543912079668305e-22
7.535789293616902e-22
7.527283457587142e-22
7.518376507269585e-22
7.509049525340858e-22
7.4992827011521255e-22
7.489055288313121e-22
7.478345560538353e-22
7.467130765224281e-22
7.455387074866448e-22
7.44308953595686e-22
7.430212016207939e-22
7.416727147886434e-22
7.40260626957979e-22
7.387819365308314e-22
7.372334999773004e-22
7.356120250698785e-22
7.339140638767069e-22
7.321360053873103e-22
7.302740676464582e-22
7.283242897536217e-22
7.262825232787951e-22
7.241444233325803e-22
7.2190543922474345e-22
7.195608046709681e-22
7.171055274304909e-22
7.145343786012295e-22
7.118418812394693e-22
7.090222985221283e-22
7.06069621283733e-22
7.029775549786987e-22
6.997395059021569e-22
6.963485668848389e-22
6.927975021154007e-22
6.890787313499979e-22
6.851843131938401e-22
6.811059275602643e-22
6.768348574646133e-22
6.723619694345688e-22
6.676776932586303e-22
6.627720006805507e-22
6.576343826580929e-22
6.522538257412295e-22
6.466187870008239e-22
6.407171674540868e-22
6.34536284411184e-22
6.280628416047918e-22
6.212828980734109e-22
6.141818349987236e-22
6.067443202287809e-22
5.989542710866794e-22
5.907948136164606e-22
5.822482403228405e-22
5.732959636526568e-22
5.639184657367834e-22
5.540952453515303e-22
5.438047576105431e-22
5.33024350489635e-22
5.217301916953629e-22
5.098971887493579e-22
4.974988990014027e-22
4.845074235318213e-22
4.708932869705727e-22
4.566252927993683e-22
4.41670350461748e-22
4.259932593299347e-22
4.095564388126558e-22
3.923195732145138e-22
3.742391408706567e-22
3.5526776661483923e-22
3.353532933428008e-22
3.1443741954327535e-22
2.9245360631472633e-22
2.6932373175282053e-22
2.449524645016839e-22
2.192172688898449e-22
1.9194939017189434e-22
1.6289452895817498e-22
1.3162219344795524e-22
9.728359948804484e-23
5.780931466588842e-23
6.337567887471096e-24
1.141718694685712e-22
1.7522246421699928e-22
5.7290399705001595e-24
5.686671307809836e-23
1.0727847499837508e-22
1.5531572264455662e-22
2.03461441543638e-22
2.5271672203122254e-22
