1.4484549375138455e-24
1.3990322934903716e-24
1.3523910693479937e-24
1.3084116910222169e-24
1.2669786097191264e-24
1.2279800311527848e-24
1.1913076699880924e-24
1.1568565309003661e-24
1.1245247173633266e-24
1.094213268873494e-24
1.0658260268208758e-24
1.039269528644278e-24
1.0144529292891674e-24
9.912879483506511e-25
9.696888406686676e-25
9.495723875838069e-25
9.308579055937089e-25
9.134672688018384e-25
8.9732494134053e-25
8.823580158924903e-25
8.684962545266995e-25
8.556721282984737e-25
8.438208524185499e-25
8.328804142485873e-25
8.227915918992441e-25
8.134979617616684e-25
8.0494589386364e-25
7.970845344794908e-25
7.898657759181365e-25
7.832442138471119e-25
7.771770928732472e-25
7.716242413867769e-25
7.665479968848345e-25
7.619131231266788e-25
7.5768672054368e-25
7.538381313398288e-25
7.503388406844197e-25
7.471623753275381e-25
7.442842008690996e-25
7.416816187952226e-25
7.3933366426672475e-25
7.372210055117236e-25
7.353258455419832e-25
7.336318267856165e-25
7.321239391094199e-25
7.307884315944323e-25
7.296127283299475e-25
7.285853484037845e-25
7.276958301914159e-25
7.269346599815397e-25
7.26293204922006e-25
7.257636502250494e-25
7.253389405353184e-25
7.250127253358379e-25
7.247793082458306e-25
7.24633600048686e-25
7.245710752781604e-25
7.245877321840528e-25
7.246800558963332e-25
7.248449846063075e-25
7.250798785857245e-25
7.253824918689516e-25
7.2575094642859715e-25
7.261837086814637e-25
7.266795681689307e-25
7.272376182634046e-25
7.27857238760575e-25
7.28538080224969e-25
7.2928004996459e-25
7.300832995180537e-25
7.3094821354551e-25
7.318754000219035e-25
7.328656816382375e-25
7.339200883233587e-25
7.350398508051047e-25
7.362263951356427e-25
7.374813381116931e-25
7.388064835254319e-25
7.402038191868919e-25
7.4167551466344715e-25
7.43223919685988e-25
7.448515631756437e-25
7.465611528484315e-25
7.483555753587426e-25
7.5023789694569605e-25
7.522113645493642e-25
7.542794073667299e-25
7.564456388196069e-25
7.587138589093416e-25
7.610880569353651e-25
7.635724145567434e-25
7.661713091779985e-25
7.6888931764259835e-25
7.717312202191539e-25
7.747020048676988e-25
7.778068717749596e-25
7.8105123814976335e-25
7.844407432715989e-25
7.8798125378724905e-25
7.916788692528174e-25
7.955399279204155e-25
7.995710127712471e-25
8.037789577992127e-25
8.081708545517786e-25
8.127540589376117e-25
8.175361983133846e-25
8.225251788652743e-25
8.277291933039519e-25
8.331567288953027e-25
8.38816575852856e-25
8.447178361217438e-25
8.508699325878705e-25
8.572826187505189e-25
8.639659889007312e-25
8.709304888524048e-25
8.781869272778008e-25
8.857464877039246e-25
8.936207412310279e-25
9.01821660039573e-25
9.103616317570682e-25
9.192534747608898e-25
9.285104544987774e-25
9.381463009131325e-25
9.481752270605933e-25
9.586119490230093e-25
9.694717072107475e-25
9.807702891638823e-25
9.925240539612832e-25
1.0047499583518552e-24
1.0174655847263953e-24
1.0306891710524178e-24
1.0444396428979914e-24
1.0587366476742882e-24
1.0736005912298383e-24
1.0890526769326312e-24
1.1051149473793617e-24
1.121810328873963e-24
1.1391626788200148e-24
1.1571968361749641e-24
1.1759386751157995e-24
1.1954151620691164e-24
1.2156544162604031e-24
1.2366857739403629e-24
1.2585398564483257e-24
1.28124864227552e-24
1.3048455432938005e-24
1.3293654853180684e-24
1.3548449931739715e-24
1.3813222804453398e-24
1.4088373440795537e-24
1.4374320640327027e-24
1.4671503081403841e-24
1.4980380424044227e-24
1.530143446890588e-24
1.5635170374375513e-24
1.5982117933830456e-24
1.6342832915193577e-24
1.6717898464971644e-24
1.710792657904115e-24
1.751355964252791e-24
1.793547204121633e-24
1.837437184702337e-24
1.8831002580179905e-24
1.9306145050881562e-24
1.980061928330154e-24
2.0315286525001247e-24
2.0851051344930782e-24
2.1408863823383692e-24
2.1989721837456e-24
2.2594673445766405e-24
2.322481937641373e-24
2.3881315622390143e-24
2.4565376148929648e-24
2.5278275717551894e-24
2.6021352831868733e-24
2.679601281053943e-24
2.7603730993120952e-24
2.844605608492211e-24
2.9324613647379124e-24
3.0241109740885357e-24
3.1197334727465725e-24
3.2195167241158155e-24
3.3236578334471104e-24
3.432363580981849e-24
3.545850874539798e-24
3.664347222556607e-24
3.7880912286395156e-24
3.917333108774927e-24
4.052335232391669e-24
4.1933726885564026e-24
4.340733878655427e-24
4.494721136999456e-24
4.655651380874477e-24
4.823856791655146e-24
4.999685528695677e-24
5.1835024778204924e-24
5.3756900363499016e-24
5.576648936721301e-24
5.786799110900148e-24
6.006580597921519e-24
6.2364544970660445e-24
