5.550387449881146e-24
5.171778090134026e-24
4.995047701351261e-24
5.019747451050707e-24
5.24590417969827e-24
5.674027851643542e-24
6.3050928924670826e-24
7.140510967004475e-24
8.18211366340599e-24
9.432149931750342e-24
1.0893293355696259e-23
1.2568653257528501e-23
1.4461786295864528e-23
1.6576707558010324e-23
1.8917901264687583e-23
2.1490331506491512e-23
2.429945340314324e-23
2.7351224966366235e-23
3.0652119850849885e-23
3.420914111343597e-23
3.8029836059060984e-23
4.212231223238692e-23
4.6495254601101015e-23
5.115794397507415e-23
5.612027670012549e-23
6.139278567334755e-23
6.698666271959863e-23
7.29137823788013e-23
7.918672715682342e-23
8.581881428514111e-23
9.282412405810213e-23
1.0021752979911291e-22
1.0801472951621102e-22
1.1623227933489187e-22
1.2488762875136718e-22
1.3399915780407784e-22
1.4358621623125588e-22
1.5366916472059122e-22
1.642694182893353e-22
1.7540949195758905e-22
1.8711304875933431e-22
1.994049502121542e-22
2.1231130936885007e-22
2.2585954655084064e-22
2.400784478772012e-22
2.5499822674701536e-22
2.7065058836176854e-22
2.8706879748291283e-22
3.042877495368478e-22
3.223440452444348e-22
3.412760688352731e-22
3.611240703013591e-22
3.819302514872293e-22
4.0373885643611287e-22
4.265962662895304e-22
4.505510986275108e-22
4.756543117517095e-22
5.019593140012138e-22
5.295220784722437e-22
5.584012631936335e-22
5.886583372197137e-22
6.203577128096539e-22
6.535668840932533e-22
6.883565723004376e-22
7.248008781763878e-22
7.629774420034699e-22
8.029676107854903e-22
8.448566142300888e-22
8.887337489056947e-22
9.34692571309865e-22
9.82831100764044e-22
1.0332520314664262e-21
1.0860629558711175e-21
1.1413765977331337e-21
1.1993110579038344e-21
1.2599900708076507e-21
1.3235432747634781e-21
1.390106493984599e-21
1.4598220368736943e-21
1.5328390058779898e-21
1.6093136249655541e-21
1.6894095831001645e-21
1.7732983926914434e-21
1.8611597680557726e-21
1.9531820222339862e-21
2.0495624820358786e-21
2.150507926126094e-21
2.2562350423263003e-21
2.366970910532974e-21
2.4829535089490267e-21
2.6044322417666243e-21
2.7316685035358848e-21
2.864936259493833e-21
3.0045226647661746e-21
3.150728714497615e-21
3.3038699160889393e-21
3.46427701709167e-21
3.632296748505792e-21
3.808292615581882e-21
3.992645736650922e-21
4.185755718778511e-21
4.3880415706201986e-21
4.599942683568771e-21
4.821919846038628e-21
5.054456319987653e-21
5.298058980637401e-21
5.553259496761051e-21
5.820615603641035e-21
6.1007124182855425e-21
6.394163836473747e-21
6.70161402239891e-21
7.02373894988495e-21
7.361248053476502e-21
7.71488595053019e-21
8.085434298371957e-21
8.473713693738564e-21
8.880585751059463e-21
9.306955245129687e-21
9.753772420548772e-21
1.0222035379112493e-20
1.0712792689255866e-20
1.1227146053331521e-20
1.1766253231370026e-20
1.2331331066310231e-20
1.2923658739005789e-20
1.3544581187621034e-20
1.4195512743529812e-20
1.487794110114381e-20
1.5593431277394795e-20
1.634363018588172e-20
1.7130271156062435e-20
1.795517903527457e-20
1.8820275356504503e-20
1.97275841725089e-20
2.067923784706753e-20
2.1677483798991266e-20
2.2724691185979213e-20
2.3823358429865868e-20
2.4976120926823494e-20
2.618575979021943e-20
2.7455210757710285e-20
2.878757402599776e-20
3.0186124508316315e-20
3.165432363098976e-20
3.3195830890604757e-20
3.48145175704376e-20
3.651447993645273e-20
3.830005568232953e-20
4.017583966477052e-20
4.21467016796241e-20
4.421780629957367e-20
4.639463387996919e-20
4.8683002413397526e-20
5.108909425021024e-20
5.361948107781458e-20
5.628115448719829e-20
5.908155821370585e-20
6.202862368166887e-20
6.51308070459636e-20
6.839713364513585e-20
7.183724298092767e-20
7.546144121645855e-20
7.928075559974412e-20
8.330699932174619e-20
8.755283825668404e-20
9.203186963545667e-20
9.675870467827941e-20
1.0174906370251026e-19
1.0701988202596388e-19
1.1258942632448334e-19
1.1847742625639628e-19
1.2470522561780677e-19
1.3129593959709931e-19
1.382746511019511e-19
1.4566861611714912e-19
1.535075011817013e-19
1.6182366112501126e-19
1.7065244711821008e-19
1.800325479365112e-19
1.9000641127071937e-19
2.006206977388203e-19
2.1192680932632291e-19
2.239815249388466e-19
2.368476957835721e-19
2.505951095570086e-19
2.6530143338085967e-19
2.810533601432557e-19
2.9794800316031794e-19
3.160944151500786e-19
3.3561555938168617e-19
3.5665050317938393e-19
3.7935717319850076e-19
4.0391563828210533e-19
4.3053198142003543e-19
4.594432634910067e-19
4.9092331644615795e-19
5.252901271067488e-19
5.6291479985356995e-19
6.0423290490798e-19
6.497586130585892e-19
7.001024621247959e-19
