9.161254257795132e-24
9.336023177116936e-24
9.502275847066448e-24
9.660364615244284e-24
9.810624565423395e-24
9.953374217255518e-24
1.0088916193107341e-23
1.0217537852919096e-23
1.0339511898049455e-23
1.0455096945089137e-23
1.0564538070628922e-23
1.0668067327960574e-23
1.0765904236667147e-23
1.0858256246028894e-23
1.0945319173141848e-23
1.1027277616605372e-23
1.1104305346599786e-23
1.1176565672136345e-23
1.1244211786215718e-23
1.1307387089598296e-23
1.1366225493844004e-23
1.142085170423994e-23
1.1471381483194032e-23
1.1517921894637657e-23
1.1560571529934003e-23
1.159942071575816e-23
1.1634551704372585e-23
1.1666038846684938e-23
1.169394874844415e-23
1.1718340409882527e-23
1.1739265349094205e-23
1.1756767709384552e-23
1.1770884350807019e-23
1.1781644926058421e-23
1.1789071940876671e-23
1.17931807990442e-23
1.1793979832068593e-23
1.1791470313580928e-23
1.1785646458449689e-23
1.1776495406581129e-23
1.1763997191335535e-23
1.1748124692459682e-23
1.1728843573392288e-23
1.1706112202767796e-23
1.1679881559904977e-23
1.1650095124026946e-23
1.161668874692127e-23
1.157959050870986e-23
1.1538720556354082e-23
1.1493990924478575e-23
1.1445305338054187e-23
1.1392558996436247e-23
1.1335638338202225e-23
1.1274420786186182e-23
1.1208774472063292e-23
1.1138557939769875e-23
1.1063619827006307e-23
1.0983798524000265e-23
1.0898921808657782e-23
1.0808806457160765e-23
1.0713257829014269e-23
1.0612069425474972e-23
1.0505022420231936e-23
1.0391885161138079e-23
1.0272412641727954e-23
1.0146345941187469e-23
1.0013411631383286e-23
9.873321149492988e-24
9.725770134738303e-24
9.570437727681602e-24
9.40698583053685e-24
9.235058326969958e-24
9.054280259926064e-24
8.864256966174936e-24
8.664573166513634e-24
8.45479201098903e-24
8.23445407916173e-24
8.003076336483329e-24
7.760151049483438e-24
7.50514466499078e-24
7.237496662624535e-24
6.956618396142939e-24
6.6618919495814e-24
6.3526690512333696e-24
6.0282701176576035e-24
5.687983551001223e-24
5.331065505815439e-24
4.956740517720656e-24
4.564203737273935e-24
4.152626254181997e-24
3.7211666795346566e-24
3.268996316115177e-24
2.795356730784732e-24
2.2997050589409893e-24
1.782143347649306e-24
1.2450528936204553e-24
7.0287028960853195e-25
3.1739215172388816e-25
6.889064638769313e-25
1.316191923364502e-24
2.001171652350783e-24
2.727204949982556e-24
3.492059482500075e-24
4.296222508032586e-24
5.141049297917243e-24
6.028292375232371e-24
6.959947557631196e-24
7.938196579189387e-24
8.965385394641345e-24
1.0044017756043248e-23
1.1176756216353268e-23
1.2366427226068093e-23
1.361602880280138e-23
1.4928740052604833e-23
1.6307932202995344e-23
1.7757181003094033e-23
1.9280280454844916e-23
2.0881257904453584e-23
2.2564390567766685e-23
2.4334223595070917e-23
2.6195589810102868e-23
2.815363128279376e-23
3.021382292177982e-23
3.2381998301433664e-23
3.466437796660398e-23
3.7067600493562293e-23
3.9598756624293126e-23
4.226542683370917e-23
4.507572274110382e-23
4.80383328346953e-23
5.1162573043555136e-23
5.445844277588394e-23
5.793668712461065e-23
6.160886604967495e-23
6.548743148352488e-23
6.958581343515272e-23
7.391851634553427e-23
7.850122717742404e-23
8.335093691535777e-23
8.848607746908064e-23
9.392667637507675e-23
9.969453196765612e-23
1.058134123824252e-22
1.1230928207202335e-22
1.1921056067706033e-22
1.265484195224221e-22
1.3435712241040345e-22
1.426744186427783e-22
1.5154199786688318e-22
1.6100601831874752e-22
1.711177227888254e-22
1.819341597826871e-22
1.9351903172456235e-22
2.059436957788093e-22
2.1928835289191615e-22
2.3364346498771165e-22
2.491114547340379e-22
2.6580875577304934e-22
2.8386829930795893e-22
3.0344255163164e-22
3.2470724717149573e-22
3.478660150101344e-22
3.7315615397016804e-22
4.0085590256387686e-22
4.312936860150514e-22
4.648599663360788e-22
5.020226617417805e-22
5.433473308017474e-22
5.895240752239125e-22
6.414038317792752e-22
7.000480593519724e-22
7.667981816974378e-22
8.433741457790294e-22
9.320179844062356e-22
1.0357075886068901e-21
1.1584847160006536e-21
1.3059747159026018e-21
1.4862419666168587e-21
1.711263525472987e-21
1.9996065384505757e-21
2.381622461715137e-21
2.910369445817662e-21
3.687024836560558e-21
4.92800045055476e-21
7.16951551160515e-21
1.1874926113979987e-20
1.848812403867794e-20
1.2998649659326779e-20
8.12623168146981e-21
5.795320452009948e-21
4.514012298230202e-21
3.716582447645392e-21
3.1757855114527208e-21
2.7860831642086026e-21
2.492436260024628e-21
2.26349949313268e-21
2.0801644536182248e-21
1.930139190275331e-21
1.8051665517863767e-21
1.699497217548696e-21
1.6090062630394562e-21
