2.479089152611897e-24
2.3709574839370366e-24
2.2679333615926334e-24
2.169797482589168e-24
2.0763407969623315e-24
1.987364043131176e-24
1.9026773013805046e-24
1.8220995642428843e-24
1.7454583226517317e-24
1.6725891666425367e-24
1.6033353996035303e-24
1.5375476649475807e-24
1.4750835843489557e-24
1.4158074065741407e-24
1.359589666249767e-24
1.3063068518652604e-24
1.2558410825734513e-24
1.2080797935061542e-24
1.162915429557409e-24
1.1202451476980537e-24
1.079970528383821e-24
1.0419972966226187e-24
1.006235053742136e-24
9.72597021055967e-25
9.409997969070205e-25
9.113631288082699e-25
8.836097024502677e-25
8.576649493779987e-25
8.33456875402487e-25
8.109159110655009e-25
7.899747858306367e-25
7.705684266551315e-25
7.52633881688329e-25
7.361102685790093e-25
7.209387466694115e-25
7.07062511359002e-25
6.944268084919755e-25
6.829789654820331e-25
6.7266843605732225e-25
6.6344685448212255e-25
6.552680952436651e-25
6.480883341224075e-25
6.418661064460771e-25
6.365623590739416e-25
6.321404925345784e-25
6.285663908955633e-25
6.25808436939443e-25
6.238375114739138e-25
6.2262697559724835e-25
6.221526361207893e-25
6.22392694015938e-25
6.233276772050158e-25
6.249403584967244e-25
6.272156602910187e-25
6.30140548175416e-25
6.337039147357308e-25
6.378964562569386e-25
6.427105436286464e-25
6.481400899510729e-25
6.541804167516694e-25
6.608281203066519e-25
6.680809398489134e-25
6.75937629286843e-25
6.843978337012251e-25
6.934619717960712e-25
7.031311250279749e-25
7.134069345256817e-25
7.242915061003372e-25
7.357873241186771e-25
7.47897173954497e-25
7.60624073493738e-25
7.739712134999142e-25
7.879419066920252e-25
8.025395449995071e-25
8.177675649488021e-25
8.336294205277951e-25
8.50128562735581e-25
8.672684258895044e-25
8.85052419090692e-25
9.034839235467932e-25
9.225662938517771e-25
9.423028632944483e-25
9.626969530662295e-25
9.83751883129928e-25
1.0054709868508218e-24
1.0278576265154802e-24
1.0509152109033403e-24
1.0746472135624063e-24
1.0990571924318825e-24
1.1241488104703654e-24
1.1499258554090413e-24
1.1763922617529533e-24
1.2035521315779764e-24
1.2314097570304492e-24
1.2599696418580685e-24
1.2892365252982682e-24
1.3192154040960068e-24
1.3499115583208263e-24
1.3813305759401612e-24
1.4134783796466405e-24
1.446361256114333e-24
1.4799858860173299e-24
1.5143593775454339e-24
1.5494893024182814e-24
1.5853837351219686e-24
1.6220512965427448e-24
1.6595012024444738e-24
1.6977433148313117e-24
1.7367882016250243e-24
1.77664720058636e-24
1.8173324913916094e-24
1.8588571752327034e-24
1.901235360336804e-24
1.9444822607362917e-24
1.9886142999973777e-24
2.033649228900059e-24
2.0796062525815597e-24
2.126506168834984e-24
2.174371521803104e-24
2.2232267645271312e-24
2.273098440059291e-24
2.3240153731811983e-24
2.3760088795477185e-24
2.4291129892860498e-24
2.483364686507377e-24
2.538804168598839e-24
2.595475114417848e-24
2.6534249796884402e-24
2.712705300947153e-24
2.7733720194728054e-24
2.8354858272828794e-24
2.8991125185113946e-24
2.9643233677160704e-24
3.0311955174796435e-24
3.09981238578503e-24
3.170264080467921e-24
3.242647831216057e-24
3.3170684386544345e-24
3.393638722634952e-24
3.4724799847187736e-24
3.553722484904178e-24
3.637505909402631e-24
3.7239798638731325e-24
3.813304341173158e-24
3.9056502192008996e-24
4.001199741292802e-24
4.1001469987126865e-24
4.2026984021005195e-24
4.309073171391625e-24
4.419503791998795e-24
4.5342364870532035e-24
4.6535316703073285e-24
4.777664403948142e-24
4.906924848714559e-24
5.041618701516229e-24
5.182067655062165e-24
5.3286098269083895e-24
5.481600216648141e-24
5.641411177547487e-24
5.8084328515506664e-24
5.983073683039358e-24
6.165760912497572e-24
6.3569411005672145e-24
6.557080693583888e-24
6.766666598515569e-24
6.986206854344815e-24
7.216231254092158e-24
7.45729214565154e-24
7.7099651257798e-24
7.974849991815296e-24
8.25257157223576e-24
8.543780718277177e-24
8.849155371372593e-24
9.169401721152545e-24
9.505255307490547e-24
9.857482424650066e-24
1.0226881407692237e-23
1.0614284157821152e-23
1.1020557600402827e-23
1.1446605459092055e-23
1.1893369746483276e-23
1.2361832847759423e-23
1.2853019280632306e-23
1.3367997600518673e-23
1.390788272166518e-23
1.4473838119541454e-23
1.5067077772047807e-23
1.568886892123393e-23
1.6340534486259686e-23
1.7023455496417176e-23
1.773907401251998e-23
1.8488895832175425e-23
1.9274493374806718e-23
2.0097508616459868e-23
2.0959656412317702e-23
2.1862728300742248e-23
2.2808594047220767e-23
2.3799207614104127e-23
2.4836608642698129e-23
2.5922927440074935e-23
2.70603890161974e-23
