3.0451106028091025e-24
3.167151983066165e-24
3.288843245315128e-24
3.410349111803616e-24
3.531834677859616e-24
3.653463877537794e-24
3.7753984435653326e-24
3.897797225964778e-24
4.020815771590488e-24
4.1446060938661734e-24
4.2693165814009266e-24
4.395092007504475e-24
4.522073612856439e-24
4.65039924015666e-24
4.780203505581814e-24
4.911617995473695e-24
5.0447714790745406e-24
5.179790131495388e-24
5.316797761525225e-24
5.455916040718235e-24
5.5972647316335535e-24
5.740961912527623e-24
5.887124197608537e-24
6.035866951870857e-24
6.187304499708725e-24
6.341550326955538e-24
6.498717276549613e-24
6.658917737019518e-24
6.82226382477727e-24
6.988867559473327e-24
7.158841033438037e-24
7.332296574760357e-24
7.509346904831612e-24
7.690105290371886e-24
7.874685690364214e-24
8.063202897977857e-24
8.255772678191373e-24
8.452511901136097e-24
8.653538671868527e-24
8.858972455894995e-24
9.068934202494377e-24
9.283546463662735e-24
9.502933512012381e-24
9.727221455056643e-24
9.956538347543829e-24
1.0191014302098396e-23
1.0430781598483565e-23
1.0675974790743342e-23
1.0926730813311267e-23
1.1183189086479428e-23
1.1445491620761688e-23
1.1713783120527192e-23
1.1988211087247071e-23
1.2268925922865173e-23
1.2556081032086866e-23
1.2849832925914793e-23
1.315034132458765e-23
1.3457769261100103e-23
1.3772283185049518e-23
1.4094053067302648e-23
1.4423252505678364e-23
1.4760058830671802e-23
1.510465321337834e-23
1.5457220773081174e-23
1.581795068749761e-23
1.6187036303542743e-23
1.656467524954043e-23
1.695106954980835e-23
1.7346425739534356e-23
1.775095498283769e-23
1.81648731917506e-23
1.8588401147632917e-23
1.9021764624513473e-23
1.9465194514088322e-23
1.9918926954870676e-23
2.0383203459911707e-23
2.085827105206396e-23
2.134438239736153e-23
2.1841795941853e-23
2.235077605499e-23
2.2871593169927234e-23
2.3404523930897673e-23
2.3949851342238048e-23
2.4507864919974074e-23
2.5078860847845567e-23
2.5663142135779297e-23
2.6261018780727544e-23
2.6872807933397835e-23
2.749883406665447e-23
2.8139429147212375e-23
2.879493281321549e-23
2.946569255293392e-23
3.0152063889591636e-23
3.085441056930221e-23
3.157310475269371e-23
3.23085272100132e-23
3.306106752416275e-23
3.383112429496254e-23
3.461910534472357e-23
3.542542793825964e-23
3.6250518997442843e-23
3.7094815326527604e-23
3.795876383945726e-23
3.8842821793679545e-23
3.974745702946362e-23
4.067314821146788e-23
4.1620385079990905e-23
4.2589668707016825e-23
4.3581511750858737e-23
4.459643872757039e-23
4.563498627685754e-23
4.6697703447856316e-23
4.778515197294166e-23
4.8897906565975955e-23
5.0036555207485826e-23
5.1201699462654005e-23
5.239395477384447e-23
5.361395078291001e-23
5.486233165639556e-23
5.61397564075633e-23
5.744689923357048e-23
5.878444986728804e-23
6.01531139089628e-23
6.155361319813238e-23
6.298668617859068e-23
6.445308825717572e-23
6.595359219400801e-23
6.748898848890387e-23
6.906008577307302e-23
7.066771120788225e-23
7.231271090948191e-23
7.39959503501567e-23
7.571831479636672e-23
7.748070974423551e-23
7.928406135416199e-23
8.112931690734542e-23
8.301744526881995e-23
8.494943735324325e-23
8.692630660192701e-23
8.894908945516366e-23
9.101884587954312e-23
9.313665982959359e-23
9.530363978992859e-23
9.752091926216442e-23
9.978965734080179e-23
1.0211103920077185e-22
1.0448627665758694e-22
1.0691660872516423e-22
1.0940330218472033e-22
1.1194765212072401e-22
1.1455098252117117e-22
1.1721464685958678e-22
1.1994002868076047e-22
1.2272854217534325e-22
1.2558163282628203e-22
1.2850077797818397e-22
1.3148748748259185e-22
1.3454330428377898e-22
1.3766980506343e-22
1.4086860089321396e-22
1.4414133779897515e-22
1.474896974758708e-22
1.5091539788078165e-22
1.5442019381400255e-22
1.5800587771593636e-22
1.6167428012803142e-22
1.6542727040876174e-22
1.6926675740369682e-22
1.7319468999717733e-22
1.7721305774997245e-22
1.8132389151783313e-22
1.85529264071582e-22
1.8983129067499628e-22
1.9423212964487873e-22
1.9873398292962376e-22
2.033390966068715e-22
2.0804976152851737e-22
2.128683136298119e-22
2.1779713454452105e-22
2.228386519965376e-22
2.279953401603556e-22
2.3326972016127697e-22
2.386643602330767e-22
2.4418187596234635e-22
2.498249307971841e-22
2.5559623599663245e-22
2.614985506056076e-22
2.67534681762902e-22
2.7370748456726015e-22
2.8001986178299563e-22
2.8647476391668405e-22
2.9307518852067075e-22
2.998241802176597e-22
3.0672482968428546e-22
3.1378027326314837e-22
3.2099369211614583e-22
3.283683112630014e-22
3.359073980833303e-22
3.43614261593859e-22
3.5149225053236463e-22
3.595447516195985e-22
