1.5930921303447604e-23
1.5941695449445727e-23
1.5951905800479765e-23
1.5961573954763335e-23
1.5970720365767024e-23
1.5979364385108257e-23
1.5987524303141574e-23
1.5995217387346514e-23
1.6002459918579834e-23
1.6009267225268873e-23
1.6015653715619932e-23
1.6021632907894872e-23
1.6027217458833047e-23
1.6032419190259772e-23
1.603724911395621e-23
1.6041717454812014e-23
1.6045833672344604e-23
1.6049606480593067e-23
1.6053043866450748e-23
1.6056153106473246e-23
1.6058940782176223e-23
1.6061412793881644e-23
1.606357437311933e-23
1.6065430093614612e-23
1.606698388089812e-23
1.606823902053511e-23
1.6069198165003438e-23
1.606986333923801e-23
1.6070235944840056e-23
1.607031676296548e-23
1.6070105955919327e-23
1.6069603067391557e-23
1.606880702143087e-23
1.6067716120084034e-23
1.6066328039692908e-23
1.606463982590212e-23
1.6062647887295746e-23
1.6060347987681515e-23
1.6057735237027487e-23
1.6054804080960682e-23
1.6051548288915538e-23
1.604796094076753e-23
1.604403441203566e-23
1.6039760357598424e-23
1.6035129693833225e-23
1.6030132579192768e-23
1.6024758393146807e-23
1.601899571350268e-23
1.601283229193712e-23
1.600625502782483e-23
1.599924994018568e-23
1.599180213778977e-23
1.5983895787249768e-23
1.5975514079122674e-23
1.596663919193707e-23
1.5957252253966268e-23
1.5947333302796732e-23
1.593686124251405e-23
1.592581379842717e-23
1.591416746927243e-23
1.590189747674111e-23
1.5888977712205843e-23
1.5875380680626237e-23
1.5861077441315642e-23
1.5846037545754236e-23
1.5830228971802598e-23
1.5813618054847353e-23
1.57961694149288e-23
1.5777845880532733e-23
1.5758608408018588e-23
1.5738415997269204e-23
1.571722560271646e-23
1.5694992040008756e-23
1.5671667887879507e-23
1.5647203384948903e-23
1.5621546321415043e-23
1.5594641925064373e-23
1.556643274156089e-23
1.5536858508767346e-23
1.5505856024587785e-23
1.5473359007860338e-23
1.543929795265706e-23
1.540359997459978e-23
1.5366188649574262e-23
1.5326983844371442e-23
1.5285901537860273e-23
1.52428536338315e-23
1.519774776309857e-23
1.5150487076289127e-23
1.510097002463332e-23
1.504909013022191e-23
1.4994735742539862e-23
1.493778978349733e-23
1.4878129477154935e-23
1.481562606572711e-23
1.475014450851664e-23
1.4681543165009303e-23
1.460967345890419e-23
1.4534379523388493e-23
1.4455497824513128e-23
1.4372856763195608e-23
1.428627625011166e-23
1.419556725817683e-23
1.4100531341286928e-23
1.4000960124359002e-23
1.3896634757972162e-23
1.3787325332846457e-23
1.3672790254578313e-23
1.3552775568606687e-23
1.342701423392026e-23
1.329522533353431e-23
1.3157113223624325e-23
1.3012366598457926e-23
1.2860657469166182e-23
1.2701640042976757e-23
1.253494947815492e-23
1.2360200498863536e-23
1.217698584723134e-23
1.198487452890824e-23
1.17834098244434e-23
1.1572106999756873e-23
1.13504506609188e-23
1.1117891657176547e-23
1.0873843417855903e-23
1.0617677567826772e-23
1.0348718627530411e-23
1.0066237505810637e-23
9.76944341266249e-24
9.457473656126357e-24
9.129380580636329e-24
8.784114571992717e-24
8.420501569902978e-24
8.03721275261143e-24
7.632722929542083e-24
7.205252201430359e-24
6.752682369224564e-24
6.272434361508246e-24
5.7612840259730406e-24
5.215078455492854e-24
4.6282900565896784e-24
3.993311920055453e-24
3.2994078469650556e-24
2.5317581989816055e-24
1.6770063875950673e-24
8.42535715447897e-25
1.3262787690871987e-24
3.517036906756789e-24
9.010415334938549e-24
4.313475838428538e-23
9.615871215088014e-24
3.91292035686556e-24
1.5498972185221886e-24
1.0008657612626099e-24
2.0920609781931822e-24
3.319130370357634e-24
4.5368402171039384e-24
5.7549395425967844e-24
6.988270166967668e-24
8.248467703664351e-24
9.544413457191621e-24
1.0883151722992944e-23
1.2270552052277492e-23
1.3711740686752412e-23
1.5211380444049762e-23
1.6773855348018147e-23
1.840339605238758e-23
2.010416753388397e-23
2.1880332329103728e-23
2.3736097845617447e-23
2.5675752880325343e-23
2.770369675157188e-23
2.982446353114295e-23
3.204274298940255e-23
3.436339876864318e-23
3.679148537802211e-23
3.9332263964521803e-23
4.199121744878841e-23
4.477406520243696e-23
4.768677772358859e-23
5.073559141518986e-23
5.392702329467269e-23
5.726788633748089e-23
6.076530477812805e-23
6.442673029336397e-23
6.825995881134827e-23
7.22731471165206e-23
7.647483138983608e-23
8.087394525587247e-23
8.547983948999867e-23
9.030230205430607e-23
9.535157945074278e-23
1.0063839864163823e-22
1.0617398978027659e-22
1.1197011118731378e-22
1.1803907400774536e-22
1.243937684002733e-22
1.31047692167646e-22
1.3801497893036997e-22
1.4531042866334107e-22
1.5294954014330801e-22
1.6094854334620288e-22
