1.5433340431626984e-24
1.464063611421721e-24
1.391933561465397e-24
1.3266475310519081e-24
1.2679226901099177e-24
1.2154855063896584e-24
1.1690675774594912e-24
1.1284017762022086e-24
1.0932189885477632e-24
1.0632457191139239e-24
1.0382027896952012e-24
1.0178052608490772e-24
1.0017635785994179e-24
9.89785809354705e-25
9.815807051866154e-25
9.76861261032307e-25
9.753483993379595e-25
9.767744464561244e-25
9.808861348824561e-25
9.874469581778131e-25
9.962388007286548e-25
1.0070628473016349e-24
1.019739838564105e-24
1.0341097764107112e-24
1.0500311991577891e-24
1.0673801466504857e-24
1.0860489239819068e-24
1.1059447561258572e-24
1.1269884064433935e-24
1.149112814054173e-24
1.1722617887534454e-24
1.1963887885948806e-24
1.2214557947351223e-24
1.2474322900482792e-24
1.2742943423055656e-24
1.302023788480059e-24
1.330607514836753e-24
1.3600368252032309e-24
1.3903068897275696e-24
1.4214162660687948e-24
1.4533664849764595e-24
1.4861616929920412e-24
1.519808345372417e-24
1.5543149428474973e-24
1.5896918066200472e-24
1.6259508867510855e-24
1.6631055991467935e-24
1.7011706876228674e-24
1.740162107398786e-24
1.7800969270493634e-24
1.820993246629412e-24
1.862870129424069e-24
1.905747545330638e-24
1.9496463248320333e-24
1.9945881213871646e-24
2.0405953813943994e-24
2.087691320998331e-24
2.135899907799496e-24
2.18524584818292e-24
2.2357545782604537e-24
2.2874522586269515e-24
2.340365772252337e-24
2.3945227253313967e-24
2.449951449894937e-24
2.5066810092113396e-24
2.564741204929773e-24
2.624162585207011e-24
2.6849764551770544e-24
2.74721488814854e-24
2.8109107382305003e-24
2.87609765389976e-24
2.942810092672568e-24
3.0110833367270078e-24
3.08095350888308e-24
3.152457590224387e-24
3.2256334377631057e-24
3.3005198030262575e-24
3.3771563515569936e-24
3.455583682616408e-24
3.535843350058669e-24
3.617977883526868e-24
3.702030810392455e-24
3.788046678193798e-24
3.8760710775870165e-24
3.9661506668566145e-24
4.058333195159145e-24
4.152667528765856e-24
4.249203675643174e-24
4.34799281273742e-24
4.4490873119803176e-24
4.552540768578813e-24
4.6584080291451706e-24
4.7667452204124904e-24
4.8776097788684385e-24
4.991060481743652e-24
5.107157477380714e-24
5.225962317622578e-24
5.3475379896836524e-24
5.47194895021716e-24
5.5992611589352136e-24
5.7295421138859934e-24
5.862860886699206e-24
5.999288160129833e-24
6.138896264536118e-24
6.281759216229179e-24
6.4279527570440524e-24
6.5775543955027225e-24
6.730643444727108e-24
6.887301068911017e-24
7.047610321414412e-24
7.211656192960297e-24
7.379525655492746e-24
7.551307704878065e-24
7.727093413478088e-24
7.90697597478483e-24
8.091050754424733e-24
8.279415338767172e-24
8.472169589046451e-24
8.669415692681716e-24
8.871258217446631e-24
9.077804167106028e-24
9.28916303863455e-24
9.50544687941081e-24
9.72677034712312e-24
9.953250770344056e-24
1.0185008208230424e-23
1.0422165520362454e-23
1.0664848424173831e-23
1.0913185566317746e-23
1.1167308590512035e-23
1.1427352203841844e-23
1.1693454250819297e-23
1.1965755788750676e-23
1.2244401154855707e-23
1.2529538052717451e-23
1.2821317618643289e-23
1.3119894512661976e-23
1.342542699347364e-23
1.3738077004544448e-23
1.405801025315971e-23
1.4385396318053058e-23
1.4720408714348094e-23
1.5063224999415252e-23
1.5414026855563643e-23
1.5773000210229276e-23
1.6140335300208308e-23
1.6516226795940603e-23
1.690087390904112e-23
1.729448046747507e-23
1.7697255048328784e-23
1.8109411086492424e-23
1.8531166977364982e-23
1.8962746203330556e-23
1.9404377427287817e-23
1.9856294661511392e-23
2.0318737306729527e-23
2.0791950390741732e-23
2.1276184634827058e-23
2.1771696519385475e-23
2.2278748569589808e-23
2.279760937254891e-23
2.3328553762667045e-23
2.3871862980005517e-23
2.442782471611989e-23
2.4996733525741086e-23
2.5578890583441558e-23
2.6174604203596002e-23
2.6784189897309634e-23
2.740797041134676e-23
2.804627592908602e-23
2.869944438945331e-23
2.936782171429514e-23
3.0051761437863116e-23
3.0751625739413635e-23
3.1467785027475483e-23
3.220061821966987e-23
3.295051317711371e-23
3.371786665946574e-23
3.4503084393831264e-23
3.5306581892999994e-23
3.612878437038544e-23
3.697012659668721e-23
3.783105273153686e-23
3.87120184974998e-23
3.961348992857625e-23
4.0535943319821735e-23
4.1479865927261326e-23
4.244575631339755e-23
4.343412523634232e-23
4.444549435508064e-23
4.5480398104847714e-23
4.653938182986762e-23
4.762300697496998e-23
4.873184296184418e-23
4.9866473805880015e-23
5.102750199180323e-23
5.221553702791048e-23
5.343120276519969e-23
5.46751461064206e-23
5.594801688856006e-23
5.72504835964156e-23
