6.335899492514502e-23
6.335887831175541e-23
6.335875621936155e-23
6.335862838825947e-23
6.335849454663673e-23
6.335835440998879e-23
6.335820768051266e-23
6.335805404646664e-23
6.335789318150845e-23
6.335772474399623e-23
6.335754837626353e-23
6.335736370385385e-23
6.335717033472543e-23
6.335696785841658e-23
6.335675584517194e-23
6.335653384502953e-23
6.335630138686254e-23
6.335605797738061e-23
6.335580310007843e-23
6.335553621414118e-23
6.335525675329365e-23
6.33549641246007e-23
6.335465770720502e-23
6.335433685100869e-23
6.335400087529751e-23
6.335364906728953e-23
6.335328068062892e-23
6.335289493379449e-23
6.335249100844791e-23
6.335206804769185e-23
6.3351625154253e-23
6.335116138857934e-23
6.335067576684446e-23
6.33501672588598e-23
6.334963478588958e-23
6.33490772183598e-23
6.334849337346358e-23
6.334788201264959e-23
6.334724183899299e-23
6.334657149444619e-23
6.334586955695289e-23
6.334513453743408e-23
6.334436487662608e-23
6.334355894177126e-23
6.334271502315364e-23
6.33418313304716e-23
6.334090598903557e-23
6.333993703579209e-23
6.33389224151562e-23
6.333785997464871e-23
6.333674746032883e-23
6.333558251200735e-23
6.33343626582415e-23
6.333308531108395e-23
6.333174776059344e-23
6.333034716908014e-23
6.332888056508236e-23
6.332734483705907e-23
6.332573672678139e-23
6.332405282241896e-23
6.332228955129413e-23
6.332044317229555e-23
6.331850976793663e-23
6.331648523603393e-23
6.331436528099922e-23
6.33121454047147e-23
6.330982089698044e-23
6.330738682551141e-23
6.330483802545938e-23
6.330216908844377e-23
6.329937435105941e-23
6.329644788284824e-23
6.329338347369749e-23
6.329017462064439e-23
6.328681451405717e-23
6.32832960231645e-23
6.327961168090067e-23
6.327575366803079e-23
6.327171379653347e-23
6.326748349219054e-23
6.326305377635626e-23
6.325841524686696e-23
6.32535580580437e-23
6.324847189975102e-23
6.324314597546725e-23
6.323756897931181e-23
6.323172907198892e-23
6.322561385559537e-23
6.321921034722737e-23
6.32125049513455e-23
6.320548343082703e-23
6.319813087664676e-23
6.319043167612169e-23
6.318236947965103e-23
6.317392716587751e-23
6.316508680519967e-23
6.31558296215476e-23
6.314613595235079e-23
6.313598520660063e-23
6.312535582092528e-23
6.311422521357516e-23
6.310256973622237e-23
6.309036462346971e-23
6.307758393995612e-23
6.306420052494788e-23
6.305018593428992e-23
6.303551037959423e-23
6.302014266452956e-23
6.300405011807418e-23
6.29871985245847e-23
6.296955205052951e-23
6.29510731677183e-23
6.293172257286848e-23
6.291145910332362e-23
6.289023964873825e-23
6.286801905853654e-23
6.284475004493351e-23
6.282038308130947e-23
6.279486629570238e-23
6.276814535919057e-23
6.274016336890258e-23
6.27108607254025e-23
6.268017500416652e-23
6.264804082086324e-23
6.261438969013107e-23
6.257914987753163e-23
6.254224624433983e-23
6.250360008481806e-23
6.246312895559511e-23
6.242074649676138e-23
6.237636224426215e-23
6.232988143315379e-23
6.228120479126314e-23
6.223022832276569e-23
6.217684308117196e-23
6.212093493118478e-23
6.206238429886157e-23
6.20010659094782e-23
6.193684851247316e-23
6.186959459279748e-23
6.179916006797169e-23
6.172539397010674e-23
6.164813811210654e-23
6.15672267372188e-23
6.148248615106583e-23
6.139373433521982e-23
6.130078054134781e-23
6.120342486488959e-23
6.110145779716035e-23
6.099465975472633e-23
6.088280058480209e-23
6.076563904537774e-23
6.06429222586644e-23
6.051438513640313e-23
6.037974977544909e-23
6.023872482197107e-23
6.009100480249352e-23
5.993626941988577e-23
5.977418281228483e-23
5.96043927728107e-23
5.942652992777953e-23
5.924020687096594e-23
5.904501725131396e-23
5.884053481128758e-23
5.862631237288291e-23
5.840188076808754e-23
5.816674771036311e-23
5.79203966034572e-23
5.766228528358817e-23
5.739184469074588e-23
5.710847746452832e-23
5.681155645956956e-23
5.650042317524553e-23
5.61743860939007e-23
5.58327189213796e-23
5.547465872314412e-23
5.50994039486869e-23
5.470611233632784e-23
5.429389868981826e-23
5.386183251741078e-23
5.340893552322137e-23
5.293417893980712e-23
5.2436480689845674e-23
5.1914702363690535e-23
5.1367645998311975e-23
5.0794050641748104e-23
5.019258868563163e-23
4.956186194664033e-23
4.890039747578632e-23
4.8206643072317765e-23
4.7478962476609744e-23
4.6715630213752644e-23
4.591482605658004e-23
4.5074629073562984e-23
4.41930112233624e-23
4.326783045377539e-23
4.229682325844346e-23
4.1277596639937973e-23
4.020761942285893e-23
3.908421285554241e-23
3.790454043418772e-23
