3.4731849699135985e-24
3.265943825905181e-24
3.0707176645381295e-24
2.8868927755094383e-24
2.713885439781448e-24
2.5511409673932877e-24
2.3981327764493357e-24
2.254361510391168e-24
2.1193541900497996e-24
1.9926633964257646e-24
1.8738664791425536e-24
1.762564784371464e-24
1.6583828945502322e-24
1.5609678695206594e-24
1.4699884775942544e-24
1.385134400773534e-24
1.3061153965881543e-24
1.2326603955255984e-24
1.1645165100363314e-24
1.101447930504265e-24
1.0432346826171492e-24
9.896712242508634e-25
9.405648666421786e-25
8.957340164236905e-25
8.550062528158144e-25
8.1821627751737e-25
7.85203801883109e-25
7.558114647413575e-25
7.298828984581805e-25
7.072610756087858e-25
6.87787067919868e-25
6.712993276003626e-25
6.576335608370183e-25
6.466232061989311e-25
6.381004675019649e-25
6.31897792212194e-25
6.278496435737285e-25
6.257943944927747e-25
6.255761758089144e-25
6.270465369196434e-25
6.300658160639733e-25
6.345041617048676e-25
6.402421880145791e-25
6.471712816422613e-25
6.551936003634365e-25
6.64221817708083e-25
6.741786723057724e-25
6.84996378682642e-25
6.966159503345664e-25
7.08986477506732e-25
7.2206439357842415e-25
7.358127551476662e-25
7.5020055396129915e-25
7.652020722638735e-25
7.807962883903548e-25
7.969663357667518e-25
8.136990155421931e-25
8.309843614369293e-25
8.488152538772052e-25
8.671870800773632e-25
8.860974359639298e-25
9.05545866139787e-25
9.255336377718352e-25
9.460635447655637e-25
9.671397386765255e-25
9.887675831613025e-25
1.0109535290009362e-24
1.0337050071885919e-24
1.0570303376706868e-24
1.0809386517024416e-24
1.1054398261241888e-24
1.1305444277670947e-24
1.156263666797412e-24
1.1826093577715532e-24
1.2095938872400314e-24
1.2372301871291723e-24
1.2655317132287105e-24
1.2945124275913956e-24
1.3241867852225706e-24
1.3545697233493234e-24
1.385676654075998e-24
1.4175234590306363e-24
1.450126486468921e-24
1.4835025498640326e-24
1.5176689285715822e-24
1.5526433693964513e-24
1.5884440901021945e-24
1.6250897831046377e-24
1.66259962123667e-24
1.7009932634953258e-24
1.7402908621886554e-24
1.7805130704238775e-24
1.821681050550167e-24
1.8638164831477473e-24
1.9069415764192642e-24
1.9510790764232552e-24
1.9962522774608136e-24
2.042485033279335e-24
2.089801768529573e-24
2.138227490657518e-24
2.1877878024116387e-24
2.2385089146292932e-24
2.2904176595871975e-24
2.3435415042703476e-24
2.3979085645219793e-24
2.4535476202163463e-24
2.510488128695512e-24
2.5687602417852117e-24
2.6283948197532325e-24
2.6894234484332598e-24
2.7518784554173468e-24
2.8157929270753494e-24
2.88120072617835e-24
2.9481365083713255e-24
3.0166357416729574e-24
3.0867347258898662e-24
3.1584706088252324e-24
3.2318814087526272e-24
3.30700603318332e-24
3.3838842998005796e-24
3.462556956539816e-24
3.543065704727976e-24
3.6254532196907015e-24
3.7097631729029154e-24
3.796040259347047e-24
3.884330213260493e-24
3.974679840792848e-24
4.06713703872223e-24
4.1617508232127656e-24
4.258571353441254e-24
4.357649958745981e-24
4.459039169671799e-24
4.562792738222334e-24
4.668965672896602e-24
4.777614267422338e-24
4.888796125322367e-24
5.002570189602589e-24
5.1189967936082565e-24
5.238137659665447e-24
5.360055960473245e-24
5.4848163394692804e-24
5.612484947220251e-24
5.743129471768064e-24
5.876819191779491e-24
6.0136249887529984e-24
6.153619408808483e-24
6.296876668419743e-24
6.4434727430495976e-24
6.593485354124539e-24
6.746994049514886e-24
6.904080232594035e-24
7.064827187051378e-24
7.229320160501356e-24
7.397646370391382e-24
7.569895084504752e-24
7.746157634363286e-24
7.92652747445799e-24
8.111100266810033e-24
8.299973884860975e-24
8.493248480630612e-24
8.6910265561162e-24
8.893412987249047e-24
9.100515068582834e-24
9.312442663304182e-24
9.529308135504918e-24
9.751226512597154e-24
9.978315465057103e-24
1.02106954469208e-23
1.0448489649486934e-23
1.0691824197737422e-23
1.0940828192782686e-23
1.119563361907543e-23
1.1456375640971518e-23
1.1723192550026729e-23
1.1996225867399124e-23
1.2275620347600942e-23
1.2561524211542845e-23
1.285408921356917e-23
1.3153470271477289e-23
1.3459826431691306e-23
1.377331993201221e-23
1.4094117333210914e-23
1.4422388603427886e-23
1.4758308001725674e-23
1.5102053663186898e-23
1.5453807869043443e-23
1.581375726842016e-23
1.6182092878585364e-23
1.6559009946949816e-23
1.694470851452488e-23
1.733939331192824e-23
1.7743273569458847e-23
1.8156563850313865e-23
1.8579482953677974e-23
1.9012255981960567e-23
1.9455111717546164e-23
1.990828560910601e-23
2.0372018523441375e-23
2.0846555750440785e-23
2.1332149643066602e-23
2.182905822354632e-23
