3.712613068593019e-24
3.574586074562686e-24
3.444461806094578e-24
3.3219262663097015e-24
3.206679621986442e-24
3.09843551749901e-24
2.996920422096484e-24
2.9018730099266543e-24
2.8130435723829312e-24
2.7301934622523114e-24
2.653094569334015e-24
2.5815288271561325e-24
2.5152877502550864e-24
2.4541720015606707e-24
2.3979909892297563e-24
2.3465624919790726e-24
2.2997123121049207e-24
2.257273954652055e-24
2.219088331591857e-24
2.1850034890958102e-24
2.154874356028809e-24
2.1285625119101805e-24
2.1059359718504575e-24
2.0868689866008138e-24
2.0712418554965403e-24
2.058940750178905e-24
2.0498575473711363e-24
2.043889668848109e-24
2.040939927335366e-24
2.0409163769778368e-24
2.0437321675565957e-24
2.049305401822764e-24
2.057558995280651e-24
2.068420538577301e-24
2.0818221620772285e-24
2.0977004029348843e-24
2.115996074661337e-24
2.1366541395994857e-24
2.159623584445873e-24
2.184857298958073e-24
2.2123119583345613e-24
2.2419479093028378e-24
2.2737290600039596e-24
2.3076227739798697e-24
2.3435997681458395e-24
2.3816340147658754e-24
2.421702647602873e-24
2.4637858719781756e-24
2.507866878733525e-24
2.553931762083603e-24
2.60196944111216e-24
2.6519715848916014e-24
2.703932541160915e-24
2.7578492682892097e-24
2.81372127063437e-24
2.871550536973912e-24
2.9313414821513316e-24
2.9931008915983315e-24
3.056837868805631e-24
3.1225637859747165e-24
3.190292236928113e-24
3.2600389933573345e-24
3.331821963331482e-24
3.405661152729676e-24
3.4815786294828016e-24
3.5595984897878056e-24
3.639746827568585e-24
3.722051706395616e-24
3.8065431332868966e-24
3.893253035761483e-24
3.9822152411033145e-24
4.0734654576226446e-24
4.167041259083603e-24
4.262982070831916e-24
4.3613291585965734e-24
4.462125619398191e-24
4.5654163749886755e-24
4.671248167266953e-24
4.77966955608346e-24
4.890730918790613e-24
5.004484452877084e-24
5.120984179499819e-24
5.240285950031833e-24
5.362447453888491e-24
5.487528229320027e-24
5.615589674959987e-24
5.746695064454188e-24
5.880909562122077e-24
6.018300241167258e-24
6.158936103046268e-24
6.3028880995225195e-24
6.4502291553570855e-24
6.601034194469889e-24
6.755380165438433e-24
6.913346071597027e-24
7.075013000421673e-24
7.240464155419745e-24
7.40978489072305e-24
7.583062745919355e-24
7.760387482706855e-24
7.9418511240242e-24
8.127547994742593e-24
8.317574762577869e-24
8.512030482144393e-24
8.711016640640436e-24
8.914637203163295e-24
9.122998663151583e-24
9.336210090178304e-24
9.554383182613315e-24
9.777632321806004e-24
1.0006074624767616e-23
1.0239830002555346e-23
1.0479021217287173e-23
1.0723773942182278e-23
1.0974216823463206e-23
1.123048154178174e-23
1.1492702879309435e-23
1.17610187850045e-23
1.2035570441098253e-23
1.2316502337232858e-23
1.2603962336231642e-23
1.289810175373306e-23
1.319907542717136e-23
1.35070417971357e-23
1.3822162984741517e-23
1.414460487113276e-23
1.4474537180829482e-23
1.4812133564464855e-23
1.515757168783463e-23
1.551103331551831e-23
1.587270440538171e-23
1.624277519691789e-23
1.6621440304169048e-23
1.7008898816406698e-23
1.7405354391262675e-23
1.7811015353322458e-23
1.822609480050984e-23
1.8650810705554378e-23
1.9085386016612812e-23
1.953004877466109e-23
1.9985032213675504e-23
2.045057488009025e-23
2.0926920738538208e-23
2.1414319296790442e-23
2.191302571797867e-23
2.2423300936064688e-23
2.2945411790590682e-23
2.3479631139642595e-23
2.4026237988531778e-23
2.4585517617149065e-23
2.5157761719077563e-23
2.5743268517891614e-23
2.634234290963338e-23
2.695529660169311e-23
2.7582448242226424e-23
2.8224123566594565e-23
2.8880655532362325e-23
2.9552384461292874e-23
3.02396581960301e-23
3.094283222611836e-23
3.16622698558871e-23
3.239834232921655e-23
3.3151429003105585e-23
3.3921917480803526e-23
3.47102037695014e-23
3.551669243146422e-23
3.634179674038683e-23
3.7185938825293376e-23
3.804954983101631e-23
3.893307007203579e-23
3.9836949176591517e-23
4.076164625155433e-23
4.170763001953022e-23
4.2675378975082576e-23
4.366538153918194e-23
4.4678136208881544e-23
4.5714151663617196e-23
4.677394695953217e-23
4.78580516405861e-23
4.8967005880704e-23
5.0101360597597996e-23
5.1261677607460756e-23
5.244852971858188e-23
5.366250085654857e-23
5.490418619824026e-23
5.617419221542124e-23
5.747313680963877e-23
5.880164938589218e-23
6.016037095826328e-23
6.154995412522446e-23
6.297106322196155e-23
6.442437429262607e-23
6.591057515202496e-23
6.743036537547687e-23
6.898445629563426e-23
7.057357099908341e-23
7.219844423802674e-23
7.385982244234064e-23
7.555846354909464e-23
7.729513697112501e-23
7.907062337926499e-23
