7.00039194200305e-25
6.369536393573739e-25
6.004053371997665e-25
5.916631538102696e-25
6.088364359815618e-25
6.473523110183329e-25
7.016993136548468e-25
7.669346989236609e-25
8.39278264883085e-25
9.160727976704296e-25
9.9552829567138e-25
1.0764650897709485e-24
1.1581172801050878e-24
1.2399963680046616e-24
1.3218000707862334e-24
1.403351937792933e-24
1.4845612351570367e-24
1.5653960480949462e-24
1.6458650327630881e-24
1.7260048833046464e-24
1.8058716227987222e-24
1.8855344877986247e-24
1.965071596295827e-24
2.0445668584002583e-24
2.124107763811973e-24
2.2037837950637703e-24
2.283685292024814e-24
2.363902644820313e-24
2.444525727675629e-24
2.5256435106593894e-24
2.6073438034811494e-24
2.6897130976822066e-24
2.7728364822675328e-24
2.8567976141887362e-24
2.9416787296882493e-24
3.027560685950374e-24
3.1145230250345847e-24
3.2026440539865362e-24
3.2920009364500425e-24
3.382669792217369e-24
3.474725801971699e-24
3.5682433151449214e-24
3.663295959289986e-24
3.759956749770978e-24
3.858298198862704e-24
3.958392423596491e-24
4.0603112518718086e-24
4.164126326480912e-24
4.269909206834999e-24
4.377731468247268e-24
4.4876647986974886e-24
4.599781093072863e-24
4.71415254490323e-24
4.8308517356442916e-24
4.949951721607947e-24
5.071526118611378e-24
5.195649184487901e-24
5.3223958995522064e-24
5.451842045175769e-24
5.584064280580391e-24
5.719140218001152e-24
5.857148496347055e-24
5.998168853487001e-24
6.142282197303658e-24
6.2895706756428416e-24
6.440117745272764e-24
6.594008240000553e-24
6.751328438041592e-24
6.912166128775189e-24
7.076610678993209e-24
7.244753098755813e-24
7.416686106950579e-24
7.592504196668758e-24
7.772303700495153e-24
7.956182855795496e-24
8.144241870115766e-24
8.336582986760786e-24
8.533310550652024e-24
8.734531074544302e-24
8.940353305685396e-24
9.150888292986036e-24
9.366249454795003e-24
9.586552647342604e-24
9.811916233917762e-24
1.0042461154869119e-23
1.0278310998478204e-23
1.0519592072785946e-23
1.0766433478441254e-23
1.1018967182611604e-23
1.1277328094050722e-23
1.1541654139370398e-23
1.181208634057575e-23
1.2088768893937511e-23
1.2371849250226934e-23
1.2661478196448921e-23
1.2957809939035402e-23
1.3261002188615013e-23
1.3571216246443023e-23
1.3888617092470867e-23
1.4213373475175842e-23
1.4545658003220346e-23
1.488564723888962e-23
1.5233521793563628e-23
1.5589466425062842e-23
1.5953670137093468e-23
1.6326326280742485e-23
1.6707632658175347e-23
1.7097791628510006e-23
1.7497010216007803e-23
1.790550022053142e-23
1.83234783305169e-23
1.8751166238251596e-23
1.9188790757862276e-23
1.9636583945727092e-23
2.0094783223629494e-23
2.0563631504653094e-23
2.1043377321762135e-23
2.15342749593628e-23
2.203658458765042e-23
2.2550572400119407e-23
2.3076510753908052e-23
2.3614678313590104e-23
2.4165360197764286e-23
2.4728848129298468e-23
2.530544058878303e-23
2.5895442971253663e-23
2.6499167746789756e-23
2.711693462425175e-23
2.7749070719025303e-23
2.839591072438623e-23
2.9057797086618697e-23
2.973508018411417e-23
3.0428118510585304e-23
3.113727886193882e-23
3.186293652775213e-23
3.260547548684392e-23
3.336528860677526e-23
3.4142777848791585e-23
3.493835447597067e-23
3.5752439266980815e-23
3.658546273402036e-23
3.743786534523598e-23
3.831009775326289e-23
3.920262102743559e-23
4.011590689108914e-23
4.105043796507871e-23
4.2006708015380747e-23
4.298522220704896e-23
4.3986497362185094e-23
4.5011062225161887e-23
4.60594577315897e-23
4.713223728604971e-23
4.8229967040180267e-23
4.935322618278032e-23
5.050260723189624e-23
5.1678716334450656e-23
5.288217357202113e-23
5.41136132711558e-23
5.53736843226822e-23
5.666305050676216e-23
5.798239081987286e-23
5.933239981817042e-23
6.071378795502202e-23
6.212728193438841e-23
6.357362507115605e-23
6.505357764693941e-23
6.656791728903796e-23
6.811743934647429e-23
6.970295726361279e-23
7.132530298542705e-23
7.298532735191421e-23
7.468390049409345e-23
7.642191225192581e-23
7.820027259817839e-23
8.001991204986896e-23
8.188178210799132e-23
8.378685568956369e-23
8.573612758421869e-23
8.773061488223952e-23
8.977135744583256e-23
9.185941837782359e-23
9.39958844699847e-23
9.618186666580183e-23
9.841850058140353e-23
1.0070694695554417e-22
1.0304839212010575e-22
1.0544404851129627e-22
1.0789515516100062e-22
1.104029781690722e-22
1.1296881123923248e-22
1.1559397609524282e-22
1.1827982305603633e-22
1.2102773149295158e-22
1.2383911032465152e-22
1.2671539843815459e-22
1.2965806529570794e-22
1.3266861132587772e-22
1.3574856829668521e-22
1.3889949995777853e-22
1.421230023423534e-22
1.4542070408120259e-22
