3.2606448315952207e-24
2.2335951069967327e-24
1.2718912453878092e-24
3.7583590845434553e-25
4.707482415231443e-25
1.2474275012973394e-24
1.9682634559074113e-24
2.6332754531972393e-24
3.243681854544839e-24
3.8007193797435035e-24
4.305543021617541e-24
4.759207188813947e-24
5.162661522224935e-24
5.516750476043482e-24
5.822214016295462e-24
6.0796886211800045e-24
6.289708288828706e-24
6.452705433390755e-24
6.569011614793313e-24
6.638858078068808e-24
6.662376088412995e-24
6.639597055705861e-24
6.570452444614371e-24
6.454773469250574e-24
6.292290572928225e-24
6.082632696925524e-24
5.8253263476014216e-24
5.5197944822113915e-24
5.165355256284243e-24
4.761220726035534e-24
4.3064957197404455e-24
3.800177410453175e-24
3.2411570701037452e-24
2.628228844850396e-24
1.9601256313158765e-24
1.2357060513554828e-24
4.562195108846786e-25
4.0232628312304074e-25
1.303036340493692e-24
2.2722089082124176e-24
3.3082389636805368e-24
4.413051812511746e-24
5.589018635176053e-24
6.838739679665198e-24
8.165007396244428e-24
9.570801090528772e-24
1.1059290169361354e-23
1.2633840609469749e-23
1.4298023051742357e-23
1.6055621973788175e-23
1.7910645744764392e-23
1.9867337500300218e-23
2.1930186833857084e-23
2.4103942330899643e-23
2.639362498777135e-23
2.88045425679041e-23
3.134230496125182e-23
3.401284061362009e-23
3.682241410512471e-23
3.97776449674939e-23
4.288552783151476e-23
4.615345401093792e-23
4.9589234639241807e-23
5.320112548168833e-23
5.699785356251574e-23
6.098864577160436e-23
6.518325959411544e-23
6.959201616967805e-23
7.422583588780246e-23
7.909627672354312e-23
8.421557558059714e-23
8.959669293198229e-23
9.525336102971253e-23
1.012001360467101e-22
1.0745245456159344e-22
1.1402669473230899e-22
1.2094024270285745e-22
1.2821156476019393e-22
1.3586028576663776e-22
1.439072746438016e-22
1.5237473751756604e-22
1.6128631949127134e-22
1.7066721588293152e-22
1.8054429400829474e-22
1.9094622683800278e-22
2.0190363961584825e-22
2.134492712737221e-22
2.2561815223088e-22
2.38447800528963e-22
2.519784388617639e-22
2.662532346536802e-22
2.813185666570799e-22
2.972243211636631e-22
3.140242220696907e-22
3.317761990364373e-22
3.505427995020718e-22
3.7039165032222437e-22
3.913959764262754e-22
4.1363518515838835e-22
4.371955252324299e-22
4.621708333335032e-22
4.886633808305515e-22
5.167848370550307e-22
5.466573694474762e-22
5.784149016275373e-22
6.122045590778779e-22
6.4818833358951125e-22
6.86545008089477e-22
7.274723897734762e-22
7.711899101047215e-22
8.179416660463909e-22
8.679999898883944e-22
9.216696608247672e-22
9.792928941803225e-22
1.0412552849249996e-21
1.1079929201351415e-21
1.1800009444606456e-21
1.2578439304543904e-21
1.342168519081959e-21
1.4337189284091756e-21
1.53335612231539e-21
1.6420816843418394e-21
1.7610678084088474e-21
1.891695304483899e-21
2.035602249289804e-21
2.1947469177173155e-21
2.3714901382232073e-21
2.568704455109885e-21
2.7899208301869615e-21
3.0395289066898456e-21
3.323055043114567e-21
3.647555851695706e-21
4.022187289937928e-21
4.4590480044044095e-21
4.974464347350896e-21
5.5910126804043376e-21
6.340823687516998e-21
7.27122777279798e-21
8.454931266854155e-21
1.0009608848465768e-20
1.2138887821887673e-20
1.5227857926940677e-20
2.0100862499292328e-20
2.888214489640472e-20
4.901224257885287e-20
1.223060492033987e-19
1.0198980237056809e-19
4.685656593198263e-20
3.013336282671298e-20
2.239040856629028e-20
1.7957933337655033e-20
1.5094586299038563e-20
1.3095506064410366e-20
1.1622321901236288e-20
1.049266209022533e-20
9.59963427075849e-21
8.876469026133485e-21
8.279321201005705e-21
7.778213718752662e-21
7.351958054763964e-21
6.985153926433874e-21
6.666338809958182e-21
6.386804661343046e-21
6.139816779060887e-21
5.920084263166616e-21
5.723392092007757e-21
5.5463403137113874e-21
5.386155428267841e-21
5.2405520148294556e-21
5.107629140928957e-21
4.9857921745055005e-21
4.873693117884003e-21
4.770183947753488e-21
4.674280414598386e-21
4.585133317298832e-21
4.502005491040334e-21
4.424253573483052e-21
4.351312861165752e-21
4.282685227472116e-21
4.2179291073913324e-21
4.156651153933808e-21
4.098499315946611e-21
4.043157113867961e-21
3.990338804044893e-21
3.939785149521377e-21
3.891259921134864e-21
3.8445471220632394e-21
3.799448134879234e-21
3.755779693993614e-21
3.713371802879649e-21
3.672066313048749e-21
3.631715267813595e-21
3.5921795836044036e-21
3.553328129271073e-21
3.515036614503555e-21
3.477186603092328e-21
3.439664838454093e-21
3.402362616365418e-21
3.365174920621426e-21
3.3280000972790736e-21
3.29073911343087e-21
