2.510790995188416e-24
2.5025471197464497e-24
2.4947739132956485e-24
2.4874433080392826e-24
2.4805290567847762e-24
2.4740066174059734e-24
2.467853044047875e-24
2.4620468847979433e-24
2.4565680855905756e-24
2.451397900059436e-24
2.446518805081431e-24
2.4419144217153846e-24
2.437569441286885e-24
2.4334695563407142e-24
2.4296013961934193e-24
2.425952466843751e-24
2.422511094981226e-24
2.419266375854281e-24
2.416208124783336e-24
2.413326832095477e-24
2.410613621253563e-24
2.4080602100177393e-24
2.4056588744251806e-24
2.4034024154315538e-24
2.4012841280391476e-24
2.3992977727618194e-24
2.3974375492835233e-24
2.395698072176519e-24
2.394074348558011e-24
2.3925617575563763e-24
2.3911560315192474e-24
2.3898532388031003e-24
2.3886497681194272e-24
2.3875423143275795e-24
2.3865278655763276e-24
2.3856036917986985e-24
2.384767334415873e-24
2.3840165972655807e-24
2.3833495386767904e-24
2.3827644646591202e-24
2.3822599231848814e-24
2.3818346995066483e-24
2.381487812546222e-24
2.3812185122949837e-24
2.3810262782103163e-24
2.3809108186750938e-24
2.3808720714318023e-24
2.380910205093629e-24
2.3810256216836837e-24
2.3812189602523195e-24
2.3814911016156414e-24
2.3818431742429183e-24
2.3822765613141025e-24
2.3827929090595628e-24
2.383394136385538e-24
2.3840824458986934e-24
2.384860336397235e-24
2.385730616878854e-24
2.3866964222454943e-24
2.3877612307839685e-24
2.3889288834472086e-24
2.3902036053044718e-24
2.391590029032029e-24
2.3930932208412415e-24
2.3947187088745242e-24
2.396472514377054e-24
2.3983611857552146e-24
2.4003918358550152e-24
2.4025721825884925e-24
2.404910593446535e-24
2.4074161337898248e-24
2.4100986196722448e-24
2.4129686752695035e-24
2.4160377954330992e-24
2.4193184136389586e-24
2.42282397601321e-24
2.4265690216663207e-24
2.430569269956466e-24
2.4348417153225055e-24
2.439404729978341e-24
2.44427817550593e-24
2.449483523647532e-24
2.455043987109448e-24
2.4609846612761773e-24
2.4673326772308675e-24
2.4741173673502542e-24
2.4813704439108696e-24
2.489126191898115e-24
2.49742167650126e-24
2.5062969666584334e-24
2.5157953754299217e-24
2.525963717779738e-24
2.5368525872744325e-24
2.5485166519830085e-24
2.561014971132833e-24
2.574411332817996e-24
2.588774613682116e-24
2.6041791613789818e-24
2.6207052007441444e-24
2.638439263585243e-24
2.6574746433181822e-24
2.6779118740846395e-24
2.69985923568466e-24
2.7234332832489784e-24
2.748759403469734e-24
2.7759723961112075e-24
2.8052170817466584e-24
2.8366489364783118e-24
2.870434752941053e-24
2.90675333028599e-24
2.945796191782862e-24
2.9877683356033423e-24
3.0328890162744e-24
3.0813925658586528e-24
3.1335292536191216e-24
3.189566194356315e-24
3.2497883082376136e-24
3.314499343202057e-24
3.384022967040817e-24
3.458703941272593e-24
3.5389093891037406e-24
3.625030167261196e-24
3.717482359228301e-24
3.816708902738384e-24
3.923181362254568e-24
4.03740185990071e-24
4.159905177285258e-24
4.291261029918888e-24
4.4320765144891956e-24
4.58299872814381e-24
4.7447175358336865e-24
4.917968454059036e-24
5.1035356119736785e-24
5.302254704050754e-24
5.515015837782976e-24
5.742766137552071e-24
5.986511902182076e-24
6.247320059490318e-24
6.5263185743615435e-24
6.824695374740991e-24
7.143695191393898e-24
7.484613592862192e-24
7.84878726901321e-24
8.237579380880672e-24
8.652358553079633e-24
9.094469743377607e-24
9.565194951814847e-24
1.006570141852834e-23
1.0596974785782161e-23
1.1159734640066647e-23
1.175433021720865e-23
1.2380614834790637e-23
1.3037799203577874e-23
1.3724286529479725e-23
1.4437496176580724e-23
1.5173688143014584e-23
1.5927807235039052e-23
1.6693372939611528e-23
1.746244703006638e-23
1.822571368209606e-23
1.8972703023413523e-23
1.9692176384419234e-23
2.0372668813459525e-23
2.1003153939940775e-23
2.1573764100481627e-23
2.2076475230026853e-23
2.2505659066662008e-23
2.2858421237491174e-23
2.313468062015676e-23
2.3336991647649534e-23
2.3470155090177254e-23
2.3540692239732828e-23
2.355626610762634e-23
2.352512427577653e-23
2.3455617136089432e-23
2.3355820966224013e-23
2.323327276945966e-23
2.3094808893574627e-23
2.2946489614284615e-23
2.2793589400561838e-23
2.2640632348185762e-23
2.2491456106682948e-23
2.2349290647331436e-23
2.221684244788477e-23
2.2096376949666177e-23
2.1989796251102574e-23
2.1898708820548535e-23
2.1824491192152125e-23
2.1768341182072445e-23
2.173132288451535e-23
2.1714404974217513e-23
2.1718492054581225e-23
2.1744450734447576e-23
2.1793130955406733e-23
2.1865382837190737e-23
2.1962071087487475e-23
2.2084085161213234e-23
2.223234854162928e-23
2.240782497668491e-23
2.2611523491003355e-23
2.284450239448593e-23
