1.974752834757309e-23
2.0475506135042927e-23
2.1159867246075432e-23
2.1802063860024436e-23
2.2403458619485887e-23
2.2965327521388415e-23
2.3488862624120537e-23
2.3975174576666158e-23
2.4425294974455363e-23
2.484017854706376e-23
2.5220705182264974e-23
2.5567681791133642e-23
2.5881844016478892e-23
2.6163857790643877e-23
2.6414320743575293e-23
2.6633763465758725e-23
2.6822650627703104e-23
2.698138195859348e-23
2.7110293086488027e-23
2.720965624077669e-23
2.727968081948742e-23
2.732051382193936e-23
2.733224014707874e-23
2.731488275940913e-23
2.7268402721348855e-23
2.7192699092467834e-23
2.708760869572436e-23
2.695290574888178e-23
2.678830136156581e-23
2.6593442895786376e-23
2.6367913187745566e-23
2.611122963108969e-23
2.5822843117108303e-23
2.5502136831080822e-23
2.514842490012036e-23
2.4760950891842135e-23
2.433888615778984e-23
2.3881328018693033e-23
2.3387297787672885e-23
2.285573862698119e-23
2.2285513231604675e-23
2.1675401336155e-23
2.102409703907032e-23
2.0330205936873295e-23
1.9592242064156782e-23
1.8808624631532082e-23
1.7977674555797602e-23
1.7097610776787213e-23
1.6166546356068338e-23
1.518248435683459e-23
1.4143313508010014e-23
1.3046803670446075e-23
1.1890601147552429e-23
1.0672223944716189e-23
9.389057235901734e-24
8.038349718051764e-24
6.6172128949071795e-24
5.1226306506972364e-24
3.5515146669293606e-24
1.9011014216913607e-24
1.9316552303819879e-25
1.6633770051115807e-24
3.5759740709258306e-24
5.585323580573862e-24
7.694861861882457e-24
9.908993828622264e-24
1.2232470974603334e-23
1.467031913971295e-23
1.7227830126713623e-23
1.991056752090789e-23
2.2724377166898034e-23
2.5675399792029916e-23
2.8770084974434897e-23
3.201520618550508e-23
3.541787681502319e-23
3.8985567168745434e-23
4.272612246611439e-23
4.6647781870559797e-23
5.075919861236472e-23
5.506946126548071e-23
5.958811624430423e-23
6.432519160216238e-23
6.92912222055845e-23
7.449727637656595e-23
7.995498409222253e-23
8.567656686790602e-23
9.1674869410613e-23
9.796339316308126e-23
1.0455633189014334e-22
1.1146860943329618e-22
1.1871591979665045e-22
1.2631476969600097e-22
1.3428252380940566e-22
1.426374528883934e-22
1.5139878489175587e-22
1.6058675953916405e-22
1.702226862649095e-22
1.80329006142536e-22
1.9092935788554843e-22
2.0204864822166416e-22
2.1371312724696896e-22
2.259504687406095e-22
2.387898563879766e-22
2.522620757937713e-22
2.6639961328306715e-22
2.812367619059773e-22
2.968097349308333e-22
3.1315678825955815e-22
3.3031835154866397e-22
3.48337169883518e-22
3.6725845595516945e-22
3.871300546178059e-22
4.080026203206908e-22
4.299298089424771e-22
4.529684854790605e-22
4.771789491077122e-22
5.026251769668812e-22
5.293750893740543e-22
5.575008378044894e-22
5.870791188232345e-22
6.181915158764786e-22
6.509248730079485e-22
6.85371702812957e-22
7.216306331354811e-22
7.598068975588996e-22
8.000128732691315e-22
8.423686727295291e-22
8.870027956616797e-22
9.340528483697692e-22
9.836663390585348e-22
1.0360015583593234e-21
1.0912285562308998e-21
1.149530227879288e-21
1.211103523249019e-21
1.2761607964873145e-21
1.3449313152477964e-21
1.4176629521847383e-21
1.4946240863147643e-21
1.5761057429835392e-21
1.6624240068535776e-21
1.753922759525754e-21
1.8509767765230132e-21
1.9539952591756045e-21
2.0634258599573787e-21
2.1797592939194674e-21
2.3035346221021087e-21
2.4353453549836247e-21
2.575846492045294e-21
2.725762695334649e-21
2.8858977976503365e-21
3.0571459422810608e-21
3.2405046288891068e-21
3.437090112698969e-21
3.648155661432719e-21
3.875113267594737e-21
4.11955965052265e-21
4.3833075527066486e-21
4.668423607266764e-21
4.977274499774584e-21
5.312583591546575e-21
5.677500840859621e-21
6.0756898990115285e-21
6.5114374348735045e-21
6.989791634157503e-21
7.516739350740506e-21
8.099435178538852e-21
8.746501021676182e-21
9.468422647719586e-21
1.0278082611770242e-20
1.1191486387301166e-20
1.2228769866615832e-20
1.3415623073770837e-20
1.4785345950744908e-20
1.6381888665902646e-20
1.8264474023027254e-20
2.051485109186601e-20
2.32491055258551e-20
2.6637748191554552e-20
3.094171173495605e-20
3.658110690324009e-20
4.427742946378501e-20
5.537933895838512e-20
7.271751242313825e-20
1.0330962535595359e-19
1.694131820493101e-19
3.5164707778967584e-19
3.258434688578099e-19
1.6845981399392316e-19
1.1021779490004748e-19
8.226297747932599e-20
6.607983746349104e-20
5.557806023620158e-20
4.823077307535502e-20
4.281091666162735e-20
3.865304911780914e-20
3.5365725719193683e-20
3.270388551650436e-20
3.050636829692056e-20
2.866288243265937e-20
2.7095419139591573e-20
2.5747254017635026e-20
