1.3323714158159416e-24
1.2975488065795133e-24
1.2650446825909022e-24
1.2347428869054003e-24
1.2065302784116882e-24
1.1802967265386964e-24
1.155935136803324e-24
1.1333415020903242e-24
1.1124149739706634e-24
1.0930579480207399e-24
1.075176156997077e-24
1.0586787659429216e-24
1.0434784636777488e-24
1.0294915457647431e-24
1.0166379848311624e-24
1.004841485001856e-24
9.940295181120684e-25
9.841333403448884e-25
9.750879887376058e-25
9.668322578786113e-25
9.593086576956441e-25
9.524633538748337e-25
9.462460928037177e-25
9.406101132524207e-25
9.355120471727445e-25
9.309118120521525e-25
9.267724972524206e-25
9.230602466743592e-25
9.197441399437706e-25
9.167960741371375e-25
9.141906478734134e-25
9.11905049393345e-25
9.099189500339683e-25
9.08214404310437e-25
9.067757576153756e-25
9.055895624015676e-25
9.046445035329869e-25
9.039313333432278e-25
9.034428168537457e-25
9.031736874570206e-25
9.031206133131014e-25
9.032821745758176e-25
9.036588515415615e-25
9.042530237643072e-25
9.050689799490017e-25
9.061129386504394e-25
9.073930794740808e-25
9.089195845204933e-25
9.107046897413776e-25
9.127627457425964e-25
9.151102874306955e-25
9.177661118833168e-25
9.207513635552082e-25
9.240896259015379e-25
9.278070181941814e-25
9.319322963265321e-25
9.364969559840215e-25
9.41535336560264e-25
9.470847239228075e-25
9.531854500132073e-25
9.598809870715751e-25
9.672180342674377e-25
9.752465943956367e-25
9.840200384001078e-25
9.935951554818982e-25
1.0040321869926086e-24
1.0153948423519532e-24
1.0277502958361286e-24
1.0411691637043993e-24
1.0557254614351806e-24
1.0714965420823235e-24
1.0885630170100532e-24
1.1070086614395253e-24
1.12692030806066e-24
1.1483877319556351e-24
1.1715035320895196e-24
1.1963630133401804e-24
1.2230640745202212e-24
1.2517071076397374e-24
1.2823949125049831e-24
1.3152326322808324e-24
1.3503277119867327e-24
1.3877898848992192e-24
1.4277311866992925e-24
1.4702660004027949e-24
1.5155111303704745e-24
1.5635859053002909e-24
1.6146123082215743e-24
1.66871513024012e-24
1.7260221462435852e-24
1.7866643067754233e-24
1.8507759439038526e-24
1.9184949859821407e-24
1.989963177195906e-24
2.0653262976504433e-24
2.1447343803791903e-24
2.228341920337693e-24
2.316308072800824e-24
2.4087968364955057e-24
2.505977219045791e-24
2.608023380441974e-24
2.715114751664607e-24
2.827436126032693e-24
2.945177718075201e-24
3.0685351888456565e-24
3.1977096332098266e-24
3.33290752470859e-24
3.47434061488355e-24
3.6222257846090604e-24
3.776784840014124e-24
3.938244248983767e-24
4.1068348170551015e-24
4.2827912911152455e-24
4.466351891707601e-24
4.6577577627881185e-24
4.8572523359151095e-24
5.065080601030642e-24
5.281488281260453e-24
5.506720899414297e-24
5.7410227304982286e-24
5.984635641715391e-24
6.23779780831803e-24
6.500742291297951e-24
6.773695493673343e-24
7.056875478603167e-24
7.350490131016438e-24
7.654735209637623e-24
7.969792234585749e-24
8.295826246070776e-24
8.632983456796565e-24
8.981388742707976e-24
9.341143070415057e-24
9.71232081109057e-24
1.0094966992431877e-23
1.048909449912155e-23
1.0894681277004632e-23
1.1311667561373375e-23
1.1739953120336274e-23
1.2179394663589547e-23
1.2629803389613318e-23
1.3090942721651053e-23
1.3562526314914975e-23
1.4044216455659974e-23
1.4535622671787145e-23
1.503630105586954e-23
1.55457537553838e-23
1.6063429367369727e-23
1.65887236827104e-23
1.712098112697644e-23
1.765949695048687e-23
1.820352007435949e-23
1.8752256509954758e-23
1.9304873689060923e-23
1.9860505137288486e-23
2.0418256030575374e-23
2.097720914283466e-23
2.153643127591111e-23
2.209497996732748e-23
2.26519107698843e-23
2.3206284163761002e-23
2.3757172831044785e-23
2.430366905165004e-23
2.4844891111362545e-23
2.5379990106023722e-23
2.590815620604307e-23
2.6428623536029105e-23
2.6940675802159984e-23
2.744364991002485e-23
2.793693967121325e-23
2.8419998463290285e-23
2.889234096919026e-23
2.9353544481796896e-23
2.9803249199666e-23
3.0241157621245565e-23
3.066703420133756e-23
3.108070319067521e-23
3.148204708558321e-23
3.1871003779030956e-23
3.2247563883347855e-23
3.2611768014106204e-23
3.2963702951626803e-23
3.3303498695947204e-23
3.363132506641043e-23
3.394738806936856e-23
3.4251926751777855e-23
3.45452103428351e-23
3.48275345896335e-23
3.5099219776948966e-23
3.5360607551177296e-23
3.5612058671902426e-23
3.585395148960496e-23
3.608667984695408e-23
3.631065132690434e-23
3.652628700178935e-23
3.6734019587995837e-23
3.69342936811802e-23
3.712756500155437e-23
3.731430076769197e-23
3.749497976037434e-23
3.7670093459247965e-23
3.784014626673233e-23
