1.0908883964749913e-22
1.1021185369945665e-22
1.1126930568359772e-22
1.122634395933926e-22
1.131963649431198e-22
1.1407006124940132e-22
1.1488638223559602e-22
1.156470597679909e-22
1.1635370753220329e-22
1.170078244575961e-22
1.1761079789699524e-22
1.181639065684355e-22
1.186683232652085e-22
1.1912511733988174e-22
1.1953525696758001e-22
1.1989961119326242e-22
1.202189517672751e-22
1.20493954773037e-22
1.2072520205019006e-22
1.2091318241618334e-22
1.2105829268873743e-22
1.2116083851126535e-22
1.2122103498283246e-22
1.2123900709385623e-22
1.2121478996829805e-22
1.2114832891263356e-22
1.210394792715328e-22
1.2088800608965565e-22
1.2069358357861714e-22
1.204557943876624e-22
1.2017412867620524e-22
1.198479829858789e-22
1.1947665890932637e-22
1.1905936155244758e-22
1.1859519778638885e-22
1.1808317428499927e-22
1.1752219534304875e-22
1.1691106046989177e-22
1.1624846175281487e-22
1.1553298098366868e-22
1.1476308654184031e-22
1.1393713002603938e-22
1.1305334262671576e-22
1.121098312302659e-22
1.1110457424557403e-22
1.1003541714262885e-22
1.0890006769228112e-22
1.0769609089541626e-22
1.0642090358896033e-22
1.0507176871533025e-22
1.0364578924098476e-22
1.0213990170879945e-22
1.0055086940799581e-22
9.887527514423323e-23
9.710951359142553e-23
9.524978320556481e-23
9.329207767964958e-23
9.123217691741714e-23
8.906563750221014e-23
8.678778263576464e-23
8.439369152015774e-23
8.187818815445264e-23
7.923582951582426e-23
7.646089309312351e-23
7.354736373892306e-23
7.048891980416677e-23
6.727891851770901e-23
6.39103805713715e-23
6.037597386997489e-23
5.666799640582564e-23
5.277835821943597e-23
4.8698562415761264e-23
4.441968522440654e-23
3.9932355139353916e-23
3.5226731293993125e-23
3.029248155934392e-23
2.5118761893768833e-23
1.969420238249642e-23
1.4006924782162192e-23
8.044772206842959e-24
1.801108919441095e-24
4.767897044527516e-24
1.1637208402629404e-23
1.8840775559376642e-23
2.6393322235673636e-23
3.431157198377985e-23
4.261326278254859e-23
5.131708308765805e-23
6.044269671856621e-23
7.001078776888338e-23
8.004311352864108e-23
9.056256254756615e-23
1.0159321710689566e-22
1.131604200089484e-22
1.2529084583083319e-22
1.3801257689801042e-22
1.5135518429773912e-22
1.6534981430089388e-22
1.800292806038435e-22
1.9542816284536627e-22
2.115829118989675e-22
2.2853196248996533e-22
2.463158537405609e-22
2.6497735830537607e-22
2.845616208255501e-22
3.0511630650271884e-22
3.266917606751434e-22
3.493411803693477e-22
3.7312079890139172e-22
3.9809008471581527e-22
4.243119557766694e-22
4.518530109681135e-22
4.807837801218031e-22
5.111789944688005e-22
5.43117879516831e-22
5.766844725835642e-22
6.119679674756029e-22
6.490630890977482e-22
6.880705011103627e-22
7.290972501323823e-22
7.722572504203048e-22
8.176718134463051e-22
8.654702273636175e-22
9.15790391993529e-22
9.687795157107285e-22
1.0245948814586774e-21
1.0834046901110454e-21
1.1453889905347967e-21
1.2107407070294687e-21
1.2796667763502225e-21
1.3523894083058513e-21
1.4291474860066942e-21
1.5101981242755616e-21
1.5958184075973763e-21
1.6863073323536617e-21
1.7819879820667337e-21
1.8832099690934106e-21
1.990352181809965e-21
2.1038258830102714e-21
2.2240782132347177e-21
2.3515961623471298e-21
2.486911084254063e-21
2.630603843673657e-21
2.7833107008903482e-21
2.9457300612281313e-21
3.1186302414655393e-21
3.3028584368392437e-21
3.499351111182339e-21
3.709146081173075e-21
3.93339662627899e-21
4.173388032291016e-21
4.430557072976973e-21
4.7065150575761366e-21
5.003075229941052e-21
5.322285509465745e-21
5.6664678300538595e-21
6.038265682749471e-21
6.440701930266478e-21
6.877249579809131e-21
7.351919034657352e-21
7.869366482135497e-21
8.43502964339129e-21
9.055299297885588e-21
9.73773808749078e-21
1.0491362536974287e-20
1.1327010677247236e-20
1.2257827200165992e-20
1.3299912449290197e-20
1.4473203641943214e-20
1.58026914165856e-20
1.7320130641291333e-20
1.906649675712987e-20
2.109559633969845e-20
2.3479518316275355e-20
2.631712208023749e-20
2.974773800475408e-20
3.397423954166909e-20
3.930392577671234e-20
4.6225616302457286e-20
5.55668389473636e-20
6.884842664643617e-20
8.920189975795841e-20
1.242633525792548e-19
1.9875324482174248e-19
4.598644734555582e-19
1.2260604474204782e-18
3.011001293478187e-19
1.7162717201668808e-19
1.214941194482217e-19
9.494673727729294e-20
7.852926616423834e-20
6.738193354016917e-20
5.932391754162923e-20
5.323135615324818e-20
4.8466314512886103e-20
4.463980392386648e-20
4.1501145793781116e-20
3.888151508665605e-20
3.666304754851537e-20
3.476095473929297e-20
3.3112676337158595e-20
