5.811865108528481e-23
5.812500163603485e-23
5.813098478144997e-23
5.813661321935627e-23
5.814189889458977e-23
5.814685302438504e-23
5.815148612222353e-23
5.815580802016816e-23
5.81598278897632e-23
5.816355426152297e-23
5.816699504305804e-23
5.817015753587796e-23
5.817304845090556e-23
5.817567392273865e-23
5.817803952267565e-23
5.818015027056515e-23
5.81820106454589e-23
5.818362459514046e-23
5.818499554450259e-23
5.818612640283191e-23
5.818701956998249e-23
5.818767694148956e-23
5.81880999125836e-23
5.818828938117222e-23
5.818824574973599e-23
5.818796892619667e-23
5.818745832372323e-23
5.818671285948776e-23
5.818573095238452e-23
5.818451051965047e-23
5.818304897246623e-23
5.81813432104684e-23
5.817938961515383e-23
5.817718404221985e-23
5.817472181274695e-23
5.817199770329085e-23
5.816900593479492e-23
5.816574016030827e-23
5.81621934515145e-23
5.815835828405983e-23
5.81542265215391e-23
5.814978939824569e-23
5.814503750056904e-23
5.813996074698771e-23
5.81345483666982e-23
5.812878887671227e-23
5.81226700575187e-23
5.811617892710192e-23
5.81093017134196e-23
5.810202382510413e-23
5.809432982051358e-23
5.808620337496495e-23
5.807762724601996e-23
5.806858323688294e-23
5.805905215776239e-23
5.804901378511764e-23
5.803844681870345e-23
5.802732883625682e-23
5.801563624598733e-23
5.800334423636478e-23
5.799042672345145e-23
5.797685629541856e-23
5.796260415434062e-23
5.794764005507635e-23
5.793193224079636e-23
5.791544737566442e-23
5.789815047383256e-23
5.7880004825228e-23
5.786097191737444e-23
5.784101135341958e-23
5.782008076653747e-23
5.779813572945878e-23
5.777512966016618e-23
5.775101372285152e-23
5.77257367236554e-23
5.769924500218835e-23
5.767148231698976e-23
5.76423897258106e-23
5.761190546042119e-23
5.757996479453769e-23
5.754649990650743e-23
5.751143973435149e-23
5.747470982458814e-23
5.743623217330738e-23
5.739592506028564e-23
5.735370287427883e-23
5.730947593035005e-23
5.726315027886754e-23
5.721462750446493e-23
5.716380451660958e-23
5.71105733285573e-23
5.705482082694219e-23
5.699642853000822e-23
5.693527233427613e-23
5.687122224877512e-23
5.680414211662181e-23
5.673388932405748e-23
5.666031449346991e-23
5.658326116477217e-23
5.650256545870803e-23
5.641805572451019e-23
5.632955217202916e-23
5.623686648416814e-23
5.613980141305102e-23
5.603815035299309e-23
5.593169689680578e-23
5.582021436785123e-23
5.570346533109196e-23
5.558120107711979e-23
5.545316108667454e-23
5.531907246294967e-23
5.517864934095162e-23
5.50315922633449e-23
5.487758752888043e-23
5.47163065082511e-23
5.454740492333405e-23
5.437052209336736e-23
5.418528014255714e-23
5.39912831640723e-23
5.378811635257442e-23
5.357534507575378e-23
5.335251391217198e-23
5.31191456347252e-23
5.287474014020967e-23
5.26187733198308e-23
5.2350695883278655e-23
5.206993209289725e-23
5.1775878460972915e-23
5.1467902348296835e-23
5.1145340506749147e-23
5.0807497513677054e-23
5.045364413620056e-23
5.0083015595028514e-23
4.969480971244717e-23
4.9288184950847376e-23
4.886225833070909e-23
4.8416103203237814e-23
4.794874687084265e-23
4.7459168044409185e-23
4.6946294100416147e-23
4.6408998147245775e-23
4.5846095798962415e-23
4.5256341746251277e-23
4.4638425951733345e-23
4.399096949458783e-23
4.3312519976594616e-23
4.2601546418420446e-23
4.185643351662893e-23
4.107547517832201e-23
4.025686711065932e-23
3.939869822629895e-23
3.849894069231924e-23
3.755543802861751e-23
3.6565890844150433e-23
3.552783948452734e-23
3.443864237956647e-23
3.329544880368592e-23
3.2095163736611e-23
3.083440180628439e-23
2.950942538552185e-23
2.811605987381584e-23
2.664957429744354e-23
2.5104509286248708e-23
2.3474420898066854e-23
2.175148781344725e-23
1.9925884827845256e-23
1.7984742029892423e-23
1.5910326589157066e-23
1.3676674335499462e-23
1.1242891246798208e-23
8.538678753928964e-24
5.4308146034236665e-24
1.7084663474244883e-24
4.271380750572983e-24
1.7131800808505583e-23
1.5263527024900815e-22
1.3964793924524447e-23
3.305025501617941e-24
2.826442323448877e-24
7.316196253903283e-24
1.1476894853445572e-23
1.5521720745836992e-23
1.957028709093688e-23
2.368897515047666e-23
2.7919122924849664e-23
3.228939608128311e-23
3.6821626969901407e-23
4.153380448988116e-23
4.644171384809804e-23
5.1559892544377665e-23
5.690221646689129e-23
6.248227866560067e-23
6.831364415406186e-23
7.441002976882495e-23
8.078543684067918e-23
8.745425428230514e-23
9.443134074114203e-23
1.017320956658857e-22
1.093725197351595e-22
1.1736927124414475e-22
1.2573971987756794e-22
