2.396347934974675e-24
2.486298829355374e-24
2.5717605763364664e-24
2.6528916609605694e-24
2.7298460237972328e-24
2.802772292367226e-24
2.8718132930505237e-24
2.9371057561557226e-24
2.998780155106333e-24
3.056960639134718e-24
3.111765031143869e-24
3.1633048706884164e-24
3.2116854877282726e-24
3.257006096776289e-24
3.299359903865159e-24
3.338834220759072e-24
3.375510582282219e-24
3.40946486368786e-24
3.4407673957641e-24
3.4694830759463725e-24
3.495671474131606e-24
3.5193869322099046e-24
3.5406786565652886e-24
3.5595908029808924e-24
3.5761625535188704e-24
3.590428185043002e-24
3.6024171291354435e-24
3.612154023207043e-24
3.619658752648488e-24
3.624946483897469e-24
3.628027688315258e-24
3.6289081567862766e-24
3.6275890049572456e-24
3.6240666690437005e-24
3.6183328921356185e-24
3.6103747009323195e-24
3.600174372846718e-24
3.587709393420342e-24
3.572952403999394e-24
3.55587113963531e-24
3.536428357191513e-24
3.5145817536655535e-24
3.490283874780693e-24
3.4634820139457115e-24
3.4341181017736754e-24
3.402128586444638e-24
3.367444305346559e-24
3.3299903486235114e-24
3.2896859155226823e-24
3.2464441647878403e-24
3.2001720608311575e-24
3.1507702180751467e-24
3.0981327467527968e-24
3.0421471046999662e-24
2.9826939613910963e-24
2.9196470828907013e-24
2.852873249800977e-24
2.7822322251865498e-24
2.7075767965577252e-24
2.6287529264433055e-24
2.5456000617223337e-24
2.4579516756840472e-24
2.3656361537361557e-24
2.2684781922972352e-24
2.1663009756465568e-24
2.058929554462797e-24
1.9461961230910038e-24
1.8279483785259384e-24
1.7040630412833615e-24
1.5744683467466745e-24
1.4391828097213942e-24
1.2983850241749755e-24
1.1525461864818254e-24
1.002698072098075e-24
8.510154067857763e-25
7.021775359628903e-25
5.666788998385125e-25
4.677909314304682e-25
4.44774625297144e-25
5.207655695660824e-25
6.735100386291744e-25
8.726526851651334e-25
1.1015148254122365e-24
1.3526548771995967e-24
1.6228458385666796e-24
1.910766718187988e-24
2.216028670562439e-24
2.5387450222045654e-24
2.879328341623295e-24
3.238388715887574e-24
3.61668041123304e-24
4.0150732390649384e-24
4.434537332507122e-24
4.8761356419360095e-24
5.341021144794456e-24
5.830437122867455e-24
6.3457195800333465e-24
6.888301272479725e-24
7.459717054255401e-24
8.06161038089024e-24
8.695740902898037e-24
9.363993141229406e-24
1.0068386280613646e-23
1.0811085151536042e-23
1.1594412501718586e-23
1.2420862686073003e-23
1.3293116933187315e-23
1.4214060376531107e-23
1.518680107226077e-23
1.621469126433443e-23
1.7301351200037942e-23
1.8450695852615902e-23
1.9666964965989703e-23
2.0954756908565001e-23
2.2319066908578524e-23
2.376533034366636e-23
2.5299471882102742e-23
2.6927961414052495e-23
2.865787789899618e-23
3.04969824603477e-23
3.245380233570471e-23
3.4537727605303033e-23
3.675912303028319e-23
3.912945782424765e-23
4.166145680992737e-23
4.4369277175591374e-23
4.726871604363681e-23
5.03774553041438e-23
5.371535171967863e-23
5.730478241197843e-23
6.117105842110098e-23
6.534292249244629e-23
6.985315175521215e-23
7.473929202278773e-23
8.004455840175527e-23
8.581894764793042e-23
9.212062275193646e-23
9.901765045874522e-23
1.0659020072166786e-22
1.1493335771512625e-22
1.2416074975242912e-22
1.3440928767111092e-22
1.458454285284075e-22
1.5867356164494271e-22
1.7314740490799484e-22
1.8958574401800844e-22
2.0839450357736945e-22
2.3009847022063876e-22
2.553876053919439e-22
2.851866016370693e-22
3.207620051910232e-22
3.6389231900042787e-22
4.171472334499487e-22
4.843628279035997e-22
5.7148098538837115e-22
6.880805263348586e-22
8.501889967579284e-22
1.0849441192980275e-21
1.4332643851426518e-21
1.909685775679923e-21
2.2761189020544584e-21
2.10098380734131e-21
1.6669075001964297e-21
1.3132401557201558e-21
1.069268705282933e-21
9.002692958295756e-22
7.789273659516121e-22
6.88506221583335e-22
6.18910745419194e-22
5.638728925545053e-22
5.193533330396013e-22
4.826534792036633e-22
4.519108988756895e-22
4.258028554275767e-22
4.033659773400709e-22
3.838829910269065e-22
3.668093356060085e-22
3.5172441121936665e-22
3.382983025757788e-22
3.262686533508332e-22
3.1542420261686834e-22
3.0559291160903854e-22
2.966332235023301e-22
2.8842755002921457e-22
2.808773587700836e-22
2.7389940129026483e-22
2.674228100669726e-22
2.6138681484501246e-22
2.5573895294792105e-22
2.5043363180195493e-22
2.454309887883267e-22
2.406959516620488e-22
2.3619749003481676e-22
2.319079804926921e-22
2.2780270017381883e-22
2.238593994415385e-22
2.200579325671381e-22
2.16379969710965e-22
2.1280873452320315e-22
2.0932878097420753e-22
2.0592581968050825e-22
