3.647980970043431e-24
3.655221883781973e-24
3.662130808076878e-24
3.6687180297091966e-24
3.6749935677823144e-24
3.680967154393683e-24
3.6866482188093574e-24
3.692045874672639e-24
3.697168909833374e-24
3.702025778431594e-24
3.706624594911928e-24
3.7109731296830714e-24
3.715078806168833e-24
3.718948699026972e-24
3.722589533337772e-24
3.726007684586202e-24
3.7292091792829255e-24
3.732199696085585e-24
3.7349845672983736e-24
3.7375687806413186e-24
3.739956981192439e-24
3.742153473417071e-24
3.744162223207748e-24
3.745986859865967e-24
3.7476306779647436e-24
3.749096639036853e-24
3.7503873730392174e-24
3.7515051795480135e-24
3.75245202864445e-24
3.753229561453096e-24
3.753839090298571e-24
3.754281598449021e-24
3.754557739415255e-24
3.7546678357792135e-24
3.754611877522827e-24
3.754389519832702e-24
3.7540000803550056e-24
3.753442535875698e-24
3.752715518401694e-24
3.751817310618202e-24
3.750745840697363e-24
3.749498676433131e-24
3.748073018675954e-24
3.746465694040684e-24
3.7446731468593776e-24
3.742691430350863e-24
3.7405161969747685e-24
3.738142687939477e-24
3.735565721829501e-24
3.73277968231584e-24
3.7297785049118465e-24
3.726555662734018e-24
3.723104151224751e-24
3.7194164717906975e-24
3.715484614308819e-24
3.711300038447097e-24
3.706853653744603e-24
3.702135798391808e-24
3.697136216646446e-24
3.6918440348180974e-24
3.6862477357473475e-24
3.680335131702417e-24
3.674093335608594e-24
3.667508730521149e-24
3.660566937245132e-24
3.6532527799983316e-24
3.645550250006131e-24
3.637442466908713e-24
3.6289116378516495e-24
3.619939014121615e-24
3.610504845177499e-24
3.600588329917014e-24
3.5901675650049145e-24
3.579219490076436e-24
3.567719829615035e-24
3.555643031287023e-24
3.5429622004999e-24
3.529649030932137e-24
3.5156737307644516e-24
3.501004944320194e-24
3.485609668803605e-24
3.469453165801552e-24
3.452498867192077e-24
3.434708275082913e-24
3.41604085538049e-24
3.396453924574672e-24
3.3759025293092495e-24
3.354339318304588e-24
3.33171440620216e-24
3.3079752289261384e-24
3.283066390201273e-24
3.2569294989516074e-24
3.2295029974355965e-24
3.200721980181838e-24
3.170518004095262e-24
3.138818890560347e-24
3.1055485210282834e-24
3.0706266285320654e-24
3.0339685889473016e-24
2.995485217795602e-24
2.9550825812249235e-24
2.9126618338919142e-24
2.8681191023737193e-24
2.8213454413010546e-24
2.7722269018905434e-24
2.7206447708813846e-24
2.6664760649774223e-24
2.6095944062900883e-24
2.5498714650517158e-24
2.4871792482125917e-24
2.421393654353584e-24
2.352399935607675e-24
2.2801010533714348e-24
2.2044304647620098e-24
2.1253717611371497e-24
2.042989015183237e-24
1.9574740367523375e-24
1.8692205640040395e-24
1.7789415837648002e-24
1.6878555388430646e-24
1.5979806199639621e-24
1.5125904956103317e-24
1.436883757895992e-24
1.3788548634271432e-24
1.3501342532361468e-24
1.3661662342038155e-24
1.4449813498101955e-24
1.6050526422073308e-24
1.8649123324745904e-24
2.247293324110418e-24
2.7886210851359014e-24
3.555913344880978e-24
4.681182929399383e-24
6.444470072121838e-24
9.48586688925626e-24
1.5005808758128926e-23
1.9574379043679367e-23
1.439283465721551e-23
9.613032809413287e-24
6.941052167605663e-24
5.3322667708241144e-24
4.269600853473559e-24
3.5240808777159125e-24
2.988884325245789e-24
2.6134421379001163e-24
2.3746149277318936e-24
2.2605666041569574e-24
2.2600880171696537e-24
2.357736735746783e-24
2.535146448462951e-24
2.7749006725092114e-24
3.0631016458114814e-24
3.389837621622239e-24
3.748523789677031e-24
4.1350063221726016e-24
4.5468063274212626e-24
4.98257547959614e-24
5.441729180067213e-24
5.9242059037733656e-24
6.430310608513733e-24
6.960612779311553e-24
7.515879779699812e-24
8.097033111212486e-24
8.705119673410674e-24
9.341292964942333e-24
1.000680096310226e-23
1.0702978556848426e-23
1.1431243133891173e-23
1.2193092390104588e-23
1.2990103734269236e-23
1.3823934862100488e-23
1.469632520756327e-23
1.5609098069935147e-23
1.6564163276803665e-23
1.756352028576761e-23
1.8609261657289958e-23
1.9703576852052087e-23
2.0848756321021455e-23
2.2047195867117285e-23
2.3301401265097203e-23
2.461399313195255e-23
2.5987712044285305e-23
2.7425423902267584e-23
2.893012554213467e-23
3.050495060096548e-23
3.2153175638871965e-23
3.3878226524800254e-23
3.568368509297374e-23
3.7573296077672595e-23
3.9550974334555774e-23
4.162081235714558e-23
4.378708809740655e-23
4.605427309958482e-23
4.8427040956649976e-23
5.091027609878744e-23
5.350908292343711e-23
5.622879527636863e-23
5.90749862932256e-23
6.205347861084506e-23
6.517035495748827e-23
6.843196913088158e-23
