1.0446521175396739e-23
1.0446339789050726e-23
1.0446155794568962e-23
1.0445968546366319e-23
1.0445777414424209e-23
1.04455817809767e-23
1.0445381037398326e-23
1.0445174581267662e-23
1.0444961813589182e-23
1.0444742136155969e-23
1.0444514949032819e-23
1.0444279648146471e-23
1.0444035622965375e-23
1.044378225425965e-23
1.0443518911925543e-23
1.0443244952860142e-23
1.0442959718879872e-23
1.044266253467022e-23
1.0442352705756984e-23
1.0442029516487677e-23
1.0441692228017718e-23
1.0441340076290775e-23
1.0440972270004068e-23
1.0440587988554884e-23
1.0440186379955366e-23
1.043976655871343e-23
1.0439327603667884e-23
1.0438868555774067e-23
1.0438388415833101e-23
1.0437886142155804e-23
1.043736064815527e-23
1.0436810799861517e-23
1.043623541335442e-23
1.0435633252099671e-23
1.0435003024192092e-23
1.0434343379489451e-23
1.0433652906636498e-23
1.0432930129967847e-23
1.043217350628213e-23
1.043138142148634e-23
1.0430552187089856e-23
1.0429684036555514e-23
1.042877512148626e-23
1.0427823507645651e-23
1.0426827170800428e-23
1.0425783992381818e-23
1.0424691754942995e-23
1.0423548137418673e-23
1.0422350710164165e-23
1.0421096929768926e-23
1.0419784133633331e-23
1.0418409534290742e-23
1.0416970213475723e-23
1.0415463115906291e-23
1.0413885042790077e-23
1.0412232645017006e-23
1.0410502416043414e-23
1.0408690684438881e-23
1.0406793606087578e-23
1.0404807156025131e-23
1.0402727119891336e-23
1.0400549084983924e-23
1.0398268430896061e-23
1.0395880319707184e-23
1.0393379685721741e-23
1.0390761224721549e-23
1.0388019382713591e-23
1.0385148344153978e-23
1.0382142019610889e-23
1.0378994032854705e-23
1.0375697707337323e-23
1.0372246052037709e-23
1.0368631746641925e-23
1.0364847126024295e-23
1.0360884164001383e-23
1.035673445632144e-23
1.0352389202852711e-23
1.0347839188934348e-23
1.0343074765851615e-23
1.0338085830392785e-23
1.0332861803441208e-23
1.0327391607568835e-23
1.032166364356467e-23
1.0315665765870357e-23
1.0309385256855546e-23
1.0302808799884203e-23
1.029592245111665e-23
1.0288711609986117e-23
1.0281160988287037e-23
1.0273254577811294e-23
1.02649756164651e-23
1.0256306552794282e-23
1.0247229008843699e-23
1.0237723741270313e-23
1.0227770600638704e-23
1.0217348488797363e-23
1.0206435314260562e-23
1.019500794549988e-23
1.0183042162038224e-23
1.017051260326224e-23
1.015739271482532e-23
1.014365469255086e-23
1.0129269423704091e-23
1.011420642551665e-23
1.0098433780837944e-23
1.0081918070777606e-23
1.0064624304203724e-23
1.0046515843947917e-23
1.0027554329570612e-23
1.0007699596523766e-23
9.986909591553564e-24
9.965140284163892e-24
9.942345573966758e-24
9.918477193730444e-24
9.89348460793661e-24
9.867314906637275e-24
9.839912694406909e-24
9.81121997416954e-24
9.781176025676196e-24
9.749717278398032e-24
9.716777178587378e-24
9.682286050264206e-24
9.646170949862169e-24
9.608355514267593e-24
9.568759801985444e-24
9.527300127131767e-24
9.483888885994824e-24
9.438434375843817e-24
9.39084060571148e-24
9.3410070988412e-24
9.288828686514966e-24
9.234195292958325e-24
9.176991711051976e-24
9.117097368571831e-24
9.054386084713395e-24
8.988725816674103e-24
8.919978396113372e-24
8.84799925535343e-24
8.772637143262142e-24
8.693733830829881e-24
8.611123806594725e-24
8.524633962188084e-24
8.434083268497705e-24
8.339282443180498e-24
8.240033610586724e-24
8.136129955590714e-24
8.02735537337252e-24
7.9134841179332e-24
7.794280453069626e-24
7.669498310829729e-24
7.538880964135995e-24
7.402160722559452e-24
7.259058663293377e-24
7.109284413583293e-24
6.9525360066499e-24
6.788499841245993e-24
6.616850786367001e-24
6.4372524889096004e-24
6.249357965689927e-24
6.052810595898709e-24
5.847245682003939e-24
5.6322928261212246e-24
5.407579491727705e-24
5.172736315559864e-24
4.927405051798744e-24
4.671250560515877e-24
4.4039791640038304e-24
4.12536731503074e-24
3.835307508172454e-24
3.5338840985420435e-24
3.221503197704011e-24
2.8991250511767927e-24
2.56870098044787e-24
2.2340414572597454e-24
1.9026370954193934e-24
1.5896075632115953e-24
1.3257695811303488e-24
1.1679539844663687e-24
1.1848309479342745e-24
1.39319766693199e-24
1.7456048715640115e-24
2.191293877554196e-24
2.7006125713071744e-24
3.2588282654415986e-24
3.858852747204046e-24
4.4973986987066795e-24
5.1731615970542535e-24
5.885945077889964e-24
6.63621986589694e-24
7.424889921071957e-24
8.253162826762411e-24
9.122475375873196e-24
1.0034449819852195e-23
1.0990867918792067e-23
1.1993655757582569e-23
1.3044875331592969e-23
1.414672055453846e-23
1.530151626969856e-23
1.6511719385971554e-23
1.7779921584408266e-23
1.9108853241107072e-23
