1.1436304762015523e-24
1.0682231309113438e-24
1.0009106058194722e-24
9.418468279355167e-25
8.911902422246825e-25
8.490690764099557e-25
8.155392380152404e-25
7.905410279861663e-25
7.738641693519061e-25
7.651312142941256e-25
7.638056613131961e-25
7.692239952886133e-25
7.806437184262093e-25
7.972958405353118e-25
8.1843140734898025e-25
8.43355859045885e-25
8.714496779888991e-25
9.021770717130566e-25
9.350858924700231e-25
9.698020722058211e-25
1.0060212276818827e-24
1.0434992857536601e-24
1.0820432669476746e-24
1.1215028356588665e-24
1.1617628796284177e-24
1.202737171365323e-24
1.2443630534826486e-24
1.2865970370478234e-24
1.3294111870210887e-24
1.3727901700667707e-24
1.4167288523305077e-24
1.4612303495791089e-24
1.5063044462122245e-24
1.551966315790186e-24
1.5982354855577514e-24
1.645134999558631e-24
1.692690742933932e-24
1.7409308971598447e-24
1.789885501823602e-24
1.8395861028202333e-24
1.890065471688106e-24
1.941357382115139e-24
1.993496433749283e-24
2.046517914969073e-24
2.1004576961061783e-24
2.155352150022076e-24
2.211238092734469e-24
2.2681527415813644e-24
2.3261336883449568e-24
2.385218883313864e-24
2.445446628859498e-24
2.506855581592185e-24
2.5694847607501803e-24
2.6333735602507114e-24
2.698561767851811e-24
2.7650895851601146e-24
2.8329976515586294e-24
2.9023270710624026e-24
2.9731194389125025e-24
3.0454168723091963e-24
3.1192620397239678e-24
3.1946981932860526e-24
3.2717692003898254e-24
3.350519576603705e-24
3.43099451913725e-24
3.513239939536505e-24
3.597302499467997e-24
3.683229641666092e-24
3.771069628410842e-24
3.860871571878739e-24
3.9526854718805005e-24
4.046562249342514e-24
4.142553781332838e-24
4.240712936809053e-24
4.3410936117393324e-24
4.443750764442464e-24
4.548740451774657e-24
4.656119865415527e-24
4.76594736775719e-24
4.878282528388237e-24
4.9931861626434576e-24
5.110720365924174e-24
5.230948555420832e-24
5.353935505715856e-24
5.479747387816468e-24
5.608451808207853e-24
5.740117849893239e-24
5.874816110625251e-24
6.012618745348374e-24
6.153599507822481e-24
6.2978337912125745e-24
6.445398671526968e-24
6.596372951368094e-24
6.750837204917968e-24
6.908873821885721e-24
7.070567053816685e-24
7.236003059522323e-24
7.405269955730974e-24
7.578457862796119e-24
7.755658956553618e-24
7.936967512858375e-24
8.122479971802504e-24
8.312294973795239e-24
8.506513426483199e-24
8.70523855061595e-24
8.908575943207959e-24
9.116633630501908e-24
9.329522123486497e-24
9.547354485747078e-24
9.770246382089965e-24
9.998316155088576e-24
1.023168487982137e-23
1.0470476420381477e-23
1.0714817526821413e-23
1.0964837858393278e-23
1.1220670090449795e-23
1.1482449971479216e-23
1.1750316391311305e-23
1.2024411458617742e-23
1.2304880578032491e-23
1.2591872534445136e-23
1.2885539550130132e-23
1.3186037394522811e-23
1.349352544412475e-23
1.3808166776556923e-23
1.413012826668601e-23
1.445958064688481e-23
1.4796698636201207e-23
1.51416610045258e-23
1.5494650667831792e-23
1.5855854803763562e-23
1.6225464934568382e-23
1.6603677047303072e-23
1.6990691663436766e-23
1.7386713987837008e-23
1.7791953981847414e-23
1.8206626500929735e-23
1.8630951396512267e-23
1.9065153612751122e-23
1.9509463351429374e-23
1.9964116161561938e-23
2.0429353067316935e-23
2.090542068201775e-23
2.1392571390475677e-23
2.1891063425944883e-23
2.2401161038198242e-23
2.2923134590074176e-23
2.3457260809344282e-23
2.400382277266135e-23
2.4563110235448686e-23
2.5135419568479797e-23
2.5721054172851992e-23
2.632032440177555e-23
2.6933547914415e-23
2.75610496541217e-23
2.8203162183910897e-23
2.886022593217348e-23
2.9532588888970306e-23
3.0220607523490777e-23
3.092464638210529e-23
3.1645078637099267e-23
3.2382285861682305e-23
3.313665875950368e-23
3.3908597144087004e-23
3.469850982804969e-23
3.5506815356784495e-23
3.633394227791374e-23
3.718032816561545e-23
3.80464218959711e-23
3.8932682463999246e-23
3.983957873746578e-23
4.0767591581105654e-23
4.171721152993155e-23
4.2688942948860143e-23
4.368330000516794e-23
4.47008089439642e-23
4.5742009173036173e-23
4.680744992292339e-23
4.789769798486415e-23
4.901332945788421e-23
5.015493501027662e-23
5.132311865778126e-23
5.2518499570699487e-23
5.37417091499197e-23
5.499339507898714e-23
5.6274221330029e-23
5.758486401747061e-23
5.892601781443424e-23
6.029838760115433e-23
6.170270474968521e-23
6.313970824530269e-23
6.461015838705496e-23
6.611484030143526e-23
6.765453755642532e-23
6.923006564724334e-23
7.084226828930732e-23
7.249198849755018e-23
7.418008670210993e-23
7.590747599065475e-23
7.767506993006111e-23
7.948377955470662e-23
