6.147832838615646e-22
6.11698158556076e-22
6.100350094525669e-22
6.097904803312446e-22
6.109642442302243e-22
6.135590044102091e-22
6.175805018713e-22
6.230375296203604e-22
6.299419535066861e-22
6.38308739947597e-22
6.481559903606388e-22
6.595049826525659e-22
6.72380219637949e-22
6.868094847213864e-22
7.028239048887014e-22
7.204580211760125e-22
7.397498668262056e-22
7.607410533701602e-22
7.834768648186386e-22
8.0800636016666415e-22
8.343824846637842e-22
8.626621899673874e-22
8.929065635287223e-22
9.251809675960835e-22
9.595551884064153e-22
9.961035954680944e-22
1.034905311970646e-21
1.0760443962815698e-21
1.1196100355007258e-21
1.165696751039702e-21
1.2144046175423982e-21
1.2658394951017455e-21
1.3201132758714222e-21
1.3773441453509723e-21
1.4376568597624774e-21
1.5011830398870226e-21
1.568061482008353e-21
1.6384384877881321e-21
1.7124682129194556e-21
1.7903130367867357e-21
1.8721439533197994e-21
1.9581409852667695e-21
2.0484936219500657e-21
2.1434012835500947e-21
2.2430738117396845e-21
2.3477319900020026e-21
2.4576080939594463e-21
2.5729464745961192e-21
2.6940041761296958e-21
2.821051590712517e-21
2.9543731523097854e-21
3.0942680726070025e-21
3.241051121317869e-21
3.395053454771849e-21
3.5566234946146494e-21
3.7261278620427845e-21
3.90395236844452e-21
4.090503071505728e-21
4.286207395919849e-21
4.491515325285999e-21
4.706900676125218e-21
4.932862446265634e-21
5.1699262618169736e-21
5.418645913852032e-21
5.6796050012876406e-21
5.953418685098138e-21
6.240735561801658e-21
6.542239671557157e-21
6.85865264299368e-21
7.19073599251176e-21
7.539293589276308e-21
7.905174303925485e-21
8.289274845995979e-21
8.692542818728499e-21
9.115980009630157e-21
9.560645920719855e-21
1.0027661589279462e-20
1.0518213706471818e-20
1.103355905836545e-20
1.1575029338288553e-20
1.21440363458561e-20
1.274207764045646e-20
1.3370742655565884e-20
1.4031719339861662e-20
1.47268014020352e-20
1.5457896184275806e-20
1.6227033242203482e-20
1.7036373734614026e-20
1.788822066184271e-20
1.878503011136259e-20
1.972942353445941e-20
2.072420129624948e-20
2.1772357529067202e-20
2.2877096476123728e-20
2.404185062106369e-20
2.5270300610647692e-20
2.6566397322446406e-20
2.7934386461172775e-20
2.937883573987428e-20
3.0904665168834057e-20
3.2517180930565204e-20
3.4222113063815494e-20
3.602565785782849e-20
3.793452522519945e-20
3.995599228692214e-20
4.2097963200413275e-20
4.4369037536278166e-20
4.677858710324882e-20
4.9336843282798624e-20
5.2054996873050076e-20
5.494531151048797e-20
5.802125392716269e-20
6.129764305234574e-20
6.479082267754736e-20
6.851885934127488e-20
7.250177329494454e-20
7.676180645561871e-20
8.132373425423276e-20
8.621523328981989e-20
9.14673104627978e-20
9.711481230949839e-20
1.0319702739367896e-19
1.0975840431211795e-19
1.1684940764100594e-19
1.2452755044569237e-19
1.3285863519451458e-19
1.4191826290099127e-19
1.5179366512386358e-19
1.6258595497000114e-19
1.7441288871579271e-19
1.8741227356626785e-19
2.0174621005610516e-19
2.1760635736852165e-19
2.352205048353877e-19
2.5486078908096835e-19
2.7685391990223296e-19
3.015938569436399e-19
3.2955725044124975e-19
3.613218101771071e-19
3.975869221281057e-19
4.391939503460817e-19
4.871403283021403e-19
5.425717219591388e-19
6.067218307226271e-19
6.807344715659997e-19
7.652537664393182e-19
8.596065861694573e-19
9.604297470081314e-19
1.059976212940682e-18
1.1454191289796074e-18
1.201629366334266e-18
1.2181708943811659e-18
1.195517726717533e-18
1.144022119117135e-18
1.0771628259770539e-18
1.0058749277367666e-18
9.36855565788432e-19
8.733448855884815e-19
8.164410522892454e-19
7.661235821984034e-19
7.218732306520147e-19
6.829995378716032e-19
6.487995228334602e-19
6.1862609222368275e-19
5.919104827122766e-19
5.681643769849696e-19
5.469740461924034e-19
5.279902646891295e-19
5.109188035130398e-19
4.955116324017482e-19
4.815587831967535e-19
4.688826600711627e-19
4.573314006589927e-19
4.467755907430148e-19
4.371039401260054e-19
4.282205467120826e-19
4.2004222717702566e-19
4.1249677245370667e-19
4.055212827684742e-19
3.990602427928186e-19
3.930652535587402e-19
3.874934240672644e-19
3.8230647132348643e-19
3.7747107424652795e-19
3.7295678861543935e-19
3.6873676615191816e-19
3.647870982244271e-19
3.610858599682037e-19
3.576135389603744e-19
3.5435266006092114e-19
3.5128697011386276e-19
3.484018962140153e-19
3.4568455496611965e-19
3.4312254360791173e-19
3.4070489826539447e-19
3.384216400556166e-19
3.362633489614019e-19
3.3422171474982166e-19
3.322884450538934e-19
3.304565827524295e-19
3.287194801773665e-19
