3.2042770630892875e-24
3.202351317173744e-24
3.2005545460574266e-24
3.1988773724130217e-24
3.197311150086402e-24
3.1958479055689275e-24
3.1944802841488302e-24
3.193201500406084e-24
3.1920052926923516e-24
3.1908858813012128e-24
3.1898379300286187e-24
3.1888565108546967e-24
3.187937071505328e-24
3.1870754056548413e-24
3.186267625565409e-24
3.1855101369601755e-24
3.1847996159423257e-24
3.184132987821935e-24
3.1835074076557653e-24
3.1829202423927705e-24
3.1823690544757363e-24
3.1818515867879446e-24
3.1813657488334994e-24
3.1809096040449977e-24
3.1804813581349908e-24
3.1800793483996078e-24
3.1797020338927076e-24
3.179347986414283e-24
3.179015882224929e-24
3.1787044944509184e-24
3.178412686104273e-24
3.1781394036707035e-24
3.1778836712396256e-24
3.1776445851019037e-24
3.1774213087995122e-24
3.177213068582994e-24
3.1770191492459254e-24
3.1768388903093677e-24
3.1766716825184826e-24
3.1765169646465128e-24
3.1763742205615995e-24
3.176242976530647e-24
3.1761227988130642e-24
3.176013291383406e-24
3.175914093936701e-24
3.1758248800210664e-24
3.175745355382106e-24
3.175675256439804e-24
3.1756143489306715e-24
3.1755624266867234e-24
3.175519310556603e-24
3.175484847433514e-24
3.175458909401921e-24
3.175441393023384e-24
3.1754322186865704e-24
3.1754313300978022e-24
3.1754386938274128e-24
3.175454298993081e-24
3.1754781569959738e-24
3.175510301377683e-24
3.175550787725964e-24
3.175599693697895e-24
3.1756571191151725e-24
3.175723186146768e-24
3.1757980395358852e-24
3.1758818470109134e-24
3.1759747996234005e-24
3.176077112371089e-24
3.1761890247083373e-24
3.1763108012897187e-24
3.1764427327713805e-24
3.1765851366332507e-24
3.176738358270902e-24
3.1769027719929624e-24
3.1770787822558996e-24
3.177266825035682e-24
3.1774673692236214e-24
3.177680918197103e-24
3.177908011609686e-24
3.178149227161558e-24
3.1784051827203247e-24
3.178676538437061e-24
3.178963999202059e-24
3.1792683171349398e-24
3.1795902944138137e-24
3.1799307862888168e-24
3.1802907042539543e-24
3.1806710196357452e-24
3.1810727673644283e-24
3.181497049938092e-24
3.181945042010676e-24
3.182417995024255e-24
3.1829172423877556e-24
3.1834442049595678e-24
3.1840003971940543e-24
3.1845874333835556e-24
3.1852070347294145e-24
3.1858610370553323e-24
3.1865513985944984e-24
3.1872802090975192e-24
3.188049699230109e-24
3.1888622507445683e-24
3.1897204077640065e-24
3.1906268886025234e-24
3.1915845987834574e-24
3.192596645398366e-24
3.1936663514457507e-24
3.194797273246632e-24
3.195993217402831e-24
3.1972582603993378e-24
3.198596769089302e-24
3.20001342312719e-24
3.201513239374429e-24
3.203101598338884e-24
3.2047842713949028e-24
3.2065674532367858e-24
3.208457792965167e-24
3.210462431415659e-24
3.212589039349436e-24
3.214845858425794e-24
3.2172417473507177e-24
3.219786229830197e-24
3.2224895470009936e-24
3.2253627139562708e-24
3.2284175810505945e-24
3.2316668988850554e-24
3.2351243890775408e-24
3.2388048198615813e-24
3.2427240881705193e-24
3.2468993064383677e-24
3.2513488960906642e-24
3.256092688610171e-24
3.2611520334756835e-24
3.2665499101069626e-24
3.2723110529104773e-24
3.278462080911776e-24
3.285031634252026e-24
3.2920505236888853e-24
3.299551882995653e-24
3.3075713363106556e-24
3.316147166779581e-24
3.3253205010401155e-24
3.3351354975732924e-24
3.3456395448126824e-24
3.3568834673499806e-24
3.3689217378672765e-24
3.381812697480136e-24
3.395618776616797e-24
3.410406730552686e-24
3.426247862766375e-24
3.443218263163997e-24
3.461399034585048e-24
3.4808765218465506e-24
3.501742532218602e-24
3.524094549977238e-24
3.548035933946947e-24
3.573676103746068e-24
3.6011307024379474e-24
3.6305217465874014e-24
3.6619777326172806e-24
3.695633731965427e-24
3.73163142951232e-24
3.770119161773299e-24
3.811251851962402e-24
3.8551909863908106e-24
3.902104445185116e-24
3.9521663824392445e-24
4.005556981474694e-24
4.062462209434603e-24
4.123073486675373e-24
4.187587344105496e-24
4.2562050141083004e-24
4.3291319600900106e-24
4.406577425780283e-24
4.48875389028697e-24
4.5758764972597054e-24
4.668162532989289e-24
4.76583071587142e-24
4.869100699925409e-24
4.978192332943933e-24
5.093325048915056e-24
5.2147171839127865e-24
5.342585282983159e-24
5.477143449302405e-24
5.618602531718497e-24
5.767169550096933e-24
5.923046761044479e-24
6.086431071183724e-24
6.25751305454001e-24
6.4364761476909225e-24
6.623495798931921e-24
6.818738414149831e-24
7.02236046558207e-24
7.234507379780734e-24
7.455312149516844e-24
7.684894469207093e-24
7.923359197498262e-24
8.170794966212947e-24
8.427272573486927e-24
8.692843530076584e-24
8.967538553121475e-24
