4.515472474288719e-24
4.5135457063304506e-24
4.511583687585628e-24
4.509579892475014e-24
4.5075279140618586e-24
4.505421432360725e-24
4.503254184407595e-24
4.501019935879884e-24
4.49871245409452e-24
4.496325482208073e-24
4.493852714461344e-24
4.491287772323741e-24
4.4886241813991644e-24
4.485855348961474e-24
4.4829745420070006e-24
4.479974865704174e-24
4.476849242138309e-24
4.473590389250724e-24
4.470190799870649e-24
4.46664272076449e-24
4.462938131593798e-24
4.4590687237234815e-24
4.455025878774592e-24
4.450800646868973e-24
4.44638372447307e-24
4.441765431769695e-24
4.4369356894947754e-24
4.4318839951577305e-24
4.426599398580459e-24
4.4210704766768076e-24
4.415285307418588e-24
4.4092314428970136e-24
4.402895881424785e-24
4.3962650386043305e-24
4.389324717270361e-24
4.382060076266609e-24
4.374455597959409e-24
4.366495054400955e-24
4.358161472096426e-24
4.349437095259742e-24
4.340303347486877e-24
4.3307407917746044e-24
4.320729088767815e-24
4.310246953159448e-24
4.29927210814907e-24
4.2877812378615186e-24
4.27574993759045e-24
4.263152661821082e-24
4.249962669866192e-24
4.236151969011599e-24
4.22169125507478e-24
4.206549850233511e-24
4.190695637992667e-24
4.174094995126263e-24
4.156712720555165e-24
4.138511960872543e-24
4.1194541324602264e-24
4.099498840016024e-24
4.078603791320525e-24
4.0567247080656875e-24
4.033815232587591e-24
4.009826830285806e-24
3.984708687610131e-24
3.9584076052904816e-24
3.930867886773767e-24
3.9020312215312565e-24
3.871836563049718e-24
3.840220001302181e-24
3.807114629554006e-24
3.772450405201814e-24
3.736154004257969e-24
3.698148669745704e-24
3.658354053246233e-24
3.616686049806384e-24
3.573056625789321e-24
3.5273736396547366e-24
3.4795406555650445e-24
3.429456749668553e-24
3.377016309245264e-24
3.3221088246446194e-24
3.2646186746262914e-24
3.2044249054963165e-24
3.1414010044408527e-24
3.0754146692463454e-24
3.006327575046942e-24
2.9339951415661123e-24
2.8582663043664533e-24
2.7789832954206486e-24
2.6959814412551163e-24
2.6090889894373063e-24
2.5181269817974828e-24
2.422909199726067e-24
2.3232422191349647e-24
2.218925639590975e-24
2.1097525815847722e-24
1.9955106141613948e-24
1.875983381036576e-24
1.7509533991100527e-24
1.6202068910302827e-24
1.4835423110985764e-24
1.3407859347551947e-24
1.1918218773033972e-24
1.036654068513979e-24
8.755466615378782e-25
7.093844279510403e-25
5.4077022781227285e-25
3.782474851468228e-25
2.567813699954124e-25
2.625194275987227e-25
4.059300162916325e-25
6.076900432607153e-25
8.345094057594385e-25
1.078272432926126e-24
1.3366169977782705e-24
1.6088896480347979e-24
1.8950845111440003e-24
2.195493081475738e-24
2.5105676160663207e-24
2.8408610953768682e-24
3.1869985345879394e-24
3.5496625346550965e-24
3.929585873720976e-24
4.3275478317389976e-24
4.744372615240674e-24
5.180929044932942e-24
5.638131036207656e-24
6.1169386195076854e-24
6.61835932521521e-24
7.143449869609768e-24
7.693318054357104e-24
8.269124873058303e-24
8.872086776758e-24
9.50347811160375e-24
1.016463369629072e-23
1.0856951556517187e-23
1.1581895813154891e-23
1.2340999703065988e-23
1.3135868778178388e-23
1.396818424239492e-23
1.483970645946047e-23
1.5752278636514875e-23
1.670783067133465e-23
1.7708383192890826e-23
1.875605178044277e-23
1.9853051399553338e-23
2.100170102165034e-23
2.220442848386786e-23
2.3463775550979558e-23
2.478240323207894e-23
2.616309734283331e-23
2.760877429638855e-23
2.912248721878064e-23
3.0707432263586114e-23
3.2366955319613e-23
3.4104558919691125e-23
3.5923909569588305e-23
3.782884532872228e-23
3.9823383784866837e-23
4.1911730369781916e-23
4.409828709055818e-23
4.63876615910032e-23
4.878467672447708e-23
5.129438043417809e-23
5.392205621039438e-23
5.667323395313341e-23
5.955370126620807e-23
6.256951543253935e-23
6.572701571688549e-23
6.903283637882293e-23
7.249392021815023e-23
7.611753270381653e-23
7.991127662167603e-23
8.388310785050029e-23
8.804135095799477e-23
9.239471648962e-23
9.695231822313378e-23
1.0172369140544001e-22
1.0671881234098612e-22
1.1194811785963567e-22
1.1742252637503194e-22
1.2315345901892755e-22
1.291528637403833e-22
1.354332363147036e-22
1.4200764843109995e-22
1.488897696055549e-22
1.5609389649285349e-22
1.6363497920393815e-22
1.7152865186113275e-22
1.7979126106524674e-22
1.8843989733318077e-22
1.9749242799056359e-22
2.0696753310416415e-22
2.168847372854168e-22
2.2726444866611547e-22
2.381279936504914e-22
2.4949766556423937e-22
2.6139674891494116e-22
2.7384958172183927e-22
2.8688158209539386e-22
3.0051930839276706e-22
3.1479049183815603e-22
