5.329593768351482e-25
4.804743184882219e-25
4.414166231058257e-25
4.164232378022897e-25
4.05195314704858e-25
4.06279092731857e-25
4.173180516870136e-25
4.356192876242364e-25
4.586700525435055e-25
4.844031324736707e-25
5.112412897341461e-25
5.38030534650706e-25
5.639441072068568e-25
5.883948760965242e-25
6.10966831986316e-25
6.313650300914075e-25
6.493801243605445e-25
6.648635620619543e-25
6.777103155522956e-25
6.878468944589839e-25
6.952230792731527e-25
6.998063276892574e-25
7.015781664898123e-25
7.005321391709607e-25
6.9667307040199825e-25
6.900175621574397e-25
6.8059577677424835e-25
6.684547108844431e-25
6.536633440557509e-25
6.36320284485619e-25
6.165648660607282e-25
5.945931185374343e-25
5.706806747410753e-25
5.452154916896577e-25
5.187440783373876e-25
4.9203509316867145e-25
4.661618688426157e-25
4.425964573007155e-25
4.232851855526384e-25
4.106355794526526e-25
4.0730924857444823e-25
4.157624779580835e-25
4.376750214098542e-25
4.736088623163024e-25
5.231238939490642e-25
5.8520863972261985e-25
6.587139690388378e-25
7.426171845156852e-25
8.361221538858359e-25
9.386649211740131e-25
1.049881775850702e-24
1.1695698546406224e-24
1.2976521128990341e-24
1.4341496730681517e-24
1.57916115450799e-24
1.732847634798908e-24
1.89542186493844e-24
2.0671406073600085e-24
2.2482992428712273e-24
2.439228025806458e-24
2.640289543770759e-24
2.8518770668797864e-24
3.074413562768444e-24
3.3083512181026723e-24
3.5541713527502984e-24
3.812384644894257e-24
4.083531608226834e-24
4.368183278749127e-24
4.666942080555571e-24
4.980442848647585e-24
5.309353993222985e-24
5.65437879467518e-24
6.016256822171098e-24
6.39576547146272e-24
6.793721619785694e-24
7.21098339743774e-24
7.648452077054098e-24
8.107074082792505e-24
8.587843122657327e-24
9.091802448087361e-24
9.62004724576259e-24
1.0173727167323123e-23
1.075404900343535e-23
1.1362279509339591e-23
1.199974838972663e-23
1.266785145149514e-23
1.3368053933686087e-23
1.4101894024654834e-23
1.4870986577335316e-23
1.567702703430128e-23
1.6521795575237725e-23
1.7407161500373418e-23
1.8335087864481627e-23
1.9307636377138132e-23
2.0326972586131554e-23
2.1395371362190618e-23
2.2515222704597835e-23
2.3689037888745677e-23
2.4919455978342617e-23
2.6209250726704007e-23
2.756133789354259e-23
2.897878300571153e-23
3.04648095926329e-23
3.202280792966402e-23
3.365634432528626e-23
3.536917099099202e-23
3.7165236535944505e-23
3.90486971319903e-23
4.102392839844242e-23
4.3095538060246746e-23
4.526837943773765e-23
4.7547565831209954e-23
4.993848586905898e-23
5.2446819894239704e-23
5.507855747046168e-23
5.78400160967588e-23
6.073786122709109e-23
6.377912770037067e-23
6.697124269588214e-23
7.032205033974187e-23
7.383983809956059e-23
7.753336511731832e-23
8.141189264444201e-23
8.548521675865586e-23
8.976370355894472e-23
9.425832705391753e-23
9.898070997914331e-23
1.039431678017664e-22
1.09158756195311e-22
1.1464132229497893e-22
1.2040556007328606e-22
1.2646707020862864e-22
1.328424248549972e-22
1.395492377598224e-22
1.4660624021929962e-22
1.5403336340622712e-22
1.618518276550137e-22
1.700842393415724e-22
1.7875469605247688e-22
1.8788890079826135e-22
1.9751428608812198e-22
2.0766014874891133e-22
2.183577964372805e-22
2.2964070685886814e-22
2.415447007709141e-22
2.5410812989958647e-22
2.6737208094781854e-22
2.8138059689441565e-22
2.9618091678573736e-22
3.1182373518064886e-22
3.283634823160953e-22
3.458586258920872e-22
3.6437199510243083e-22
3.839711271258769e-22
4.047286356947186e-22
4.267226005073627e-22
4.500369750726667e-22
4.747620089546853e-22
5.009946781943093e-22
5.288391147424606e-22
5.584070218221803e-22
5.898180569622936e-22
6.232001576601266e-22
6.586897757938722e-22
6.964319754872213e-22
7.365803345164724e-22
7.792965708145507e-22
8.247497924400664e-22
8.731152408018558e-22
9.245723624334575e-22
9.793020041159324e-22
1.0374824804428324e-21
1.0992842143538098e-21
1.164862604635496e-21
1.2343487386792828e-21
1.3078375583445849e-21
1.3853731236329063e-21
1.4669307342531343e-21
1.5523959037548002e-21
1.6415405817132598e-21
1.7339976306509853e-21
1.8292354081724946e-21
1.9265353508783494e-21
2.0249765806639945e-21
2.1234324987802962e-21
2.220584695577376e-21
2.314958790306934e-21
2.40498459711769e-21
2.489079181812573e-21
2.565746408769241e-21
2.6336816542907547e-21
2.691867116232082e-21
2.739643057090871e-21
2.776743941312993e-21
2.8032949677189922e-21
2.819772009488062e-21
2.8269341967355777e-21
2.82574170519878e-21
2.817271356488438e-21
2.802640120039259e-21
2.7829428328597537e-21
