3.0737117945459943e-24
3.0723715008779853e-24
3.0711357157637196e-24
3.0699947075651484e-24
3.0689395600524636e-24
3.067962101315136e-24
3.0670548385298442e-24
3.066210898123231e-24
3.0654239708971855e-24
3.0646882617137798e-24
3.063998443370344e-24
3.0633496143155542e-24
3.0627372598914535e-24
3.062157216801864e-24
3.0616056405374257e-24
3.0610789755051798e-24
3.060573927630623e-24
3.0600874392198056e-24
3.059616665883905e-24
3.0591589553480795e-24
3.058711827975835e-24
3.058272958858732e-24
3.057840161330082e-24
3.0574113717765385e-24
3.0569846356242117e-24
3.0565580943977882e-24
3.0561299737470377e-24
3.055698572353173e-24
3.0552622516286117e-24
3.0548194261377775e-24
3.054368554656985e-24
3.053908131823348e-24
3.053436680302037e-24
3.05295274341575e-24
3.052454878194717e-24
3.0519416487933323e-24
3.05141162022606e-24
3.0508633523949158e-24
3.0502953943593253e-24
3.049706278819594e-24
3.049094516779134e-24
3.048458592357761e-24
3.04779695772929e-24
3.0471080281484084e-24
3.046390177053701e-24
3.0456417312194426e-24
3.044860965924485e-24
3.044046100137712e-24
3.0431952916726554e-24
3.042306632323784e-24
3.0413781429364063e-24
3.0404077684058228e-24
3.0393933726082506e-24
3.0383327331887792e-24
3.037223536261204e-24
3.036063370955254e-24
3.0348497238079953e-24
3.033579972986955e-24
3.0322513823262816e-24
3.0308610951661467e-24
3.029406127958763e-24
3.027883363649954e-24
3.026289544818625e-24
3.0246212665133643e-24
3.0228749688602845e-24
3.021046929295249e-24
3.0191332545444874e-24
3.0171298722233425e-24
3.015032522094536e-24
3.0128367469341778e-24
3.0105378830315123e-24
3.008131050224975e-24
3.0056111415483857e-24
3.0029728123769186e-24
3.000210469105059e-24
2.997318257319763e-24
2.994290049432327e-24
2.991119431756271e-24
2.9877996910105807e-24
2.984323800202272e-24
2.980684403813005e-24
2.976873802494167e-24
2.972883936774257e-24
2.9687063703627166e-24
2.9643322723922723e-24
2.9597523990380265e-24
2.9549570743163003e-24
2.949936169798661e-24
2.9446790837434896e-24
2.939174719001586e-24
2.933411459998866e-24
2.9273771488125164e-24
2.9210590600516083e-24
2.9144438746203445e-24
2.9075176523238587e-24
2.9002658033531277e-24
2.8926730583793236e-24
2.8847234374952113e-24
2.8764002174974636e-24
2.867685898288e-24
2.8585621672142607e-24
2.849009862352219e-24
2.8390089342311984e-24
2.828538405371894e-24
2.817576329154191e-24
2.806099746031344e-24
2.7940846388336947e-24
2.7815058856599044e-24
2.7683372113824902e-24
2.754551137245955e-24
2.7401189287564187e-24
2.7250105412346892e-24
2.7091945644990042e-24
2.6926381651004e-24
2.675307026970302e-24
2.6571652908699375e-24
2.6381754919620353e-24
2.618298496473987e-24
2.597493437054243e-24
2.5757176478551802e-24
2.552926599071366e-24
2.5290738318942536e-24
2.504110894669296e-24
2.4779872803321384e-24
2.450650367806903e-24
2.4220453669106314e-24
2.3921152704440142e-24
2.3608008137489954e-24
2.3280404469344505e-24
2.2937703222439888e-24
2.2579243012191705e-24
2.2204339877080666e-24
2.1812287984913763e-24
2.1402360757724885e-24
2.0973812628328367e-24
2.052588155468452e-24
2.0057792586145306e-24
1.956876283192359e-24
1.9058008218962755e-24
1.8524752807877822e-24
1.7968241432516096e-24
1.7387757080396507e-24
1.6782644664465553e-24
1.615234400540884e-24
1.5496435814520537e-24
1.4814706618492991e-24
1.4107241507683089e-24
1.3374558712987647e-24
1.2617807753299731e-24
1.1839066526268923e-24
1.1041794192260387e-24
1.0231532651570815e-24
9.41700644663099e-25
8.61184952918855e-25
7.837261428309351e-25
7.1258078739255835e-25
6.525824850253984e-25
6.103399805258827e-25
5.9346394171736e-25
6.081987733419818e-25
6.566496639520968e-25
7.363619108391985e-25
8.42553165199821e-25
9.704741948013633e-25
1.1164547104882083e-24
1.2779838318675123e-24
1.4534606495335566e-24
1.6419264553762324e-24
1.842861682103549e-24
2.0560478208965616e-24
2.281477016157781e-24
2.519293343322979e-24
2.7697545567768196e-24
3.0332069233584094e-24
3.310068606172391e-24
3.600818591370155e-24
3.9059893547858976e-24
4.226162030286919e-24
4.561963412961682e-24
4.914064126222943e-24
5.2831777414191716e-24
5.670060619285946e-24
6.0755121292764116e-24
6.5003754196278885e-24
6.945538429878091e-24
7.411935179392478e-24
7.900547337309101e-24
8.412405914209255e-24
8.948593240490396e-24
9.510245041049305e-24
1.0098552664815794e-23
1.0714765612517622e-23
1.1360194022844514e-23
1.2036211506609415e-23
1.2744258038719164e-23
1.3485842940647143e-23
1.4262548375454956e-23
1.5076032530962588e-23
1.5928033395620525e-23
1.6820372562726365e-23
1.7754959215285608e-23
