6.204562376641057e-23
6.204507001008487e-23
6.204449021820612e-23
6.204388315828384e-23
6.20432475402235e-23
6.204258201355432e-23
6.204188516458202e-23
6.20411555133311e-23
6.204039151042323e-23
6.203959153375821e-23
6.203875388506872e-23
6.203787678629717e-23
6.203695837582567e-23
6.203599670450579e-23
6.203498973151989e-23
6.203393532004715e-23
6.203283123271468e-23
6.203167512685682e-23
6.203046454952583e-23
6.202919693229503e-23
6.202786958579903e-23
6.202647969402503e-23
6.202502430833655e-23
6.202350034121739e-23
6.202190455970708e-23
6.20202335785537e-23
6.201848385303203e-23
6.20166516714008e-23
6.20147331470497e-23
6.201272421023827e-23
6.201062059946372e-23
6.200841785242866e-23
6.200611129656811e-23
6.200369603912474e-23
6.200116695679e-23
6.199851868480367e-23
6.199574560562696e-23
6.199284183696174e-23
6.198980121930464e-23
6.19866173028908e-23
6.198328333397628e-23
6.197979224055398e-23
6.197613661730407e-23
6.19723087099305e-23
6.196830039865952e-23
6.196410318108174e-23
6.195970815405091e-23
6.195510599482305e-23
6.195028694129203e-23
6.194524077124509e-23
6.193995678074292e-23
6.193442376130233e-23
6.19286299762623e-23
6.192256313574167e-23
6.191621037064508e-23
6.190955820539376e-23
6.190259252926013e-23
6.189529856641408e-23
6.188766084473444e-23
6.187966316280399e-23
6.187128855561011e-23
6.186251925857301e-23
6.185333666983716e-23
6.184372131077673e-23
6.183365278479212e-23
6.182310973375475e-23
6.181206979310415e-23
6.180050954395142e-23
6.178840446380604e-23
6.177572887426445e-23
6.176245588658038e-23
6.174855734468283e-23
6.173400376541286e-23
6.171876427592653e-23
6.170280654822378e-23
6.168609673048577e-23
6.166859937535585e-23
6.165027736468314e-23
6.163109183055748e-23
6.161100207327757e-23
6.158996547440484e-23
6.156793740687319e-23
6.154487113974374e-23
6.15207177397468e-23
6.149542596648026e-23
6.146894216460514e-23
6.144121014921996e-23
6.141217108704034e-23
6.138176337154301e-23
6.134992249170635e-23
6.131658089585338e-23
6.128166784736577e-23
6.124510927545334e-23
6.120682761696247e-23
6.116674165259344e-23
6.112476633334354e-23
6.108081260180031e-23
6.103478720090281e-23
6.098659247694067e-23
6.09361261727381e-23
6.088328120891197e-23
6.082794545908577e-23
6.077000150804345e-23
6.070932640592482e-23
6.064579140477507e-23
6.057926168657533e-23
6.050959607482358e-23
6.043664673661937e-23
6.0360258868548e-23
6.028027036561281e-23
6.019651147830243e-23
6.010880445189237e-23
6.001696314892883e-23
5.992079265095277e-23
5.98200888509502e-23
5.971463800734444e-23
5.960421630301227e-23
5.948858936020172e-23
5.9367511745502e-23
5.924072644632841e-23
5.910796432793465e-23
5.896894355196575e-23
5.882336899078859e-23
5.867093158281386e-23
5.851130768762248e-23
5.834415839328879e-23
5.816912879004344e-23
5.79858472174525e-23
5.779392448093924e-23
5.759295300527287e-23
5.738250597988556e-23
5.716213644602605e-23
5.693137633870414e-23
5.668973549610618e-23
5.643670061042065e-23
5.617173412895525e-23
5.589427310895041e-23
5.560372802823791e-23
5.529948150770613e-23
5.498088699586248e-23
5.464726740005698e-23
5.429791362228688e-23
5.393208306545363e-23
5.354899801938393e-23
5.314784400035486e-23
5.272776803723104e-23
5.228787681693264e-23
5.1827234761277603e-23
5.1344862046769916e-23
5.0839732506825913e-23
5.031077139220362e-23
4.975685312139518e-23
4.917679878619095e-23
4.856937372162535e-23
4.793328475766414e-23
4.7267177502846645e-23
4.65696333705355e-23
4.5839166593354803e-23
4.5074220946150416e-23
4.427316654850462e-23
4.3434296158255976e-23
4.255582156801347e-23
4.163586988021784e-23
4.067247926276987e-23
3.9663594900170425e-23
3.860706450930188e-23
3.750063376226495e-23
3.634194141077928e-23
3.512851431605597e-23
3.385776225948712e-23
3.252697241146339e-23
3.113330400498964e-23
2.9673782322237217e-23
2.8145293104272406e-23
2.6544576858196696e-23
2.48682235034865e-23
2.311266756615967e-23
2.127418579359929e-23
1.934889664518453e-23
1.7332768423177174e-23
1.5221641532097537e-23
1.301128866655377e-23
1.069757615352216e-23
8.276956747710302e-24
5.748388570141536e-24
3.1255196956699696e-24
7.791827040303592e-25
2.7759789656383952e-24
5.784419513443879e-24
8.974063745599828e-24
1.2324630678306608e-23
1.5838180101006732e-23
1.95206592551723e-23
2.3379377630522208e-23
2.742240373911188e-23
3.1658382078479037e-23
3.609647408261822e-23
4.074634258082541e-23
4.5618161240688395e-23
5.072262735791977e-23
5.607098600553398e-23
