5.282286882437074e-24
5.280838423716472e-24
5.279463119596376e-24
5.278156895995628e-24
5.276915926109746e-24
5.275736613575412e-24
5.2746155768710724e-24
5.273549634858327e-24
5.272535793370952e-24
5.271571232783031e-24
5.270653296463037e-24
5.269779480061731e-24
5.268947421555333e-24
5.26815489199692e-24
5.2673997869176916e-24
5.2666801183269396e-24
5.265994007267394e-24
5.265339676875168e-24
5.2647154459248964e-24
5.264119722811023e-24
5.263550999916131e-24
5.26300784838126e-24
5.2624889131946424e-24
5.26199290862363e-24
5.2615186139283005e-24
5.2610648693525666e-24
5.260630572375976e-24
5.260214674195953e-24
5.2598161764297234e-24
5.2594341280105125e-24
5.259067622290219e-24
5.258715794298838e-24
5.2583778181722605e-24
5.258052904728314e-24
5.257740299189177e-24
5.257439279014044e-24
5.257149151884233e-24
5.256869253765674e-24
5.256598947089183e-24
5.25633761903958e-24
5.256084679901041e-24
5.2558395615488144e-24
5.255601715927325e-24
5.2553706136803334e-24
5.2551457428108776e-24
5.254926607410873e-24
5.254712726452106e-24
5.2545036326303146e-24
5.254298871238098e-24
5.254097999160956e-24
5.25390058378362e-24
5.253706202105284e-24
5.253514439719848e-24
5.253324889993442e-24
5.2531371531633825e-24
5.2529508355236935e-24
5.252765548626017e-24
5.2525809085340385e-24
5.252396535019777e-24
5.252212050958644e-24
5.252027081584857e-24
5.251841253830039e-24
5.251654195739383e-24
5.251465535842331e-24
5.2512749026060506e-24
5.2510819238646954e-24
5.250886226367476e-24
5.250687435212837e-24
5.250485173458308e-24
5.250279061689718e-24
5.250068717686229e-24
5.249853755966544e-24
5.249633787681029e-24
5.249408420175419e-24
5.249177256931496e-24
5.2489398973783036e-24
5.2486959368568434e-24
5.248444966567652e-24
5.248186573690394e-24
5.247920341496955e-24
5.247645849742753e-24
5.247362674880569e-24
5.247070390655755e-24
5.246768568598561e-24
5.24645677899032e-24
5.246134591668506e-24
5.245801577106563e-24
5.245457307879772e-24
5.2451013600989315e-24
5.2447333152628466e-24
5.244352762306777e-24
5.243959300129961e-24
5.2435525401088225e-24
5.243132109576123e-24
5.24269765510462e-24
5.242248846646996e-24
5.241785382267888e-24
5.241306993160129e-24
5.2408134495821525e-24
5.240304567514359e-24
5.239780215814908e-24
5.239240324856278e-24
5.2386848956957134e-24
5.2381140105506226e-24
5.237527844446168e-24
5.236926678373467e-24
5.236310913957614e-24
5.235681089567775e-24
5.235037898768631e-24
5.234382210533463e-24
5.2337150919552366e-24
5.233037833673416e-24
5.232351977879745e-24
5.231659349434537e-24
5.2309620915842464e-24
5.2302627037858234e-24
5.229564086155443e-24
5.2288695871338816e-24
5.2281830566356005e-24
5.227508907223562e-24
5.2268521786910126e-24
5.2262186140419454e-24
5.225614739967739e-24
5.2250479584085276e-24
5.224526650887385e-24
5.2240602889867064e-24
5.223659560977395e-24
5.223336513830843e-24
5.223104706502965e-24
5.2229793857348404e-24
5.222977678590451e-24
5.223118806719603e-24
5.2234243259804414e-24
5.223918392446119e-24
5.224628058478534e-24
5.225583599932617e-24
5.226818885211998e-24
5.228371779167029e-24
5.230284597052e-24
5.232604605966368e-24
5.235384584671322e-24
5.238683440715324e-24
5.242566901370283e-24
5.247108274689516e-24
5.252389292040698e-24
5.258501050095247e-24
5.265545039600406e-24
5.2736342889332115e-24
5.282894629836323e-24
5.293466078220701e-24
5.305504364136208e-24
5.319182605312943e-24
5.334693133353274e-24
5.3522495005205495e-24
5.372088639883814e-24
5.394473237625508e-24
5.419694267741906e-24
5.448073726988631e-24
5.479967575054054e-24
5.515768850397876e-24
5.5559109726109004e-24
5.600871220279823e-24
5.6511743651458526e-24
5.7073964504831425e-24
5.770168676130779e-24
5.840181353695894e-24
5.918187942948653e-24
6.0050090739282525e-24
6.101536569041254e-24
6.208737392771989e-24
6.327657496548256e-24
6.45942555127059e-24
6.605256407721046e-24
6.766454428254488e-24
6.944416302290433e-24
7.140633553136601e-24
7.35669415045884e-24
7.594283292379103e-24
7.855182441889364e-24
8.141266402163256e-24
8.454496923522768e-24
8.796911760724069e-24
9.170607074867392e-24
9.577710717033822e-24
1.0020342891262776e-23
1.050056003703492e-23
1.1020276471698453e-23
1.1581158039035976e-23
1.218448033523727e-23
1.2830944885674782e-23
1.3520447705380818e-23
1.4251797187115055e-23
1.502238645821442e-23
1.5827833967615465e-23
1.6661624495913103e-23
1.7514802551596463e-23
1.837579239685912e-23
1.9230440011599317e-23
2.0062369744903852e-23
2.0853729657786217e-23
2.1586329502978414e-23
