8.957081427360205e-23
8.957053651409885e-23
8.957024568448885e-23
8.956994116700725e-23
8.956962231493256e-23
8.956928845119047e-23
8.95689388669508e-23
8.956857282007548e-23
8.956818953357116e-23
8.956778819391621e-23
8.956736794935089e-23
8.956692790804311e-23
8.956646713621057e-23
8.956598465613014e-23
8.956547944405908e-23
8.956495042806911e-23
8.956439648575625e-23
8.956381644187389e-23
8.956320906582194e-23
8.956257306904623e-23
8.956190710229886e-23
8.956120975277427e-23
8.956047954111167e-23
8.955971491824952e-23
8.955891426215178e-23
8.955807587434898e-23
8.955719797636094e-23
8.955627870587685e-23
8.955531611286165e-23
8.955430815536453e-23
8.955325269522242e-23
8.955214749350996e-23
8.955099020579456e-23
8.954977837715275e-23
8.954850943696352e-23
8.954718069346502e-23
8.954578932804318e-23
8.954433238922438e-23
8.954280678645233e-23
8.954120928350709e-23
8.953953649163526e-23
8.953778486238663e-23
8.953595068004828e-23
8.95340300537939e-23
8.953201890940935e-23
8.952991298065494e-23
8.952770780021202e-23
8.952539869020116e-23
8.952298075226022e-23
8.95204488571501e-23
8.951779763387249e-23
8.951502145826239e-23
8.951211444108178e-23
8.950907041548024e-23
8.950588292394728e-23
8.950254520457525e-23
8.949905017675197e-23
8.949539042608423e-23
8.949155818870531e-23
8.948754533478746e-23
8.948334335124917e-23
8.947894332374381e-23
8.947433591772782e-23
8.946951135859874e-23
8.94644594110134e-23
8.94591693571011e-23
8.945362997378493e-23
8.944782950887172e-23
8.944175565619777e-23
8.943539552942754e-23
8.942873563470464e-23
8.942176184203548e-23
8.941445935529702e-23
8.940681268077822e-23
8.939880559427447e-23
8.939042110669303e-23
8.938164142789543e-23
8.937244792909624e-23
8.93628211029179e-23
8.935274052240942e-23
8.934218479742821e-23
8.933113152908603e-23
8.93195572624448e-23
8.930743743646503e-23
8.929474633189939e-23
8.928145701664662e-23
8.926754128857287e-23
8.925296961534476e-23
8.923771107199218e-23
8.922173327486204e-23
8.920500231305925e-23
8.918748267609884e-23
8.916913717854178e-23
8.914992688077785e-23
8.912981100646659e-23
8.91087468556312e-23
8.90866897135797e-23
8.906359275620581e-23
8.903940695016161e-23
8.90140809484501e-23
8.898756098119471e-23
8.89597907408998e-23
8.893071126299219e-23
8.890026080008055e-23
8.886837469005414e-23
8.883498521905745e-23
8.880002147582001e-23
8.876340920261075e-23
8.872507063521034e-23
8.868492433703982e-23
8.864288502620398e-23
8.859886339426466e-23
8.855276591377075e-23
8.850449463948821e-23
8.845394699866136e-23
8.840101557422553e-23
8.834558787155933e-23
8.828754608082136e-23
8.822676682413416e-23
8.816312089098955e-23
8.80964729631552e-23
8.802668132308326e-23
8.795359755220564e-23
8.787706621068534e-23
8.779692450699158e-23
8.771300194669351e-23
8.76251199650712e-23
8.753309154847843e-23
8.743672082698733e-23
8.733580265752764e-23
8.723012217716696e-23
8.711945434851391e-23
8.700356346662477e-23
8.688220265679393e-23
8.675511333854073e-23
8.66220246688094e-23
8.648265295365919e-23
8.633670103577137e-23
8.618385765666247e-23
8.602379677472612e-23
8.585617685960862e-23
8.568064014522679e-23
8.549681186874132e-23
8.530429943833259e-23
8.510269157367656e-23
8.489155742939608e-23
8.467044562794733e-23
8.443888330364932e-23
8.419637501677782e-23
8.394240172279056e-23
8.367641958110906e-23
8.339785880198008e-23
8.310612233750372e-23
8.280058461588955e-23
8.248059009263582e-23
8.214545188240622e-23
8.179445012534825e-23
8.142683046693442e-23
8.104180231448705e-23
8.063853710694958e-23
8.021616642003072e-23
7.977378001527999e-23
7.931042379744125e-23
7.882509765241281e-23
7.831675311299196e-23
7.778429106386015e-23
7.722655912131108e-23
7.664234903784686e-23
7.603039391968834e-23
7.538936527380189e-23
7.471786991026711e-23
7.40144465986038e-23
7.327756283193582e-23
7.250561103415841e-23
7.169690475439416e-23
7.084967473475382e-23
6.996206452113929e-23
6.903212612632555e-23
6.805781512886735e-23
6.703698581940226e-23
6.596738579306622e-23
6.484665035549556e-23
6.367229669131004e-23
6.244171744684311e-23
6.115217424048184e-23
5.980079051882342e-23
5.838454422179144e-23
5.690025978006848e-23
5.534459971050273e-23
5.371405591954122e-23
5.200494004905132e-23
5.021337372203546e-23
4.833527799960434e-23
4.6366361943874e-23
4.430211123577164e-23
4.2137775607965544e-23
3.986835659066391e-23
3.748859431526004e-23
3.4992955132523687e-23
3.237561976947388e-23
2.9630476153187776e-23
