2.075514629684609e-24
1.990586225794468e-24
1.9098077230269184e-24
1.833004185424015e-24
1.7600086904035575e-24
1.6906619300392678e-24
1.6248118258926854e-24
1.5623131568176573e-24
1.5030271993193358e-24
1.4468213801695602e-24
1.3935689412139432e-24
1.3431486163980566e-24
1.29544432136947e-24
1.2503448559725725e-24
1.2077436204488361e-24
1.1675383460438432e-24
1.1296308410313169e-24
1.0939267532948626e-24
1.0603353505244047e-24
1.0287693193408387e-24
9.991445843847011e-25
9.713801484329593e-25
9.453979543855476e-25
9.211227696407393e-25
8.984820930839422e-25
8.774060845545227e-25
8.578275161334422e-25
8.396817441836759e-25
8.229067007056842e-25
8.074429019120318e-25
7.932334718362519e-25
7.802241782713218e-25
7.683634782161685e-25
7.576025698660372e-25
7.478954481573914e-25
7.391989609625414e-25
7.314728632300429e-25
7.246798665466281e-25
7.187856819326524e-25
7.137590540415615e-25
7.09571785112658e-25
7.061987477878479e-25
7.03617885498713e-25
7.018102004412779e-25
7.007597282352814e-25
7.004534997358861e-25
7.008814897881183e-25
7.020365532432052e-25
7.0391434876477825e-25
7.065132507353367e-25
7.098342498849991e-25
7.138808432328425e-25
7.186589140792975e-25
7.241766028499523e-25
7.304441693751808e-25
7.374738478379169e-25
7.452796952008182e-25
7.538774339802997e-25
7.632842910843484e-25
7.735188329965422e-25
7.846007995495652e-25
7.965509367628924e-25
8.093908303688586e-25
8.2314274132574835e-25
8.378294440827763e-25
8.534740692989821e-25
8.700999515015887e-25
8.87730482542175e-25
9.06388971824837e-25
9.26098513595008e-25
9.468818615693301e-25
9.687613110791398e-25
9.917585891066955e-25
1.0158947512941447e-24
1.0411900864789209e-24
1.067664027742616e-24
1.0953350703368171e-24
1.1242206946573356e-24
1.1543372955955438e-24
1.1857001159114941e-24
1.2183231848484135e-24
1.2522192604750776e-24
1.2873997754230494e-24
1.3238747867833002e-24
1.361652928927e-24
1.4007413687464197e-24
1.441145765216528e-24
1.4828702308963882e-24
1.5259172972279344e-24
1.570287882749559e-24
1.6159812645280604e-24
1.6629950540458748e-24
1.711325176004638e-24
1.7609658513957242e-24
1.8119095863983204e-24
1.8641471638961606e-24
1.9176676412774575e-24
1.9724583538262386e-24
2.028504923066531e-24
2.085791271549821e-24
2.1442996435273492e-24
2.204010632886831e-24
2.264903217667861e-24
2.3269548014644677e-24
2.3901412628767758e-24
2.4544370141781408e-24
2.51981506468419e-24
2.586247096546732e-24
2.6537035472918874e-24
2.7221537036684056e-24
2.791565802344621e-24
2.861907143096242e-24
2.933144214545272e-24
3.0052428245688903e-24
3.0781682495225707e-24
3.151885391369452e-24
3.2263589477864376e-24
3.3015535947866953e-24
3.37743418702231e-24
3.4539659639904706e-24
3.531114776549584e-24
3.608847328249355e-24
3.6871314257757015e-24
3.765936251184023e-24
3.845232645328894e-24
3.9249934079278144e-24
4.00519361712369e-24
4.085810958724358e-24
4.1668260743367755e-24
4.248222928924465e-24
4.32998919007412e-24
4.412116625083194e-24
4.494601516568637e-24
4.577445085462311e-24
4.660653949412637e-24
4.744240570070636e-24
4.828223743143959e-24
4.912629084399819e-24
4.997489540013654e-24
5.082845921788879e-24
5.168747433876849e-24
5.255252240030243e-24
5.342428037689151e-24
5.430352633971567e-24
5.5191145653016864e-24
5.608813702977057e-24
5.699561882238341e-24
5.791483568302341e-24
5.884716484918606e-24
5.979412310129757e-24
6.075737332002349e-24
6.173873157303099e-24
6.2740173922950185e-24
6.376384346011553e-24
6.4812057072436326e-24
6.588731283852724e-24
6.699229648590721e-24
6.8129888411827e-24
6.93031703477154e-24
7.051543170780374e-24
7.177017601180462e-24
7.307112677304396e-24
7.442223322775804e-24
7.582767571073562e-24
7.729187071366739e-24
7.881947535346612e-24
8.041539173138729e-24
8.208477071684334e-24
8.383301547552528e-24
8.566578479670639e-24
8.758899556514445e-24
8.96088260861835e-24
9.173171792670093e-24
9.396437926882163e-24
9.631378714275208e-24
9.87871906256066e-24
1.0139211383895675e-23
1.0413636058572177e-23
1.0702801798731885e-23
1.1007546258453714e-23
1.1328736672308367e-23
1.1667270565751677e-23
1.202407667543229e-23
1.240011594839765e-23
1.2796382653645396e-23
1.3213905758075747e-23
1.3653750336151525e-23
1.4117019162210621e-23
1.46048545649242e-23
1.5118440301005944e-23
1.5659003603704323e-23
1.6227817538984535e-23
1.6826203308508273e-23
1.745553286848224e-23
1.8117231485147155e-23
1.881278070981407e-23
1.9543721152585263e-23
2.0311655810265222e-23
2.1118253016963258e-23
2.1965249797854834e-23
2.2854455468264673e-23
