2.831633442648956e-23
2.834918141016139e-23
2.8380147682808666e-23
2.8409298960848896e-23
2.843669710765983e-23
2.846240026511881e-23
2.848646297702276e-23
2.850893630520223e-23
2.8529867937760064e-23
2.854930229057081e-23
2.8567280601541634e-23
2.858384101822755e-23
2.8599018678798976e-23
2.8612845786804673e-23
2.8625351679457655e-23
2.8636562889972106e-23
2.8646503203823214e-23
2.8655193709331884e-23
2.8662652842398547e-23
2.866889642554875e-23
2.8673937701772744e-23
2.867778736205744e-23
2.8680453568721487e-23
2.868194197217716e-23
2.868225572318835e-23
2.868139547926678e-23
2.867935940626993e-23
2.867614317393792e-23
2.867173994740858e-23
2.8666140371779497e-23
2.865933255270273e-23
2.865130203065705e-23
2.8642031750489455e-23
2.8631502024592213e-23
2.861969049138338e-23
2.860657206728096e-23
2.859211889377861e-23
2.857630027695572e-23
2.8559082623823776e-23
2.8540429369109244e-23
2.8520300898008867e-23
2.8498654461728537e-23
2.8475444086505635e-23
2.845062047517451e-23
2.842413090234125e-23
2.839591910207607e-23
2.8365925147212755e-23
2.8334085322909383e-23
2.830033198882664e-23
2.826459343669154e-23
2.822679373559441e-23
2.818685257101131e-23
2.8144685073179275e-23
2.8100201634750416e-23
2.8053307720753916e-23
2.8003903666209615e-23
2.79518844623926e-23
2.789713953256928e-23
2.783955249631337e-23
2.7779000919292196e-23
2.771535605179487e-23
2.764848255350154e-23
2.7578238201952756e-23
2.7504473590173616e-23
2.742703180438747e-23
2.734574808791181e-23
2.7260449488181005e-23
2.717095448519718e-23
2.707707260242421e-23
2.6978603994381783e-23
2.687533902079646e-23
2.6767057794766435e-23
2.66535297065931e-23
2.65345129305593e-23
2.640975390293338e-23
2.627898677327245e-23
2.6141932832557628e-23
2.5998299912140556e-23
2.5847781750329165e-23
2.5690057331327936e-23
2.5524790189257368e-23
2.535162768494127e-23
2.5170200233802945e-23
2.49801205099168e-23
2.4780982606982767e-23
2.457236115128395e-23
2.4353810384310718e-23
2.4124863188518898e-23
2.3885030076483755e-23
2.3633798122191872e-23
2.3370629847742986e-23
2.3094962053041056e-23
2.2806204591547806e-23
2.2503739086624054e-23
2.2186917587784073e-23
2.185506116221103e-23
2.150745843165997e-23
2.114336402600734e-23
2.0761996988733305e-23
2.036253909432437e-23
1.9944133114636698e-23
1.9505881008526804e-23
1.9046842045391175e-23
1.8566030887118435e-23
1.8062415603475493e-23
1.7534915668518032e-23
1.6982399950497986e-23
1.6403684734318648e-23
1.5797531845303272e-23
1.5162646958338894e-23
1.4497678259506105e-23
1.3801215687795026e-23
1.3071791174973558e-23
1.2307880540407104e-23
1.1507908241448267e-23
1.0670257127673212e-23
9.793287304363317e-24
8.875372401825232e-24
7.914971230112994e-24
6.910777169376955e-24
5.8620567259455056e-24
4.7695149067494876e-24
3.637931612633394e-24
2.4866661106151836e-24
1.4139847470607678e-24
1.0649881409172712e-24
2.023191322699119e-24
3.3824275653534706e-24
4.879156828289177e-24
6.4723366714332134e-24
8.153383417035506e-24
9.921515949724055e-24
1.1778656514358313e-23
1.3727951541070772e-23
1.5773242117140633e-23
1.7918847720086988e-23
2.0169471431586834e-23
2.2530158487571453e-23
2.500628073829939e-23
2.7603534903341964e-23
3.032794891676877e-23
3.318589329801547e-23
3.6184096326380874e-23
3.9329661902896354e-23
4.263008976618593e-23
4.6093298264586125e-23
4.9727648755845454e-23
5.354197259455831e-23
5.754560023581449e-23
6.174839259607359e-23
6.616077513463522e-23
7.079377458894328e-23
7.565905857393548e-23
8.0768978796188e-23
8.613661686622943e-23
9.177583557202138e-23
9.770133231595551e-23
1.039286991501811e-22
1.104744866666179e-22
1.173562738027967e-22
1.2459274439986513e-22
1.322037699866275e-22
1.402105004287105e-22
1.4863546349911176e-22
1.575026728812196e-22
1.6683774855214095e-22
1.766680459574993e-22
1.8702280158696074e-22
1.9793329145076638e-22
2.0943300625355575e-22
2.215578450184924e-22
2.343463310783953e-22
2.4783984969774843e-22
2.6208291379403004e-22
2.771234602223629e-22
2.9301318056526125e-22
3.098078889628621e-22
3.2756794005858715e-22
3.4635869290223176e-22
3.6625103995883626e-22
3.8732199864660535e-22
4.096553847709989e-22
4.333425754260828e-22
4.584833852085137e-22
4.85187052629171e-22
5.1357338300580855e-22
5.437740581320209e-22
5.759341317146027e-22
6.102137879019733e-22
6.467903585386744e-22
6.858606625892727e-22
7.276437846208943e-22
7.723842586626695e-22
8.203559202267199e-22
8.718663570956802e-22
9.27262238062089e-22
9.869357089882885e-22
1.0513320137332827e-21
1.1209585869939123e-21
1.1963962711351231e-21
1.2783126357596718e-21
