1.703915869168257e-23
1.7039100255138455e-23
1.7039039945393117e-23
1.7038977596649437e-23
1.7038913042118488e-23
1.7038846113372437e-23
1.703877663971939e-23
1.7038704447597833e-23
1.7038629359985315e-23
1.7038551195820185e-23
1.7038469769432562e-23
1.7038384889981737e-23
1.7038296360896866e-23
1.7038203979320746e-23
1.7038107535549813e-23
1.703800681247445e-23
1.703790158501057e-23
1.7037791619525243e-23
1.703767667325354e-23
1.703755649370082e-23
1.7037430818035912e-23
1.703729937246461e-23
1.703716187158837e-23
1.7037018017742077e-23
1.7036867500313412e-23
1.703670999503618e-23
1.703654516326005e-23
1.703637265119339e-23
1.70361920891186e-23
1.7036003090574786e-23
1.7035805251509033e-23
1.7035598149391134e-23
1.7035381342294796e-23
1.7035154367936087e-23
1.7034916742676004e-23
1.70346679604702e-23
1.7034407491781954e-23
1.703413478244517e-23
1.7033849252471276e-23
1.703355029480705e-23
1.7033237274033735e-23
1.7032909525015306e-23
1.703256635146471e-23
1.7032207024472157e-23
1.7031830780937085e-23
1.703143682195075e-23
1.7031024311095914e-23
1.7030592372653273e-23
1.7030140089757166e-23
1.7029666502426097e-23
1.7029170605531325e-23
1.7028651346658078e-23
1.7028107623873438e-23
1.70275382833772e-23
1.702694211704698e-23
1.7026317859879148e-23
1.7025664187313312e-23
1.7024979712386458e-23
1.7024262982819884e-23
1.702351247791862e-23
1.7022726605342794e-23
1.7021903697727816e-23
1.7021042009163216e-23
1.7020139711440391e-23
1.7019194890214878e-23
1.7018205540937193e-23
1.7017169564557307e-23
1.7016084763120893e-23
1.7014948835063713e-23
1.7013759370342425e-23
1.7012513845335123e-23
1.7011209617429558e-23
1.7009843919446782e-23
1.7008413853811762e-23
1.7006916386310937e-23
1.7005348339673533e-23
1.7003706386887124e-23
1.7001987044074865e-23
1.7000186663088625e-23
1.6998301423781412e-23
1.6996327325937922e-23
1.6994260180650193e-23
1.6992095601599425e-23
1.6989828995562462e-23
1.698745555278459e-23
1.6984970236654163e-23
1.6982367773063293e-23
1.6979642639238294e-23
1.697678905191035e-23
1.6973800955104267e-23
1.6970672007137988e-23
1.6967395567392225e-23
1.6963964681878777e-23
1.69603720687251e-23
1.6956610102442172e-23
1.695267079798876e-23
1.694854579362191e-23
1.6944226332967128e-23
1.6939703246714755e-23
1.69349669328827e-23
1.6930007336453194e-23
1.6924813927916514e-23
1.6919375680975426e-23
1.6913681048980703e-23
1.6907717940251224e-23
1.690147369256636e-23
1.6894935046035126e-23
1.6888088114558208e-23
1.688091835714349e-23
1.6873410545732553e-23
1.6865548733333788e-23
1.6857316220330818e-23
1.684869551810941e-23
1.6839668312620278e-23
1.6830215424266065e-23
1.6820316767767835e-23
1.680995130875684e-23
1.6799097019550603e-23
1.67877308308815e-23
1.677582858387314e-23
1.6763364977505292e-23
1.6750313515016805e-23
1.673664644664656e-23
1.6722334710313748e-23
1.6707347869843916e-23
1.669165405036872e-23
1.6675219867508573e-23
1.6658010357368873e-23
1.6639988902525326e-23
1.662111715215303e-23
1.6601354938299593e-23
1.6580660192172812e-23
1.655898885326551e-23
1.6536294770880587e-23
1.6512529611066805e-23
1.6487642744551678e-23
1.6461581146376594e-23
1.6434289271726725e-23
1.6405708946422283e-23
1.637577923170307e-23
1.6344436296227877e-23
1.6311613280045972e-23
1.6277240144834353e-23
1.6241243525257833e-23
1.6203546569665076e-23
1.616406877000911e-23
1.6122725784893246e-23
1.607942926634342e-23
1.6034086653738516e-23
1.5986600977342632e-23
1.593687064713648e-23
1.588478922676423e-23
1.5830245199722604e-23
1.5773121731114105e-23
1.5713296397880588e-23
1.5650640930735534e-23
1.5585020923929625e-23
1.5516295533224883e-23
1.5444317181914226e-23
1.5368931199816293e-23
1.5289975519303535e-23
1.520728027940337e-23
1.5120667465242706e-23
1.502995049762323e-23
1.493493382490861e-23
1.4835412472244892e-23
1.473117158965548e-23
1.4621985946102672e-23
1.450761945849412e-23
1.4387824606790623e-23
1.426234190899381e-23
1.4130899287905943e-23
1.3993211540299053e-23
1.3848979528824147e-23
1.3697889651813813e-23
1.3539613046112406e-23
1.3373804852228548e-23
1.3200103412490962e-23
1.3018129443806825e-23
1.2827485181014155e-23
1.2627753486523197e-23
1.2418496897901991e-23
1.2199256579406145e-23
1.1969551449880176e-23
1.1728877057934166e-23
1.1476704428030777e-23
1.1212479216803856e-23
1.0935620364886023e-23
1.0645519271720972e-23
1.0341538649735203e-23
1.0023011776519116e-23
9.689241682786548e-24
9.339500922872694e-24
8.973031630913334e-24
8.589046388779545e-24
8.186730376658337e-24
7.765245483690626e-24
7.323737560180559e-24
6.86134894649576e-24
6.377240040345314e-24
5.870627306736957e-24
