6.040739672370578e-22
6.042984716858804e-22
6.045096015279007e-22
6.047078048535206e-22
6.048935023044728e-22
6.050670879679697e-22
6.052289302143295e-22
6.053793724797444e-22
6.0551873399605055e-22
6.056473104688838e-22
6.057653747058051e-22
6.058731771955745e-22
6.059709466400416e-22
6.060588904395316e-22
6.061371951329306e-22
6.062060267933656e-22
6.062655313802521e-22
6.063158350485749e-22
6.063570444159123e-22
6.063892467879069e-22
6.06412510342531e-22
6.064268842736742e-22
6.064323988941415e-22
6.064290656984641e-22
6.064168773856101e-22
6.063958078414513e-22
6.063658120812354e-22
6.063268261516047e-22
6.062787669922135e-22
6.062215322563656e-22
6.061550000905199e-22
6.060790288719635e-22
6.059934569041842e-22
6.058981020691669e-22
6.057927614359564e-22
6.056772108244923e-22
6.055512043238251e-22
6.05414473763565e-22
6.052667281374858e-22
6.051076529778947e-22
6.049369096793883e-22
6.047541347705718e-22
6.045589391320038e-22
6.043509071586029e-22
6.04129595864799e-22
6.038945339302092e-22
6.036452206838086e-22
6.033811250242868e-22
6.03101684274131e-22
6.028063029648638e-22
6.02494351550635e-22
6.021651650472519e-22
6.018180415936622e-22
6.014522409323038e-22
6.010669828052095e-22
6.006614452618555e-22
6.002347628750508e-22
5.997860248606111e-22
5.993142730965287e-22
5.988185000369559e-22
5.9829764651617295e-22
5.977505994373068e-22
5.971761893403936e-22
5.965731878439819e-22
5.959403049542722e-22
5.952761862351381e-22
5.945794098324721e-22
5.93848483345491e-22
5.930818405374095e-22
5.922778378775058e-22
5.914347509059657e-22
5.905507704125987e-22
5.896239984198573e-22
5.886524439600335e-22
5.87634018636046e-22
5.865665319544634e-22
5.854476864188531e-22
5.842750723706158e-22
5.830461625641287e-22
5.817583064616666e-22
5.804087242331687e-22
5.789945004446903e-22
5.775125774185878e-22
5.759597482472414e-22
5.7433264944115e-22
5.7262775319089485e-22
5.708413592212268e-22
5.689695862141751e-22
5.670083627762712e-22
5.649534179239489e-22
5.628002710587455e-22
5.605442214026024e-22
5.581803368612234e-22
5.557034422813991e-22
5.531081070658136e-22
5.503886321062856e-22
5.475390359936673e-22
5.445530404597392e-22
5.414240550028618e-22
5.381451606462063e-22
5.347090927730157e-22
5.31108222979626e-22
5.273345398823049e-22
5.233796288091154e-22
5.19234650302696e-22
5.148903173541262e-22
5.103368712815536e-22
5.055640561605454e-22
5.005610917054236e-22
4.953166444926353e-22
4.898187974081657e-22
4.840550171909931e-22
4.780121199337681e-22
4.716762343898194e-22
4.650327629224217e-22
4.580663399178234e-22
4.50760787467241e-22
4.430990681056861e-22
4.350632343756745e-22
4.266343749622705e-22
4.1779255712203895e-22
4.085167651018396e-22
3.9878483421383225e-22
3.885733802003461e-22
3.778577234855959e-22
3.6661180787071273e-22
3.548081131830131e-22
3.424175613398295e-22
3.2940941523064752e-22
3.1575116975797634e-22
3.0140843430692875e-22
2.8634480583456846e-22
2.7052173168304924e-22
2.538983611244835e-22
2.3643138454254315e-22
2.1807485905026743e-22
1.9878001924951316e-22
1.7849507179280435e-22
1.5716497252395584e-22
1.3473118560480148e-22
1.1113142649264893e-22
8.62994008608955e-23
6.016460631287594e-23
3.265275976652208e-23
3.723857938166174e-24
2.685317541872077e-23
5.900649612562503e-23
9.289894950692894e-23
1.2863434786615937e-22
1.663259374371086e-22
2.0609567987985682e-22
2.4807486033323645e-22
2.924049258172205e-22
3.3923845735946994e-22
3.8874026992138162e-22
4.410886519705196e-22
4.964767632050138e-22
5.551142135842849e-22
6.172288514537716e-22
6.830687938165773e-22
7.529047380538878e-22
8.270326019366216e-22
9.057765479470987e-22
9.894924591642083e-22
1.07857194779269e-21
1.17344699452424e-21
1.27459533819345e-21
1.3825467618010482e-21
1.4978904544409787e-21
1.6212836710192054e-21
1.7534619655818826e-21
1.8952513432141656e-21
2.04758276474781e-21
2.211509554661296e-21
2.3882284148631305e-21
2.5791049484777855e-21
2.78570486656456e-21
3.0098324128973952e-21
3.253578035028691e-21
3.519378008596968e-21
3.8100896672818745e-21
4.129087224711728e-21
4.480385082823496e-21
4.8687982921878146e-21
5.3001539200619816e-21
5.781573228251693e-21
6.321853981571868e-21
6.931996956319334e-21
7.625944372891758e-21
8.421636942718383e-21
9.342562362376494e-21
1.0420084236358945e-20
1.1697052422906913e-20
1.32336004640134e-20
1.5116849436367314e-20
1.747797767723852e-20
2.0524124156337834e-20
2.4602711061334863e-20
3.034445416885014e-20
3.9026117961839764e-20
5.3682487616188664e-20
