1.2501173453282956e-12
1.2135829653398977e-12
1.1753934607131274e-12
1.1356997271116535e-12
1.096542804088203e-12
1.0546019367111351e-12
1.018481379253893e-12
9.81637610162611e-13
9.473712458121014e-13
9.091704568511351e-13
8.766721625489528e-13
8.433390745021572e-13
8.110557618638956e-13
7.796263019167334e-13
7.48042530834906e-13
7.195319305305658e-13
6.904139719027574e-13
6.633741053748517e-13
6.365379300640658e-13
6.112437279432471e-13
5.851921319366617e-13
5.610576441835307e-13
5.38677866142891e-13
5.152776043035369e-13
4.944953924556021e-13
4.729702929233788e-13
4.5348514378496655e-13
4.3347686625779024e-13
4.1520316286078347e-13
3.975138047095012e-13
3.8019517872732873e-13
3.6339095890404275e-13
3.475443007670358e-13
3.3228924592554495e-13
3.178365901514494e-13
3.0364368029938753e-13
2.9033846937812577e-13
2.7734402493750844e-13
2.6477802902811127e-13
2.5312022275046174e-13
2.4158749707196537e-13
2.305537781019686e-13
2.201438934374755e-13
2.100755936366425e-13
2.0036320482195582e-13
1.9118771132876669e-13
1.823540873859318e-13
1.738904652927667e-13
1.657680549128629e-13
1.5795460734524386e-13
1.505913341145469e-13
1.4340368193374384e-13
1.3665822703992749e-13
1.3010247973677153e-13
1.2385805106164322e-13
1.1785837273198078e-13
1.1215337924254413e-13
1.0672161116687225e-13
1.014705427218115e-13
9.645518385597107e-14
9.167019761734471e-14
8.710254251230432e-14
8.27339463489876e-14
7.853587826806985e-14
7.45452088424361e-14
7.072474361005153e-14
6.705674308293413e-14
6.356082439047695e-14
6.020986179731821e-14
5.702379688120849e-14
5.396158743362387e-14
5.103862522004968e-14
4.824737996205913e-14
4.5582497013444126e-14
4.303340703048664e-14
4.059523253571701e-14
3.827167724387282e-14
3.6045998497208934e-14
3.392001095516094e-14
3.189001614073814e-14
2.994774164154089e-14
2.8092803178332774e-14
2.6320796000183332e-14
2.462804341665481e-14
2.3012522394412922e-14
2.1468281780646777e-14
1.9991455242923362e-14
1.8582782621534062e-14
1.7237383317746476e-14
1.595131539960105e-14
1.472366907203507e-14
1.3551642930425307e-14
1.2431678654961266e-14
1.1362979520011644e-14
1.0342032656359516e-14
9.367533515402466e-15
8.436788612799972e-15
7.54884898412094e-15
6.700983886800703e-15
5.891656076093646e-15
5.119212493717881e-15
4.3823691552358485e-15
3.6791193752983155e-15
3.008400475547355e-15
2.3687899039644544e-15
1.759348888912806e-15
1.1793675073247614e-15
6.310591017910654e-16
1.639927699175997e-16
4.4231657886143364e-16
9.11805387207742e-16
1.3669539611512413e-15
1.802211397149399e-15
2.21749769363387e-15
2.613150347903786e-15
2.9899147405722315e-15
3.348611636209492e-15
3.689736481695083e-15
4.014219948363111e-15
4.322574667184969e-15
4.615512770631895e-15
4.8935686294429165e-15
5.157359805413998e-15
5.407494571011205e-15
5.644464792680944e-15
5.86867702480783e-15
6.080715855508294e-15
6.281038982556157e-15
6.469950268026007e-15
6.647971354064995e-15
6.815463470620639e-15
6.972597699024073e-15
7.120053758809653e-15
7.25782607180671e-15
7.386293023489216e-15
7.505843172705704e-15
7.616595477269565e-15
7.718874701369391e-15
7.812744416123777e-15
7.898586370032845e-15
7.976461753865228e-15
8.046555002942568e-15
8.109124504573493e-15
8.16407319642387e-15
8.211786346311652e-15
8.252140205308643e-15
8.285401366066518e-15
8.311493252295305e-15
8.330568826503632e-15
8.342625053202472e-15
8.347663608183952e-15
8.345717259532169e-15
8.336828716767248e-15
8.320894719081088e-15
8.297912599649648e-15
8.267827007615523e-15
8.230591628619393e-15
8.186204644125644e-15
8.134426668467462e-15
8.075306831465033e-15
8.00851311645428e-15
7.934074438673747e-15
7.851742999442936e-15
7.761390144381438e-15
7.66279974310355e-15
7.55580981079762e-15
7.440093104782805e-15
7.315496913790297e-15
7.181712090467115e-15
7.038461117440343e-15
6.885408804150803e-15
6.722322651231812e-15
6.5487996472869475e-15
6.364444541238576e-15
6.168864754651439e-15
5.96168035712426e-15
5.7424653047068984e-15
5.510700814785881e-15
5.2659483119732415e-15
5.007648400378281e-15
4.735241081511651e-15
4.448202551095321e-15
4.1458952278989974e-15
3.82766744657954e-15
3.492885140262545e-15
3.140825626275584e-15
2.770776489362533e-15
2.3820222529546122e-15
1.9738206378172918e-15
1.5455493456470905e-15
1.096965144336176e-15
6.29939227727701e-16
1.8107556516525685e-16
4.2676253587375027e-16
9.611357707407053e-16
1.5315313526982544e-15
2.1319612667465954e-15
2.7624758181814072e-15
3.4240891626609577e-15
4.1180078580640285e-15
4.8457154885360834e-15
