2.4964418369361456e-24
2.4581687752148133e-24
2.4218896008343394e-24
2.3875177590903137e-24
2.3549709972066886e-24
2.3241712010409624e-24
2.295044238719065e-24
2.2675198108927445e-24
2.2415313072268123e-24
2.2170156689604652e-24
2.1939132572112083e-24
2.172167726851041e-24
2.1517259057802215e-24
2.132537679330916e-24
2.114555879802702e-24
2.0977361808236794e-24
2.0820369965621167e-24
2.0674193855243573e-24
2.0538469589638773e-24
2.041285793671711e-24
2.029704349212713e-24
2.0190733892650686e-24
2.009365907216227e-24
2.000557055827238e-24
1.9926240807088685e-24
1.9855462578512824e-24
1.97930483471558e-24
1.9738829750993955e-24
1.9692657074230103e-24
1.9654398766113385e-24
1.962394099041932e-24
1.9601187208509896e-24
1.958605779219402e-24
1.957848966543862e-24
1.957843597449902e-24
1.9585865783488132e-24
1.960076379549607e-24
1.962313009624623e-24
1.965297992036138e-24
1.969034343587649e-24
1.97352655486577e-24
1.9787805721998528e-24
1.9848037810948712e-24
1.9916049910606927e-24
1.999194421314461e-24
2.0075836873939012e-24
2.0167857885094148e-24
2.0268150954605e-24
2.0376873383893587e-24
2.049419595093548e-24
2.0620302786741923e-24
2.075539125204104e-24
2.089967180482162e-24
2.1053367861731906e-24
2.121671564763642e-24
2.1389964035233137e-24
2.157337436884861e-24
2.176722027371002e-24
2.1971787447672644e-24
2.218737343328922e-24
2.241428737423196e-24
2.2652849742576315e-24
2.290339205318473e-24
2.3166256553211685e-24
2.344179588456795e-24
2.3730372732062777e-24
2.403235944404097e-24
2.434813763514897e-24
2.467809776679823e-24
2.502263871565145e-24
2.5382167314517132e-24
2.5757097894249508e-24
2.6147851801299208e-24
2.655485691203913e-24
2.6978547150924464e-24
2.7419361988784187e-24
2.787774596131238e-24
2.8354148188066457e-24
2.8849021897114057e-24
2.9362823982520456e-24
2.9896014556536847e-24
3.044905655670707e-24
3.1022415358700378e-24
3.1616558435510688e-24
3.2231955055766287e-24
3.2869076014770274e-24
3.352839343611557e-24
3.421038058883492e-24
3.49155117916916e-24
3.564426236152571e-24
3.639710860575546e-24
3.717452790843503e-24
3.797699884653371e-24
3.880500138970138e-24
3.965901715535512e-24
4.0539529723779465e-24
4.144702502657849e-24
4.238199178249161e-24
4.334492199334712e-24
4.433631150609235e-24
4.5356660616295826e-24
4.640647472583108e-24
4.748626504397488e-24
4.8596549334167675e-24
4.973785268472496e-24
5.09107083347237e-24
5.21156585057114e-24
5.33532552776367e-24
5.462406145725903e-24
5.592865148071415e-24
5.72676123348162e-24
5.8641544455311126e-24
6.0051062648948694e-24
6.149679701403928e-24
6.297939384939534e-24
6.449951654347244e-24
6.605784648340139e-24
6.765508394001497e-24
6.92919489236088e-24
7.096918201050285e-24
7.268754524187229e-24
7.444782287776776e-24
7.625082222535155e-24
7.809737441656422e-24
7.998833518766635e-24
8.192458555912845e-24
8.390703266284395e-24
8.593661041400238e-24
8.801428015414952e-24
9.014103144413495e-24
9.231788267482342e-24
9.45458817368365e-24
9.682610669945926e-24
9.915966645105784e-24
1.0154770136345881e-23
1.0399138392615803e-23
1.0649191935389904e-23
1.0905054631384889e-23
1.1166853749070563e-23
1.143472003354615e-23
1.1708787755840835e-23
1.1989194800825776e-23
1.2276082721510577e-23
1.2569596807808717e-23
1.2869886161953618e-23
1.3177103765848943e-23
1.3491406554198197e-23
1.3812955497375327e-23
1.4141915660855267e-23
1.4478456298347405e-23
1.4822750929099428e-23
1.517497741315562e-23
1.553531804710871e-23
1.590395963766151e-23
1.628109360402205e-23
1.6666916059820667e-23
1.7061627914740858e-23
1.7465434962758946e-23
1.787854799407476e-23
1.8301182882418032e-23
1.8733560704183365e-23
1.91759078422602e-23
1.9628456083606007e-23
2.009144275908466e-23
2.0565110836256688e-23
2.1049709056712372e-23
2.1545492052565597e-23
2.2052720467269513e-23
2.2571661102740205e-23
2.3102587021793022e-23
2.364577773355422e-23
2.4201519278406493e-23
2.477010442044588e-23
2.5351832751103744e-23
2.5947010883572714e-23
2.655595257366606e-23
2.7178978894379167e-23
2.7816418387422075e-23
2.8468607243942575e-23
2.9135889469813134e-23
2.981861703944679e-23
3.0517150107935275e-23
3.12318571729032e-23
3.196311524967197e-23
3.271131008226963e-23
3.34768363423277e-23
3.42600977982483e-23
3.5061507544237744e-23
3.5881488184717375e-23
3.6720472073385974e-23
3.7578901497362376e-23
3.845722894808123e-23
3.935591723903689e-23
4.0275439902714754e-23
4.121628122633381e-23
4.2178936693683307e-23
4.316391304191923e-23
4.417172857275983e-23
4.520291350073792e-23
4.625801002302982e-23
4.733757275126203e-23
