1.98833388199059e-24
2.046810159867624e-24
2.1024866890419768e-24
2.155446093117306e-24
2.20577166569123e-24
2.253546210357206e-24
2.2988511931879737e-24
2.3417661243571122e-24
2.382368109276438e-24
2.4207315260147626e-24
2.4569277973244687e-24
2.4910252335734088e-24
2.523088929448389e-24
2.5531807007411176e-24
2.5813590515186193e-24
2.6076791638335928e-24
2.632192904145431e-24
2.65494884173106e-24
2.675992275690227e-24
2.6953652676335987e-24
2.7131066778777326e-24
2.72925220348987e-24
2.7438344166838114e-24
2.756882802634575e-24
2.768423795712991e-24
2.778480813557071e-24
2.787074288366847e-24
2.7942216950670117e-24
2.7999375758805264e-24
2.8042335612167428e-24
2.807118386475904e-24
2.8085979047857524e-24
2.8086750954407723e-24
2.807350068054287e-24
2.8046200623393463e-24
2.8004794434780295e-24
2.7949196932365232e-24
2.787929396755513e-24
2.779494225159487e-24
2.76959691417336e-24
2.7582172388994524e-24
2.7453319849584574e-24
2.7309149165176393e-24
2.7149367412880942e-24
2.697365073444386e-24
2.678164394674415e-24
2.657296014737558e-24
2.6347180318948384e-24
2.610385295471999e-24
2.584249371188447e-24
2.556258512585632e-24
2.5263576401766785e-24
2.494488332720556e-24
2.460588834731887e-24
2.4245940861710736e-24
2.3864357818956397e-24
2.3460424710372448e-24
2.3033397090096273e-24
2.2582502799895524e-24
2.210694512792734e-24
2.1605907217321192e-24
2.1078558152806863e-24
2.0524061315499185e-24
1.9941585829775033e-24
1.933032226547016e-24
1.868950425986039e-24
1.8018438478458705e-24
1.731654648159664e-24
1.658342384776676e-24
1.5818924727130799e-24
1.5023284529061192e-24
1.4197300890616543e-24
1.3342605456584359e-24
1.2462079930485971e-24
1.1560505390411504e-24
1.0645593554867224e-24
9.729644023109747e-25
8.832201251454435e-25
7.984167635455951e-25
7.233473189817881e-25
6.650410187709753e-25
6.325375874196229e-25
6.346881728539179e-25
6.762269342403381e-25
7.556912734683703e-25
8.675545637822423e-25
1.0057031285155364e-24
1.1652861255544658e-24
1.3429914197343098e-24
1.5367287816911606e-24
1.745257766550992e-24
1.967906476176664e-24
2.2043841973839387e-24
2.4546615483863555e-24
2.7188944059895024e-24
2.9973753581291728e-24
3.290502425648334e-24
3.598758735865751e-24
3.9226992589650895e-24
4.2629421955287335e-24
4.620163490979813e-24
4.9950935048597934e-24
5.388515202128541e-24
5.801263446675124e-24
6.234225122902395e-24
6.688339888605102e-24
7.164601438894562e-24
7.664059190099266e-24
8.187820323235841e-24
8.737052150289049e-24
9.31298477615622e-24
9.916914044747499e-24
1.0550204757128496e-23
1.1214294163748634e-23
1.1910695742051258e-23
1.2641003247064455e-23
1.3406895073863418e-23
1.4210138924024563e-23
1.5052596803845212e-23
1.593623037803096e-23
1.686310668992225e-23
1.7835404291374782e-23
1.885541979293922e-23
1.9925574881530822e-23
2.1048423836320025e-23
2.2226661584783422e-23
2.3463132324192732e-23
2.4760838803964676e-23
2.6122952253293703e-23
2.7552823091040526e-23
2.905399240647818e-23
3.063020432575851e-23
3.2285419369914865e-23
3.4023828802143034e-23
3.58498701616946e-23
3.776824401362356e-23
3.978393210930795e-23
4.1902216974768927e-23
4.41287032528355e-23
4.646934069847823e-23
4.8930449424246325e-23
5.151874700942136e-23
5.424137828514368e-23
5.71059478138089e-23
6.012055508518599e-23
6.329383333595266e-23
6.663499175446819e-23
7.01538619001173e-23
7.386094854643928e-23
7.77674857851169e-23
8.188549849656698e-23
8.622787004123179e-23
9.080841770424771e-23
9.56419749275112e-23
1.0074448370487798e-22
1.0613309612272062e-22
1.1182628724902468e-22
1.178439815312233e-22
1.2420769283832237e-22
1.3094068149651007e-22
1.380681296578454e-22
1.4561733772214797e-22
1.5361794605921805e-22
1.6210218225982776e-22
1.7110514278637968e-22
1.806651080382267e-22
1.908239015819584e-22
2.0162729544245585e-22
2.1312547137485676e-22
2.2537354700724576e-22
2.384321730941381e-22
2.523682180712914e-22
2.672555511983767e-22
2.8317593843747877e-22
3.002200728565251e-22
3.184887578072731e-22
3.3809427162312094e-22
3.5916192460843045e-22
3.818318736239663e-22
4.0626118282788736e-22
4.326262100035106e-22
4.6112532546858e-22
4.919819985239754e-22
5.254483063077537e-22
5.618088142889907e-22
6.013848439983638e-22
6.445389916276181e-22
6.916797173077017e-22
7.43265529408898e-22
7.998081812952933e-22
8.618735357664486e-22
9.3007825682502e-22
1.0050792489143195e-21
1.0875509230107012e-21
1.1781432970677915e-21
1.2774106483230459e-21
1.3856970972985087e-21
1.5029637554840672e-21
1.6285440625249553e-21
1.7608282053860117e-21
1.8969114640339226e-21
