9.717418158322535e-23
9.675917280359566e-23
9.667280525353848e-23
9.691489336680246e-23
9.748594888010636e-23
9.838718191110879e-23
9.962050352210578e-23
1.0118852977409779e-22
1.0309458727920979e-22
1.0534272026404661e-22
1.079376991569162e-22
1.1088503072419518e-22
1.1419096976617042e-22
1.178625324074682e-22
1.2190751101071196e-22
1.2633449073519795e-22
1.311528677888821e-22
1.3637286940607776e-22
1.420055755941772e-22
1.48062942695575e-22
1.5455782882224262e-22
1.6150402120765585e-22
1.689162655395216e-22
1.7681029733430424e-22
1.8520287542796927e-22
1.9411181764448388e-22
2.0355603872562042e-22
2.1355559059634062e-22
2.241317050753519e-22
2.353068390793896e-22
2.47104722458274e-22
2.5955040856068583e-22
2.726703275948153e-22
2.864923429923789e-22
3.0104581075998985e-22
3.163616420932152e-22
3.3247236929335534e-22
3.4941221515323853e-22
3.6721716596241343e-22
3.859250483220448e-22
4.0557560986959574e-22
4.2621060419214155e-22
4.478738799315265e-22
4.706114745000551e-22
4.944717124995619e-22
5.195053090195622e-22
5.457654780257051e-22
5.733080463383502e-22
6.021915729780803e-22
6.324774746598801e-22
6.642301572754852e-22
6.975171539578521e-22
7.324092697947541e-22
7.689807338548375e-22
8.07309358405287e-22
8.474767058898303e-22
8.895682644074279e-22
9.336736312098654e-22
9.798867057403441e-22
1.0283058915752125e-21
1.0790343082661313e-21
1.1321800138746985e-21
1.1878562380346268e-21
1.2461816260540606e-21
1.3072804955826724e-21
1.3712831055690176e-21
1.4383259375880068e-21
1.5085519921304212e-21
1.5821110983777987e-21
1.6591602395722893e-21
1.7398638936379396e-21
1.8243943922992198e-21
1.9129322943519374e-21
2.0056667817379345e-21
2.1027960706907933e-21
2.2045278459659696e-21
2.3110797157733545e-21
2.4226796888720003e-21
2.5395666733657105e-21
2.6619910055586055e-21
2.790214999989068e-21
2.9245135264232137e-21
3.0651746212597206e-21
3.212500122054368e-21
3.3668063416532092e-21
3.528424766434992e-21
3.697702799599024e-21
3.875004538224964e-21
4.060711583650834e-21
4.255223901398785e-21
4.458960723206063e-21
4.672361493921618e-21
4.8958868572044495e-21
5.130019715000307e-21
5.375266319502743e-21
5.632157425569695e-21
5.901249521542812e-21
6.1831260975327255e-21
6.4783989963873645e-21
6.787709824596445e-21
7.1117314710921e-21
7.45116964353134e-21
7.806764560871293e-21
8.179292666482921e-21
8.56956848421975e-21
8.978446571417896e-21
9.406823533438775e-21
9.855640194623614e-21
1.0325883901375988e-20
1.0818590839373152e-20
1.1334848730658529e-20
1.187579932670379e-20
1.2442641364107642e-20
1.3036633524590938e-20
1.3659097580770433e-20
1.431142178537505e-20
1.4995064372601087e-20
1.5711557323880216e-20
1.646251039600842e-20
1.7249615291661346e-20
1.8074650003656768e-20
1.8939483768534344e-20
1.9846082129918014e-20
2.0796511860748575e-20
2.179294721853067e-20
2.283767554665866e-20
2.3933103795572108e-20
2.5081765700579233e-20
2.6286328426196876e-20
2.754960078029144e-20
2.887454155572883e-20
3.0264268166408024e-20
3.172206572619093e-20
3.325139818302523e-20
3.485591787109938e-20
3.6539478333001645e-20
3.830614537298126e-20
4.016021105319402e-20
4.2106208468080795e-20
4.4148925998611986e-20
4.629342402807458e-20
4.854505365772069e-20
5.090947445883226e-20
5.339267556935632e-20
5.600099811033773e-20
5.874115904583731e-20
6.16202772342766e-20
6.464590134934264e-20
6.782604014771213e-20
7.116919494707235e-20
7.468439929489664e-20
7.838125211215398e-20
8.226996466583416e-20
8.636140643587307e-20
9.066715218593155e-20
9.51995427238692e-20
9.997174358568839e-20
1.0499780943544062e-19
1.1029275318278764e-19
1.1587264402954257e-19
1.2175467422796235e-19
1.2795726358395236e-19
1.345001808901698e-19
1.4140463493088233e-19
1.48693440945218e-19
1.5639113282044323e-19
1.6452413919832257e-19
1.7312098455816259e-19
1.8221245414024778e-19
1.9183185052090567e-19
2.0201522311501884e-19
2.1280167585188646e-19
2.24233638312671e-19
2.3635729276029865e-19
2.492229329374278e-19
2.628853949320673e-19
2.7740460028245507e-19
2.928462158172526e-19
3.092821504994504e-19
3.2679136759919177e-19
3.4546097089935886e-19
3.6538688475549884e-19
3.866748583563214e-19
4.094422995275831e-19
4.338192229256628e-19
4.599502836253524e-19
4.879962739033613e-19
5.181367871101881e-19
5.505726543806816e-19
5.855284545501558e-19
6.232562769108351e-19
6.640393155597511e-19
7.08195991901824e-19
7.560841847954454e-19
8.08106604802234e-19
8.647169336673198e-19
9.264224077126452e-19
9.937913622676737e-19
1.0674563312212537e-18
1.1481105731208094e-18
1.2365075552975262e-18
