2.1871218305485566e-10
2.2676746756375481e-10
2.244589528842647e-10
2.1469452056752935e-10
2.051155181028872e-10
1.957633750229247e-10
1.9407919134178392e-10
1.9125077262116466e-10
1.8585184445516811e-10
1.8050246814023077e-10
1.73538952280237e-10
1.7201830572815607e-10
1.6637082484608784e-10
1.600898705754391e-10
1.5197522222013863e-10
1.5187096683892248e-10
1.4795149808585904e-10
1.4272087931411713e-10
1.4255231153710973e-10
1.4133759986318566e-10
1.3074609064414174e-10
1.2367020491324484e-10
1.2777412887007233e-10
1.1807634688238943e-10
1.2143111675335912e-10
1.1022223647291873e-10
1.1533263483454183e-10
1.0517465974611957e-10
1.0672420113569144e-10
1.0179706315297234e-10
9.926407894629209e-11
9.465573750196891e-11
9.056844830691557e-11
8.637555496646574e-11
8.636089080516124e-11
8.209974398527281e-11
8.375788979037027e-11
7.934412269112117e-11
7.470139201028712e-11
7.386778115567245e-11
7.089295802062764e-11
6.733520691911527e-11
6.669367812203957e-11
6.436219978789983e-11
6.085694902232611e-11
5.996317204053371e-11
5.816498249374493e-11
5.605317007099102e-11
5.425920729081711e-11
5.127541935532436e-11
5.137161374529894e-11
4.8232647347257776e-11
4.7458094418470066e-11
4.5067476780815933e-11
4.348427757491444e-11
4.126650885375976e-11
3.9859375395707824e-11
3.928878486896109e-11
3.7484828066812404e-11
3.558616589928221e-11
3.4287926320727085e-11
3.295840590906934e-11
3.216935393513762e-11
3.0656302983244254e-11
2.9710547018510195e-11
2.881523999600468e-11
2.7433152852774262e-11
2.6323248691180465e-11
2.502794239622392e-11
2.4444270988745893e-11
2.3341011141771483e-11
2.2334904180451156e-11
2.1419760250623708e-11
2.0615404664637214e-11
1.976037963858572e-11
1.8817249877409046e-11
1.8324184849430623e-11
1.7416847677883826e-11
1.671576086455275e-11
1.6123322399338815e-11
1.5329051746437162e-11
1.4708388792571046e-11
1.3994384630181671e-11
1.346678437898355e-11
1.2914511410623043e-11
1.2442802616820663e-11
1.1782821194893414e-11
1.1337414347182524e-11
1.0848707978872315e-11
1.0347498690179273e-11
9.890676090164259e-12
9.50391759553625e-12
9.093077147570059e-12
8.658491035537859e-12
8.279991244313742e-12
7.968288395782521e-12
7.571606238997397e-12
7.263536884867145e-12
6.9206902953571465e-12
6.633502093595309e-12
6.3386594475236136e-12
6.055585610676705e-12
5.783748525849972e-12
5.525286746536724e-12
5.27731200751761e-12
5.038856870303675e-12
4.81096814855016e-12
4.589338424280712e-12
4.384119003149454e-12
4.1762331511433935e-12
3.988036624286756e-12
3.8099236888371505e-12
3.634323875461412e-12
3.4722102211254625e-12
3.306217903650937e-12
3.1524768912225686e-12
3.0100491872553367e-12
2.865312295789349e-12
2.7298641079760375e-12
2.6027001682904827e-12
2.4826671223412673e-12
2.364922298218091e-12
2.2506885664269454e-12
2.1402979594344457e-12
2.0410587204979018e-12
1.94350828637861e-12
1.847845160086156e-12
1.7581946313486983e-12
1.6737998959632412e-12
1.5905348895713637e-12
1.5122661980659142e-12
1.4374520776765926e-12
1.3659681625911198e-12
1.2976370187747773e-12
1.2323656780143357e-12
1.1698129408261265e-12
1.1104727059756494e-12
1.05412731297438e-12
9.997209588186346e-13
9.477770843769151e-13
8.978935230161118e-13
8.504159932023432e-13
8.05543206625986e-13
7.620515698915405e-13
7.208524750502377e-13
6.815138128305458e-13
6.439690882965736e-13
6.082021947442927e-13
5.738390192216204e-13
5.413762043514455e-13
5.100652098075983e-13
4.806402974485441e-13
4.521032566985015e-13
4.2511458898006483e-13
3.994752350336298e-13
3.7502430868205147e-13
3.5156914280286224e-13
3.293223616869417e-13
3.080952889257392e-13
2.8785950000891164e-13
2.6868842120211895e-13
2.5040679218080824e-13
2.3305350352207765e-13
2.1652258039131157e-13
2.0079223550401407e-13
1.8588322329147082e-13
1.7173461937396293e-13
1.583176139280845e-13
1.455902476104361e-13
1.3355598840254255e-13
1.2218204547091444e-13
1.1142498232412816e-13
1.0126567846742171e-13
9.17051944267314e-14
8.27060935848555e-14
7.424508996341502e-14
6.630862829070397e-14
5.889376979150469e-14
5.1966213719001086e-14
4.552064519501244e-14
3.9546787094910636e-14
3.4026169437344356e-14
2.894938948497481e-14
2.4306103813005556e-14
2.0086684708876623e-14
1.6282535831365184e-14
1.2886158033468648e-14
9.890283918431145e-15
7.28922210259167e-15
5.07778748743086e-15
3.2520284704096736e-15
1.8085722527789804e-15
7.455838240503664e-16
7.94954734236252e-17
2.5767514725938023e-16
1.9156123522279158e-16
2.6871344513437674e-16
1.090966098838365e-15
2.299663649693068e-15
3.895275277964312e-15
5.8821611997303475e-15
