2.509593665447863e-22
2.5354782975272696e-22
2.559856902752741e-22
2.5827812228201747e-22
2.604299911543121e-22
2.624458638273153e-22
2.6433001849928973e-22
2.6608645372503747e-22
2.677188969132294e-22
2.692308122515443e-22
2.7062540806337254e-22
2.719056436275237e-22
2.7307423546453115e-22
2.7413366310503744e-22
2.7508617436005584e-22
2.759337900897933e-22
2.7667830849477773e-22
2.773213089374557e-22
2.778641552861017e-22
2.783079988120947e-22
2.786537806296899e-22
2.789022336892819e-22
2.7905388432744004e-22
2.7910905337790593e-22
2.7906785684460815e-22
2.789302061398072e-22
2.7869580788584367e-22
2.7836416328121205e-22
2.779345670276522e-22
2.774061058183119e-22
2.767776563857249e-22
2.760478830965267e-22
2.7521523509708323e-22
2.742779429993227e-22
2.7323401510213117e-22
2.7208123313060314e-22
2.708171475045876e-22
2.6943907210023176e-22
2.6794407851243087e-22
2.6632898980056763e-22
2.6459037369879584e-22
2.6272453527728874e-22
2.607275090482381e-22
2.5859505048881692e-22
2.5632262696707144e-22
2.5390540803989743e-22
2.5133825512519035e-22
2.4861571050884443e-22
2.4573198565512345e-22
2.426809488175553e-22
2.3945611190391225e-22
2.3605061657426874e-22
2.3245721954497266e-22
2.286682770463633e-22
2.2467572843771354e-22
2.2047107890039967e-22
2.160453812030553e-22
2.1138921647508605e-22
2.0649267396444505e-22
2.0134532973126744e-22
1.9593622421324853e-22
1.9025383863285768e-22
1.8428607018081749e-22
1.7802020592944492e-22
1.714428954177656e-22
1.6454012184316248e-22
1.5729717177096198e-22
1.4969860336915205e-22
1.4172821302375413e-22
1.3336900030274781e-22
1.2460313121860783e-22
1.1541189968060132e-22
1.0577568722153469e-22
9.56739208767449e-23
8.508502953600357e-23
7.398639926090324e-23
6.235432928992122e-23
5.016399443060699e-23
3.73894367039272e-23
2.4003718606899178e-23
9.980918917287005e-24
4.740861656938435e-24
2.0128188615989204e-23
3.626124521991184e-23
5.316492158190885e-23
7.087477745775705e-23
8.942865939460381e-23
1.0886636025171857e-22
1.2922963152364953e-22
1.505622554064157e-22
1.729101352975985e-22
1.9632139569907933e-22
2.2084648905340593e-22
2.465383089324724e-22
2.7345230926981267e-22
3.0164663009161007e-22
3.311822297214599e-22
3.6212302400388083e-22
3.945360327441165e-22
4.284915338734691e-22
4.640632257117148e-22
5.013283977235706e-22
5.403681104432944e-22
5.812673848878908e-22
6.24115402148505e-22
6.690057136170504e-22
7.1603646250314905e-22
7.653106180717574e-22
8.169362213083967e-22
8.71026645450655e-22
9.277008701425357e-22
9.870837710675735e-22
1.0493064257595876e-21
1.114506436855199e-21
1.1828282727374474e-21
1.2544236297874333e-21
1.3294518126921638e-21
1.4080801389926059e-21
1.4904843666045336e-21
1.5768491459273455e-21
1.6673684999876383e-21
1.762246332481804e-21
1.8616969673790552e-21
1.9659457198155336e-21
2.075229503951752e-21
2.189797479126701e-21
2.309911733943457e-21
2.4358480155786903e-21
2.567896507600235e-21
2.706362652011665e-21
2.851568035826846e-21
3.003851324145676e-21
3.1635692641560373e-21
3.3310977570344935e-21
3.50683299628153e-21
3.691192693769475e-21
3.88461738715984e-21
4.087571844573112e-21
4.3005465604162706e-21
4.524059372779136e-21
4.758657206868859e-21
5.0049179096838436e-21
5.263452280551525e-21
5.53490622265651e-21
5.819963068002457e-21
6.1193460944605076e-21
6.433821236256936e-21
6.764200041805705e-21
7.111342830099807e-21
7.476162164743119e-21
7.859626600257695e-21
8.262764755004289e-21
8.686669751982317e-21
9.132504031082954e-21
9.601504697116179e-21
1.0094989222806559e-20
1.0614361790265516e-20
1.1161120263523834e-20
1.1736863756536423e-20
1.2343300974516361e-20
1.2982259579116867e-20
1.3655696174228996e-20
1.4365707785895316e-20
1.511454411095386e-20
1.5904621552456092e-20
1.6738538525598067e-20
1.7619092599903172e-20
1.85492997164917e-20
1.953241555718661e-20
2.057195974730555e-20
2.1671742655299857e-20
2.2835896101283228e-20
2.406890758353365e-20
2.5375659478145973e-20
2.6761473339916753e-20
2.8232159958493015e-20
2.97940778678792e-20
3.1454198906955573e-20
3.322018414613436e-20
3.5100471873168264e-20
3.7104379194471275e-20
3.9242221472332783e-20
4.152544650366222e-20
4.3966799441164506e-20
4.658051457650934e-20
4.9382533338923733e-20
5.2390778620891347e-20
5.562547059789441e-20
5.910950985133523e-20
6.286894203355624e-20
6.693352209285229e-20
7.133739752780194e-20
7.611995768957997e-20
8.132690407518597e-20
8.7011541002033e-20
9.323647727917945e-20
1.0007571221189083e-19
1.0761742035707611e-19
1.15967456673622e-19
1.2525416084261832e-19
1.3563456645526716e-19
