5.426673293406025e-12
5.3094997283553905e-12
5.174906102413405e-12
5.033294159688088e-12
4.907475282714887e-12
4.767420582660618e-12
4.6415860257187965e-12
4.512512881977491e-12
4.3935810907692256e-12
4.2626378427802635e-12
4.144676555174805e-12
4.028924609325486e-12
3.909073946504357e-12
3.798111846564874e-12
3.680086514822308e-12
3.5751270411441743e-12
3.461941933485766e-12
3.3605206623794016e-12
3.2556367955314894e-12
3.1584777777127013e-12
3.0527365599334163e-12
2.9551550627090886e-12
2.8657045933984145e-12
2.767703124915709e-12
2.681749012890133e-12
2.5884683392485673e-12
2.503508736829498e-12
2.4177496979715012e-12
2.3379677917727557e-12
2.259114614664518e-12
2.1797197161577767e-12
2.100701972533873e-12
2.02771611248925e-12
1.955157295351915e-12
1.8868349128522234e-12
1.8171478656602053e-12
1.754178629446136e-12
1.6884181856470132e-12
1.6254104342356782e-12
1.5665062134362776e-12
1.5069325177110173e-12
1.4502117192968449e-12
1.3955466042433744e-12
1.3417330508377037e-12
1.2897659990918457e-12
1.2404471310571364e-12
1.1920502620799878e-12
1.145520034878611e-12
1.1002369902415753e-12
1.056533258622173e-12
1.0150158935193221e-12
9.73256671349917e-13
9.351715634443226e-13
8.966809397544937e-13
8.602626732401406e-13
8.248933546739008e-13
7.911185059973082e-13
7.587447685841764e-13
7.269561628740872e-13
6.963919254515846e-13
6.674696699124435e-13
6.392084934275183e-13
6.123562555059041e-13
5.863107195360804e-13
5.61455028306946e-13
5.375812160802818e-13
5.143410583629636e-13
4.921992087174986e-13
4.707552785995539e-13
4.505384794199906e-13
4.3080607612910387e-13
4.119593277052202e-13
3.937956558774237e-13
3.765189324412177e-13
3.5988379518115983e-13
3.438426765931869e-13
3.2865641283956914e-13
3.1390949799172057e-13
2.998431203848775e-13
2.8639038004615057e-13
2.7341440008222925e-13
2.6100994985846956e-13
2.4910681357859274e-13
2.3775170135375745e-13
2.26874421922095e-13
2.1646499006096922e-13
2.064445447610206e-13
1.968747102719787e-13
1.8771522617600382e-13
1.7893294607241378e-13
1.7053305154038695e-13
1.625154095061145e-13
1.548252062400939e-13
1.474571780753685e-13
1.4041761926328378e-13
1.3370290384946576e-13
1.2724657401802913e-13
1.210848230693349e-13
1.1517863422029742e-13
1.0954784305689651e-13
1.0415244060023401e-13
9.899298904235407e-14
9.406060508067692e-14
8.934308174505009e-14
8.483123388081688e-14
8.05205502258185e-14
7.639717945712039e-14
7.245393800768589e-14
6.868593368525962e-14
6.508259674123641e-14
6.163979191644263e-14
5.835036046871792e-14
5.520458835662199e-14
5.219989623911212e-14
4.932579955197113e-14
4.6579391220136575e-14
4.395679701714572e-14
4.1447651444242844e-14
3.905139287079636e-14
3.6763087102920485e-14
3.4575743735609625e-14
3.2485758509714884e-14
3.048853935986255e-14
2.8579589055715076e-14
2.675805552870384e-14
2.5016284512277898e-14
2.335258364439463e-14
2.176312717532058e-14
2.024607245011469e-14
1.8795793765708383e-14
1.741104807221391e-14
1.6088299576069107e-14
1.482513126560015e-14
1.3618436818590552e-14
1.2466327317676471e-14
1.1365931657264336e-14
1.0315286767694524e-14
9.312231903390984e-15
8.354218307279954e-15
7.4395898214635e-15
6.566440726697587e-15
5.7327951059853595e-15
4.937182993655195e-15
4.1776442479057224e-15
3.4528259696974254e-15
2.761112709743199e-15
2.1011380698568206e-15
1.471634757673924e-15
8.716443167835622e-16
3.032316153223239e-16
2.600296832802872e-16
7.756873498796486e-16
1.27189068424272e-15
1.7455622589310768e-15
2.1972701915577706e-15
2.6278753126671885e-15
3.0381484759467744e-15
3.4290263385463888e-15
3.801266422493536e-15
4.1556638252130306e-15
4.4929534053336566e-15
4.813868542702803e-15
5.119071380878841e-15
5.409180562530734e-15
5.684831730100494e-15
5.946598083344285e-15
6.194998182900066e-15
6.430595651688068e-15
6.6538847863961835e-15
6.865345859929243e-15
7.0653838589656966e-15
7.254412797822363e-15
7.432904343861476e-15
7.601234961321787e-15
7.75962137819248e-15
7.908531281161019e-15
8.04821305429747e-15
8.178986179425566e-15
8.301144913829564e-15
8.414880939569313e-15
8.520506335032273e-15
8.618187998806626e-15
8.708144071341333e-15
8.790561882330861e-15
8.865595489284896e-15
8.933439814978229e-15
8.994215017443037e-15
9.04805090510962e-15
9.095018273987475e-15
9.13524036149693e-15
9.168790120408895e-15
9.1957399753779e-15
9.21610011840559e-15
9.229959277808144e-15
9.237276556097133e-15
9.23811715328338e-15
9.23242757651144e-15
9.220157028727463e-15
9.201312965905824e-15
9.175812952270954e-15
9.143609294688017e-15
