2.4809245616541566e-24
2.3209934861239704e-24
2.248966391602265e-24
2.264648749908195e-24
2.3680652495800168e-24
2.559461753171372e-24
2.839291530747753e-24
3.2081975143944857e-24
3.667001481511339e-24
4.216702429615516e-24
4.858480752736154e-24
5.593704450159312e-24
6.423935332820276e-24
7.350934650025034e-24
8.376668241378027e-24
9.503311494094447e-24
1.0733254359543175e-23
1.2069106607961934e-23
1.3513703437386784e-23
1.507011150796427e-23
1.6741635447308266e-23
1.853182485812238e-23
2.0444481849777162e-23
2.2483669115522825e-23
2.4653718572942805e-23
2.695924058601433e-23
2.940513379012791e-23
3.1996595538484955e-23
3.4739132992982035e-23
3.763857488535892e-23
4.070108396878591e-23
4.393317019215842e-23
4.7341704621526915e-23
5.0933934142693827e-23
5.471749697130706e-23
5.87004390127269e-23
6.289123109759152e-23
6.729878714423651e-23
7.1932483266091e-23
7.680217789691036e-23
8.191823295174796e-23
8.729153608181648e-23
9.293352407157986e-23
9.885620744069523e-23
1.0507219626747389e-22
1.115947273592463e-22
1.1843769276005123e-22
1.256156697045589e-22
1.331439520598958e-22
1.4103858337419093e-22
1.4931639151079355e-22
1.5799502508321085e-22
1.6709299162055446e-22
1.7662969768680672e-22
1.866254909863903e-22
1.9710170451493817e-22
2.0808070292450264e-22
2.1958593119312417e-22
2.316419657118216e-22
2.442745678475348e-22
2.575107402162862e-22
2.7137878575214827e-22
2.859083696415394e-22
3.0113058441485753e-22
3.17078018202429e-22
3.3378482643462356e-22
3.5128680713397293e-22
3.69621479877934e-22
3.8882816881433514e-22
4.089480897697271e-22
4.30024441734006e-22
4.52102503029313e-22
4.752297321694194e-22
4.994558740037698e-22
5.248330711099144e-22
5.514159808556599e-22
5.792618984778108e-22
6.084308864842162e-22
6.389859106262003e-22
6.709929826519711e-22
7.045213114045405e-22
7.396434595739769e-22
7.764355117969141e-22
8.149772484627324e-22
8.55352330443605e-22
8.976484929556366e-22
9.419577504460916e-22
9.883766100471148e-22
1.0370062998716212e-21
1.0879530074393836e-21
1.141328129904112e-21
1.19724854113339e-21
1.255836870559626e-21
1.3172217989312997e-21
1.3815383678685494e-21
1.4489283120058541e-21
1.5195404031424892e-21
1.5935308171616126e-21
1.6710635238182096e-21
1.7523106935471887e-21
1.8374531323518674e-21
1.926680740945565e-21
2.0201929955892762e-21
2.11819946709399e-21
2.2209203610512246e-21
2.328587095686844e-21
2.441442916038077e-21
2.5597435372208916e-21
2.683757838688651e-21
2.8137685921343508e-21
2.9500732387405403e-21
3.092984719763729e-21
3.242832352044512e-21
3.399962765357604e-21
3.564740901345438e-21
3.737551074461292e-21
3.9187981081747824e-21
4.1089085420335474e-21
4.3083319348605435e-21
4.5175422414614954e-21
4.737039281338505e-21
4.967350353993454e-21
5.2090318974643294e-21
5.462671347532047e-21
5.728889060815242e-21
6.0083404422137086e-21
6.30171820264074e-21
6.609754765531931e-21
6.933224909738268e-21
7.272948621615052e-21
7.629794084782568e-21
8.004681043469047e-21
8.39858434321239e-21
8.812537810733366e-21
9.24763843154004e-21
9.705050982916377e-21
1.0186012865219128e-20
1.0691839591644926e-20
1.1223930664190431e-20
1.178377589299222e-20
1.2372962570000808e-20
1.2993182998677742e-20
1.3646243018636552e-20
1.4334071157890986e-20
1.505872876012886e-20
1.5822421337788678e-20
1.6627510538603093e-20
1.7476528206198768e-20
1.8372191147016012e-20
1.931741774510296e-20
2.0315346699761154e-20
2.1369357550130656e-20
2.2483093579498902e-20
2.3660487542832542e-20
2.490579026181466e-20
2.622360270852623e-20
2.7618912602734857e-20
2.9097134003412323e-20
3.066415463349501e-20
3.232638667150221e-20
3.4090826205653733e-20
3.5965119601782903e-20
3.795764027631717e-20
4.0077576217913974e-20
4.233502822424992e-20
4.474112689935168e-20
4.730816208958399e-20
5.0049738691827716e-20
5.2980951714074973e-20
5.611859312505081e-20
5.948139200454007e-20
6.30902966367824e-20
6.696880670443656e-20
7.114335859845305e-20
7.564379339105161e-20
8.050390280295142e-20
8.576207777880886e-20
9.146209509669109e-20
9.765405627859105e-20
1.0439550658718352e-19
1.117528053629053e-19
1.1980276631725135e-19
1.2863464257675654e-19
1.3835255098570565e-19
1.490783700641487e-19
1.6095523632060902e-19
1.741516949053162e-19
1.8886653784248524e-19
2.0533424043847872e-19
2.238307599211148e-19
2.446788098613594e-19
2.682510252196674e-19
2.949675709071251e-19
3.2528175456073997e-19
3.5964142291071656e-19
3.984063531256427e-19
4.416895090342398e-19
4.890848004394688e-19
5.39262021571146e-19
5.895029070189668e-19
6.354616500644596e-19
