9.154871499235384e-24
9.154982779777303e-24
9.15508998507395e-24
9.155193119835972e-24
9.15529219981396e-24
9.155387250104914e-24
9.155478303631437e-24
9.155565399776742e-24
9.155648583160572e-24
9.155727902542308e-24
9.155803409838532e-24
9.155875159244036e-24
9.155943206445769e-24
9.156007607920502e-24
9.156068420307633e-24
9.156125699849576e-24
9.15617950189262e-24
9.156229880442044e-24
9.156276887765672e-24
9.156320574040766e-24
9.156360987039483e-24
9.156398171848669e-24
9.156432170620222e-24
9.15646302234839e-24
9.156490762671071e-24
9.156515423692176e-24
9.156537033822528e-24
9.156555617637106e-24
9.15657119574652e-24
9.15658378468098e-24
9.156593396785011e-24
9.156600040121826e-24
9.156603718385614e-24
9.156604430821188e-24
9.15660217214972e-24
9.156596932499904e-24
9.15658869734395e-24
9.15657744743788e-24
9.15656315876568e-24
9.156545802487227e-24
9.156525344889684e-24
9.156501747342523e-24
9.156474966256217e-24
9.156444953044908e-24
9.156411654093462e-24
9.156375010729315e-24
9.156334959199978e-24
9.156291430656918e-24
9.156244351146682e-24
9.156193641610772e-24
9.156139217895187e-24
9.15608099077144e-24
9.156018865970788e-24
9.155952744233486e-24
9.155882521375642e-24
9.155808088375682e-24
9.155729331483816e-24
9.155646132357259e-24
9.15555836822482e-24
9.155465912084924e-24
9.15536863294118e-24
9.155266396080655e-24
9.155159063399742e-24
9.155046493784186e-24
9.15492854354925e-24
9.15480506694813e-24
9.154675916755235e-24
9.154540944935575e-24
9.154400003407272e-24
9.15425294491123e-24
9.154099623996944e-24
9.153939898140448e-24
9.153773629007e-24
9.15360068387657e-24
9.153420937248438e-24
9.15323427264527e-24
9.153040584639862e-24
9.152839781125206e-24
9.152631785858796e-24
9.152416541306186e-24
9.152194011819609e-24
9.15196418718418e-24
9.151727086572913e-24
9.151482762953112e-24
9.15123130799172e-24
9.150972857510539e-24
9.15070759755298e-24
9.150435771120244e-24
9.150157685653593e-24
9.149873721333128e-24
9.149584340283516e-24
9.149290096778104e-24
9.148991648544307e-24
9.148689769284938e-24
9.148385362535986e-24
9.148079477012474e-24
9.147773323572345e-24
9.147468293984191e-24
9.147165981679944e-24
9.146868204681146e-24
9.146577030940955e-24
9.14629480633266e-24
9.146024185575561e-24
9.14576816635436e-24
9.145530127023033e-24
9.145313868191207e-24
9.145123658623535e-24
9.144964285894376e-24
9.144841112264604e-24
9.144760136300725e-24
9.144728060839718e-24
9.144752367942018e-24
9.144841401496397e-24
9.14500445831677e-24
9.14525188850837e-24
9.1455952060862e-24
9.146047210883953e-24
9.14662212277523e-24
9.147335729606591e-24
9.148205550035532e-24
9.149251012855863e-24
9.15049365436236e-24
9.151957335636246e-24
9.15366848146312e-24
9.155656343281722e-24
9.157953288283893e-24
9.160595117058424e-24
9.163621412791971e-24
9.167075924804351e-24
9.171006989343728e-24
9.175467991656557e-24
9.180517872292909e-24
9.18622168221128e-24
9.19265119058324e-24
9.199885549586399e-24
9.208012021353659e-24
9.21712677162838e-24
9.227335735444406e-24
9.238755560244252e-24
9.251514631798237e-24
9.265754188116473e-24
9.28162952760957e-24
9.299311316233694e-24
9.318986998735513e-24
9.340862319342406e-24
9.365162955111573e-24
9.39213626602418e-24
9.422053163601307e-24
9.455210100144907e-24
9.491931176744378e-24
9.532570368403778e-24
9.577513863765926e-24
9.627182509228131e-24
9.682034353155421e-24
9.742567274046678e-24
9.809321683359771e-24
9.882883281209086e-24
9.963885858135585e-24
1.0053014104266507e-23
1.0151006428960968e-23
1.0258657757176768e-23
1.037682229187314e-23
1.0506416233587792e-23
1.064842044784235e-23
1.080388309518683e-23
1.0973922227129034e-23
1.1159728392853789e-23
1.1362567297317513e-23
1.1583782578129094e-23
1.1824798788681367e-23
1.208712468945652e-23
1.2372356973207885e-23
1.2682184566105222e-23
1.3018393660390317e-23
1.3382873646035545e-23
1.3777624120958507e-23
1.4204763160671456e-23
1.466653703474062e-23
1.5165331547561533e-23
1.5703685186070075e-23
1.628430426517141e-23
1.691008021136178e-23
1.7584109182845133e-23
1.8309714170895985e-23
1.9090469739854904e-23
1.9930229538824477e-23
2.0833156747739313e-23
2.1803757488771572e-23
2.2846917319235473e-23
2.3967940730626725e-23
2.5172593554554277e-23
2.6467147844516476e-23
2.785842876183024e-23
2.9353862338354715e-23
3.0961522585513523e-23
3.2690175513749966e-23
3.4549316462711317e-23
3.654919569242646e-23
3.8700824317036077e-23
4.101595079350911e-23
4.3506992505721384e-23
