9.190721022747994e-25
8.649121063380733e-25
8.238142690863359e-25
7.956432655191145e-25
7.79899938598564e-25
7.756967098562796e-25
7.818186825841354e-25
7.968504733416047e-25
8.193238038789627e-25
8.478428748797365e-25
8.811654071777217e-25
9.182389496782627e-25
9.582040021361598e-25
1.000377734167101e-24
1.0442292057554743e-24
1.089352970050224e-24
1.1354446491801704e-24
1.1822799381148777e-24
1.2296973089791428e-24
1.277584124137159e-24
1.325865658680471e-24
1.374496502492349e-24
1.4234538612089122e-24
1.4727323502324648e-24
1.5223399538276302e-24
1.5722948889911488e-24
1.6226231712893932e-24
1.6733567252244903e-24
1.7245319177485533e-24
1.776188421077103e-24
1.8283683323223963e-24
1.8811154942243173e-24
1.9344749732875927e-24
1.9884926616406347e-24
2.0432149763769095e-24
2.0986886356275942e-24
2.1549604952392945e-24
2.212077433278952e-24
2.2700862723619624e-24
2.3290337315261695e-24
2.3889664019793122e-24
2.4499307408232265e-24
2.511973079430194e-24
2.5751396428999324e-24
2.63947657826219e-24
2.705029989226475e-24
2.771845975780823e-24
2.8399706778483612e-24
2.9094503211739843e-24
2.9803312653039397e-24
3.0526600528246792e-24
3.1264834591866748e-24
3.201848542801113e-24
3.278802695299971e-24
3.357393691804542e-24
3.43766974016106e-24
3.519679530491791e-24
3.6034722836723775e-24
3.689097799505251e-24
3.776606504070513e-24
3.866049496592668e-24
3.957478595644519e-24
4.050946384810753e-24
4.1465062577083906e-24
4.244212462731003e-24
4.344120147023652e-24
4.446285400196443e-24
4.550765297704194e-24
4.6576179442201994e-24
4.766902516085991e-24
4.8786793037205734e-24
4.993009755171215e-24
5.109956517355317e-24
5.2295834788711184e-24
5.3519558129704495e-24
5.477140019672191e-24
5.6052039679443015e-24
5.736216939766644e-24
5.870249672054526e-24
6.007374400861649e-24
6.147664904543606e-24
6.291196548093259e-24
6.438046327790609e-24
6.588292916518033e-24
6.742016708150225e-24
6.899299864925485e-24
7.060226362539808e-24
7.224882039521837e-24
7.393354643018348e-24
7.565733878351193e-24
7.742111458594582e-24
7.922581154792644e-24
8.10723884533648e-24
8.296182570506533e-24
8.489512581701738e-24
8.68733139721173e-24
8.889743856410197e-24
9.096857175230171e-24
9.308780999252439e-24
9.525627467155478e-24
9.747511263741476e-24
9.974549681962105e-24
1.0206862682154721e-23
1.0444572954941059e-23
1.0687805983837105e-23
1.0936690105415426e-23
1.1191356581175431e-23
1.145193966022188e-23
1.1718576642755465e-23
1.1991407955503697e-23
1.2270577218735028e-23
1.2556231316857228e-23
1.2848520473329928e-23
1.314759831729421e-23
1.3453621968849047e-23
1.3766752111531896e-23
1.4087153065216726e-23
1.4414992867830232e-23
1.475044336258053e-23
1.5093680267183443e-23
1.544488327061596e-23
1.580423610072682e-23
1.6171926626280686e-23
1.6548146933238453e-23
1.693309341996676e-23
1.7326966883847586e-23
1.7729972603538164e-23
1.8142320439964366e-23
1.8564224940897008e-23
1.8995905406155625e-23
1.9437586007724166e-23
1.9889495880850667e-23
2.03518692023268e-23
2.082494532365231e-23
2.1308968831871946e-23
2.180418969480592e-23
2.2310863302859616e-23
2.282925062266676e-23
2.3359618292478644e-23
2.3902238693629772e-23
2.4457390051232922e-23
2.5025356586686548e-23
2.560642858253309e-23
2.6200902471430304e-23
2.680908099329192e-23
2.743127323074306e-23
2.8067794751803484e-23
2.8718967693895305e-23
2.93851208440948e-23
3.006658977988257e-23
3.076371693394089e-23
3.14768516725834e-23
3.220635042520782e-23
3.29525767494432e-23
3.3715901367298856e-23
3.449670231509973e-23
3.5295365015316993e-23
3.611228227172386e-23
3.69478543236932e-23
3.7802489137090964e-23
3.86766020584506e-23
3.957061620063266e-23
4.0484962324823077e-23
4.1420078881207386e-23
4.237641189000608e-23
4.33544152851307e-23
4.435455057117542e-23
4.537728690861454e-23
4.6423101099756984e-23
4.7492477499058305e-23
4.8585907953068425e-23
4.970389167056766e-23
5.08469352262622e-23
5.2015552129694153e-23
5.321026300480798e-23
5.443159529075525e-23
5.568008270729736e-23
5.695626560769853e-23
5.826069008266287e-23
5.95939080060534e-23
6.095647649339786e-23
6.234895742926419e-23
6.377191747184948e-23
6.522592666685832e-23
6.671155887505414e-23
6.822939029783446e-23
6.977999933437405e-23
7.136396553389012e-23
7.298186885078034e-23
7.463428888148492e-23
7.632180314105994e-23
7.804498719098364e-23
7.980441253075061e-23
8.160064497909514e-23
8.343424446571608e-23
8.530576214092401e-23
8.721573998863568e-23
8.916470743040592e-23
9.115318085858482e-23
9.318166056424722e-23
9.525062838141595e-23
