8.329598399427705e-24
7.821000076652273e-24
7.347559576498778e-24
6.908273102112262e-24
6.5022094376424e-24
6.128507966952273e-24
5.78637684284665e-24
5.475091303816928e-24
5.19399213574858e-24
4.9424842788439855e-24
4.72003557618295e-24
4.526175667499349e-24
4.3604950256147814e-24
4.222644136781587e-24
4.1123328231388055e-24
4.029329703956954e-24
3.973461790998894e-24
3.944614210432287e-24
3.942730043841992e-24
3.967810280977071e-24
4.0199138794385776e-24
4.099157930071056e-24
4.2057179308008855e-24
4.339828175008633e-24
4.501782262693207e-24
4.691933743071395e-24
4.910696896461951e-24
5.158547661689121e-24
5.4360247134432085e-24
5.743730692682466e-24
6.082333592282087e-24
6.4525682999119205e-24
6.85523830053139e-24
7.291217541216019e-24
7.761452462257851e-24
8.266964198951064e-24
8.808850959951881e-24
9.388290587791562e-24
1.0006543309660685e-23
1.0664954685676613e-23
1.1364958763226179e-23
1.2108081447839082e-23
1.2895944098626654e-23
1.3730267361488064e-23
1.4612875251048734e-23
1.5545699492385736e-23
1.6530784138395147e-23
1.7570290475929695e-23
1.8666502237258063e-23
1.982183113141031e-23
2.1038822717225623e-23
2.232016263212425e-23
2.366868320422293e-23
2.50873704630566e-23
2.657937157755164e-23
2.814800274573737e-23
2.97967575656878e-23
3.152931591167504e-23
3.3349553360900887e-23
3.52615511858828e-23
3.726960697441518e-23
3.9378245895546e-23
4.15922326725717e-23
4.3916584299485235e-23
4.63565835566839e-23
4.8917793390899476e-23
5.1606072202022814e-23
5.442759011408242e-23
5.738884631017645e-23
6.049668748964044e-23
6.375832755135036e-23
6.718136858138905e-23
7.077382326531722e-23
7.454413880214508e-23
7.850122248313468e-23
8.26544690495764e-23
8.70137899264638e-23
9.158964462294013e-23
9.639307428451216e-23
1.0143573777237821e-22
1.0672995036331951e-22
1.1228872534362802e-22
1.1812581876490843e-22
1.2425577759713079e-22
1.3069399166814072e-22
1.3745674965516392e-22
1.4456129956745685e-22
1.5202591416219322e-22
1.5986996167350802e-22
1.68113982486243e-22
1.7677977230806643e-22
1.858904725222845e-22
1.9547066835504887e-22
2.0554649583111425e-22
2.161457583450523e-22
2.2729805394412023e-22
2.390349144307623e-22
2.5138995770097644e-22
2.6439905462757693e-22
2.7810051261154416e-22
2.9253527697756296e-22
3.077471532532267e-22
3.237830522520305e-22
3.4069326085384496e-22
3.585317419313022e-22
3.773564669999012e-22
3.9722978628321625e-22
4.182188396273418e-22
4.403960168811429e-22
4.638394706488991e-22
4.886336922529448e-22
5.14870158183095e-22
5.426480574745606e-22
5.720751130302447e-22
6.032685103977117e-22
6.363559512792279e-22
6.7147685208192945e-22
7.08783710679002e-22
7.484436701458869e-22
7.906403128221364e-22
8.355757260323833e-22
8.834728902068861e-22
9.345784421461008e-22
9.89165898233562e-22
1.0475394131252308e-21
1.1100381923383126e-21
1.1770416919746163e-21
1.2489757689160868e-21
1.3263200014420172e-21
1.4096164347900848e-21
1.4994801031265526e-21
1.596611736175581e-21
1.7018132348909487e-21
1.8160066018247258e-21
1.9402573056937954e-21
2.0758032897584944e-21
2.2240913244248165e-21
2.3868229191486956e-21
2.566012891036053e-21
2.764064804374484e-21
2.9838692676047096e-21
3.2289334918443847e-21
3.5035543645623425e-21
3.8130529946984175e-21
4.164097601809186e-21
4.5651559984304924e-21
5.027142000042824e-21
5.564359396584428e-21
6.195914571534549e-21
6.947889440654698e-21
7.856790292857904e-21
8.975219238984925e-21
1.0381584253740658e-20
1.2197489055631233e-20
1.4620431593599398e-20
1.7988176860405136e-20
2.2907861277513018e-20
3.048287270705368e-20
4.227222243001151e-20
5.611852382780077e-20
5.630096799783957e-20
4.374738486341292e-20
3.313366655554864e-20
2.620972288678871e-20
2.164348930188134e-20
1.8480311880728905e-20
1.6184023656177096e-20
1.4451149519228646e-20
1.3101806436652161e-20
1.202403595381045e-20
1.1145021081536144e-20
1.041556366034731e-20
9.801318390231221e-21
9.277625383815632e-21
8.826343289530357e-21
8.433840783401766e-21
8.089683867277808e-21
7.785753968437028e-21
7.515641643464522e-21
7.274220530316328e-21
7.057342443440508e-21
6.861614928767892e-21
6.68423697600941e-21
6.522875521976543e-21
6.3755717103756475e-21
6.24066864828762e-21
6.116755308420694e-21
6.002622501406596e-21
5.89722781282415e-21
5.7996677386503395e-21
5.709155186874581e-21
5.625001060703469e-21
5.546599458540139e-21
5.4734152373254925e-21
5.4049738669080455e-21
5.340852946339067e-21
5.280675072696591e-21
5.224101834624822e-21
5.1708287939544e-21
5.120581114287478e-21
5.0731099553337864e-21
