3.2033566370381897e-24
3.2013862072877905e-24
3.199542686299326e-24
3.197816597769521e-24
3.1961991919668263e-24
3.194682386986694e-24
3.1932587146743055e-24
3.1919212708818393e-24
3.1906636696968393e-24
3.1894800013521438e-24
3.1883647935097222e-24
3.18731297565877e-24
3.1863198463744908e-24
3.185381043205902e-24
3.1844925149879166e-24
3.18365049636633e-24
3.1828514843595532e-24
3.1820922168046393e-24
3.1813696525026783e-24
3.180680952951269e-24
3.1800234655110987e-24
3.1793947078986154e-24
3.1787923538933945e-24
3.1782142201474485e-24
3.1776582540176073e-24
3.1771225223216773e-24
3.1766052009464416e-24
3.1761045652385114e-24
3.1756189810931015e-24
3.1751468967059098e-24
3.1746868349112195e-24
3.1742373860545313e-24
3.1737972013691174e-24
3.1733649867966406e-24
3.1729394972105074e-24
3.1725195310222687e-24
3.172103925110201e-24
3.1716915500715063e-24
3.1712813057287597e-24
3.1708721169106704e-24
3.1704629294424255e-24
3.1700527063225803e-24
3.1696404241321286e-24
3.169225069541282e-24
3.1688056360103854e-24
3.1683811205804438e-24
3.167950520808591e-24
3.167512831767837e-24
3.1670670431522788e-24
3.166612136435297e-24
3.166147082108467e-24
3.165670836947679e-24
3.1651823413177873e-24
3.1646805165234668e-24
3.1641642621598677e-24
3.1636324534783653e-24
3.163083938755455e-24
3.162517536659113e-24
3.1619320335978758e-24
3.1613261810573487e-24
3.1606986928971887e-24
3.1600482426318046e-24
3.15937346067241e-24
3.15867293151953e-24
3.1579451909070666e-24
3.1571887229195546e-24
3.15640195699102e-24
3.155583264956123e-24
3.1547309579060825e-24
3.1538432831014502e-24
3.152918420708392e-24
3.151954480564099e-24
3.1509494988205175e-24
3.149901434505867e-24
3.1488081660401514e-24
3.1476674877098162e-24
3.1464771060247586e-24
3.145234635989345e-24
3.14393759742468e-24
3.1425834111345596e-24
3.141169395078814e-24
3.13969276044078e-24
3.1381506077882163e-24
3.1365399231018648e-24
3.1348575738782236e-24
3.133100305224403e-24
3.1312647360126534e-24
3.129347355054898e-24
3.127344517521514e-24
3.1252524412524173e-24
3.1230672035036163e-24
3.120784737711169e-24
3.118400830676393e-24
3.115911119947849e-24
3.113311091817432e-24
3.1105960794914323e-24
3.1077612622164757e-24
3.104801664884164e-24
3.1017121584138942e-24
3.0984874612375777e-24
3.0951221418674917e-24
3.091610622716759e-24
3.0879471855384538e-24
3.0841259785391377e-24
3.0801410255112864e-24
3.075986237891354e-24
3.071655428323028e-24
3.067142329038257e-24
3.0624406124989005e-24
3.057543917010509e-24
3.0524458771353187e-24
3.0471401594190596e-24
3.0416205051458402e-24
3.035880780059571e-24
3.029915032540055e-24
3.023717563131173e-24
3.017283002807102e-24
3.010606407654418e-24
3.0036833665080836e-24
2.99651012637326e-24
2.9890837396216843e-24
2.9814022331296636e-24
2.9734648046455323e-24
2.965272051493552e-24
2.956826234231548e-24
2.9481315836767776e-24
2.939194654201388e-24
2.930024735695426e-24
2.9206343286193403e-24
2.9110396951519575e-24
2.901261495872031e-24
2.8913255302683624e-24
2.8812635888559893e-24
2.8711144427805698e-24
2.8609249851464784e-24
2.8507515535468825e-24
2.8406614487493237e-24
2.8307346922254448e-24
2.8210660399040577e-24
2.811767297702361e-24
2.8029699593582008e-24
2.794828219274124e-24
2.7875223730018177e-24
2.7812626485658604e-24
2.7762934770518433e-24
2.772898197264649e-24
2.7714041863714072e-24
2.7721883304255484e-24
2.7756827503174477e-24
2.782380570179073e-24
2.7928414940314035e-24
2.807696790780072e-24
2.827653198820509e-24
2.853495088352828e-24
2.8860840777083624e-24
2.9263550982908927e-24
2.9753077364818393e-24
3.0339914872564713e-24
3.1034833405642432e-24
3.1848558817508056e-24
3.279133860959876e-24
3.387236742717764e-24
3.509904863742877e-24
3.647606424917473e-24
3.800423899704702e-24
3.967920176365784e-24
4.1489898063418586e-24
4.34170806671024e-24
4.5432022790423646e-24
4.7495829612820544e-24
4.955983851308138e-24
5.156760989814829e-24
5.345882596938266e-24
5.517498739347202e-24
5.6666164673277896e-24
5.789749026913363e-24
5.885386590031144e-24
5.954171236487177e-24
5.998745038247063e-24
6.023333029563254e-24
6.033186078372076e-24
6.034015765880092e-24
6.031518986489508e-24
6.031038926740205e-24
6.037363538804675e-24
6.054637031197815e-24
6.086350561580681e-24
6.13538119878723e-24
6.204055728131872e-24
6.294223701576518e-24
6.407331718299013e-24
6.544494037876161e-24
6.706558064310065e-24
6.894163662600671e-24
7.107796447451543e-24
7.347834895389082e-24
7.614591295684676e-24
7.908346423818073e-24
8.22937852441661e-24
8.57798707082175e-24
8.954511271253748e-24
