3.436918917092376e-24
3.2624234407161195e-24
3.0963282590519614e-24
2.9382680021931745e-24
2.7878939710182123e-24
2.644873421637526e-24
2.5088888883183697e-24
2.3796375437232564e-24
2.256830594945841e-24
2.1401927139144777e-24
2.029461500690882e-24
1.9243869779130085e-24
1.8247311145894996e-24
1.7302673770864954e-24
1.64078030498629e-24
1.5560651087601733e-24
1.4759272862562945e-24
1.4001822537085177e-24
1.3286549870026914e-24
1.2611796675376313e-24
1.1975993266992693e-24
1.1377654814965832e-24
1.0815377538070845e-24
1.0287834642781715e-24
9.793771918971115e-25
9.332002902535183e-25
8.901403519893713e-25
8.500906148898794e-25
8.129493056703015e-25
7.786189217335752e-25
7.470054571840153e-25
7.180175857653511e-25
6.915658225796607e-25
6.675616933544942e-25
6.4591694913805905e-25
6.265428680546923e-25
6.093496892337298e-25
5.942462194966956e-25
5.811396464733698e-25
5.69935577606317e-25
5.605383077995328e-25
5.528512995799184e-25
5.467778416600264e-25
5.422218378297079e-25
5.390886689938481e-25
5.372860694344568e-25
5.367249620593745e-25
5.373202065212862e-25
5.389912268109288e-25
5.416624978766294e-25
5.452638841626589e-25
5.497308335440876e-25
5.550044388237339e-25
5.610313841659331e-25
5.677637967691308e-25
5.751590248496141e-25
5.831793618744678e-25
5.917917353483614e-25
6.009673752922325e-25
6.106814756660845e-25
6.20912858249781e-25
6.316436469227699e-25
6.428589574567875e-25
6.545466066097066e-25
6.666968424883946e-25
6.793020971690719e-25
6.923567617961309e-25
7.058569834490246e-25
7.198004830251563e-25
7.341863927371624e-25
7.490151119026825e-25
7.642881795267868e-25
7.800081622220091e-25
7.961785558939762e-25
8.128036999295698e-25
8.298887025435306e-25
8.474393760178258e-25
8.65462180718617e-25
8.839641770325633e-25
9.029529840769292e-25
9.22436744571583e-25
9.424240949747734e-25
9.629241404014495e-25
9.839464336545723e-25
1.0055009577703464e-24
1.0275981118761057e-24
1.0502486997738037e-24
1.0734639209396928e-24
1.0972553637335822e-24
1.1216350003668183e-24
1.1466151837873333e-24
1.1722086456831045e-24
1.1984284961052745e-24
1.2252882239965456e-24
1.2528016989035948e-24
1.2809831735134971e-24
1.30984728702895e-24
1.3394090692873545e-24
1.3696839455595676e-24
1.4006877419969179e-24
1.432436691422061e-24
1.4649474400064858e-24
1.4982370540333164e-24
1.5323230274774839e-24
1.5672232896766743e-24
1.6029562135790757e-24
1.639540624485378e-24
1.6769958088265454e-24
1.7153415235827417e-24
1.75459800608491e-24
1.794785983827114e-24
1.835926684937963e-24
1.8780418489235155e-24
1.9211537376046273e-24
1.9652851463343367e-24
2.0104594160907576e-24
2.0567004450250206e-24
2.104032701003857e-24
2.152481234397975e-24
2.2020716909040483e-24
2.2528303249044145e-24
2.3047840133916394e-24
2.357960269567373e-24
2.412387257795643e-24
2.4680938079019792e-24
2.5251094308060294e-24
2.5834643333352586e-24
2.6431894348316702e-24
2.7043163830276068e-24
2.766877570831777e-24
2.8309061533593597e-24
2.8964360654341445e-24
2.9635020399810032e-24
3.0321396253217592e-24
3.1023852049092764e-24
3.174276016252229e-24
3.2478501708307887e-24
3.3231466738757605e-24
3.400205445145134e-24
3.479067340434423e-24
3.5597741727318285e-24
3.642368734526266e-24
3.7268948212609104e-24
3.81339725281684e-24
3.901921899434076e-24
3.992515704353446e-24
4.0852267091588816e-24
4.180104080631379e-24
4.277198134566799e-24
4.3765603641054925e-24
4.478243466576265e-24
4.582301372065703e-24
4.688789271463954e-24
4.79776364513228e-24
4.909282294644203e-24
5.023404372892352e-24
5.140190414725688e-24
5.259702370558866e-24
5.382003637091685e-24
5.5071590951464595e-24
5.635235139155374e-24
5.7662997147891284e-24
5.900422359637639e-24
6.0376742316707225e-24
6.178128152642318e-24
6.321858647795243e-24
6.468941982020978e-24
6.619456200881646e-24
6.773481179258101e-24
6.931098651032702e-24
7.092392266987263e-24
7.25744763008344e-24
7.426352339305421e-24
7.59919605489747e-24
7.776070513729668e-24
7.957069612335589e-24
8.14228943573997e-24
8.331828315960754e-24
8.525786893754381e-24
8.724268142016056e-24
8.92737747271025e-24
9.135222735962211e-24
9.347914309199095e-24
9.565565176715788e-24
9.788290925814677e-24
1.0016209896324809e-23
1.0249443165275938e-23
1.048811466717755e-23
1.0732351208387225e-23
1.0982282598096373e-23
1.1238041676557864e-23
1.1499764412020356e-23
1.1767589888360143e-23
1.2041660594059742e-23
1.2322122200942169e-23
1.2609123943323495e-23
1.2902818393538711e-23
1.3203361925048864e-23
1.3510914360817822e-23
1.382563944823406e-23
1.4147704730999107e-23
