1.4226553539812274e-13
1.5530592489313648e-13
1.667010319203676e-13
1.7658267071439456e-13
1.8503850889703098e-13
1.9213089408728693e-13
1.9817425851895095e-13
2.0291328877601636e-13
2.067985778961787e-13
2.0962321221117044e-13
2.1171236533900356e-13
2.1288793073485026e-13
2.1339015766200127e-13
2.131690817746159e-13
2.1237377536471215e-13
2.110187538379001e-13
2.0914074030245157e-13
2.0685487130327785e-13
2.041317271039443e-13
2.0098263506269821e-13
1.9750350789430982e-13
1.9371265197715872e-13
1.8968514679864624e-13
1.8535667284347025e-13
1.80863549361642e-13
1.7614925511932944e-13
1.7127411235221337e-13
1.6621764835561213e-13
1.6106496436671969e-13
1.5581577020750824e-13
1.5045998689303362e-13
1.450114671709876e-13
1.3953120727835443e-13
1.3400045757450755e-13
1.2843998334348952e-13
1.2287756458585257e-13
1.1730950520858642e-13
1.1174127510840917e-13
1.0617786003534341e-13
1.0065703219528435e-13
9.516843856041e-14
8.971586868100723e-14
8.431481589199444e-14
7.897073686926514e-14
7.368278696583345e-14
6.847005950829334e-14
6.331759896421815e-14
5.825464314845724e-14
5.3267982060817995e-14
4.835909601423447e-14
4.354573169320201e-14
3.881567777770568e-14
3.4188247971671945e-14
2.96479306421801e-14
2.5206589313958284e-14
2.0861046547243198e-14
1.6617295792202315e-14
1.2473711053917783e-14
8.431335812767691e-15
4.4943972028446525e-15
7.20533120197711e-16
3.117248709422117e-15
6.747706220366602e-15
1.0283293719048609e-14
1.372160412385787e-14
1.706134722002061e-14
2.0302268365726642e-14
2.3446773385521368e-14
2.6495366957946474e-14
2.945104287977225e-14
3.23110382978431e-14
3.508223334295207e-14
3.776035638856389e-14
4.035147708170565e-14
4.285721785586124e-14
4.5279746839793065e-14
4.761790998732463e-14
4.987332978835524e-14
5.205122441160943e-14
5.4150521416159256e-14
5.617807643066748e-14
5.812905614560429e-14
6.001104499440461e-14
6.18218835907686e-14
6.356564309628712e-14
6.524466994213064e-14
6.685869346631656e-14
6.841294672515199e-14
6.990822218097983e-14
7.134374418150578e-14
7.272423758861826e-14
7.405221642832444e-14
7.532417049950942e-14
7.654919093378938e-14
7.772430790227141e-14
7.885204886978599e-14
7.993435965586653e-14
8.097238670134246e-14
8.196945489965985e-14
8.29238868959352e-14
8.383940011420855e-14
8.471834672602084e-14
8.55602776936235e-14
8.636815849914594e-14
8.713992976439945e-14
8.788049489634125e-14
8.858933650886063e-14
8.92698464616689e-14
8.991933331008638e-14
9.054358681164242e-14
9.113885774918749e-14
9.171034610105076e-14
9.225584343213816e-14
9.277825931052386e-14
9.327769698293705e-14
9.375472300507374e-14
9.421380305396994e-14
9.465046376716047e-14
9.507023880701113e-14
9.546798541476342e-14
9.585008256951007e-14
9.62163316697029e-14
9.656423056073738e-14
9.68981241346806e-14
9.721589623909726e-14
9.751964636451825e-14
9.780915811646074e-14
9.808637831069081e-14
9.83500356722917e-14
9.860209019172452e-14
9.884313761272685e-14
9.907105642780433e-14
9.929042076562244e-14
9.949892221178608e-14
9.969652964328981e-14
9.988661501209838e-14
1.0006554287071832e-13
1.0023735413293587e-13
1.0039975137015537e-13
1.0055416675663035e-13
1.0070121027679811e-13
1.0084028726953998e-13
1.0097249994204105e-13
1.0109786825944494e-13
1.0121691487807427e-13
1.0132811310046174e-13
1.0143462286695077e-13
1.0153453369689263e-13
1.0162887489307924e-13
1.0171806465474793e-13
1.0180046474665503e-13
1.018787687171458e-13
1.0195166108868606e-13
1.0202003601525849e-13
1.0208265976557176e-13
1.0214147106843045e-13
1.0219515457057258e-13
1.0224506591138545e-13
1.0229006180048115e-13
1.0233180599019233e-13
1.0236831150807421e-13
1.0240177363173524e-13
1.024308406264616e-13
1.0245565010814541e-13
1.0247669363651003e-13
1.0249451366254426e-13
1.0250801191734252e-13
1.0251756124746268e-13
1.0252369938392646e-13
1.025258743111969e-13
1.025239790607382e-13
1.0251901607151581e-13
1.0250981931961993e-13
1.024976391070752e-13
1.0248027065698954e-13
1.0245979824232707e-13
1.0243558057878825e-13
1.0240737937575206e-13
1.0237530907784739e-13
1.0233927286625191e-13
1.0229868605872514e-13
1.022541273690556e-13
1.0220512048395994e-13
1.0215139255956336e-13
1.0209380207512016e-13
1.0203077846953988e-13
1.0196346005616371e-13
1.0189109731850361e-13
1.0181392595692769e-13
1.0173099323256192e-13
1.0164307102627662e-13
1.0154949216698774e-13
1.0144965218720312e-13
1.0134436310800589e-13
1.012325260982422e-13
1.0111418001945307e-13
1.0098958596403256e-13
1.0085727367802137e-13
1.0071808450256425e-13
1.0057113988761742e-13
1.0041679402401241e-13
