5.423159309424378e-12
5.306080398331283e-12
5.173355761209982e-12
5.033536340729853e-12
4.906278740181414e-12
4.7691524004322e-12
4.640382605296758e-12
4.510466483146337e-12
4.395042360104495e-12
4.260764462091699e-12
4.144952296760873e-12
4.027417204255474e-12
3.913778528700823e-12
3.7969314851708425e-12
3.680394559012105e-12
3.575494701308312e-12
3.4630347384836825e-12
3.3603591590554006e-12
3.255401274239304e-12
3.1595063886742286e-12
3.0531949103187864e-12
2.956495858292993e-12
2.866987759687521e-12
2.768943800767052e-12
2.6818398863345843e-12
2.588607158699837e-12
2.504279907155218e-12
2.4179260500245187e-12
2.338213625111668e-12
2.259583158952905e-12
2.180176876912687e-12
2.1014322323641797e-12
2.0282062803791024e-12
1.9560648222937583e-12
1.887718387220971e-12
1.8181397080093364e-12
1.7548957278899856e-12
1.6891479765818524e-12
1.6263363948754871e-12
1.567185168131032e-12
1.5079073697195943e-12
1.450823373057841e-12
1.3960679412174031e-12
1.3425684817864876e-12
1.2905184554812323e-12
1.2410920691556248e-12
1.1928554885457993e-12
1.1462211774386468e-12
1.1010769544981002e-12
1.0572925612711433e-12
1.0157296230643282e-12
9.74038684495243e-13
9.359481445311679e-13
8.974806395762256e-13
8.610420663069563e-13
8.256689226553253e-13
7.919537753065813e-13
7.595410531299163e-13
7.277607617783121e-13
6.972097814972118e-13
6.682582609828356e-13
6.400094580166953e-13
6.131606459129181e-13
5.87091559309386e-13
5.622600660053577e-13
5.383983191796032e-13
5.151626608328553e-13
4.930174922366509e-13
4.715934832763055e-13
4.513738901776828e-13
4.3163200220222393e-13
4.1278534459592404e-13
3.9463871625146445e-13
3.773573883214573e-13
3.607185727530044e-13
3.4467941414983916e-13
3.294967805561112e-13
3.1474988543665136e-13
3.0068440166217547e-13
2.872343148307989e-13
2.7426142635221705e-13
2.618594468199179e-13
2.499527603860094e-13
2.385974361634895e-13
2.277248466481715e-13
2.1731436996925504e-13
2.072940070911007e-13
1.97729237575575e-13
1.8856620141629376e-13
1.797868099593828e-13
1.7138690187875542e-13
1.6337052272877051e-13
1.5568085379369074e-13
1.4831306790485608e-13
1.4127343853285364e-13
1.3456031840318836e-13
1.2810308373682944e-13
1.219418075753956e-13
1.160370557715874e-13
1.1040516450152566e-13
1.0501054047986207e-13
9.98511496815217e-14
9.4918896658449e-14
9.020117859142159e-14
8.568980421928384e-14
8.137878724185743e-14
7.725525762023168e-14
7.331206548490257e-14
6.954378228585094e-14
6.594013630592292e-14
6.249710806223304e-14
5.920726785766643e-14
5.6061123568654103e-14
5.305609132470462e-14
5.0181328610620827e-14
4.743446057173564e-14
4.481136281790679e-14
4.230148348499598e-14
3.990450490483249e-14
3.761540426892378e-14
3.5427316014530557e-14
3.3336408182707705e-14
3.1338248988374634e-14
2.9428211351319956e-14
2.7605638779600954e-14
2.5862691254127156e-14
2.4197755179453058e-14
2.2606973671480962e-14
2.1088552358880512e-14
1.9636771987572556e-14
1.8250481877146513e-14
1.6926092505059476e-14
1.5661197786676737e-14
1.445265807815874e-14
1.32986222641351e-14
1.2196185759301232e-14
1.1143404938180538e-14
1.0138118388736121e-14
9.177730264651332e-15
8.26060000305206e-15
7.384827946167137e-15
6.548410177743554e-15
5.74990773448925e-15
4.987299771047686e-15
4.25926695418177e-15
3.564150515484322e-15
2.9005537066351326e-15
2.267132121717067e-15
1.6625751857778776e-15
1.0858951197426145e-15
5.3688584553614625e-16
6.745617277691593e-17
4.998863167713126e-16
9.767204196548358e-16
1.4330899251647495e-15
1.868865695737532e-15
2.2846787027852617e-15
2.6814011933126868e-15
3.0597937045026982e-15
3.420651826175054e-15
3.764723217004547e-15
4.092745969848693e-15
4.405400635669001e-15
4.703321811978481e-15
4.9871578983659795e-15
5.25750174822782e-15
5.5148929266321424e-15
5.7599095632723104e-15
5.99306513975106e-15
6.214864134768235e-15
6.425734089835829e-15
6.626112512158699e-15
6.816489765207302e-15
6.997270345048394e-15
7.168706313617264e-15
7.331283050975136e-15
7.485280657340716e-15
7.631056553608689e-15
7.768925323523235e-15
7.899121104107394e-15
8.021993253914158e-15
8.13774162733622e-15
8.246624816332431e-15
8.34887216049204e-15
8.44468145514332e-15
8.534291677807082e-15
8.617870463685354e-15
8.695599631103909e-15
8.7675992777953e-15
8.834049714836031e-15
8.89508275854716e-15
8.950830152333559e-15
9.001368830983097e-15
9.046847118963312e-15
9.087305315109073e-15
9.122875608969444e-15
9.153583453831038e-15
9.17946272349665e-15
9.200597003577698e-15
9.217008787869217e-15
9.22873615388629e-15
