2.0076848513696447e-24
1.9212966200537818e-24
1.839030360538251e-24
1.7607105953027923e-24
1.6861700458694494e-24
1.6152492485836186e-24
1.5477961834552213e-24
1.4836659149970112e-24
1.4227202440455431e-24
1.3648273696147273e-24
1.3098615599093786e-24
1.2577028317240233e-24
1.2082366375715572e-24
1.161353560030803e-24
1.1169490129723294e-24
1.0749229495197636e-24
1.0351795768288409e-24
9.97627078013702e-25
9.621773418168613e-25
9.287457008943537e-25
8.972506798615614e-25
8.676137545021764e-25
8.397591237657997e-25
8.136134963483146e-25
7.891058937461175e-25
7.661674716778079e-25
7.447313616637933e-25
7.247325343317893e-25
7.061076856732814e-25
6.887951470196607e-25
6.727348189509768e-25
6.578681287244193e-25
6.441380101447983e-25
6.3148890413871705e-25
6.198667776784674e-25
6.0921915817258775e-25
5.994951800339307e-25
5.906456398761568e-25
5.826230566936876e-25
5.753817334478854e-25
5.688778167022827e-25
5.630693513023175e-25
5.57916327550185e-25
5.53380718846432e-25
5.494265083263509e-25
5.460197035727082e-25
5.431283390108906e-25
5.407224660643178e-25
5.3877413155093395e-25
5.3725734512759145e-25
5.361480368331597e-25
5.354240059481904e-25
5.350648624848164e-25
5.350519626516792e-25
5.353683396209241e-25
5.359986308625531e-25
5.369290032219259e-25
5.381470768049719e-25
5.396418486128225e-25
5.414036167403181e-25
5.434239058261313e-25
5.456953943207846e-25
5.4821184402569145e-25
5.509680322531026e-25
5.539596868648819e-25
5.571834243679212e-25
5.606366911749137e-25
5.643177080813365e-25
5.682254179616312e-25
5.723594366491606e-25
5.767200069338035e-25
5.813079555883101e-25
5.861246533170087e-25
5.911719775091582e-25
5.964522776714406e-25
6.0196834341054e-25
6.07723374835526e-25
6.1372095525124985e-25
6.1996502601681775e-25
6.264598634476768e-25
6.332100576445501e-25
6.402204931390315e-25
6.474963312506494e-25
6.550429940573046e-25
6.628661498864347e-25
6.709717002406631e-25
6.793657680768514e-25
6.880546873634135e-25
6.970449938450043e-25
7.063434169489948e-25
7.159568727717089e-25
7.258924580866101e-25
7.361574453198946e-25
7.467592784420064e-25
7.577055697265819e-25
7.690040973305424e-25
7.806628036516512e-25
7.926897944216868e-25
8.050933384953556e-25
8.178818682969011e-25
8.310639808878361e-25
8.446484396210152e-25
8.586441763474708e-25
8.730602941442174e-25
8.87906070532391e-25
9.031909611565622e-25
9.189246038976412e-25
9.351168233929723e-25
9.51777635938649e-25
9.689172547508259e-25
9.86546095563667e-25
1.004674782543596e-24
1.0233141545005223e-24
1.0424752713782904e-24
1.0621694210082286e-24
1.082408126110616e-24
1.103203151530824e-24
1.124566511697829e-24
1.1465104782943971e-24
1.1690475881294413e-24
1.1921906512043256e-24
1.2159527589661918e-24
1.2403472927424388e-24
1.2653879323518048e-24
1.291088664888465e-24
1.3174637936765344e-24
1.3445279473935594e-24
1.3722960893623927e-24
1.4007835270117397e-24
1.4300059215064456e-24
1.4599792975495134e-24
1.490720053358568e-24
1.5222449708200578e-24
1.5545712258252693e-24
1.5877163987927746e-24
1.6216984853826515e-24
1.6565359074080395e-24
1.6922475239506807e-24
1.7288526426868215e-24
1.7663710314312852e-24
1.8048229299068293e-24
1.8442290617473814e-24
1.8846106467436596e-24
1.9259894133398868e-24
1.968387611391395e-24
2.011828025192403e-24
2.056333986784462e-24
2.1019293895561246e-24
2.1486387021444783e-24
2.1964869826500708e-24
2.2454998931770697e-24
2.295703714710501e-24
2.347125362343541e-24
2.3997924008676014e-24
2.4537330607388423e-24
2.5089762544350256e-24
2.5655515932176922e-24
2.623489404313882e-24
2.6828207485340026e-24
2.743577438341496e-24
2.80579205639151e-24
2.8694979745562295e-24
2.9347293734550517e-24
3.0015212625093108e-24
3.0699095005408685e-24
3.13993081693618e-24
3.2116228333976253e-24
3.2850240863047972e-24
3.3601740497104116e-24
3.4371131589957685e-24
3.515882835212731e-24
3.596525510140113e-24
3.679084652084252e-24
3.763604792454716e-24
3.8501315531489796e-24
3.938711674779423e-24
4.0293930457817206e-24
4.122224732442091e-24
4.217257009886229e-24
4.314541394073659e-24
4.414130674845142e-24
4.51607895007312e-24
4.620441660969275e-24
4.727275628606512e-24
4.8366390917170155e-24
4.94859174583247e-24
5.063194783837203e-24
5.180510938010899e-24
5.300604523642712e-24
5.423541484306022e-24
5.54938943888962e-24
5.678217730489704e-24
5.810097477274626e-24
5.945101625447383e-24
6.083305004437312e-24
6.22478438446909e-24
6.369618536668858e-24
6.5178882958826486e-24
6.669676626402015e-24
6.825068690808365e-24
6.984151922174218e-24
