9.041891154836031e-23
9.042885408449426e-23
9.04382926894366e-23
9.044724739527579e-23
9.045573720667363e-23
9.046378014122581e-23
9.04713932678007e-23
9.047859274278249e-23
9.048539384443578e-23
9.049181100536408e-23
9.049785784317325e-23
9.050354718941327e-23
9.050889111684686e-23
9.051390096508737e-23
9.051858736469151e-23
9.052296025975153e-23
9.052702892900948e-23
9.053080200556533e-23
9.053428749522132e-23
9.053749279347954e-23
9.054042470125338e-23
9.05430894393047e-23
9.054549266145045e-23
9.054763946658398e-23
9.054953440948852e-23
9.055118151051542e-23
9.055258426410593e-23
9.055374564623138e-23
9.055466812069002e-23
9.055535364436037e-23
9.055580367130409e-23
9.055601915592271e-23
9.055600055491632e-23
9.055574782827881e-23
9.055526043921404e-23
9.055453735296445e-23
9.05535770346492e-23
9.05523774459347e-23
9.055093604079306e-23
9.054924975996718e-23
9.054731502460047e-23
9.054512772852922e-23
9.054268322954843e-23
9.053997633966775e-23
9.053700131389394e-23
9.053375183820864e-23
9.053022101596627e-23
9.05264013533926e-23
9.052228474353678e-23
9.051786244904844e-23
9.051312508368168e-23
9.050806259221569e-23
9.050266422916278e-23
9.049691853590946e-23
9.049081331625211e-23
9.048433561051048e-23
9.047747166800542e-23
9.04702069177629e-23
9.046252593743121e-23
9.045441242053883e-23
9.04458491419045e-23
9.043681792058173e-23
9.042729958162371e-23
9.04172739149517e-23
9.040671963241685e-23
9.039561432245179e-23
9.03839344020887e-23
9.037165506717752e-23
9.035875023924014e-23
9.034519250962729e-23
9.033095308157895e-23
9.031600170855832e-23
9.030030662967166e-23
9.028383450182342e-23
9.026655032893252e-23
9.02484173868375e-23
9.022939714474762e-23
9.020944918372725e-23
9.018853110908742e-23
9.016659846072973e-23
9.014360461793186e-23
9.011950069899186e-23
9.009423545719601e-23
9.006775517087694e-23
9.004000352841954e-23
9.001092150740957e-23
8.99804472480165e-23
8.994851592081507e-23
8.991505958643572e-23
8.988000705108202e-23
8.984328371247429e-23
8.980481139979053e-23
8.97645082054776e-23
8.972228830820307e-23
8.967806178881314e-23
8.963173443635104e-23
8.958320754313885e-23
8.953237769316151e-23
8.947913653801197e-23
8.942337056264946e-23
8.936496083646263e-23
8.930378276034526e-23
8.923970579188624e-23
8.917259316248517e-23
8.910230158078559e-23
8.90286809183633e-23
8.895157388430628e-23
8.887081567741142e-23
8.878623362995899e-23
8.869764682318833e-23
8.860486569577958e-23
8.850769162065588e-23
8.840591646969529e-23
8.829932215471891e-23
8.818768013955043e-23
8.80707509349998e-23
8.794828356725646e-23
8.78200150126706e-23
8.768566960937619e-23
8.754495844228917e-23
8.73975786862308e-23
8.724321292429446e-23
8.708152842467605e-23
8.691217638346849e-23
8.673479112466185e-23
8.654898925895481e-23
8.635436880100774e-23
8.61505082326111e-23
8.593696551983788e-23
8.571327706823453e-23
8.547895663386195e-23
8.523349416716504e-23
8.497635458142192e-23
8.470697646597874e-23
8.44247707186561e-23
8.41291190830356e-23
8.381937265144606e-23
8.349485018652885e-23
8.315483642304915e-23
8.279858022307308e-23
8.242529264072832e-23
8.203414479214175e-23
8.16242656934089e-23
8.11947398342719e-23
8.074460468265062e-23
8.027284794040979e-23
7.97784046034089e-23
7.926015385531704e-23
7.871691565095983e-23
7.814744703271447e-23
7.755043818374637e-23
7.692450808580208e-23
7.626819975988472e-23
7.557997516088582e-23
7.485820945852623e-23
7.410118476319112e-23
7.330708324780667e-23
7.247397925904123e-23
7.159983085953833e-23
7.068246990253443e-23
6.971959118254467e-23
6.8708739650051e-23
6.764729622847825e-23
6.653246103594189e-23
6.536123404178493e-23
6.413039233746244e-23
6.28364633651293e-23
6.147569262953826e-23
6.004400526134417e-23
5.853695876764682e-23
5.694968521010894e-23
5.527681923731286e-23
5.351240754642043e-23
5.164979321237481e-23
4.968146702394644e-23
4.759887180370632e-23
4.539214306203793e-23
4.304975801896104e-23
4.0558051882561896e-23
3.7900539576063096e-23
3.505694156573918e-23
3.200175195033079e-23
2.870207627151586e-23
2.5114267562731032e-23
2.1178527717810897e-23
1.6810002609336853e-23
1.188426114772279e-23
6.223869944955733e-24
1.3843284429643518e-24
9.407816825662672e-24
2.112869948941689e-23
3.9565515904104724e-23
7.735774724133914e-23
2.3888401753201984e-22
2.9068910873020217e-22
8.844035418644386e-23
4.657122873002099e-23
2.605066545705328e-23
1.2388743771997741e-23
2.1535354486989185e-24
7.950069419514317e-24
