8.702710477664244e-24
9.016318030897114e-24
9.31116170009227e-24
9.587866779820288e-24
9.847020147130695e-24
1.0089171486290407e-23
1.0314834440038383e-23
1.0524487688828843e-23
1.0718575958576824e-23
1.089751095837857e-23
1.1061672249706232e-23
1.1211408048273524e-23
1.1347035960247971e-23
1.1468843653716193e-23
1.1577089467595422e-23
1.1672002957749805e-23
1.1753785382764502e-23
1.1822610129637417e-23
1.1878623080104123e-23
1.1921942918919804e-23
1.1952661384060529e-23
1.1970843459938729e-23
1.1976527513594023e-23
1.1969725374278692e-23
1.1950422356787629e-23
1.1918577227842884e-23
1.1874122116693275e-23
1.1816962368469203e-23
1.1746976340634524e-23
1.1664015142162318e-23
1.1567902314301236e-23
1.1458433453015827e-23
1.1335375771718075e-23
1.1198467603725794e-23
1.1047417843289067e-23
1.0881905323655979e-23
1.0701578132273275e-23
1.0506052860150546e-23
1.0294913784807406e-23
1.0067711985851163e-23
9.823964390748686e-24
9.563152749993218e-24
9.284722540705422e-24
8.988081797061789e-24
8.672599868060688e-24
8.337606103204829e-24
7.982388468209116e-24
7.606192097333121e-24
7.208217793235626e-24
6.787620495885638e-24
6.343507760597565e-24
5.8749383231131086e-24
5.380920904870256e-24
4.860413582316457e-24
4.312324444702266e-24
3.735515332778158e-24
3.128813647051852e-24
2.49104865886969e-24
1.8211814685583066e-24
1.1189667995796032e-24
3.9341398713114907e-25
4.294794834285797e-25
1.2324471979305648e-24
2.0871081022525253e-24
2.9859125136195474e-24
3.9296617244605635e-24
4.9200640308662425e-24
5.9591179525934994e-24
7.048990464379994e-24
8.191984390133906e-24
9.390529650824792e-24
1.0647182681818967e-23
1.1964629228653272e-23
1.334568880171078e-23
1.4793320089246172e-23
1.6310627034975545e-23
1.7900865432299602e-23
1.9567449979555178e-23
2.131396176910513e-23
2.314415620401197e-23
2.5061971351122816e-23
2.707153673715073e-23
2.917718261981778e-23
3.138344972616389e-23
3.3695099523503174e-23
3.611712500479189e-23
3.86547620482303e-23
4.131350136817896e-23
4.4099101089356237e-23
4.7017599976402955e-23
5.007533138039417e-23
5.327893788551764e-23
5.663538677764177e-23
6.015198629675064e-23
6.383640277933997e-23
6.769667872964824e-23
7.174125183322483e-23
7.59789750526268e-23
8.041913777663656e-23
8.50714881434152e-23
8.994625661841009e-23
9.50541808532421e-23
1.0040653195929351e-22
1.060151421956674e-22
1.1189243438349036e-22
1.180514527660639e-22
1.2450589587048197e-22
1.3127015110702865e-22
1.3835933151983804e-22
1.4578931452983403e-22
1.5357678322819578e-22
1.6173926982045166e-22
1.702952019869125e-22
1.7926395191226224e-22
1.8866588835950205e-22
1.9852243191443718e-22
2.0885611382770784e-22
2.196906384890303e-22
2.310509497635964e-22
2.42963302041766e-22
2.55455335406692e-22
2.685561560522446e-22
2.8229642191675646e-22
2.967084344146833e-22
3.118262358996854e-22
3.276857145024013e-22
3.4432471579704476e-22
3.617831623097075e-22
3.801031822964452e-22
3.993292468734242e-22
4.1950831832677867e-22
4.406900085118751e-22
4.629267496338431e-22
4.862739784521969e-22
5.107903338275095e-22
5.3653787136708555e-22
5.635822939857363e-22
5.919931997825941e-22
6.218443555165641e-22
6.532139863399375e-22
6.861850953287118e-22
7.208458064392002e-22
7.572897416692808e-22
7.956164280152917e-22
8.359317430647375e-22
8.783484035864245e-22
9.22986490695847e-22
9.699740432940582e-22
1.0194476834470633e-21
1.071553328309825e-21
1.126446955076901e-21
1.1842954528668988e-21
1.2452775636671095e-21
1.3095849105461063e-21
1.3774231606613154e-21
1.4490132819680174e-21
1.5245929734302277e-21
1.6044182399117652e-21
1.6887651486985932e-21
1.7779317950097482e-21
1.8722405417026578e-21
1.972040438018601e-21
2.0777100667029266e-21
2.1896606967209648e-21
2.3083397921045855e-21
2.4342351185020345e-21
2.5678793374930406e-21
2.7098551995902224e-21
2.8608016474950645e-21
3.0214206185172985e-21
3.1924850269613445e-21
3.3748479592726158e-21
3.5694532121035335e-21
3.777347751363759e-21
3.999696114136952e-21
4.237797241566745e-21
4.493104578189437e-21
4.767249452876495e-21
5.0620692294267926e-21
5.379640475863226e-21
5.722319610800346e-21
6.0927904789755516e-21
6.494123603231473e-21
6.929847544812546e-21
7.404037300287614e-21
7.921421882948036e-21
8.487521548046912e-21
9.108816623628196e-21
9.79296181691401e-21
1.0549061467424458e-20
1.1388022901753585e-20
1.2323008575663286e-20
1.3370044603678083e-20
1.4548803453428714e-20
1.5883670464151302e-20
1.740517142724742e-20
1.9151906991537984e-20
2.117320748244182e-20
2.3532766458191517e-20
2.6313572268346168e-20
2.962440874453575e-20
