2.0496816177956184e-24
2.045641054583581e-24
2.0419372645516784e-24
2.038543084706268e-24
2.0354335549480173e-24
2.032585752665661e-24
2.0299786379035186e-24
2.0275929089326732e-24
2.0254108676073016e-24
2.0234162942013192e-24
2.021594331200265e-24
2.0199313755975446e-24
2.0184149791714725e-24
2.017033756340243e-24
2.0157772990451014e-24
2.0146360982928575e-24
2.013601471827404e-24
2.0126654975973206e-24
2.0118209525446206e-24
2.0110612563873534e-24
2.010380420005202e-24
2.0097729980840867e-24
2.0092340457246533e-24
2.008759078703789e-24
2.0083440370983512e-24
2.0079852520197984e-24
2.00767941523931e-24
2.0074235514289122e-24
2.0072149928577165e-24
2.007051356341153e-24
2.006930522223259e-24
2.0068506152902795e-24
2.0068099874615498e-24
2.006807202012093e-24
2.006841019368593e-24
2.006910384209272e-24
2.007014413887584e-24
2.0071523879297742e-24
2.007323738704891e-24
2.00752804300149e-24
2.00776501456623e-24
2.008034497465742e-24
2.0083364602514587e-24
2.0086709907934812e-24
2.009038291891652e-24
2.0094386774067397e-24
2.00987256901279e-24
2.0103404935092434e-24
2.0108430806601954e-24
2.0113810613793735e-24
2.011955266606926e-24
2.012566626333367e-24
2.0132161692020247e-24
2.0139050224448125e-24
2.014634412149647e-24
2.0154056638949465e-24
2.0162202036988037e-24
2.0170795592659854e-24
2.0179853616122167e-24
2.0189393468578294e-24
2.019943358416634e-24
2.0209993493394107e-24
2.0221093851087212e-24
2.023275646466432e-24
2.0245004326723565e-24
2.0257861649313664e-24
2.0271353901049707e-24
2.0285507845816364e-24
2.0300351586038216e-24
2.031591460512554e-24
2.033222781513425e-24
2.0349323605189712e-24
2.036723589282245e-24
2.038600017722139e-24
2.0405653595814123e-24
2.0426234981056676e-24
2.0447784921657686e-24
2.0470345824886974e-24
2.049396198129387e-24
2.0518679631130694e-24
2.0544547034566754e-24
2.0571614541420724e-24
2.0599934665330594e-24
2.0629562158053516e-24
2.066055408761952e-24
2.069296991647932e-24
2.0726871582208896e-24
2.076232358097304e-24
2.0799393049222062e-24
2.083814985359776e-24
2.0878666671415888e-24
2.092101908636312e-24
2.0965285670436165e-24
2.10115480795106e-24
2.1059891139658262e-24
2.1110402944043203e-24
2.1163174938286122e-24
2.1218302017544687e-24
2.1275882615059063e-24
2.1336018795586533e-24
2.139881634373477e-24
2.146438485561378e-24
2.1532837826649707e-24
2.160429273791886e-24
2.1678871145845675e-24
2.175669875504783e-24
2.183790551470998e-24
2.1922625677609583e-24
2.201099789048921e-24
2.210316525826198e-24
2.2199275413330145e-24
2.2299480577721457e-24
2.2403937623140218e-24
2.2512808122657575e-24
2.2626258405767913e-24
2.2744459601690195e-24
2.2867587671066285e-24
2.299582344779737e-24
2.312935266558661e-24
2.326836597508549e-24
2.341305896332768e-24
2.3563632171072835e-24
2.3720291081079795e-24
2.3883246132825602e-24
2.4052712705867755e-24
2.422891112316754e-24
2.4412066608452358e-24
2.460240929845511e-24
2.480017418445132e-24
2.5005601116084616e-24
2.5218934739003175e-24
2.5440424491778644e-24
2.5670324547612003e-24
2.590889378299107e-24
2.6156395749524706e-24
2.6413098627864833e-24
2.66792752093351e-24
2.695520282045282e-24
2.7241163383390957e-24
2.7537443290385978e-24
2.784433344246042e-24
2.816212923052215e-24
2.8491130513125104e-24
2.8831641637259418e-24
2.9183971435962173e-24
2.954843324212405e-24
2.992534493635053e-24
3.0315028968850747e-24
3.0717812432702618e-24
3.1134027104732697e-24
3.1564009516027267e-24
3.2008101082382388e-24
3.2466648139233808e-24
3.2940002137983213e-24
3.3428519696162526e-24
3.39325627596868e-24
3.445249881031638e-24
3.4988700995593545e-24
3.55415482120493e-24
3.611142553173486e-24
3.6698724130433006e-24
3.730384180547784e-24
3.792718292030916e-24
3.8569158834500105e-24
3.923018814810115e-24
3.991069689555855e-24
4.061111887149357e-24
4.1331895945532444e-24
4.207347832406212e-24
4.283632487846042e-24
4.362090348636764e-24
4.442769137561568e-24
4.525717544842443e-24
4.61098526500561e-24
4.6986230301593694e-24
4.788682656647332e-24
4.881217078894802e-24
4.976280375946283e-24
5.0739278378820714e-24
5.174216001658299e-24
5.27720267236392e-24
5.382946994209578e-24
5.4915094717757464e-24
5.6029520537305236e-24
5.71733814341028e-24
5.8347326672848866e-24
5.955202114492464e-24
6.078814602715617e-24
6.205639948483765e-24
6.335749665573693e-24
6.469217098760587e-24
6.606117424145427e-24
6.746527734599983e-24
6.890527138908922e-24
7.038196752082025e-24
7.189619882141689e-24
7.344881960921544e-24
7.504070807993329e-24
7.667276477045311e-24
7.834591610855276e-24
8.006111343981015e-24
