1.1096544540212845e-24
1.0684082154142019e-24
1.0356448345926441e-24
1.0109392090256335e-24
9.937947855636875e-25
9.836514107153589e-25
9.799016202433087e-25
9.819124738276152e-25
9.890491916267178e-25
1.0006970690874645e-24
1.0162791690886356e-24
1.0352686139623598e-24
1.0571954720393876e-24
1.0816490105953568e-24
1.1082764401577623e-24
1.136779305009487e-24
1.166908515579669e-24
1.1984587862551926e-24
1.2312630099027624e-24
1.2651869040367975e-24
1.3001241157553998e-24
1.335991868771271e-24
1.3727271688223537e-24
1.4102835438086282e-24
1.4486282734706676e-24
1.4877400541032138e-24
1.5276070422693033e-24
1.5682252237613898e-24
1.6095970588884048e-24
1.6517303608230305e-24
1.694637369366593e-24
1.7383339878986203e-24
1.7828391563821363e-24
1.828174337389003e-24
1.8743630960287237e-24
1.9214307576518482e-24
1.9694041301763816e-24
2.018311279799759e-24
2.0681813510754507e-24
2.119044423608692e-24
2.170931399151833e-24
2.2238739137255036e-24
2.277904270755374e-24
2.3330553911212047e-24
2.3893607776753634e-24
2.446854491332329e-24
2.5055711369615783e-24
2.5655458572921154e-24
2.626814333261916e-24
2.6894127899884524e-24
2.753378007182785e-24
2.8187473329881107e-24
2.8855587012966986e-24
2.953850650997095e-24
3.0236623477823203e-24
3.095033607190516e-24
3.1680049193027822e-24
3.242617474379201e-24
3.3189131895915235e-24
3.396934736417714e-24
3.476725568673896e-24
3.558329951325421e-24
3.641792989263042e-24
3.727160657274459e-24
3.814479829613934e-24
3.903798310324414e-24
3.995164864086863e-24
4.088629246867022e-24
4.1842422372647e-24
4.282055668042936e-24
4.3821224582169904e-24
4.48449664490175e-24
4.589233416453557e-24
4.696389144849507e-24
4.806021419533865e-24
4.918189080950112e-24
5.032952254782316e-24
5.150372386685732e-24
5.2705122774473524e-24
5.3934361183690554e-24
5.519209527951652e-24
5.647899588224528e-24
5.779574882042219e-24
5.914305531423696e-24
6.052163235552328e-24
6.1932213101568e-24
6.3375547276583716e-24
6.485240157069346e-24
6.636356006050722e-24
6.790982462342029e-24
6.949201536779698e-24
7.11109710685064e-24
7.276754960941674e-24
7.446262843610335e-24
7.619710502128197e-24
7.797189732744985e-24
7.978794428506323e-24
8.164620629054526e-24
8.354766569099197e-24
8.549332729594459e-24
8.74842188992786e-24
8.952139179709078e-24
9.160592132997675e-24
9.373890742792046e-24
9.592147516880038e-24
9.815477534231447e-24
1.0043998504722982e-23
1.0277830825978668e-23
1.0517097643840181e-23
1.0761924915707014e-23
1.1012441469983364e-23
1.1268779072940591e-23
1.1531072490685008e-23
1.1799459555734283e-23
1.2074081237515222e-23
1.2355081705012071e-23
1.2642608399144236e-23
1.2936812107671695e-23
1.3237847029585995e-23
1.3545870851915525e-23
1.386104482665258e-23
1.4183533842244964e-23
1.4513506501693854e-23
1.485113520345199e-23
1.5196596215495507e-23
1.5550069760979697e-23
1.5911740093757202e-23
1.628179558638134e-23
1.666042881462522e-23
1.7047836635606567e-23
1.7444220268563927e-23
1.784978541515305e-23
1.8264742303518482e-23
1.8689305796331428e-23
1.9123695483745165e-23
1.9568135772695218e-23
2.0022855954748595e-23
2.0488090352606628e-23
2.0964078342165403e-23
2.1451064515543925e-23
2.1949298687390018e-23
2.245903608005742e-23
2.2980537365883474e-23
2.3514068708650582e-23
2.405990202348034e-23
2.4618314863650284e-23
2.5189590662782e-23
2.577401874158599e-23
2.6371894425407428e-23
2.698351909223121e-23
2.760920043604964e-23
2.824925223142754e-23
2.8903994675096374e-23
2.957375444742196e-23
3.025886464588239e-23
3.095966482376227e-23
3.167650142662451e-23
3.240972739718527e-23
3.315970259413728e-23
3.3926793365712013e-23
3.4711373395103175e-23
3.551382285234861e-23
3.6334529111060555e-23
3.717388597798695e-23
3.8032295231295513e-23
3.891016457847682e-23
3.9807909121200995e-23
4.0725951163912934e-23
4.166471933861441e-23
4.2624649672566443e-23
4.360618494175749e-23
4.4609773917226235e-23
4.563587278304324e-23
4.6684943747371163e-23
4.7757456745348794e-23
4.8853885101823326e-23
4.997471127380061e-23
5.1120421330552244e-23
5.2291507096982486e-23
5.348846723397756e-23
5.47118038529508e-23
5.596202265803686e-23
5.723963752384119e-23
5.854516054661438e-23
5.98791110285665e-23
6.124201036605643e-23
6.263438130834492e-23
6.40567467731478e-23
6.550963300081142e-23
6.699356355474556e-23
6.850906482124095e-23
7.005665567038305e-23
7.163685655353211e-23
7.325018013327711e-23
7.489714006919408e-23
7.657823335032807e-23
7.829395619702623e-23
8.004479542967612e-23
8.183121709101596e-23
8.365368893103943e-23
8.551264758441494e-23
