2.711631980615849e-09
2.711486658822467e-09
2.7114866588242564e-09
1.890287300059092e-09
2.6483611899065425e-09
7.933792573533499e-10
2.6482934900864236e-09
2.711486658824254e-09
2.6482934900864224e-09
7.91716888173653e-10
2.648090410896533e-09
2.711268705338052e-09
2.7111234224765374e-09
2.711050786889696e-09
2.711268705338053e-09
2.7110507868896955e-09
7.916303537104804e-10
2.7111234224801087e-09
2.7107602834444862e-09
1.889798884438541e-09
7.931926867019765e-10
2.7106876673107312e-09
2.710687667310734e-09
7.914944091165467e-10
1.889624510718033e-09
7.914573414042642e-10
1.8894850346297512e-09
7.914326315214082e-10
2.710106878265017e-09
2.647278397997763e-09
2.7101068782650185e-09
7.92950275997504e-10
2.6468725737721835e-09
2.481473100308127e-09
2.6467373260146837e-09
7.928135968521025e-10
2.6466020917488575e-09
2.7096714497801042e-09
2.7088010124400986e-09
1.9111197896177847e-09
2.7090910960735127e-09
2.6456558293668714e-09
2.6453855899713664e-09
2.645250490477665e-09
7.924534866757674e-10
2.7080760750597514e-09
2.7077862087358257e-09
2.644845272789201e-09
2.644710227144086e-09
2.6444401762418922e-09
2.6440352008027267e-09
7.855498321378346e-10
1.9092447286904255e-09
2.7059035891733575e-09
2.705614187721073e-09
7.917094687560931e-10
7.916103719108832e-10
1.8230715328269687e-09
2.6421469149658267e-09
7.848729468154212e-10
7.911647429295268e-10
2.7033012027294023e-09
2.640799750291441e-09
7.892273154265172e-10
2.702146192599514e-09
1.8839226246727966e-09
2.70099216903245e-09
2.700992169032455e-09
7.885153722839187e-10
2.63757201947335e-09
2.637034812974493e-09
2.698687076506731e-09
2.697536005027621e-09
2.635692730793643e-09
2.696385915056246e-09
2.6335481708050384e-09
2.6949496809674753e-09
2.6938017948195536e-09
2.6935149760605527e-09
2.6311396094568478e-09
2.629536289898087e-09
2.629002273880964e-09
2.6895059169862206e-09
2.6883626626156695e-09
2.687791399819576e-09
2.685508774435668e-09
7.841976997270951e-10
2.622079286973993e-09
2.6215482238121324e-09
2.619956293852932e-09
7.84078001957314e-10
2.616249122396214e-09
2.676983349745606e-09
2.6741535576180537e-09
7.806715862002686e-10
2.6109709004999827e-09
7.795192182969038e-10
2.6679490250116117e-09
7.783224399669202e-10
2.6025688754449004e-09
2.6009993725704496e-09
2.5983876396152237e-09
2.4400908061078188e-09
2.652841092182821e-09
2.436635839328297e-09
2.58850961236834e-09
2.5843723624094667e-09
7.728673058525364e-10
2.637353279305851e-09
7.693921065536932e-10
2.5720377948420246e-09
2.5689721123667087e-09
2.566932289317167e-09
2.6187880595248603e-09
2.5567804884022947e-09
2.6090648365686457e-09
1.8374123078872456e-09
2.5994135486246655e-09
2.5397014357145307e-09
2.387520803652895e-09
1.803572918823232e-09
1.79799294656391e-09
2.516946606860495e-09
7.490193598978107e-10
1.6518667734368445e-09
2.5501504692580936e-09
2.541950628552195e-09
2.4830752500393347e-09
2.5267172048725852e-09
2.5186671301517874e-09
2.4575496840543727e-09
2.498764584652807e-09
2.4389708282219373e-09
2.4270414608171724e-09
2.4152259125773653e-09
2.455113805829545e-09
2.445619939593977e-09
2.432451216846372e-09
1.7056022556115235e-09
1.69554240315905e-09
1.6692486434377388e-09
2.3296602121837087e-09
1.6468504467945786e-09
2.1887208421944464e-09
2.3200195025277265e-09
2.2641028201114037e-09
2.283167207156636e-09
2.1253130559346653e-09
2.2395089106709826e-09
2.1870869093409846e-09
6.433746860418682e-10
1.5218692913445998e-09
6.281017952379933e-10
2.0070826497614e-09
2.0673627419928237e-09
1.8452140664009153e-09
2.0078075262609504e-09
2.003920520886716e-09
1.9491690161068037e-09
1.9352427061783696e-09
1.8980711775795915e-09
1.77916510871304e-09
1.2833549439385409e-09
1.7072848814118242e-09
1.6725425218680736e-09
1.6892022339406083e-09
1.6401382686117296e-09
1.4118255046398574e-09
4.482443671630774e-10
4.3293901724143696e-10
1.4269795044728956e-09
1.3244514550754102e-09
1.2723507400752605e-09
1.2076129562886131e-09
8.183712686098482e-10
1.0219241076037966e-09
9.951740793392942e-10
6.587888712354541e-10
8.446011169481257e-10
2.2075144453679875e-10
6.632102730388678e-10
5.330096987650217e-10
4.617679003811801e-10
3.6330268633191934e-10
2.520875782750789e-10
1.2681195215799955e-10
3.0516699174776726e-11
8.297793986067003e-11
2.4879351983484304e-10
3.921362328614173e-10
5.072478086316691e-10
6.862384075451303e-10
5.879440150669345e-10
2.9819662615992066e-10
3.507305436899347e-10
1.3353752264851984e-09
1.5259698507488429e-09
1.2334717246726563e-09
5.829990010846564e-10
2.0896682125425137e-09
2.439958782209153e-09
