5.5081560705119516e-24
5.513681086954983e-24
5.51892400607762e-24
5.5238946103577704e-24
5.528602227316437e-24
5.533055737847395e-24
5.537263584694137e-24
5.541233780984251e-24
5.544973918738241e-24
5.548491177291492e-24
5.5517923315613346e-24
5.554883760110826e-24
5.557771452965497e-24
5.560461019131915e-24
5.562957693798878e-24
5.565266345174918e-24
5.5673914809461234e-24
5.5693372543206775e-24
5.5711074696528e-24
5.5727055876059115e-24
5.5741347298654955e-24
5.575397683359535e-24
5.576496903991722e-24
5.577434519867964e-24
5.578212334005184e-24
5.578831826508125e-24
5.579294156206683e-24
5.5796001617459854e-24
5.579750362114476e-24
5.579744956599734e-24
5.579583824161108e-24
5.5792665222168635e-24
5.578792284816466e-24
5.578160020207531e-24
5.577368307768693e-24
5.5764153943019694e-24
5.575299189670595e-24
5.5740172617616846e-24
5.5725668307679904e-24
5.570944762766533e-24
5.56914756255832e-24
5.5671713657972024e-24
5.5650119303205634e-24
5.562664626717843e-24
5.5601244280840975e-24
5.557385898929666e-24
5.5544431832492185e-24
5.5512899916568106e-24
5.547919587656502e-24
5.544324772897796e-24
5.540497871492552e-24
5.5364307132567906e-24
5.5321146159148455e-24
5.527540366187427e-24
5.522698199721356e-24
5.517577779791486e-24
5.512168174799566e-24
5.506457834413846e-24
5.500434564381983e-24
5.494085499895367e-24
5.487397077467898e-24
5.480355005244955e-24
5.472944231709181e-24
5.465148912676572e-24
5.456952376412243e-24
5.44833708705657e-24
5.4392846058589224e-24
5.4297755505129565e-24
5.419789552271771e-24
5.4093052106602845e-24
5.398300045996312e-24
5.386750449251434e-24
5.374631629176133e-24
5.361917556787231e-24
5.348580906754545e-24
5.33459299572058e-24
5.319923717234158e-24
5.30454147326992e-24
5.2884131019670505e-24
5.271503801385104e-24
5.2537770493039776e-24
5.2351945182101355e-24
5.215715985899583e-24
5.195299240896421e-24
5.173899982405873e-24
5.151471714676237e-24
5.127965635152561e-24
5.103330515845407e-24
5.077512578043527e-24
5.050455358707705e-24
5.0220995693850995e-24
4.9923829453747135e-24
4.961240085807852e-24
4.9286022827856516e-24
4.894397339071749e-24
4.858549373492444e-24
4.820978611479134e-24
4.781601161299398e-24
4.740328773066432e-24
4.697068578367368e-24
4.651722809068208e-24
4.604188493097298e-24
4.554357122996508e-24
4.5021142946457885e-24
4.447339311784866e-24
4.389904752389486e-24
4.3296759899866626e-24
4.266510664569497e-24
4.2002580953064234e-24
4.1307586234128115e-24
4.0578428825588854e-24
3.9813309731131694e-24
3.901031539130195e-24
3.816740726547509e-24
3.728241009876276e-24
3.635299880600149e-24
3.537668386414847e-24
3.4350795405635e-24
3.327246640376914e-24
3.2138616155757546e-24
3.094593636021962e-24
2.9690884821718317e-24
2.836969654497189e-24
2.6978431906919173e-24
2.551310157033741e-24
2.396994978249746e-24
2.234606890495841e-24
2.064072416800724e-24
1.8858254402854674e-24
1.7014613372806154e-24
1.5152651336309053e-24
1.337867487588043e-24
1.1946606743479137e-24
1.140697135014992e-24
1.2670055123405014e-24
1.6758828536491637e-24
2.512891669944057e-24
4.2230398176542814e-24
8.39996006459673e-24
1.0433106906924907e-23
5.383967708075558e-24
3.212006767393383e-24
2.1746344516895668e-24
1.650744366976382e-24
1.4757298988066447e-24
1.5621007705353796e-24
1.8111695358901236e-24
2.1482414775121095e-24
2.534625578331425e-24
2.953133851127007e-24
3.396538579574142e-24
3.862045620249262e-24
4.348892580254628e-24
4.8572946467999646e-24
5.3879646318753736e-24
5.9418860501037346e-24
6.52020259880426e-24
7.124163577047018e-24
7.755097086830905e-24
8.414397653117135e-24
9.103521249699748e-24
9.823984570419797e-24
1.0577366442064807e-23
1.1365310532375271e-23
1.2189528779450635e-23
1.3051805333541311e-23
1.3954000670051683e-23
1.4898055964957074e-23
1.5885997720725695e-23
1.6919942353087416e-23
1.800210117092169e-23
1.9134785283219214e-23
2.0320410850284928e-23
2.1561504468256654e-23
2.2860708680646987e-23
2.422078786849242e-23
2.5644634159153804e-23
2.713527381631759e-23
2.869587366573357e-23
3.032974802856473e-23
3.2040365688988576e-23
3.3831357452636484e-23
3.570652384603376e-23
3.766984325250563e-23
3.9725480342103767e-23
4.187779499096772e-23
4.4131351580525777e-23
4.649092852205358e-23
4.896152872515387e-23
5.154838990545528e-23
5.425699587808284e-23
5.709308804017906e-23
6.006267785974906e-23
6.317205934823228e-23
6.642782239483614e-23
6.983686699978046e-23
7.340641773865436e-23
7.714403898449887e-23
8.105765155972068e-23
8.515554838425325e-23
8.944641380544697e-23
