4.980559774819067e-23
4.9552493620735424e-23
4.941464516254995e-23
4.939175865076774e-23
4.948378437734798e-23
4.9690916534610047e-23
5.0013593619384544e-23
5.0452499356571844e-23
5.1008564143974646e-23
5.168296702140962e-23
5.247713816824253e-23
5.339276193457981e-23
5.443178041254778e-23
5.559639755546243e-23
5.688908385199924e-23
5.831258157013026e-23
5.986991057389616e-23
6.156437473356035e-23
6.339956893774942e-23
6.53793867242863e-23
6.750802854565942e-23
6.97900106867091e-23
7.223017485356888e-23
7.483369845426118e-23
7.76061055928242e-23
8.055327880043201e-23
8.368147152848921e-23
8.699732143029015e-23
9.050786445963767e-23
9.422054981639876e-23
9.814325577091415e-23
1.0228430640100148e-22
1.0665248927728868e-22
1.1125707413454512e-22
1.1610783256898762e-22
1.212150588035205e-22
1.2658959156526857e-22
1.3224283712221196e-22
1.3818679352804656e-22
1.4443407612718847e-22
1.509979443744583e-22
1.5789233002661198e-22
1.6513186676634886e-22
1.7273192132207999e-22
1.8070862614973092e-22
1.8907891374728026e-22
1.9786055267485431e-22
2.0707218535794393e-22
2.167333677548209e-22
2.2686461097277258e-22
2.3748742492326554e-22
2.486243641087919e-22
2.6029907564028213e-22
2.725363495882988e-22
2.853621717758614e-22
2.988037791259545e-22
3.1288971768443702e-22
3.2764990344120363e-22
3.431156860807811e-22
3.5931991580197696e-22
3.7629701334623815e-22
3.9408304339002253e-22
4.127157914558873e-22
4.322348445101541e-22
4.52681675420094e-22
4.740997314531619e-22
4.965345270083338e-22
5.200337407809408e-22
5.446473175700896e-22
5.704275749479007e-22
5.974293150208688e-22
6.257099415259583e-22
6.553295825118831e-22
6.86351218871071e-22
7.188408190008568e-22
7.528674798816757e-22
7.885035748774308e-22
8.258249085758481e-22
8.649108790029834e-22
9.058446475562805e-22
9.487133170257497e-22
9.936081180794285e-22
1.0406246046157288e-21
1.0898628583942754e-21
1.1414277033859897e-21
1.1954289302878673e-21
1.251981531689474e-21
1.311205948366687e-21
1.3732283272399765e-21
1.4381807915142098e-21
1.506201723571256e-21
1.5774360611876747e-21
1.6520356076907777e-21
1.7301593566661583e-21
1.811973831877212e-21
1.8976534430581066e-21
1.987380858282753e-21
2.08134739360703e-21
2.179753420747624e-21
2.2828087935166537e-21
2.3907332938141936e-21
2.503757097933528e-21
2.6221212640062632e-21
2.746078241382548e-21
2.875892402729326e-21
3.011840599706387e-21
3.1542127429711216e-21
3.3033124073151218e-21
3.459457462699552e-21
3.622980731877702e-21
3.794230675308334e-21
3.97357210392797e-21
4.161386920321436e-21
4.358074888689685e-21
4.564054433873246e-21
4.779763469575563e-21
5.005660255658861e-21
5.242224284212829e-21
5.489957193742035e-21
5.749383710583219e-21
6.021052616073233e-21
6.305537737742302e-21
6.603438962066251e-21
6.915383265648474e-21
7.242025761159011e-21
7.584050752995229e-21
7.942172797265228e-21
8.31713775870018e-21
8.70972385632543e-21
9.120742687822405e-21
9.551040220615577e-21
1.0001497735789373e-20
1.0473032708224977e-20
1.0966599604013805e-20
1.1483190572205972e-20
1.2023836005919235e-20
1.2589604941297284e-20
1.3181605261564584e-20
1.380098366488241e-20
1.4448925351997144e-20
1.512665338139367e-20
1.5835427633776378e-20
1.657654332017984e-20
1.7351328958889933e-20
1.816114373967413e-20
1.9007374181761673e-20
1.9891429985584092e-20
2.0814738966345674e-20
2.177874094784955e-20
2.2784880488419176e-20
2.3834598298503938e-20
2.4929321206108684e-20
2.6070450520500316e-20
2.725934864331861e-20
2.849732377853874e-20
2.9785612604867173e-20
3.112536078497971e-20
3.251760121650293e-20
3.3963229962728146e-20
3.546297984721294e-20
3.7017391769373547e-20
3.862678386592857e-20
4.029121875237942e-20
4.2010469191749724e-20
4.3783982670714425e-20
4.561084552298328e-20
4.748974740673238e-20
4.9418947107093877e-20
5.139624083091275e-20
5.341893430462462e-20
5.548382015097621e-20
5.758716209230159e-20
5.972468760620784e-20
6.189159060294275e-20
6.408254556456539e-20
6.629173438894543e-20
6.851288678175505e-20
7.073933463229875e-20
7.296408020135483e-20
7.517987733596762e-20
7.73793242245348e-20
7.955496551276135e-20
8.169940100235763e-20
8.380539757193505e-20
8.586600066207941e-20
8.787464147141112e-20
8.98252360593714e-20
9.171227293152627e-20
9.353088608517521e-20
9.527691130362783e-20
9.694692422541014e-20
9.853825963054719e-20
1.0004901225683189e-19
1.0147802024375278e-19
1.0282483298073337e-19
1.040896656682941e-19
1.0527334320006761e-19
1.0637723616306001e-19
1.0740319171510934e-19
1.0835346195121571e-19
1.092306321148702e-19
