1.9892919339596337e-22
1.9227300114107293e-22
1.862060833514605e-22
1.8071560445646285e-22
1.7578995683920146e-22
1.7141873654366693e-22
1.6759272158348905e-22
1.643038528097209e-22
1.6154521730105686e-22
1.593110342451231e-22
1.575966432860782e-22
1.5639849531758138e-22
1.5571414571072041e-22
1.5554224996309212e-22
1.558825617724086e-22
1.567359335346851e-22
1.5810431927774012e-22
1.5999078004552605e-22
1.6239949175513834e-22
1.6533575555498283e-22
1.6880601071902432e-22
1.7281785011875053e-22
1.7738003832176172e-22
1.8250253237299637e-22
1.8819650532164963e-22
1.9447437256555527e-22
2.013498210917038e-22
2.0883784170101135e-22
2.169547643139e-22
2.257182964620695e-22
2.351475650829443e-22
2.4526316174216753e-22
2.5608719142175834e-22
2.676433250222246e-22
2.7995685574040337e-22
2.9305475949671715e-22
3.0696575960126475e-22
3.2172039586160165e-22
3.3735109835289465e-22
3.53892266086425e-22
3.7138035083378913e-22
3.898539463810813e-22
4.093538835111977e-22
4.299233310351695e-22
4.516079032166758e-22
4.744557739644842e-22
4.985177981929572e-22
5.238476407862757e-22
5.505019136322015e-22
5.785403212347686e-22
6.080258154481995e-22
6.390247599258586e-22
6.716071049222515e-22
7.058465731386899e-22
7.418208573644558e-22
7.796118307220773e-22
8.193057704012081e-22
8.609935958344932e-22
9.047711223563808e-22
9.507393314744935e-22
9.990046589818411e-22
1.0496793022529474e-21
1.1028815481805676e-21
1.1587361233516987e-21
1.217374568200951e-21
1.278935637047993e-21
1.343565726109016e-21
1.4114193317586078e-21
1.4826595415571422e-21
1.5574585607988047e-21
1.6359982776035476e-21
1.7184708698902907e-21
1.805079457907797e-21
1.8960388063794432e-21
1.991576080740262e-21
2.0919316624244618e-21
2.1973600287005043e-21
2.3081307031453205e-21
2.4245292835191663e-21
2.546858554578978e-21
2.6754396942147757e-21
2.8106135822596637e-21
2.952742222436234e-21
3.10221028913877e-21
3.2594268121514644e-21
3.424827014053942e-21
3.598874316834958e-21
3.782062536403347e-21
3.9749182860303514e-21
4.1780036125190545e-21
4.391918892105096e-21
4.6173060166453786e-21
4.854851904960688e-21
5.1052923789743196e-21
5.369416449975813e-21
5.6480710669355255e-21
5.942166386335653e-21
6.2526816320285204e-21
6.580671624125449e-21
6.927274068049138e-21
7.29371770968919e-21
7.681331479507958e-21
8.091554768924427e-21
8.525949006607831e-21
8.986210731035502e-21
9.47418639059688e-21
9.991889144031306e-21
1.0541517984646334e-20
1.1125479572371824e-20
1.174641323278618e-20
1.2407219672397419e-20
1.311109407195771e-20
1.3861564356980265e-20
1.466253561634462e-20
1.5518341852679926e-20
1.6433806516993338e-20
1.7414313617154954e-20
1.8465891619150703e-20
1.9595312908447728e-20
2.0810212283409693e-20
2.2119228867759998e-20
2.3532177021446944e-20
2.5060253401882163e-20
2.671628941419649e-20
2.851506108709229e-20
3.047367219817646e-20
3.2612031653400766e-20
3.495345329489831e-20
3.752541634875166e-20
4.036053897250072e-20
4.3497837858319865e-20
4.6984376810266974e-20
5.0877451723949874e-20
5.524752675723416e-20
6.018224045605302e-20
6.579196465264883e-20
7.221766417156489e-20
7.964224581171819e-20
8.830733886474443e-20
9.853878385210443e-20
1.107865605558661e-19
1.2568960149194458e-19
1.4418545777324501e-19
1.677051438805218e-19
1.9854000030158512e-19
2.405819925137881e-19
3.009451946516723e-19
3.938546481985792e-19
5.50576975298637e-19
8.380257836328038e-19
1.226401910538205e-18
1.0655668768413009e-18
7.170543063561131e-19
5.168235550728361e-19
4.023975021259256e-19
3.3059759380026717e-19
2.818987866180039e-19
2.468881201045814e-19
2.2058969285832295e-19
2.0015609507797192e-19
1.8384973349151866e-19
1.7055360772416512e-19
1.5951839017345167e-19
1.502232923989176e-19
1.4229541990480126e-19
1.3546091165486965e-19
1.2951419450030735e-19
1.2429799367012747e-19
1.196899611968169e-19
1.1559350495712437e-19
1.1193135816090656e-19
1.0864098078058778e-19
1.0567121253965717e-19
1.029797978289988e-19
1.0053152889322365e-19
9.829683450421358e-20
9.625069434342792e-20
9.437179472417171e-20
9.26418653468027e-20
9.104515339678996e-20
8.95680029275406e-20
8.81985157486293e-20
8.69262759724641e-20
8.574212470821433e-20
8.463797456257407e-20
8.360665597860811e-20
8.264178921077773e-20
8.173767707890415e-20
8.088921466550736e-20
8.009181290909927e-20
7.934133365588853e-20
7.863403420912288e-20
7.796651978739262e-20
7.733570260073611e-20
7.673876648824788e-20
7.61731362469959e-20
7.563645093613404e-20
7.512654055967668e-20
7.464140563189278e-20
7.417919921099989e-20
7.373821105023878e-20
