8.865083697313254e-24
8.864693580976526e-24
8.86431800227898e-24
8.863955952368122e-24
8.863606469739526e-24
8.863268636559242e-24
8.862941575222732e-24
8.86262444513026e-24
8.862316439660345e-24
8.862016783324639e-24
8.861724729088333e-24
8.86143955584176e-24
8.861160566010019e-24
8.860887083288102e-24
8.860618450490078e-24
8.860354027501935e-24
8.860093189327939e-24
8.859835324221524e-24
8.859579831892064e-24
8.859326121779614e-24
8.859073611389989e-24
8.85882172468333e-24
8.858569890509461e-24
8.858317541083782e-24
8.85806411049804e-24
8.85780903326002e-24
8.857551742857238e-24
8.857291670339397e-24
8.857028242914758e-24
8.856760882555865e-24
8.856489004610082e-24
8.856212016410672e-24
8.855929315884117e-24
8.855640290149714e-24
8.855344314107262e-24
8.855040749009045e-24
8.854728941012146e-24
8.854408219707225e-24
8.854077896619955e-24
8.853737263681265e-24
8.853385591662607e-24
8.853022128572307e-24
8.852646098009207e-24
8.852256697469592e-24
8.851853096603532e-24
8.85143443541645e-24
8.85099982241187e-24
8.850548332671084e-24
8.850079005865517e-24
8.849590844197286e-24
8.849082810263212e-24
8.848553824837998e-24
8.848002764571403e-24
8.847428459594465e-24
8.846829691029772e-24
8.846205188400187e-24
8.845553626930712e-24
8.844873624737599e-24
8.844163739898745e-24
8.843422467399313e-24
8.842648235945919e-24
8.841839404642883e-24
8.840994259523523e-24
8.840111009929097e-24
8.83918778472813e-24
8.83822262836797e-24
8.837213496750526e-24
8.836158252923817e-24
8.835054662579926e-24
8.833900389350693e-24
8.832692989891136e-24
8.83142990874052e-24
8.830108472950683e-24
8.828725886470722e-24
8.827279224276407e-24
8.825765426232365e-24
8.824181290675327e-24
8.822523467704146e-24
8.82078845216495e-24
8.818972576315043e-24
8.817072002153523e-24
8.815082713400956e-24
8.813000507114074e-24
8.810820984917767e-24
8.808539543837154e-24
8.806151366713356e-24
8.803651412182003e-24
8.801034404196898e-24
8.798294821077024e-24
8.795426884058903e-24
8.792424545327837e-24
8.789281475510643e-24
8.78599105060247e-24
8.782546338305087e-24
8.778940083752098e-24
8.775164694592717e-24
8.771212225409912e-24
8.76707436144337e-24
8.762742401589097e-24
8.758207240645819e-24
8.753459350776667e-24
8.748488762158052e-24
8.743285042781247e-24
8.737837277372427e-24
8.732134045397163e-24
8.726163398125792e-24
8.719912834704157e-24
8.713369277213714e-24
8.70651904467831e-24
8.699347825976069e-24
8.691840651635022e-24
8.683981864455367e-24
8.675755088947486e-24
8.667143199540844e-24
8.658128287517043e-24
8.648691626669866e-24
8.638813637618766e-24
8.62847385079855e-24
8.61765086807422e-24
8.606322322937155e-24
8.594464839358544e-24
8.582053989182015e-24
8.569064248152655e-24
8.555468950531179e-24
8.541240242366524e-24
8.526349033430108e-24
8.51076494787384e-24
8.494456273712172e-24
8.477389911215255e-24
8.459531320318083e-24
8.440844467266149e-24
8.421291770600587e-24
8.400834046899009e-24
8.379430456404472e-24
8.357038449028412e-24
8.33361371115575e-24
8.309110113850313e-24
8.283479662970342e-24
8.256672452280057e-24
8.228636620250398e-24
8.199318311876891e-24
8.168661646883688e-24
8.136608696150982e-24
8.103099467720691e-24
8.06807190618948e-24
8.031461906844964e-24
7.993203349445264e-24
7.953228154611587e-24
7.91146636993411e-24
7.86784628993512e-24
7.822294618782961e-24
7.774736686206452e-24
7.725096724909044e-24
7.673298226491676e-24
7.619264392955947e-24
7.562918703359673e-24
7.504185621317904e-24
7.442991483136775e-24
7.379265594706766e-24
7.312941601523872e-24
7.24395918687562e-24
7.172266183360804e-24
7.09782119485682e-24
7.020596867046864e-24
6.940583958723119e-24
6.857796434007452e-24
6.77227783677296e-24
6.68410929556699e-24
6.593419593581152e-24
6.5003978693079326e-24
6.405309678185343e-24
6.308517313661794e-24
6.210505576017909e-24
6.111914409368243e-24
6.0135801988814304e-24
5.9165877995571426e-24
5.822335640826571e-24
5.7326162372974286e-24
5.6497139309643234e-24
5.5765201639031145e-24
5.51666331968213e-24
5.474643998223497e-24
5.455956327188501e-24
5.467160227927334e-24
5.515847812289205e-24
5.6104200005807175e-24
5.7595583954612745e-24
5.971242833918681e-24
6.251129054947767e-24
6.6000836953296856e-24
7.010772338096514e-24
7.463663182402552e-24
7.924002606964243e-24
8.343116291146284e-24
8.667933303534133e-24
8.858486884424304e-24
8.904713160824665e-24
8.830565534938741e-24
8.682745020315571e-24
8.513409031665387e-24
8.367347856947881e-24
