1.4527155423130243e-24
1.4032882991930254e-24
1.3566412254367469e-24
1.312654715738773e-24
1.2712132017314139e-24
1.2322048829695252e-24
1.1955214830166612e-24
1.1610580320109166e-24
1.1287126767471656e-24
1.0983865189273718e-24
1.0699834817433443e-24
1.0434102043949665e-24
1.0185759635137871e-24
9.953926198967318e-25
9.737745882765352e-25
9.536388274032839e-25
9.349048471778862e-25
9.174947293014941e-25
9.013331576824932e-25
8.86347454785126e-25
8.724676202211633e-25
8.596263681057606e-25
8.4775916005697e-25
8.368042311367497e-25
8.267026066041364e-25
8.173981077950232e-25
8.088373461151393e-25
8.009697045426823e-25
7.937473065797305e-25
7.871249730332449e-25
7.810601672947928e-25
7.755129301411743e-25
7.704458052199867e-25
7.658237565655374e-25
7.616140795400387e-25
7.5778630658386385e-25
7.543121091806512e-25
7.511651973216765e-25
7.48321217693923e-25
7.45757651667765e-25
7.434537140599751e-25
7.413902535220572e-25
7.395496552352997e-25
7.379157465174522e-25
7.364737058157388e-25
7.352099753961043e-25
7.341121780557632e-25
7.331690379974027e-25
7.323703059480132e-25
7.317066886294628e-25
7.3116978248045055e-25
7.307520116294711e-25
7.304465700085024e-25
7.302473674690663e-25
7.3014897977211245e-25
7.301466022965262e-25
7.302360072743658e-25
7.304135043909095e-25
7.306759045876694e-25
7.310204868260043e-25
7.314449677171389e-25
7.319474737767184e-25
7.325265161739835e-25
7.331809677703549e-25
7.339100423479029e-25
7.347132758422633e-25
7.355905094212492e-25
7.3654187431561555e-25
7.375677782518975e-25
7.386688933740239e-25
7.398461455290919e-25
7.41100704821785e-25
7.424339773578242e-25
7.438475980240587e-25
7.453434242997415e-25
7.469235309203864e-25
7.485902054449625e-25
7.503459444898198e-25
7.521934507121262e-25
7.541356304057999e-25
7.561755916365233e-25
7.583166428864254e-25
7.605622921836904e-25
7.629162465662094e-25
7.653824119375704e-25
7.679648931771694e-25
7.706679945803388e-25
7.7349622042402955e-25
7.76454275691203e-25
7.795470670402112e-25
7.827797036788461e-25
7.861574984314439e-25
7.896859687892043e-25
7.9337083782794815e-25
7.972180352420124e-25
8.012336981406491e-25
8.054241718113061e-25
8.097960103658148e-25
8.14355977104443e-25
8.191110448756704e-25
8.240683960087973e-25
8.292354222724328e-25
8.346197244283953e-25
8.40229111621372e-25
8.460716006181439e-25
8.521554145362035e-25
8.58488981824988e-25
8.650809345383166e-25
8.719401067581328e-25
8.790755326926395e-25
8.864964446306177e-25
8.94212270931837e-25
9.022326338797588e-25
9.105673471573495e-25
9.192264139763245e-25
9.282200250232644e-25
9.37558556182802e-25
9.472525668988255e-25
9.573127984532236e-25
9.677501730016637e-25
9.7857579227405e-25
9.898009375727447e-25
1.0014370694967008e-24
1.013495828339021e-24
1.0259890358268906e-24
1.0389286966300392e-24
1.0523270010672112e-24
1.0661963285970986e-24
1.0805492517482726e-24
1.0953985416352986e-24
1.1107571736381907e-24
1.126638334677624e-24
1.1430554308543604e-24
1.1600220969641352e-24
1.177552206175456e-24
1.1956598807382093e-24
1.2143595052327484e-24
1.2336657387990995e-24
1.2535935300615848e-24
1.2741581326641007e-24
1.2953751215589687e-24
1.3172604114311707e-24
1.3398302747874552e-24
1.3631013636567532e-24
1.3870907280166738e-24
1.4118158421808542e-24
1.4372946253621747e-24
1.4635454687335052e-24
1.4905872602453992e-24
1.5184394140751902e-24
1.5471218975188057e-24
1.5766552639734824e-24
1.6070606831054922e-24
1.6383599755618536e-24
1.6705756463848405e-24
1.7037309249839534e-24
1.7378498007568005e-24
1.7729570665899817e-24
1.8090783592154906e-24
1.8462402054528716e-24
1.884470069353923e-24
1.9237964011599282e-24
1.964248690420314e-24
2.0058575207835014e-24
2.0486546266190885e-24
2.092672956404387e-24
2.137946735434748e-24
2.1845115347347537e-24
2.2324043420248354e-24
2.2816636388350802e-24
2.3323294815390627e-24
2.3844435814521474e-24
2.4380494000788456e-24
2.493192243666236e-24
2.549919357766596e-24
2.6082800404497455e-24
2.6683257556154766e-24
2.730110246509582e-24
2.7936896667460755e-24
2.859122712050681e-24
2.9264707680405668e-24
2.9957980531871275e-24
3.0671717862603907e-24
3.1406623522046092e-24
3.21634348140045e-24
3.2942924405010143e-24
3.374590243966866e-24
3.457321840856671e-24
3.542576393608003e-24
3.63044745089022e-24
3.7210332736096376e-24
3.814437046123592e-24
3.91076719873917e-24
4.01013770488195e-24
4.112668396873456e-24
4.218485306778818e-24
4.327721042767522e-24
4.440515151649081e-24
4.5570145352261805e-24
4.67737389575019e-24
4.801756156556633e-24
