3.4122112079971366e-22
3.4164741960344716e-22
3.4204924834960926e-22
3.4242745988109747e-22
3.4278285689345433e-22
3.4311619364137233e-22
3.43428177542077e-22
3.4371947067892466e-22
3.4399069120853205e-22
3.4424241467439013e-22
3.444751752297946e-22
3.4468946677262467e-22
3.4488574399456657e-22
3.4506442334681842e-22
3.452258839244703e-22
3.45370468271416e-22
3.4549848310745404e-22
3.4561019997922615e-22
3.4570585583625685e-22
3.457856535334402e-22
3.4584976226091397e-22
3.458983179023763e-22
3.4593142332242394e-22
3.4594914858365416e-22
3.459515310939689e-22
3.4593857568425315e-22
3.4591025461678457e-22
3.45866507524164e-22
3.4580724127880647e-22
3.4573232979251954e-22
3.4564161374589337e-22
3.4553490024675765e-22
3.4541196241703153e-22
3.4527253890702295e-22
3.4511633333612767e-22
3.449430136586836e-22
3.447522114536139e-22
3.4454352113624336e-22
3.4431649909064863e-22
3.440706627205584e-22
3.4380548941673574e-22
3.4352041543864823e-22
3.4321483470786997e-22
3.428880975105898e-22
3.4253950910645745e-22
3.4216832824058747e-22
3.4177376555548995e-22
3.413549818994652e-22
3.409110865276523e-22
3.404411351918261e-22
3.3994412811465215e-22
3.3941900784392848e-22
3.3886465698211385e-22
3.382798957859348e-22
3.376634796309155e-22
3.3701409633500697e-22
3.3633036333543683e-22
3.3561082471237853e-22
3.3485394805279977e-22
3.340581211474191e-22
3.332216485132845e-22
3.32342747734151e-22
3.314195456103107e-22
3.3045007410912325e-22
3.294322661070721e-22
3.2836395091345107e-22
3.27242849565555e-22
3.2606656988446637e-22
3.2483260127996565e-22
3.2353830929258083e-22
3.2218092986001675e-22
3.207575632945591e-22
3.1926516795731506e-22
3.1770055361434757e-22
3.1606037445895875e-22
3.143411217835339e-22
3.125391162833774e-22
3.106504999739952e-22
3.086712277023935e-22
3.0659705823158745e-22
3.044235448766372e-22
3.0214602566908855e-22
2.9975961302551146e-22
2.9725918289433427e-22
2.9463936335376475e-22
2.91894522631952e-22
2.890187565189057e-22
2.860058751378941e-22
2.828493890420173e-22
2.7954249459984927e-22
2.760780586315978e-22
2.724486022550991e-22
2.686462838983894e-22
2.6466288143294867e-22
2.6048977337888256e-22
2.5611791913024728e-22
2.5153783814544436e-22
2.4673958804417587e-22
2.4171274154855693e-22
2.364463622021223e-22
2.309289787959805e-22
2.25148558426838e-22
2.1909247810652126e-22
2.1274749483734503e-22
2.0609971406185816e-22
1.9913455638940063e-22
1.918367224952481e-22
1.8419015608124987e-22
1.761780047794197e-22
1.677825788725021e-22
1.5898530769795358e-22
1.497666935950227e-22
1.401062632496639e-22
1.299825162918006e-22
1.19372871010178e-22
1.0825360708696095e-22
9.659980535677349e-23
8.43852848778979e-23
7.15825384398508e-23
5.816267046046705e-23
4.409535301927156e-23
2.9348884743842004e-23
1.3891228277582875e-23
2.3567849096149795e-24
1.932272077904394e-23
3.7140940594588975e-23
5.58266792098306e-23
7.542247115569004e-23
9.597385175354692e-23
1.1752892870221508e-22
1.401384367180841e-22
1.6385586853046246e-22
1.8873763219517722e-22
2.1484322488500526e-22
2.422354211117154e-22
2.7098047542602924e-22
3.0114834037878817e-22
3.3281290087615814e-22
3.6605222628963837e-22
4.00948841874109e-22
4.37590021236046e-22
4.760681017944871e-22
5.164808253960208e-22
5.589317064888479e-22
6.035304305339979e-22
6.5039328563866755e-22
6.996436307441563e-22
7.514124040932971e-22
8.058386761478816e-22
8.630702516331237e-22
9.23264325962882e-22
9.865882019573021e-22
1.0532200735171684e-21
1.1233498837811867e-21
1.1971802662822084e-21
1.2749275787572593e-21
1.3568230405793188e-21
1.4431139862968824e-21
1.5340652495257156e-21
1.6299606934801633e-21
1.7311049068087862e-21
1.8378250861768977e-21
1.9504731302876356e-21
2.0694279738494773e-21
2.195098194491483e-21
2.3279249309311852e-21
2.4683851569867736e-21
2.616995363496655e-21
2.774315709116133e-21
2.9409547116263734e-21
3.1175745641993097e-21
3.304897176507701e-21
3.5037110592673355e-21
3.714879193537817e-21
3.9393480538622354e-21
4.178157988380517e-21
4.4324552010184984e-21
4.703505632837747e-21
4.992711104362166e-21
5.3016281617415325e-21
5.631990171676234e-21
5.9857333393418696e-21
6.365027488460151e-21
6.772312654379252e-21
7.21034281481903e-21
7.68223843967007e-21
8.1915500098795e-21
8.742335276306282e-21
9.339253859622454e-21
9.987683913229896e-21
1.0693867100491554e-20
1.146509024774464e-20
1.2309914981353445e-20
1.3238470826154335e-20
1.4262833224507535e-20
1.5397516650131162e-20
1.666012590050003e-20
1.8072228126112668e-20
1.966053812556517e-20
2.145855658816461e-20
2.350887699030079e-20
