2.3126004347268962e-24
2.1736341348814534e-24
2.0446339177530955e-24
1.9250363932684498e-24
1.8143176549181712e-24
1.7119907298619575e-24
1.6176030025411965e-24
1.5307335880795293e-24
1.4509906361422813e-24
1.3780085547710968e-24
1.311445157514989e-24
1.2509787536098946e-24
1.1963052230105464e-24
1.1471351404535937e-24
1.1031910354959552e-24
1.0642048922253086e-24
1.0299160004449354e-24
1.0000692639709432e-24
9.74414051268095e-25
9.527036362669705e-25
9.346952300191572e-25
9.201505520869074e-25
9.088368424707483e-25
9.005281795794236e-25
8.950069515353983e-25
8.920653300155154e-25
8.915066139662335e-25
8.931463420968507e-25
8.968131096198188e-25
9.023490614020237e-25
9.096100654904822e-25
9.184655949254492e-25
9.287983613317726e-25
9.405037514324236e-25
9.534891190008295e-25
9.676729813164969e-25
9.829841632186794e-25
9.993609242140872e-25
1.0167500966947141e-24
1.0351062557322678e-24
1.0543909348598249e-24
1.074571896782948e-24
1.095622463839057e-24
1.117520909881271e-24
1.140249912670164e-24
1.1637960645047911e-24
1.1881494376278967e-24
1.2133032003025532e-24
1.239253279205043e-24
1.2659980637832729e-24
1.2935381481448804e-24
1.3218761065216736e-24
1.3510162984156326e-24
1.3809646999209175e-24
1.4117287581630668e-24
1.4433172657873705e-24
1.47574025327268e-24
1.509008896472029e-24
1.5431354377210924e-24
1.5781331184859485e-24
1.6140161223125522e-24
1.6507995265193816e-24
1.6884992616190633e-24
1.727132077437164e-24
1.7667155150443117e-24
1.8072678838132784e-24
1.8488082428140913e-24
1.891356386280862e-24
1.9349328323344055e-24
1.979558814693262e-24
2.025256277199185e-24
2.0720478705479115e-24
2.119956951075335e-24
2.169007581553542e-24
2.2192245335301573e-24
2.2706332912149335e-24
2.3232600567710298e-24
2.3771317567241166e-24
2.4322760496777658e-24
2.4887213350795216e-24
2.546496762675291e-24
2.6056322432628155e-24
2.666158460195124e-24
2.728106881453449e-24
2.7915097729161284e-24
2.856400211946259e-24
2.9228121020596165e-24
2.9907801880820794e-24
3.0603400719546623e-24
3.1315282294693948e-24
3.2043820272542744e-24
3.278939740710107e-24
3.3552405725405446e-24
3.433324671694801e-24
3.513233153447487e-24
3.595008119265327e-24
3.67869267831967e-24
3.764330968675874e-24
3.851968179795639e-24
3.941650575424187e-24
4.0334255170593436e-24
4.127341488186024e-24
4.2234481191576195e-24
4.32179621272829e-24
4.422437770115739e-24
4.525426017865629e-24
4.630815435855382e-24
4.738661785072201e-24
4.8490221368962475e-24
4.9619549025111755e-24
5.0775198640396235e-24
5.19577820508022e-24
5.316792543012566e-24
5.440626962059722e-24
5.567347046350996e-24
5.6970199147038536e-24
5.8297142558194175e-24
5.965500364467121e-24
6.104450178181504e-24
6.246637315730306e-24
6.392137114892465e-24
6.541026673106565e-24
6.69338488780287e-24
6.84929249789634e-24
7.008832126750398e-24
7.172088324590174e-24
7.339147615315878e-24
7.510098540208159e-24
7.685031705429426e-24
7.864039830526893e-24
8.047217796110584e-24
8.23466269540411e-24
8.426473884504358e-24
8.622753035168796e-24
8.823604189471529e-24
9.029133813217655e-24
9.239450854564814e-24
9.45466679746895e-24
9.674895727560719e-24
9.900254384364895e-24
1.0130862229729108e-23
1.036684150764063e-23
1.0608317308895659e-23
1.0855417638786135e-23
1.1108273485537851e-23
1.1367018885854359e-23
1.1631790998820244e-23
1.1902730177760495e-23
1.217998004607499e-23
1.24636875710904e-23
1.275400313985218e-23
1.3051080647206036e-23
1.3355077562171574e-23
1.3666155031027486e-23
1.3984477943936546e-23
1.4310215034345172e-23
1.4643538961120644e-23
1.498462640667534e-23
1.5333658160892526e-23
1.5690819229961787e-23
1.6056298913696185e-23
1.643029093546103e-23
1.6812993518379194e-23
1.7204609494418172e-23
1.7605346425274163e-23
1.8015416702159382e-23
1.843503764290888e-23
1.886443165549999e-23
1.9303826286824054e-23
1.9753454405008854e-23
2.0213554274823328e-23
2.068436973385336e-23
2.1166150261579767e-23
2.165915116665389e-23
2.2163633657319255e-23
2.2679865072820414e-23
2.3208118926986962e-23
2.3748675152112136e-23
2.4301820096278454e-23
2.4867846805636797e-23
2.5447055215882013e-23
2.603975208476983e-23
2.664625146840449e-23
2.726687448030053e-23
2.790195016321182e-23
2.85518146171331e-23
2.921681215197431e-23
2.989729495788557e-23
3.0593623574141986e-23
3.1306166445024146e-23
3.203530100842228e-23
3.278141323144909e-23
3.3544898435581516e-23
3.432616075479727e-23
3.5125613705824384e-23
3.594368007228334e-23
3.6780793254261253e-23
3.763739666912616e-23
3.8513943060125926e-23
3.9410896716992244e-23
4.032873040091913e-23
