1.65509954379421e-24
1.6607890406654017e-24
1.6664896230152637e-24
1.6721661755770742e-24
1.6777881887344306e-24
1.683329247259791e-24
1.688766566066413e-24
1.6940805700377166e-24
1.6992545148103433e-24
1.7042741453451786e-24
1.7091273891442768e-24
1.7138040810872702e-24
1.7182957169937084e-24
1.7225952332026336e-24
1.7266968096425954e-24
1.7305956940536256e-24
1.734288045223914e-24
1.7377707932931108e-24
1.7410415153333505e-24
1.744098324620248e-24
1.7469397721303422e-24
1.749564758972743e-24
1.7519724585870696e-24
1.7541622476562924e-24
1.756133644816924e-24
1.7578862563269575e-24
1.7594197279657916e-24
1.760733702512264e-24
1.7618277822385477e-24
1.7627014959125042e-24
1.763354269885968e-24
1.763785402885746e-24
1.7639940442020008e-24
1.7639791750002856e-24
1.763739592557168e-24
1.763273897238521e-24
1.7625804821069507e-24
1.761657525088681e-24
1.7605029836572977e-24
1.7591145920691368e-24
1.757489861184364e-24
1.7556260810208522e-24
1.7535203261711027e-24
1.751169464334288e-24
1.748570168217859e-24
1.745718931182894e-24
1.7426120870364713e-24
1.7392458345106138e-24
1.735616266995771e-24
1.7317194082860107e-24
1.727551255140424e-24
1.7231078276607543e-24
1.7183852286235064e-24
1.713379713097209e-24
1.708087769895092e-24
1.702506216640697e-24
1.6966323105459182e-24
1.690463877303123e-24
1.6839994608846044e-24
1.6772384974442018e-24
1.6701815171030953e-24
1.6628303778606395e-24
1.6551885366326787e-24
1.6472613630547223e-24
1.6390565026640381e-24
1.6305842968397065e-24
1.621858268084328e-24
1.6128956802378305e-24
1.6037181844775066e-24
1.5943525632429175e-24
1.584831585407406e-24
1.5751949872679221e-24
1.56549059484723e-24
1.555775603656393e-24
1.5461180320307138e-24
1.5365983631848575e-24
1.5273113888921694e-24
1.5183682633381973e-24
1.5098987689830766e-24
1.5020537859659936e-24
1.4950079423468887e-24
1.4889624031274666e-24
1.4841477315596825e-24
1.4808267265238183e-24
1.4792971063713186e-24
1.479893875059095e-24
1.4829911761300897e-24
1.489003420904747e-24
1.4983854793559086e-24
1.5116317555466593e-24
1.5292740437173606e-24
1.5518781802381406e-24
1.5800396656646194e-24
1.6143786135683643e-24
1.6555345595051366e-24
1.70416179876546e-24
1.7609259813367468e-24
1.8265026564676145e-24
1.901578329696927e-24
1.986854398132614e-24
2.0830541097097303e-24
2.190932497998033e-24
2.3112891142335857e-24
2.4449833353366342e-24
2.5929520716941756e-24
2.7562298166898114e-24
2.935971152235555e-24
3.1334760323314473e-24
3.350218395345646e-24
3.5878789012582144e-24
3.848382860471765e-24
4.133944722114769e-24
4.44712084412956e-24
4.790872689661757e-24
5.168643118978037e-24
5.584449073062051e-24
6.042994726704225e-24
6.549810081520866e-24
7.111420971984544e-24
7.735557414573092e-24
8.431407848612075e-24
9.209926378464236e-24
1.0084197228072543e-23
1.1069852276015573e-23
1.2185517905125277e-23
1.345322497693099e-23
1.489862863171108e-23
1.6550712213577034e-23
1.8440323827844913e-23
2.059631667696513e-23
2.3037163289083726e-23
2.5754889744230365e-23
2.868823942933585e-23
3.1686695027133636e-23
3.448215470301261e-23
3.670890348862126e-23
3.801238837765428e-23
3.821361030859852e-23
3.739979145300349e-23
3.585625960708838e-23
3.3914690868273646e-23
3.18421080352757e-23
2.9808934482607564e-23
2.7904751074861727e-23
2.6166028315771597e-23
2.4599149940616575e-23
2.3195455776091282e-23
2.193991975815448e-23
2.0815750382215486e-23
1.9806639882484303e-23
1.8897741314154752e-23
1.8075991658411738e-23
1.733011800600026e-23
1.665050410405445e-23
1.6029007674066552e-23
1.5458772463611817e-23
1.4934054764453218e-23
1.4450072026428166e-23
1.400287484546422e-23
1.358924117006575e-23
1.3206590098502542e-23
1.2852912545108223e-23
1.252671586106765e-23
1.222697988138981e-23
1.1953121696630385e-23
1.1704966855823313e-23
1.1482724594336378e-23
1.1286964758465686e-23
1.1118594131956074e-23
1.0978829989249643e-23
1.0869168824223085e-23
1.0791348766460573e-23
1.0747304771244416e-23
1.0739116656822894e-23
1.076895126119971e-23
1.0839001228593514e-23
1.095142404135162e-23
1.110828567642792e-23
1.1311513328665435e-23
1.1562861004386056e-23
1.1863890515154818e-23
1.2215968689958783e-23
1.2620279747156162e-23
1.30778504020692e-23
1.3589584123809185e-23
1.4156300845082087e-23
1.4778778455736644e-23
1.545779312201949e-23
1.6194156352023973e-23
1.698874749334075e-23
1.7842541088497036e-23
1.8756629141555812e-23
1.973223874583949e-23
2.0770745543416797e-23
2.187368392364358e-23
2.3042754481968272e-23
2.4279829570866673e-23
2.5586957330133674e-23
2.696636480225397e-23
2.84204605231591e-23
2.995183671381967e-23
