1.736751751877237e-24
1.7291715700334715e-24
1.7222102874578746e-24
1.715816986029661e-24
1.7099445048994244e-24
1.704549208101163e-24
1.699590758698883e-24
1.69503190057369e-24
1.6908382487049605e-24
1.6869780885748947e-24
1.6834221851126577e-24
1.6801436014283466e-24
1.6771175274292357e-24
1.6743211182860164e-24
1.6717333426094987e-24
1.6693348401184792e-24
1.66710778850303e-24
1.6650357791515224e-24
1.6631037013541673e-24
1.6612976345857e-24
1.6596047484448593e-24
1.6580132098242937e-24
1.6565120968826296e-24
1.6550913193953496e-24
1.6537415450678975e-24
1.6524541314129623e-24
1.6512210627960733e-24
1.6500348922834541e-24
1.6488886879367979e-24
1.6477759832139762e-24
1.6466907311626634e-24
1.6456272621058868e-24
1.6445802445339653e-24
1.6435446489473251e-24
1.6425157143932367e-24
1.6414889174789031e-24
1.6404599436317897e-24
1.6394246604237145e-24
1.6383790927591567e-24
1.6373193997670444e-24
1.6362418532276078e-24
1.635142817395231e-24
1.6340187300691385e-24
1.6328660847979544e-24
1.6316814140864899e-24
1.6304612735080735e-24
1.6292022266116684e-24
1.6279008305347518e-24
1.6265536222341085e-24
1.6251571052488656e-24
1.6237077369291321e-24
1.6222019160514561e-24
1.6206359707547974e-24
1.6190061467458522e-24
1.6173085957032495e-24
1.6155393638369086e-24
1.6136943805415712e-24
1.6117694471055015e-24
1.6097602254233928e-24
1.607662226675125e-24
1.6054707999246024e-24
1.6031811205971759e-24
1.6007881788084725e-24
1.5982867675046137e-24
1.5956714703697058e-24
1.5929366494835593e-24
1.5900764326854894e-24
1.5870847006287277e-24
1.583955073474649e-24
1.5806808972171466e-24
1.5772552295956417e-24
1.5736708255939675e-24
1.5699201224769402e-24
1.5659952243389594e-24
1.5618878861823428e-24
1.5575894974430125e-24
1.5530910650136057e-24
1.548383195691404e-24
1.543456078082435e-24
1.5382994639039464e-24
1.5329026487484806e-24
1.5272544522423186e-24
1.5213431976365844e-24
1.5151566908371996e-24
1.5086821989102169e-24
1.5019064280514614e-24
1.4948155011047508e-24
1.4873949346908473e-24
1.4796296159207178e-24
1.4715037789392439e-24
1.4630009813550212e-24
1.4541040805818512e-24
1.4447952105463432e-24
1.4350557586807915e-24
1.4248663437221666e-24
1.414206794658476e-24
1.4030561309205688e-24
1.3913925449188005e-24
1.3791933870617755e-24
1.3664351543565434e-24
1.3530934833946142e-24
1.3391431491676552e-24
1.3245580710154636e-24
1.3093113277140907e-24
1.2933751840677658e-24
1.2767211317148858e-24
1.2593199483431734e-24
1.2411417793332069e-24
1.2221562483310388e-24
1.2023326038437945e-24
1.1816399118251408e-24
1.1600473063829612e-24
1.1375243153499403e-24
1.1140412808034078e-24
1.089569903630442e-24
1.0640839479103961e-24
1.0375601543545978e-24
1.0099794295380887e-24
9.813283997883134e-25
9.516014520771611e-25
9.208034305658593e-25
8.889532213557414e-25
8.56088548480686e-25
8.222724344345854e-25
7.876019503268765e-25
7.522201276869845e-25
7.163322010890969e-25
6.802277133808854e-25
6.4431029433650275e-25
6.091368590799944e-25
5.754668029406911e-25
5.443180149883612e-25
5.1701778601161125e-25
4.95220834649215e-25
4.808473385876013e-25
4.758906196404577e-25
4.820926688450758e-25
5.005931478567354e-25
5.31734909233534e-25
5.751356243813051e-25
6.299560072488584e-25
6.9519830609897925e-25
7.6991878454433135e-25
8.533328120393103e-25
9.448433199586427e-25
1.0440295701885381e-24
1.150621295395059e-24
1.2644710413034329e-24
1.3855299163036356e-24
1.5138280680392181e-24
1.6494596639550598e-24
1.792571596631341e-24
1.943355125093005e-24
2.1020397438234053e-24
2.268888738554943e-24
2.4441959975772188e-24
2.628283782162167e-24
2.8215012089589283e-24
3.0242232887218844e-24
3.2368503906542276e-24
3.459808042270267e-24
3.6935469998826666e-24
3.938543526811868e-24
4.1952998688886526e-24
4.464344869289738e-24
4.746234719484199e-24
5.041553830815102e-24
5.350915800410046e-24
5.674964497321395e-24
6.014375218879787e-24
6.369855934365272e-24
6.742148637377908e-24
7.132030744428463e-24
7.540316625698594e-24
7.967859161478482e-24
8.41555142349994e-24
8.884328445923026e-24
9.375169027944179e-24
9.889097693853381e-24
1.0427186708381494e-23
1.099055817980489e-23
1.158038626563224e-23
1.219789950859195e-23
1.2844383207375922e-23
1.352118196971768e-23
1.4229702287031973e-23
1.4971415353952258e-23
1.5747859800854603e-23
1.656064480720109e-23
1.7411453059721238e-23
1.830204409124547e-23
1.9234257543382884e-23
2.0210016751080082e-23
2.1231332269500687e-23
2.2300305744871427e-23
2.3419133725381135e-23
2.459011183073461e-23
2.5815639094650603e-23
2.709822204859755e-23
2.844047937599517e-23
2.9845146918986734e-23
