1.6958029404444954e-24
1.6923147415621667e-24
1.6892898788867265e-24
1.6866812548267186e-24
1.6844458487143752e-24
1.6825444191632197e-24
1.6809412197284705e-24
1.679603728810387e-24
1.6785023943686755e-24
1.677610393709167e-24
1.676903408347666e-24
1.676359413749799e-24
1.6759584835869808e-24
1.675682608024048e-24
1.6755155254637227e-24
1.6754425671097775e-24
1.6754505136744745e-24
1.675527463528488e-24
1.675662711591968e-24
1.675846638265681e-24
1.676070607720099e-24
1.6763268748790757e-24
1.676608500465243e-24
1.676909273500067e-24
1.6772236406891567e-24
1.6775466421537882e-24
1.67787385300502e-24
1.6782013302930226e-24
1.6785255648949944e-24
1.678843437938231e-24
1.6791521813916275e-24
1.679449342477491e-24
1.6797327516021286e-24
1.6800004935077908e-24
1.6802508814012466e-24
1.6804824338124275e-24
1.6806938539784843e-24
1.6808840115648254e-24
1.681051926544133e-24
1.6811967550979937e-24
1.681317777396466e-24
1.6814143871466218e-24
1.681486082809926e-24
1.6815324604102772e-24
1.6815532078568996e-24
1.681548100736749e-24
1.681516999531288e-24
1.681459848239231e-24
1.6813766743889347e-24
1.6812675904368962e-24
1.6811327965857016e-24
1.6809725850297164e-24
1.6807873456850183e-24
1.680577573459103e-24
1.6803438771300213e-24
1.6800869899229046e-24
1.6798077818960916e-24
1.679507274239948e-24
1.679186655651531e-24
1.6788473009246777e-24
1.678490791937454e-24
1.6781189412477066e-24
1.6777338185093193e-24
1.6773377799441215e-24
1.6769335011932614e-24
1.6765240137709466e-24
1.676112745524944e-24
1.6757035654201043e-24
1.6753008330680123e-24
1.6749094534019773e-24
1.6745349369981884e-24
1.674183466512385e-24
1.6738619698071256e-24
1.6735782003240772e-24
1.673340825321324e-24
1.6731595226641778e-24
1.6730450868266046e-24
1.6730095448512675e-24
1.673066283017199e-24
1.673230184996826e-24
1.673517782272676e-24
1.673947417642383e-24
1.674539422543288e-24
1.675316308963052e-24
1.6763029766207863e-24
1.67752693596411e-24
1.6790185475595883e-24
1.680811278042643e-24
1.6829419728658776e-24
1.685451145537418e-24
1.6883832830140525e-24
1.6917871662110247e-24
1.6957162043837983e-24
1.7002287814527136e-24
1.7053886118113223e-24
1.7112651024693916e-24
1.717933717676232e-24
1.725476341371862e-24
1.7339816321643376e-24
1.7435453647156984e-24
1.754270750917327e-24
1.7662687336017996e-24
1.779658245317391e-24
1.7945664248771254e-24
1.8111287845806517e-24
1.829489321642259e-24
1.8498005693355676e-24
1.8722235841060764e-24
1.8969278683499935e-24
1.9240912301461564e-24
1.95389958546891e-24
1.9865467108718436e-24
2.0222339580309246e-24
2.0611699458251322e-24
2.103570246207257e-24
2.1496570846497218e-24
2.1996590744931772e-24
2.253811007366664e-24
2.3123537190283206e-24
2.375534048345203e-24
2.4436049059600748e-24
2.5168254634977977e-24
2.5954614721859436e-24
2.6797857142347313e-24
2.770078589348712e-24
2.8666288306840406e-24
2.9697343462711297e-24
3.079703178416208e-24
3.1968545698071853e-24
3.321520129606713e-24
3.454045085799075e-24
3.594789619580179e-24
3.744130268958767e-24
3.902461397955991e-24
4.07019672638905e-24
4.2477709117250676e-24
4.435641189662338e-24
4.634289062640605e-24
4.844222041143012e-24
5.065975440169465e-24
5.300114229175779e-24
5.547234933001802e-24
5.807967597065665e-24
6.082977801259702e-24
6.372968733219784e-24
6.678683312431834e-24
7.000906368149625e-24
7.34046684880823e-24
7.69824007135439e-24
8.075149973498069e-24
8.47217136830745e-24
8.890332162009217e-24
9.330715502134074e-24
9.794461810112667e-24
1.0282770633232755e-23
1.0796902284180322e-23
1.1338179100593089e-23
1.1907986322824756e-23
1.2507772363751405e-23
1.31390483734196e-23
1.380338687621648e-23
1.450241926147782e-23
1.5237831915288553e-23
1.6011360506526225e-23
1.682478230179244e-23
1.767990587764155e-23
1.8578557763714396e-23
1.9522565637373635e-23
2.0513737084039102e-23
2.1553833671772664e-23
2.2644539265704914e-23
2.378742181029363e-23
2.4983888294077887e-23
2.623513128332824e-23
2.754206751286536e-23
2.890526716002468e-23
3.0324874465416914e-23
3.1800519730966336e-23
3.333122382675596e-23
3.491529733982833e-23
3.655023714809511e-23
3.823262446473668e-23
3.9958030434346836e-23
4.172093550110975e-23
4.351467159808343e-23
4.533139508702562e-23
4.7162101432720645e-23
4.89966894217358e-23
5.0824081404060193e-23
5.2632406221739315e-23
5.440924178390135e-23
5.61419129606448e-23
5.781783522550656e-23
5.942488138358927e-23
6.095175728276943e-23
6.238835499518843e-23
6.372606309103818e-23
6.495801087925289e-23
6.607922965475121e-23
6.70867269626776e-23
6.797946374560506e-23
