1.4192383678100779e-24
1.3418606613191957e-24
1.2724085482641188e-24
1.210592627739782e-24
1.1561319824763472e-24
1.108745684488393e-24
1.0681447161889944e-24
1.0340250915256644e-24
1.0060629920957646e-24
9.839125936846669e-25
9.672069443779285e-25
9.555618214459545e-25
9.485820453544873e-25
9.4586938337962e-25
9.470310170635417e-25
9.51687598056509e-25
9.594801324717456e-25
9.700752339514776e-25
9.83168586961842e-25
9.984867050204462e-25
1.0157872271213981e-24
1.034858071127041e-24
1.0555157732403574e-24
1.0776033110872543e-24
1.1009876553382838e-24
1.1255572366304955e-24
1.15121946027273e-24
1.1778983555047624e-24
1.2055324103098288e-24
1.234072616422902e-24
1.2634807308313355e-24
1.2937277480342264e-24
1.3247925700215252e-24
1.3566608570122398e-24
1.3893240403754313e-24
1.4227784790468093e-24
1.4570247415689484e-24
1.49206699721624e-24
1.5279125012462815e-24
1.5645711609784315e-24
1.6020551710078007e-24
1.6403787073793624e-24
1.6795576719281473e-24
1.719609479216584e-24
1.760552879605458e-24
1.802407812928404e-24
1.8451952880643782e-24
1.8889372844255398e-24
1.933656671970693e-24
1.9793771468667585e-24
2.0261231803987214e-24
2.073919979037026e-24
2.1227934539797655e-24
2.172770198670027e-24
2.2238774730706526e-24
2.2761431936623464e-24
2.3295959282801952e-24
2.384264895054441e-24
2.44017996485435e-24
2.497371666675194e-24
2.5558711955810628e-24
2.61571042279887e-24
2.676921907677789e-24
2.7395389112547677e-24
2.8035954112097827e-24
2.869126118041087e-24
2.9361664923122117e-24
3.0047527628391023e-24
3.074921945745684e-24
3.1467118642788134e-24
3.220161169334558e-24
3.295309360642077e-24
3.3721968085596044e-24
3.450864776460891e-24
3.53135544367654e-24
3.613711928983545e-24
3.6979783146313885e-24
3.7841996708849555e-24
3.8724220811114234e-24
3.962692667373814e-24
4.055059616579093e-24
4.1495722071326445e-24
4.246280836165227e-24
4.345237047309173e-24
4.446493559032657e-24
4.5501042935770655e-24
4.6561244064571816e-24
4.7646103166080845e-24
4.875619737128889e-24
4.9892117066858845e-24
5.1054466215865535e-24
5.224386268504193e-24
5.3460938579089066e-24
5.4706340582514205e-24
5.5980730308179075e-24
5.7284784654081446e-24
5.861919616739214e-24
5.998467341670552e-24
6.13819413724296e-24
6.2811741795747266e-24
6.427483363579562e-24
6.577199343610426e-24
6.730401574993846e-24
6.887171356497664e-24
7.047591873761056e-24
7.211748243678431e-24
7.379727559829865e-24
7.55161893890365e-24
7.727513568196481e-24
7.907504754175205e-24
8.091687972172858e-24
8.280160917210492e-24
8.473023555944373e-24
8.67037817987589e-24
8.872329459726135e-24
9.078984501084978e-24
9.290452901318905e-24
9.506846807819939e-24
9.728280977584418e-24
9.954872838126518e-24
1.0186742549895355e-23
1.0424013070019216e-23
1.0666810217611408e-23
1.0915262740530556e-23
1.1169502383715673e-23
1.1429663959120877e-23
1.1695885417195559e-23
1.196830792012125e-23
1.2247075916654927e-23
1.2532337218783968e-23
1.2824243080107843e-23
1.3122948276035636e-23
1.3428611185912394e-23
1.3741393876936693e-23
1.406146219017287e-23
1.4388985828401312e-23
1.4724138446141337e-23
1.506709774168032e-23
1.5418045551301574e-23
1.577716794563198e-23
1.6144655328322776e-23
1.6520702536878719e-23
1.6905508946015635e-23
1.729927857323111e-23
1.7702220187018438e-23
1.8114547417390822e-23
1.8536478869131695e-23
1.8968238237638153e-23
1.9410054427354415e-23
1.9862161673174937e-23
2.0324799664383224e-23
2.079821367174807e-23
2.128265467733887e-23
2.177837950752599e-23
2.2285650968980767e-23
2.280473798786564e-23
2.3335915752195016e-23
2.3879465857654726e-23
2.443567645656824e-23
2.500484241058888e-23
2.558726544665969e-23
2.6183254316850066e-23
2.679312496172328e-23
2.7417200677544846e-23
2.8055812287384317e-23
2.8709298316153523e-23
2.937800516975878e-23
3.006228731829422e-23
3.0762507483596395e-23
3.1479036831051363e-23
3.2212255165898815e-23
3.2962551134081126e-23
3.373032242762496e-23
3.451597599496545e-23
3.531992825591597e-23
3.6142605321795936e-23
3.698444322051874e-23
3.784588812691179e-23
3.872739659826091e-23
3.962943581554886e-23
4.0552483829878354e-23
4.1497029814813034e-23
4.246357432449244e-23
4.34526295576244e-23
4.446471962749615e-23
4.550038083835821e-23
4.656016196785082e-23
4.7644624556219074e-23
4.8754343201868774e-23
4.988990586380712e-23
5.105191417093491e-23
5.224098373839746e-23
5.345774449104722e-23
5.470284099439141e-23
5.59769327928117e-23
5.728069475555537e-23
5.861481743055414e-23
5.998000740602902e-23
6.137698768028002e-23
6.280649803971288e-23
6.426929544526228e-23
