3.3577315834804185e-24
3.1444861508646745e-24
2.9459921055708733e-24
2.7618274642260366e-24
2.5916001884596628e-24
2.4349472268109713e-24
2.2915336082101605e-24
2.1610515944401853e-24
2.0432199044750216e-24
1.9377830301745175e-24
1.844510668714723e-24
1.7631973007909754e-24
1.6936619426465507e-24
1.6357480911593292e-24
1.5893238635601853e-24
1.5542823071094726e-24
1.530541823868669e-24
1.5180466296309402e-24
1.5167671532513067e-24
1.5267002910771164e-24
1.5478694613862562e-24
1.5803244494768713e-24
1.6241410822843427e-24
1.679420808278613e-24
1.7462902748928154e-24
1.8249009902274593e-24
1.915429133933691e-24
2.0180755530520485e-24
2.1330659508656236e-24
2.2606512561328584e-24
2.401108148367418e-24
2.5547397110617596e-24
2.7218761868117966e-24
2.9028758132953586e-24
3.098125725260095e-24
3.3080429134662643e-24
3.533075236110611e-24
3.773702482221588e-24
4.03043748863531e-24
4.303827313770873e-24
4.594454472843106e-24
4.9029382385767555e-24
5.229936012970684e-24
5.57614477454733e-24
5.9423026062793626e-24
6.3291903086558104e-24
6.737633103616671e-24
7.168502432796444e-24
7.622717856468588e-24
8.101249056859225e-24
8.60511795222438e-24
9.13540092570751e-24
9.693231175369877e-24
1.0279801190900738e-23
1.0896365362994176e-23
1.1544242732031236e-23
1.2224819881289468e-23
1.2939553985144026e-23
1.3689976014871063e-23
1.4477694113740624e-23
1.5304397148719193e-23
1.6171858446607267e-23
1.7081939724447754e-23
1.8036595224200086e-23
1.903787606132054e-23
2.0087934801205412e-23
2.1189030268278495e-23
2.2343532609826612e-23
2.3553928617966616e-23
2.4822827330580297e-23
2.6152965922348896e-23
2.7547215902788196e-23
2.9008589637988417e-23
3.05402472137271e-23
3.214550365274203e-23
3.382783652174663e-23
3.55908939292716e-23
3.743850295327069e-23
3.9374678505362456e-23
4.1403632686018793e-23
4.3529784617261004e-23
4.575777082171347e-23
4.8092456146102685e-23
5.0538945291211703e-23
5.310259495354585e-23
5.578902665176777e-23
5.860414022987746e-23
6.155412813340922e-23
6.464549047115326e-23
6.788505091950195e-23
7.127997350798138e-23
7.483778039074537e-23
7.856637058634362e-23
8.247403984386038e-23
8.656950161805599e-23
9.086190928591725e-23
9.53608796780096e-23
1.0007651795465402e-22
1.050194440602141e-22
1.1020082065525147e-22
1.1563238284524424e-22
1.2132646966176612e-22
1.2729605750529132e-22
1.3355479572633884e-22
1.4011704433421924e-22
1.4699791423637375e-22
1.5421330991985455e-22
1.6177997506580214e-22
1.6971554097831124e-22
1.7803857830214716e-22
1.8676865227582908e-22
1.9592638152536763e-22
2.0553350108696693e-22
2.1561292964254633e-22
2.2618884154271944e-22
2.372867437183838e-22
2.489335586484899e-22
2.611577125049971e-22
2.7398923043327906e-22
2.8745983877276004e-22
3.016030745736591e-22
3.164544038624753e-22
3.3205134895421045e-22
3.484336255279813e-22
3.6564329063803316e-22
3.83724902426652e-22
4.0272569316124772e-22
4.2269575567269703e-22
4.436882469617759e-22
4.657596062314586e-22
4.889697946339355e-22
5.133825540176124e-22
5.390656881964844e-22
5.660913693438615e-22
5.945364739458427e-22
6.244829477736637e-22
6.5601820186259e-22
6.892355528016785e-22
7.242346968971946e-22
7.611222374589724e-22
8.000122559999852e-22
8.410269478112938e-22
8.842973137042622e-22
9.299639296334906e-22
9.781777868385957e-22
1.02910122708014e-21
1.0829089732905402e-21
1.1397892685264958e-21
1.1999451393162277e-21
1.2635957962494313e-21
1.3309781948375699e-21
1.4023487478520398e-21
1.4779852634057253e-21
1.558189070853472e-21
1.6432873979190016e-21
1.7336360316942287e-21
1.829622250746274e-21
1.9316681279680267e-21
2.0402341799857874e-21
2.1558234298742583e-21
2.2789859280857956e-21
2.4103237577828487e-21
2.550496566440386e-21
2.700227636172375e-21
2.8603105328726366e-21
3.0316163063912724e-21
3.2151012522821956e-21
3.4118150090967774e-21
3.6229089717506155e-21
3.849644714739078e-21
4.093401768524599e-21
4.355684323669319e-21
4.638125575044554e-21
4.942488300103047e-21
5.2706594472549404e-21
5.6246352266416346e-21
6.006493063283458e-21
6.418343553733496e-21
6.862254946061863e-21
7.340139618831678e-21
7.8535898648098e-21
8.403648676179206e-21
8.990500059608332e-21
9.613069427551603e-21
1.0268531921461478e-20
1.095175306711974e-20
1.1654717415670167e-20
1.2366057694306912e-20
1.3070850191486163e-20
1.3750889365652312e-20
1.43856281331926e-20
1.4953868164091608e-20
1.5436049562036713e-20
1.5816725366815827e-20
1.6086618142343045e-20
1.6243700613730036e-20
1.6293010502198607e-20
1.624534685246266e-20
1.6115282209025213e-20
1.5919058712006524e-20
1.5672794847499184e-20
