1.2404687246760077e-22
1.2405511248569763e-22
1.2406294005192126e-22
1.240703717792465e-22
1.240774234401481e-22
1.2408411000013078e-22
1.2409044564954123e-22
1.2409644383372683e-22
1.2410211728161418e-22
1.241074780327583e-22
1.2411253746292526e-22
1.2411730630826463e-22
1.2412179468811922e-22
1.2412601212652287e-22
1.2412996757243397e-22
1.2413366941874295e-22
1.2413712552009996e-22
1.2414034320959835e-22
1.2414332931434462e-22
1.2414609016996019e-22
1.241486316340314e-22
1.2415095909854895e-22
1.2415307750135465e-22
1.2415499133662054e-22
1.2415670466439313e-22
1.2415822111920552e-22
1.2415954391779306e-22
1.2416067586591367e-22
1.2416161936430433e-22
1.241623764137631e-22
1.241629486193959e-22
1.2416333719401274e-22
1.2416354296069203e-22
1.2416356635451675e-22
1.2416340742348657e-22
1.241630658286044e-22
1.2416254084314262e-22
1.2416183135108297e-22
1.2416093584472785e-22
1.2415985242148124e-22
1.2415857877978062e-22
1.241571122141932e-22
1.2415544960963959e-22
1.2415358743474998e-22
1.241515217343343e-22
1.241492481209497e-22
1.2414676176553953e-22
1.2414405738714106e-22
1.24141129241621e-22
1.241379711094255e-22
1.2413457628231556e-22
1.2413093754905684e-22
1.2412704718003637e-22
1.2412289691076965e-22
1.2411847792426484e-22
1.241137808322041e-22
1.241087956548996e-22
1.2410351179998947e-22
1.2409791803980772e-22
1.240920024874077e-22
1.2408575257115792e-22
1.2407915500787136e-22
1.2407219577440874e-22
1.2406486007768523e-22
1.2405713232302653e-22
1.2404899608079106e-22
1.240404340511973e-22
1.2403142802727558e-22
1.240219588558542e-22
1.2401200639650868e-22
1.2400154947836791e-22
1.2399056585469534e-22
1.2397903215513494e-22
1.2396692383551896e-22
1.239542151251253e-22
1.2394087897126978e-22
1.2392688698110497e-22
1.2391220936049342e-22
1.238968148498299e-22
1.2388067065665057e-22
1.2386374238488852e-22
1.238459939606175e-22
1.238273875541004e-22
1.238078834979834e-22
1.2378744020143507e-22
1.2376601406003706e-22
1.2374355936122282e-22
1.2372002818504382e-22
1.2369537030002463e-22
1.2366953305387931e-22
1.2364246125882317e-22
1.2361409707120936e-22
1.2358437986521443e-22
1.2355324610026453e-22
1.2352062918189282e-22
1.234864593156893e-22
1.2345066335399288e-22
1.2341316463495968e-22
1.2337388281360093e-22
1.2333273368439722e-22
1.2328962899502526e-22
1.2324447625075995e-22
1.2319717850904202e-22
1.2314763416370344e-22
1.2309573671829963e-22
1.2304137454796745e-22
1.2298443064919318e-22
1.2292478237684053e-22
1.22862301167746e-22
1.2279685225014383e-22
1.2272829433815347e-22
1.2265647931048629e-22
1.2258125187250671e-22
1.225024492007055e-22
1.2241990056858877e-22
1.2233342695293064e-22
1.222428406192553e-22
1.2214794468534352e-22
1.2204853266148703e-22
1.219443879661107e-22
1.2183528341530074e-22
1.2172098068467276e-22
1.216012297418985e-22
1.2147576824809383e-22
1.2134432092614286e-22
1.2120659889387885e-22
1.2106229895991369e-22
1.2091110287970891e-22
1.2075267656932194e-22
1.2058666927404531e-22
1.2041271268895679e-22
1.2023042002813051e-22
1.20039385039023e-22
1.1983918095824158e-22
1.1962935940459244e-22
1.1940944920495205e-22
1.1917895514811947e-22
1.1893735666137823e-22
1.1868410640402655e-22
1.1841862877160976e-22
1.1814031830399662e-22
1.1784853798981477e-22
1.1754261745901187e-22
1.172218510545242e-22
1.1688549577313148e-22
1.1653276906454935e-22
1.1616284647670428e-22
1.1577485913385184e-22
1.1536789103275202e-22
1.1494097614053003e-22
1.1449309527597664e-22
1.1402317275402088e-22
1.135300727706899e-22
1.1301259550325205e-22
1.1246947289712446e-22
1.1189936410766888e-22
1.1130085056095973e-22
1.1067243059302264e-22
1.1001251362170775e-22
1.0931941379926873e-22
1.085913430865777e-22
1.0782640368169831e-22
1.0702257972593069e-22
1.0617772819923413e-22
1.0528956890382353e-22
1.043556734193045e-22
1.0337345289456143e-22
1.0234014452012185e-22
1.0125279649924599e-22
1.0010825130564889e-22
9.890312697951799e-23
9.763379617001827e-23
9.629636258014016e-23
9.488663440648225e-23
9.340009428976486e-23
9.183186519827689e-23
9.017667155181919e-23
8.842879475274534e-23
8.65820221164451e-23
8.462958797728942e-23
8.256410547603051e-23
8.037748719610943e-23
7.806085238968238e-23
7.560441799406929e-23
7.299736995274881e-23
7.022771047937436e-23
6.728207578484058e-23
6.414551736126938e-23
6.080123811255602e-23
5.723027238559697e-23
5.341109632374594e-23
4.931915226636717e-23
4.4926269423845444e-23
4.0199967034399697e-23
3.51026502815406e-23
2.9590808576652233e-23
2.3614747144128888e-23
1.7121580253237978e-23
1.0082094002975997e-23
3.040707242747513e-24
7.157461031946546e-24
