2.223555700653351e-24
2.718308855817433e-24
3.201596808452031e-24
3.674141463675898e-24
4.1367557763041936e-24
4.590273672730069e-24
5.0355222760370474e-24
5.4733099452072036e-24
5.9044210153431726e-24
6.329613655432307e-24
6.749619280206505e-24
7.165142777950158e-24
7.576863182324196e-24
7.985434587080437e-24
8.391487195387572e-24
8.795628436436752e-24
9.198444113576098e-24
9.600499557961411e-24
1.000234077455051e-23
1.0404495569431664e-23
1.0807474654048739e-23
1.1211772720482453e-23
1.1617869487956952e-23
1.2026230716225857e-23
1.2437309187923326e-23
1.2851545656798928e-23
1.3269369765356442e-23
1.3691200927951675e-23
1.4117449185251175e-23
1.454851602451847e-23
1.4984795171562754e-23
1.5426673354001215e-23
1.5874531034024122e-23
1.6328743115849272e-23
1.6789679625249503e-23
1.7257706365077388e-23
1.7733185545177802e-23
1.821647638939867e-23
1.8707935721120043e-23
1.9207918527125102e-23
1.971677850075911e-23
2.0234868566127286e-23
2.0762541386297223e-23
2.1300149849657716e-23
2.1848047546488047e-23
2.240658922378788e-23
2.297613123188232e-23
2.3557031952861422e-23
2.4149652219246493e-23
2.475435572076121e-23
2.5371509399748464e-23
2.60014838362022e-23
2.6644653625315e-23
2.730139774519085e-23
2.7972099918129696e-23
2.865714896222421e-23
2.935693913999779e-23
3.0071870499485747e-23
3.0802349212352984e-23
3.154878790265662e-23
3.2311605979206813e-23
3.309122995718888e-23
3.388809378361863e-23
3.470263915495234e-23
3.553531583679131e-23
3.638658198189074e-23
3.7256904445677105e-23
3.814675910324448e-23
3.905663116529225e-23
3.998701549555161e-23
4.0938416928609287e-23
4.191135059172177e-23
4.2906342219885544e-23
4.392392848484207e-23
4.496465731947721e-23
4.6029088246102457e-23
4.7117792705076555e-23
4.8231354393359415e-23
4.9370369604037435e-23
5.0535447564913695e-23
5.1727210789864544e-23
5.294629542818378e-23
5.419335162078304e-23
5.546904386637952e-23
5.677405138225242e-23
5.810906848045197e-23
5.94748049504279e-23
6.087198643573113e-23
6.230135483532694e-23
6.376366869054088e-23
6.525970360256595e-23
6.679025263106038e-23
6.835612672712384e-23
6.995815515078597e-23
7.159718590996287e-23
7.327408619793442e-23
7.498974285511517e-23
7.674506281630645e-23
7.854097358508608e-23
8.037842370809448e-23
8.225838325732733e-23
8.418184433819193e-23
8.614982157171702e-23
8.816335262659763e-23
9.022349872104557e-23
9.233134518610787e-23
9.448800197726384e-23
9.669460423694202e-23
9.895231287164182e-23
1.0126231509099656e-22
1.0362582501953805e-22
1.0604408428292154e-22
1.0851836260364625e-22
1.1104995841871262e-22
1.136401995040414e-22
1.1629044360629753e-22
1.1900207909985316e-22
1.217765256247715e-22
1.2461523476707721e-22
1.2751969072518033e-22
1.304914110064766e-22
1.335319471156303e-22
1.36642885284636e-22
1.3982584714196717e-22
1.4308249050156302e-22
1.4641451004185261e-22
1.498236380926932e-22
1.533116453701009e-22
1.5688034174129118e-22
1.605315770153092e-22
1.6426724165947755e-22
1.6808926768663053e-22
1.7199962936659263e-22
1.7600034403198088e-22
1.8009347290805787e-22
1.842811219266587e-22
1.8856544249299404e-22
1.9294863231332943e-22
1.9743293624691743e-22
2.020206470643855e-22
2.0671410629945662e-22
2.1151570500026267e-22
2.164278846052667e-22
2.2145313772962533e-22
2.2659400883694436e-22
2.3185309523000667e-22
2.372330475661638e-22
2.427365708098404e-22
2.4836642491267995e-22
2.5412542536297426e-22
2.600164441481603e-22
2.660424101810677e-22
2.722063100568986e-22
2.785111885170894e-22
2.849601491809686e-22
2.915563548870254e-22
2.9830302817751017e-22
3.052034518172596e-22
3.1226096890270697e-22
3.1947898336623855e-22
3.268609600402683e-22
3.344104248889206e-22
3.421309646140169e-22
3.5002622735379657e-22
3.5809992163261945e-22
3.6635581666083755e-22
3.7479774166785505e-22
3.8342958526564387e-22
3.9225529483730956e-22
4.0127887555082266e-22
4.1050438929264202e-22
4.1993595345904766e-22
4.2957773923812e-22
4.394339701698151e-22
4.495089197108328e-22
4.598069096202202e-22
4.7033230682766895e-22
4.810895205069588e-22
4.920829993743327e-22
5.033172277537718e-22
5.147967213153328e-22
5.265260230092043e-22
5.385096978565968e-22
5.507523278686184e-22
5.6325850533813075e-22
5.760328270661978e-22
5.890798864638469e-22
6.024042658627918e-22
6.160105280629184e-22
6.29903206720396e-22
6.440867953109568e-22
6.585657368007089e-22
6.733444109137835e-22
6.884271211126053e-22
7.03818079157247e-22
7.195213904622099e-22
7.355410360769332e-22
7.518808543271805e-22
7.685445215116905e-22
7.855355285692769e-22
8.028571590140571e-22
