2.5498041599382737e-23
2.004585596531797e-23
1.4917779585992922e-23
1.0103024474863482e-23
5.591718285397165e-24
1.3785294240124102e-24
2.5669357317044697e-24
6.222726137027862e-24
9.61185423743298e-24
1.2740070152347965e-23
1.5613786914856784e-23
1.8239017034275763e-23
2.0621278327738807e-23
2.276558228796557e-23
2.467643736567578e-23
2.635785556306262e-23
2.7813359452311706e-23
2.9045988726505574e-23
3.005830595918e-23
3.0852401441451864e-23
3.142989704567317e-23
3.1791949084642456e-23
3.1939250160024684e-23
3.1872029985884134e-23
3.15900551887281e-23
3.1092628077387445e-23
3.0378584383308347e-23
2.944628997497512e-23
2.8293636563007705e-23
2.691803643092093e-23
2.5316416277750412e-23
2.348521035684686e-23
2.1420353343286968e-23
1.9117273961647117e-23
1.6570892116332623e-23
1.3775627830495414e-23
1.0725452596242346e-23
7.414136689305422e-24
3.8370804246290816e-24
2.9750262226661697e-25
4.190660029449803e-24
8.626479069131485e-24
1.3371020343512544e-23
1.8432220745235834e-23
2.382087276625885e-23
2.9548879971446184e-23
3.5629032410061195e-23
4.207497600316991e-23
4.890122709225453e-23
5.61232023652333e-23
6.375725614201081e-23
7.182072244242412e-23
8.033196097982653e-23
8.931040681582101e-23
9.877662368867726e-23
1.0875236113879551e-22
1.1926061562946046e-22
1.3032569591531578e-22
1.4197329294162399e-22
1.5423055458152118e-22
1.6712616557960631e-22
1.8069043310311636e-22
1.9495537827697668e-22
2.0995483423706355e-22
2.2572455119116094e-22
2.42302309023023e-22
2.597280381016381e-22
2.780439489909497e-22
2.972946717368341e-22
3.1752740565692326e-22
3.3879208049878096e-22
3.6114152993373268e-22
3.8463167859694514e-22
4.093217438391231e-22
4.352744535889636e-22
4.625562818354703e-22
4.912377034110088e-22
5.213934699515226e-22
5.531029092247672e-22
5.864502499561101e-22
6.2152497496388265e-22
6.584222055218936e-22
6.972431199965901e-22
7.380954108461488e-22
7.810937836204482e-22
8.263605032621076e-22
8.740259922411694e-22
9.242294873764862e-22
9.771197610643212e-22
1.0328559158039372e-21
1.091608259587536e-21
1.1535592729885935e-21
1.2189046791997652e-21
1.2878546293477457e-21
1.3606350195300585e-21
1.4374889552178555e-21
1.5186783843284112e-21
1.6044859208179666e-21
1.695216886752346e-21
1.791201603365598e-21
1.8927979663358872e-21
2.000394350761386e-21
2.114412891767881e-21
2.2353132025511513e-21
2.3635965984898885e-21
2.499810907550038e-21
2.64455596923015e-21
2.7984899353847357e-21
2.9623365134784564e-21
3.1368933257516794e-21
3.3230415837178147e-21
3.521757331421498e-21
3.734124558348923e-21
3.961350563688805e-21
4.204784021627738e-21
4.465936335490766e-21
4.746506987085993e-21
5.048413793762443e-21
5.373829210542892e-21
5.7252241319606466e-21
6.105421084483168e-21
6.517659218382828e-21
6.965674295762297e-21
7.453797856413524e-21
7.987081150573318e-21
8.571451386071762e-21
9.21391053349558e-21
9.922790879558938e-21
1.0708087185905971e-20
1.1581893585236147e-20
1.2558985964577889e-20
1.365760958553172e-20
1.4900561642738375e-20
1.6316706133323713e-20
1.794313673414944e-20
1.98283358924134e-20
2.2036909870030373e-20
2.465689919194537e-20
2.7811462187565604e-20
3.1678317933443935e-20
3.6523706390356555e-20
4.276529440100075e-20
5.109753922352081e-20
6.276605096930813e-20
8.024789397037654e-20
1.0926340163197898e-19
1.665827747858319e-19
3.2951276839297575e-19
1.2080190856720933e-18
3.5063726698733314e-19
1.8420916491678007e-19
1.2615999038039247e-19
9.688089460185566e-20
7.92741158341573e-20
6.753555717861035e-20
5.915901098923084e-20
5.2886596584527396e-20
4.801795999639593e-20
4.413231341298055e-20
4.096163663434199e-20
3.832713184955784e-20
3.610495202692539e-20
3.420659860832562e-20
3.2567146604078613e-20
3.113788414622712e-20
2.9881547001268576e-20
2.8769137976141015e-20
2.7777753980861295e-20
2.6889061636921946e-20
2.608820876313184e-20
2.5363034635546083e-20
2.47034830873941e-20
2.410116464654428e-20
2.3549022231258518e-20
2.304107520171845e-20
2.2572219165421766e-20
2.213806971471864e-20
2.1734836789242575e-20
2.1359226951362724e-20
2.1008360176947122e-20
2.0679707806999133e-20
2.0371036986482565e-20
2.0080367098189398e-20
1.980593344460575e-20
1.954615645749109e-20
1.9299616456994282e-20
1.906503180330127e-20
1.884124119773589e-20
1.8627186844787898e-20
1.8421902775126962e-20
1.822450202900919e-20
1.8034167808466083e-20
1.7850144242426765e-20
1.767172910239283e-20
1.7498267038442362e-20
1.7329144376658356e-20
1.716378358653546e-20
1.7001639394035534e-20
1.684219333867817e-20
1.668495234034476e-20
1.6529443619664683e-20
