1.0181548400200529e-23
1.0180325856060282e-23
1.0179160481885359e-23
1.0178049664728047e-23
1.0176990919730804e-23
1.0175981883782496e-23
1.0175020309513802e-23
1.0174104059630713e-23
1.0173231101565466e-23
1.0172399502402666e-23
1.017160742412534e-23
1.0170853119049542e-23
1.0170134925592896e-23
1.016945126418984e-23
1.0168800633497565e-23
1.0168181606771654e-23
1.0167592828433748e-23
1.0167033010865928e-23
1.016650093130842e-23
1.0165995429027156e-23
1.0165515402511376e-23
1.0165059806959308e-23
1.0164627651777171e-23
1.0164217998313929e-23
1.0163829957689885e-23
1.0163462688663624e-23
1.0163115395827068e-23
1.0162787327652345e-23
1.016247777486701e-23
1.0162186068750655e-23
1.0161911579713356e-23
1.0161653715777027e-23
1.0161411921266904e-23
1.0161185675603164e-23
1.0160974492067064e-23
1.016077791674036e-23
1.0160595527514171e-23
1.0160426933088205e-23
1.016027177217908e-23
1.0160129712686376e-23
1.016000045091395e-23
1.0159883711009006e-23
1.015977924425293e-23
1.0159686828656849e-23
1.0159606268349967e-23
1.0159537393213962e-23
1.0159480058578898e-23
1.0159434144904044e-23
1.0159399557461566e-23
1.0159376226308006e-23
1.01593641060033e-23
1.0159363175644154e-23
1.0159373438913598e-23
1.0159394923952928e-23
1.0159427683701482e-23
1.0159471795929815e-23
1.0159527363405568e-23
1.0159594514394115e-23
1.0159673402927694e-23
1.015976420913963e-23
1.015986713986378e-23
1.0159982429181782e-23
1.0160110339036461e-23
1.0160251159913911e-23
1.016040521157776e-23
1.016057284421298e-23
1.0160754438842151e-23
1.0160950408932496e-23
1.0161161200984231e-23
1.0161387296272798e-23
1.0161629211571164e-23
1.0161887501152203e-23
1.0162162757857036e-23
1.0162455614946548e-23
1.0162766747841581e-23
1.0163096876157165e-23
1.0163446765221752e-23
1.0163817228958683e-23
1.0164209131841148e-23
1.0164623391206304e-23
1.0165060980583037e-23
1.0165522931614462e-23
1.0166010338136394e-23
1.0166524358834014e-23
1.0167066220890499e-23
1.0167637223883207e-23
1.0168238743637491e-23
1.0168872236584695e-23
1.0169539244955005e-23
1.017024140053147e-23
1.0170980431294538e-23
1.0171758166284277e-23
1.0172576541696207e-23
1.0173437608191607e-23
1.0174343537060973e-23
1.0175296628371343e-23
1.0176299319143756e-23
1.0177354191025798e-23
1.0178463981341527e-23
1.0179631591664771e-23
1.0180860099808871e-23
1.0182152770453197e-23
1.018351306946736e-23
1.0184944674732329e-23
1.0186451493194013e-23
1.0188037676498344e-23
1.0189707635275192e-23
1.0191466061561559e-23
1.0193317945869646e-23
1.0195268599159886e-23
1.019732367629175e-23
1.0199489201999304e-23
1.0201771595807294e-23
1.0204177703804908e-23
1.0206714828613426e-23
1.0209390766053226e-23
1.0212213839795467e-23
1.0215192944819115e-23
1.0218337589494481e-23
1.0221657943252468e-23
1.0225164890967357e-23
1.0228870086830471e-23
1.023278601752885e-23
1.0236926066471395e-23
1.0241304589409282e-23
1.0245936993796791e-23
1.0250839818003609e-23
1.0256030835848262e-23
1.0261529149498852e-23
1.0267355306211873e-23
1.027353141491939e-23
1.0280081283762448e-23
1.0287030560118897e-23
1.0294406889910511e-23
1.0302240084957402e-23
1.0310562319094708e-23
1.0319408324242032e-23
1.0328815617361961e-23
1.0338824744027784e-23
1.0349479545526638e-23
1.036082744181237e-23
1.0372919762700759e-23
1.0385812088098877e-23
1.0399564621623605e-23
1.041424260991661e-23
1.0429916801932136e-23
1.0446663924973134e-23
1.0464567244383118e-23
1.0483717135166317e-23
1.0504211741011423e-23
1.0526157655349496e-23
1.0549670708336125e-23
1.0574876790547397e-23
1.0601912769420901e-23
1.0630927460834418e-23
1.0662082729431169e-23
1.0695554671777794e-23
1.0731534855482221e-23
1.0770231749286219e-23
1.0811872194845004e-23
1.0856703075582179e-23
1.0904993044265169e-23
1.0957034487230318e-23
1.1013145538807958e-23
1.1073672389158384e-23
1.1138991618871009e-23
1.1209512866261665e-23
1.1285681558948868e-23
1.1367981960866176e-23
1.1456940364393431e-23
1.155312856106166e-23
1.1657167504054981e-23
1.1769731280087136e-23
1.1891551328528529e-23
1.2023420920768557e-23
1.2166200003005314e-23
1.2320820341457952e-23
1.2488290987135083e-23
1.2669704286642072e-23
1.2866242033321344e-23
1.3079182502179228e-23
1.330990771254296e-23
1.3559911417148322e-23
1.3830807923858928e-23
1.4124341641749404e-23
1.4442397527071643e-23
1.4787012856074805e-23
1.516038997869226e-23
1.5564910852828888e-23
1.6003152967534544e-23
1.6477907313830307e-23
1.6992198333152585e-23
1.7549306322230776e-23
1.8152791973453043e-23
1.8806523949743396e-23
1.951470849580437e-23
2.0281922066344542e-23
2.111314549283011e-23
2.2013799796807508e-23
2.298978188679171e-23
2.40474980378075e-23
