1.1665444327454749e-23
1.166827525289546e-23
1.1670969863585398e-23
1.1673533741122854e-23
1.167597220171775e-23
1.1678290306402847e-23
1.168049287080136e-23
1.1682584474458822e-23
1.1684569469755387e-23
1.1686451990407651e-23
1.1688235959569831e-23
1.1689925097552276e-23
1.1691522929158869e-23
1.1693032790664409e-23
1.1694457836430193e-23
1.1695801045182153e-23
1.1697065225946957e-23
1.1698253023666122e-23
1.169936692449097e-23
1.1700409260769671e-23
1.1701382215731962e-23
1.1702287827883159e-23
1.170312799511098e-23
1.1703904478512097e-23
1.1704618905948946e-23
1.1705272775337158e-23
1.1705867457673485e-23
1.1706404199806553e-23
1.1706884126957342e-23
1.1707308244992955e-23
1.1707677442455016e-23
1.1707992492350232e-23
1.1708254053704772e-23
1.1708462672880366e-23
1.1708618784664485e-23
1.1708722713123202e-23
1.1708774672230556e-23
1.1708774766266748e-23
1.1708722989988087e-23
1.170861922856832e-23
1.17084632573172e-23
1.1708254741156792e-23
1.1707993233882802e-23
1.1707678177178766e-23
1.1707308899404142e-23
1.1706884614136437e-23
1.1706404418485968e-23
1.1705867291142533e-23
1.1705272090198051e-23
1.1704617550697164e-23
1.1703902281929519e-23
1.1703124764462152e-23
1.170228334690437e-23
1.1701376242379999e-23
1.1700401524714082e-23
1.1699357124339618e-23
1.1698240823879406e-23
1.1697050253443887e-23
1.1695782885561083e-23
1.1694436029817503e-23
1.1693006827125455e-23
1.1691492243634381e-23
1.1689889064288449e-23
1.1688193885974248e-23
1.1686403110286573e-23
1.1684512935870434e-23
1.1682519350333546e-23
1.1680418121712483e-23
1.1678204789453418e-23
1.1675874654948687e-23
1.1673422771506028e-23
1.1670843933834297e-23
1.1668132666967732e-23
1.1665283214606456e-23
1.1662289526835374e-23
1.1659145247320943e-23
1.165584369964487e-23
1.1652377873203793e-23
1.164874040820359e-23
1.1644923579990272e-23
1.164091928261774e-23
1.1636719011496273e-23
1.1632313845367906e-23
1.1627694427125695e-23
1.1622850943977789e-23
1.1617773106498178e-23
1.1612450126577952e-23
1.1606870694446787e-23
1.1601022954533212e-23
1.1594894480102632e-23
1.1588472246683949e-23
1.1581742604259359e-23
1.15746912479866e-23
1.156730318771052e-23
1.1559562715766093e-23
1.1551453373380427e-23
1.1542957915325258e-23
1.1534058272972576e-23
1.1524735515702296e-23
1.1514969809966504e-23
1.15047403768524e-23
1.1494025447411649e-23
1.148280221580876e-23
1.147104679027039e-23
1.1458734141405639e-23
1.1445838048608012e-23
1.1432331043270277e-23
1.1418184349121164e-23
1.1403367820665767e-23
1.1387849877477458e-23
1.1371597435801205e-23
1.135457583685948e-23
1.1336748771476673e-23
1.1318078201409176e-23
1.1298524275701167e-23
1.1278045244664115e-23
1.1256597368072428e-23
1.1234134819182292e-23
1.121060958465449e-23
1.118597135940345e-23
1.1160167433876409e-23
1.1133142580503113e-23
1.110483892922064e-23
1.107519583899443e-23
1.1044149764829269e-23
1.1011634113852493e-23
1.0977579096010012e-23
1.0941911568456291e-23
1.0904554870810147e-23
1.0865428648425603e-23
1.0824448672090592e-23
1.0781526644083806e-23
1.0736569995389014e-23
1.06894816697738e-23
1.0640159900441982e-23
1.0588497967937264e-23
1.0534383950867885e-23
1.0477700456411904e-23
1.0418324339488689e-23
1.0356126400074325e-23
1.0290971073687662e-23
1.0222716083917427e-23
1.0151212092317648e-23
1.0076302310701777e-23
9.99782209592927e-24
9.915598517124242e-24
9.8294498881271e-24
9.739185263286698e-24
9.644603902376976e-24
9.545494690340318e-24
9.441635510967763e-24
9.332792552109106e-24
9.218719578744975e-24
9.099157107535458e-24
8.973831506059409e-24
8.842454021326408e-24
8.70471965908105e-24
8.560305968192877e-24
8.408871665964065e-24
8.250055060802976e-24
8.083472284760128e-24
7.908715268016412e-24
7.725349367922163e-24
7.532910666690718e-24
7.330902782145173e-24
7.118793147590494e-24
6.896008628311882e-24
6.661930427918528e-24
6.415888169909567e-24
6.1571531646109575e-24
5.8849312376389546e-24
5.598355923636472e-24
5.296484278038125e-24
4.9783007520356906e-24
4.642741914101144e-24
4.288772896608875e-24
3.915592220601036e-24
3.523165138709571e-24
3.1136415881174363e-24
2.6953104892818973e-24
2.2942198660385356e-24
1.9877986575585936e-24
1.9731625117217244e-24
2.5693263339642123e-24
4.1850653096245895e-24
8.245346002108967e-24
1.87704426864826e-23
9.964779708988501e-24
5.063360301461833e-24
3.155074734367586e-24
2.421410469686387e-24
2.4540649942214866e-24
2.9334847711848883e-24
3.6149708985913305e-24
4.3907666923653974e-24
5.22252544975971e-24
6.097415057923179e-24
7.011865867863907e-24
7.965878541867876e-24
8.960926755693933e-24
9.999136905387525e-24
