8.854775486173697e-23
8.877131615480255e-23
8.887445240009895e-23
8.885738248823583e-23
8.87200700575758e-23
8.846222341190643e-23
8.808329489697831e-23
8.758247973822167e-23
8.695871432290793e-23
8.621067393845011e-23
8.5336769942657e-23
8.433514638699746e-23
8.32036760613575e-23
8.193995596187922e-23
8.054130217501883e-23
7.900474415864497e-23
7.732701842238327e-23
7.550456157567947e-23
7.353350274682299e-23
7.140965534405865e-23
6.912850816766386e-23
6.668521580571265e-23
6.407458837274767e-23
6.129108051454284e-23
5.832877969659933e-23
5.518139378099619e-23
5.1842237888964664e-23
4.83042206197192e-23
4.455982971910726e-23
4.0601117478888534e-23
3.6419686445238264e-23
3.200667688020672e-23
2.7352759727666603e-23
2.244814644678079e-23
1.728265720749969e-23
1.1846053801474633e-23
6.130463504164852e-24
4.455060616059282e-25
6.2474150671865e-24
1.2890058532588976e-23
1.9874477771902497e-23
2.721159954876865e-23
3.491626412375734e-23
4.3004617296614876e-23
5.149377235822457e-23
6.040175433025361e-23
6.974750807451318e-23
7.955092689270357e-23
8.983288994460157e-23
1.0061530457357734e-22
1.119211521717063e-22
1.2377453710799125e-22
1.3620073838141957e-22
1.4922626414916636e-22
1.6287890905867291e-22
1.7718781442655305e-22
1.9218353162900707e-22
2.0789808845738153e-22
2.243650589874733e-22
2.4161963671914283e-22
2.5969871156739987e-22
2.7864095056381085e-22
2.9848688250677193e-22
3.192789869870344e-22
3.410617877678055e-22
3.6388195080697177e-22
3.877883872199689e-22
4.1283236124673824e-22
4.390676039006181e-22
4.665504320473394e-22
4.953398737691187e-22
5.254977995026876e-22
5.5708906067098845e-22
5.901816342663348e-22
6.248467759345483e-22
6.611591797368908e-22
6.991971468655466e-22
7.390427626778747e-22
7.807820830092202e-22
8.245053298504509e-22
8.703070969951919e-22
9.182865672983705e-22
9.685477401859408e-22
1.0211996713483447e-21
1.0763567257164376e-21
1.1341388431208413e-21
1.194671817487381e-21
1.2580875933707991e-21
1.3245245748352698e-21
1.3941279539803876e-21
1.4670500559875997e-21
1.5434507020157707e-21
1.623497595496371e-21
1.7073667239102708e-21
1.79524278952835e-21
1.887319658155676e-21
1.9838008391811182e-21
2.084899985073654e-21
2.190841426596764e-21
2.301860737133379e-21
2.4182053242111255e-21
2.5401350644286808e-21
2.6679229675900348e-21
2.801855883877172e-21
2.942235255299213e-21
3.0893779081488456e-21
3.2436168952735077e-21
3.405302395450887e-21
3.574802652401698e-21
3.7525049954916856e-21
3.9388169080283575e-21
4.134167168459493e-21
4.339007060994923e-21
4.5538116896571975e-21
4.7790813205085176e-21
5.0153428994306795e-21
5.2631515887941156e-21
5.523092459457446e-21
5.7957822835330815e-21
6.0818714459082346e-21
6.3820460247653585e-21
6.697029954756466e-21
7.027587421976633e-21
7.374525388977944e-21
7.738696320859777e-21
8.12100110700516e-21
8.522392241043716e-21
8.94387719231448e-21
9.38652208995636e-21
9.851455668028647e-21
1.0339873621476174e-20
1.0853043098695446e-20
1.1392307863364749e-20
1.1959093693631932e-20
1.2554914251185935e-20
1.3181377583971067e-20
1.3840193179466062e-20
1.4533179449431437e-20
1.5262272226410618e-20
1.6029533806016916e-20
1.6837162983098296e-20
1.7687505993591797e-20
1.8583068732262707e-20
1.952652947972756e-20
2.0520754146800628e-20
2.156881197258241e-20
2.267399351041012e-20
2.3839830123106713e-20
2.5070116459614566e-20
2.6368933981675874e-20
2.7740678968293945e-20
2.9190091915705956e-20
3.072229244997161e-20
3.234281630177952e-20
3.4057659186585515e-20
3.5873323572054917e-20
3.7796874042466463e-20
3.9835998914588966e-20
4.1999079195006097e-20
4.4295269249054626e-20
4.673458700899552e-20
4.932801800404532e-20
5.2087634795207765e-20
5.502673638943245e-20
5.816000410227588e-20
6.150369083303573e-20
6.507583366055909e-20
6.889650784229466e-20
7.298812160409808e-20
7.73757682370902e-20
8.208764037748981e-20
8.715552355597154e-20
9.261538799298143e-20
9.850810757211613e-20
1.0488031826170291e-19
1.117854762188522e-19
1.1928515882403702e-19
1.274506504906222e-19
1.3636495956504022e-19
1.4612531317332016e-19
1.5684634718013399e-19
1.686641669828451e-19
1.8174164041734142e-19
1.9627526835616848e-19
2.1250431850689094e-19
2.3072311150247034e-19
2.512977007128563e-19
2.746890631819793e-19
3.01485710321716e-19
3.3245069380435965e-19
3.6859078633416643e-19
4.1126082854287866e-19
4.623257895131398e-19
5.244203345020598e-19
6.013798165395231e-19
6.989846684071731e-19
8.263000511963923e-19
9.981849982830406e-19
1.2400809881032232e-18
1.5965010064006065e-18
2.137654742998006e-18
