4.769920625137538e-22
4.770148295187164e-22
4.770364336782616e-22
4.770569208452043e-22
4.770763345005613e-22
4.770947158461554e-22
4.7711210389209745e-22
4.771285355396577e-22
4.77144045659856e-22
4.77158667167413e-22
4.771724310908514e-22
4.771853666383352e-22
4.771975012597145e-22
4.772088607049826e-22
4.77219469078767e-22
4.772293488918434e-22
4.772385211086097e-22
4.772470051919632e-22
4.772548191443853e-22
4.772619795463076e-22
4.772685015913008e-22
4.772743991183916e-22
4.772796846414375e-22
4.772843693755333e-22
4.7728846326127395e-22
4.77291974985293e-22
4.772949119992431e-22
4.772972805352136e-22
4.772990856193418e-22
4.773003310820662e-22
4.773010195666429e-22
4.773011525346556e-22
4.773007302689555e-22
4.7729975187450045e-22
4.772982152763354e-22
4.772961172151959e-22
4.7729345324073e-22
4.772902177016924e-22
4.772864037345736e-22
4.772820032483478e-22
4.772770069077991e-22
4.7727140411348495e-22
4.772651829794246e-22
4.772583303073751e-22
4.7725083155964865e-22
4.772426708274949e-22
4.7723383079767015e-22
4.772242927156342e-22
4.77214036345934e-22
4.772030399287437e-22
4.771912801343656e-22
4.7717873201292075e-22
4.77165368942068e-22
4.771511625699474e-22
4.771360827556643e-22
4.771200975043249e-22
4.771031729001282e-22
4.77085273033468e-22
4.77066359925207e-22
4.770463934460083e-22
4.7702533123081755e-22
4.770031285891283e-22
4.769797384099496e-22
4.769551110618344e-22
4.769291942873609e-22
4.769019330920618e-22
4.768732696279087e-22
4.768431430699296e-22
4.76811489487533e-22
4.767782417082098e-22
4.767433291744263e-22
4.7670667779545825e-22
4.7666820978714e-22
4.766278435091519e-22
4.765854932898353e-22
4.765410692441843e-22
4.764944770842787e-22
4.764456179161612e-22
4.763943880320651e-22
4.763406786879975e-22
4.762843758738818e-22
4.762253600690972e-22
4.761635059903809e-22
4.760986823232184e-22
4.7603075144470995e-22
4.75959569127302e-22
4.758849842339273e-22
4.758068383967771e-22
4.757249656778227e-22
4.756391922175757e-22
4.755493358620176e-22
4.754552057759198e-22
4.753566020375232e-22
4.752533152089824e-22
4.751451258911727e-22
4.750318042576818e-22
4.749131095597992e-22
4.747887896167816e-22
4.746585802760693e-22
4.745222048482576e-22
4.743793735156246e-22
4.742297827148378e-22
4.740731144849461e-22
4.739090357928987e-22
4.737371978106819e-22
4.735572351791863e-22
4.7336876522070145e-22
4.731713871165732e-22
4.729646810526803e-22
4.727482073186541e-22
4.72521505360829e-22
4.722840927941745e-22
4.720354643679825e-22
4.717750908807234e-22
4.715024180300874e-22
4.712168652362724e-22
4.709178243833909e-22
4.706046585081541e-22
4.702767004168267e-22
4.699332512641083e-22
4.695735790253015e-22
4.691969169195406e-22
4.688024617426813e-22
4.683893721375885e-22
4.679567667547075e-22
4.675037223462641e-22
4.670292717519235e-22
4.665324017960203e-22
4.660120510598357e-22
4.654671076035308e-22
4.648964064764314e-22
4.642987272087408e-22
4.636727911272978e-22
4.630172584881476e-22
4.623307256235106e-22
4.616117217468347e-22
4.608587057475336e-22
4.600700627576852e-22
4.59244100572148e-22
4.583790458645527e-22
4.57473040218611e-22
4.565241359760077e-22
4.555302918512444e-22
4.544893683448104e-22
4.533991228285466e-22
4.5225720452486625e-22
4.510611491263296e-22
4.498083731537131e-22
4.484961679803383e-22
4.4712169351610845e-22
4.456819717910123e-22
4.441738798180513e-22
4.425941422824338e-22
4.409393238037638e-22
4.392058208250672e-22
4.373898528339564e-22
4.354874533085161e-22
4.334944599361324e-22
4.314065045059595e-22
4.292190018712935e-22
4.269271385927889e-22
4.245258605616011e-22
4.2200985995457053e-22
4.193735613824095e-22
4.1661110731026326e-22
4.137163417563712e-22
4.1068279403899864e-22
4.075036599820569e-22
4.0417178283948164e-22
4.0067963231246595e-22
3.9701928185999443e-22
3.9318238352973207e-22
3.8916014282136496e-22
3.84943287573277e-22
3.805220381727821e-22
3.758860707643307e-22
3.710244796522076e-22
3.6592573359310954e-22
3.605776276517387e-22
3.549672297491793e-22
3.490808179840964e-22
3.4290381041235446e-22
3.364206840574749e-22
3.296148799814882e-22
3.2246869160790143e-22
3.149631310107702e-22
3.070777692360647e-22
2.987905397895301e-22
2.900774949962522e-22
2.809124996067512e-22
2.7126683931534337e-22
2.6110871109440517e-22
2.504025469115468e-22
2.3910809916895696e-22
2.2717917791639995e-22
2.145618637497317e-22
2.0119191241983542e-22
1.8699087724836517e-22
1.7186012563117088e-22
1.5567125272760976e-22
1.3825004868830786e-22
