4.224246196039318e-23
4.2263055248399e-23
4.2282602371852637e-23
4.2301144813385207e-23
4.231872192240302e-23
4.233537099870851e-23
4.235112737175621e-23
4.236602447571434e-23
4.2380093920490794e-23
4.239336555887605e-23
4.2405867549946774e-23
4.2417626418862864e-23
4.242866711318862e-23
4.243901305585496e-23
4.2448686194878274e-23
4.2457707049938646e-23
4.246609475591864e-23
4.247386710349519e-23
4.248104057686821e-23
4.2487630388709525e-23
4.249365051240275e-23
4.249911371164495e-23
4.250403156747044e-23
4.250841450275444e-23
4.2512271804249574e-23
4.251561164219764e-23
4.251844108756209e-23
4.252076612691202e-23
4.25225916749937e-23
4.2523921585010065e-23
4.2524758656631975e-23
4.2525104641756116e-23
4.2524960248019477e-23
4.252432514007691e-23
4.252319793864262e-23
4.252157621729025e-23
4.251945649700464e-23
4.251683423846849e-23
4.2513703832067087e-23
4.251005858558531e-23
4.2505890709567026e-23
4.250119130030434e-23
4.2495950320413256e-23
4.2490156576952314e-23
4.248379769703193e-23
4.2476860100856756e-23
4.246932897213823e-23
4.246118822580853e-23
4.2452420472957324e-23
4.244300698291328e-23
4.2432927642377004e-23
4.2422160911509985e-23
4.24106837768781e-23
4.239847170113374e-23
4.238549856932171e-23
4.237173663167565e-23
4.2357156442773727e-23
4.234172679690134e-23
4.232541465947026e-23
4.230818509432512e-23
4.2290001186759667e-23
4.2270823962058517e-23
4.225061229935897e-23
4.222932284062317e-23
4.220690989449633e-23
4.2183325334804194e-23
4.215851849344254e-23
4.2132436047381865e-23
4.2105021899500545e-23
4.207621705294432e-23
4.2045959478679276e-23
4.2014183975905416e-23
4.1980822024950145e-23
4.19458016322642e-23
4.1909047167101443e-23
4.187047918943417e-23
4.1830014268658385e-23
4.178756479256102e-23
4.1743038766044e-23
4.1696339599030204e-23
4.1647365882944046e-23
4.1596011155146486e-23
4.154216365061276e-23
4.148570604015326e-23
4.1426515154374214e-23
4.1364461692568384e-23
4.129940991563643e-23
4.1231217322078776e-23
4.115973430608506e-23
4.108480379656454e-23
4.1006260876027584e-23
4.092393237800375e-23
4.0837636461693457e-23
4.0747182162423535e-23
4.065236891628714e-23
4.055298605740769e-23
4.044881228594459e-23
4.0339615104977014e-23
4.022515022409244e-23
4.01051609276029e-23
3.9979377404685606e-23
3.984751603918535e-23
3.970927865583607e-23
3.9564351720207596e-23
3.941240548872238e-23
3.925309310530243e-23
3.908604964075471e-23
3.8910891070298717e-23
3.8727213185045545e-23
3.853459043191045e-23
3.833257467669648e-23
3.812069388413677e-23
3.7898450708422613e-23
3.766532098667391e-23
3.742075212781913e-23
3.716416138787816e-23
3.6894934022005696e-23
3.6612421302924216e-23
3.631593839440393e-23
3.6004762066250743e-23
3.56781282373356e-23
3.5335229330941887e-23
3.4975211425204574e-23
3.459717117908731e-23
3.4200152513738106e-23
3.3783143024727894e-23
3.334507009999706e-23
3.288479671385416e-23
3.2401116865794084e-23
3.1892750627740014e-23
3.1358338761200337e-23
3.0796436858959964e-23
3.0205508964451055e-23
2.9583920615714155e-23
2.892993125222342e-23
2.824168592694859e-23
2.751720624870747e-23
2.675438049004798e-23
2.595095278490844e-23
2.510451134971191e-23
2.421247567475991e-23
2.3272082660317267e-23
2.2280371736557453e-23
2.123416910442949e-23
2.0130071492079918e-23
1.896443014576162e-23
1.7733336682901859e-23
1.643261395575586e-23
1.5057818526358133e-23
1.3604269049474587e-23
1.2067133587006303e-23
1.0441659375685816e-23
8.723783577880764e-24
6.911931526817544e-24
5.013491013661465e-24
3.078302049045882e-24
1.522863393033519e-24
2.33689181655495e-24
4.5853959480861374e-24
7.17841347225535e-24
9.997975316792709e-24
1.3033453562071345e-23
1.629440894090313e-23
1.9797787251644063e-23
2.3565083986292845e-23
2.762175750583556e-23
3.1997380128870286e-23
3.672614358070031e-23
4.1847619110362786e-23
4.7407767220818906e-23
5.346023689965495e-23
6.006802743029398e-23
6.730562176132475e-23
7.526174670547286e-23
8.404298114981275e-23
9.377852914847417e-23
1.0462662010684603e-22
1.1678322009069334e-22
1.3049408985441653e-22
1.4607179132166024e-22
1.6392018362096097e-22
1.8457056043774678e-22
2.0873643402228933e-22
2.373992348837288e-22
2.719473767121023e-22
3.1441188137404105e-22
3.67886879008613e-22
4.373292171636343e-22
5.312049335303943e-22
6.652471172283099e-22
8.72310399975449e-22
1.2338914548828446e-21
2.017399548528722e-21
4.637903771929267e-21
5.676422510531797e-21
2.3804884915142777e-21
1.4673867665841272e-21
1.0657460399448873e-21
8.411154363655989e-22
6.974631094275323e-22
5.97392991272348e-22
