6.91642416193332e-24
6.694170227678042e-24
6.477182381747966e-24
6.265001058233233e-24
6.0571770374093024e-24
5.853270511335516e-24
5.652850173309266e-24
5.455492330168649e-24
5.260780036775658e-24
5.068302252455649e-24
4.877653019766997e-24
4.6884306667924694e-24
4.500237035292605e-24
4.3126767387023065e-24
4.125356456340206e-24
3.937884273753397e-24
3.749869084503639e-24
3.560920077050068e-24
3.370646343627671e-24
3.1786566695884737e-24
2.9845595978159926e-24
2.7879639253569124e-24
2.5884799016392277e-24
2.385721607569263e-24
2.1793114067853976e-24
1.968888215750855e-24
1.75412323781289e-24
1.5347513738670304e-24
1.3106386611480324e-24
1.0819426904355043e-24
8.495531169735952e-25
6.165786868488204e-25
3.9513930465272383e-25
2.475339675324822e-25
3.2974042222371785e-25
5.59727541066156e-25
8.316027018832531e-25
1.1234278647688213e-24
1.4302386733124075e-24
1.750742294287978e-24
2.084770955008061e-24
2.4326008519273643e-24
2.794721070056482e-24
3.1717413720705953e-24
3.564351031446977e-24
3.973299024981533e-24
4.399384106962585e-24
4.843449840030989e-24
5.306382286524783e-24
5.789109214680302e-24
6.2926002149977974e-24
6.817867392066246e-24
7.36596643891322e-24
7.937997978686078e-24
8.53510910273466e-24
9.158495060193214e-24
9.809401069879361e-24
1.0489124235063365e-23
1.1199015547774958e-23
1.1940481973208075e-23
1.271498860727684e-23
1.3524060901935891e-23
1.4369286953844678e-23
1.5252319852495154e-23
1.6174880084152426e-23
1.713875798800801e-23
1.81458162607809e-23
1.919799250576083e-23
2.0297301821889745e-23
2.1445839428029378e-23
2.2645783317012416e-23
2.3899396933442302e-23
2.5209031868537357e-23
2.657713056453913e-23
2.800622902037664e-23
2.9498959489435334e-23
3.105805315926467e-23
3.2686342802102827e-23
3.43867653840113e-23
3.616236461930362e-23
3.80162934557095e-23
3.995181647463398e-23
4.1972312189337667e-23
4.408127522294369e-23
4.628231834634534e-23
4.857917435511634e-23
5.0975697762952345e-23
5.347586628773543e-23
5.608378210501567e-23
5.880367284234355e-23
6.163989228629914e-23
6.459692077330007e-23
6.767936523346715e-23
7.089195885601146e-23
7.42395603438325e-23
7.772715272370584e-23
8.135984167791618e-23
8.514285336332374e-23
8.908153168243277e-23
9.318133497237045e-23
9.744783207674005e-23
1.0188669776749644e-22
1.065037074833113e-22
1.113047313537401e-22
1.1629572747941697e-22
1.2148273444179703e-22
1.2687186301605668e-22
1.3246928706978068e-22
1.382812336262182e-22
1.4431397207991135e-22
1.5057380255834035e-22
1.5706704342379975e-22
1.6380001791880311e-22
1.7077903996391596e-22
1.780103991215654e-22
1.85500344751341e-22
1.9325506937779316e-22
2.012806913198586e-22
2.0958323660720387e-22
2.181686202539048e-22
2.2704262693104284e-22
2.36210891113115e-22
2.4567887676318736e-22
2.554518566399287e-22
2.655348913044154e-22
2.7593280791662186e-22
2.8665017890587736e-22
2.9769130063361647e-22
3.0906017210082003e-22
3.2076047384343093e-22
3.3279554707812555e-22
3.4516837320791555e-22
3.5788155377946234e-22
3.7093729097104664e-22
3.8433736869671336e-22
3.98083134421619e-22
4.1217548169998743e-22
4.2661483360062065e-22
4.414011269389021e-22
4.56533797499743e-22
4.720117661767547e-22
4.878334261181923e-22
5.03996630873276e-22
5.204986836120743e-22
5.373363272875412e-22
5.545057359205635e-22
5.7200250686237975e-22
5.898216541715165e-22
6.079576028577291e-22
6.264041843821361e-22
6.451546329219281e-22
6.642015829299555e-22
6.835370674569821e-22
7.031525178082183e-22
7.230387640056905e-22
7.431860365473968e-22
7.635839692885648e-22
7.842216033647479e-22
8.0508739257280605e-22
8.261692100081113e-22
8.474543559969026e-22
8.689295677599315e-22
8.905810303173077e-22
9.123943894102367e-22
9.343547658999323e-22
9.564467721224793e-22
9.786545301439587e-22
1.0009616923069265e-21
1.0233514631094923e-21
1.0458066240217562e-21
1.0683095601239437e-21
1.0908422887226531e-21
1.113386490168295e-21
1.1359235412906718e-21
1.1584345501309247e-21
1.1809003929644465e-21
1.2033017530328064e-21
1.2256191614160111e-21
1.247833038728773e-21
1.26992373745068e-21
1.2918715873059625e-21
1.3136569387366893e-21
1.3352602094461585e-21
1.3566619273485246e-21
1.3778427775547058e-21
1.3987836447877808e-21
1.4194656569012814e-21
1.4398702265424302e-21
1.4599790907157353e-21
1.4797743466521745e-21
1.499238488040335e-21
1.5183544387561052e-21
1.5371055753134995e-21
1.5554757569483662e-21
1.573449344910958e-21
1.5910112178057578e-21
1.6081467877270762e-21
1.6248420021163901e-21
1.6410833530007428e-21
1.656857872825597e-21
1.6721531250157602e-21
