2.056261720789488e-24
2.0329851111316552e-24
2.010963187363395e-24
1.990131885551814e-24
1.9704304490691623e-24
1.951801295533347e-24
1.934189886723183e-24
1.9175446015654766e-24
1.901816612304029e-24
1.8869597639656044e-24
1.8729304572384793e-24
1.859687534873607e-24
1.8471921717105752e-24
1.835407768417416e-24
1.824299849020261e-24
1.813835962282685e-24
1.8039855869779534e-24
1.794720041081731e-24
1.786012394892663e-24
1.777837388079026e-24
1.7701713506257274e-24
1.762992127648743e-24
1.7562790080285423e-24
1.750012656801911e-24
1.7441750512432243e-24
1.738749420556277e-24
1.733720189091642e-24
1.7290729229977208e-24
1.7247942802099683e-24
1.7208719636792105e-24
1.7172946777373523e-24
1.7140520874984777e-24
1.711134781192179e-24
1.7085342353270228e-24
1.7062427825830788e-24
1.704253582334198e-24
1.702560593702921e-24
1.7011585510535008e-24
1.700042941831755e-24
1.6992099866629216e-24
1.698656621622547e-24
1.6983804825983242e-24
1.698379891664157e-24
1.6986538453911184e-24
1.6992020050223643e-24
1.7000246884427013e-24
1.7011228638755866e-24
1.7024981452425545e-24
1.70415278912233e-24
1.706089693248339e-24
1.7083123964841486e-24
1.710825080217432e-24
1.7136325711131266e-24
1.716740345165718e-24
1.7201545329902792e-24
1.7238819262896526e-24
1.7279299854335203e-24
1.732306848082437e-24
1.7370213387854757e-24
1.7420829794774416e-24
1.747502000795864e-24
1.7532893541326096e-24
1.7594567243294404e-24
1.7660165429196864e-24
1.772982001811093e-24
1.7803670672969577e-24
1.78818649427523e-24
1.7964558405455915e-24
1.805191481046483e-24
1.814410621885411e-24
1.824131314006314e-24
1.834372466329906e-24
1.8451538581945144e-24
1.856496150917903e-24
1.8684208982934175e-24
1.880950555829726e-24
1.894108488538424e-24
1.9079189770729665e-24
1.9224072220216416e-24
1.9375993461609666e-24
1.9535223944799338e-24
1.97020433179503e-24
1.9876740377866683e-24
2.0059612993028188e-24
2.025096799794788e-24
2.045112105771111e-24
2.0660396501829377e-24
2.087912712682985e-24
2.1107653967337414e-24
2.1346326035766965e-24
2.1595500031145108e-24
2.185554001799201e-24
2.2126817076633356e-24
2.2409708926769297e-24
2.270459952657721e-24
2.3011878650084033e-24
2.3331941445986875e-24
2.366518798152214e-24
2.4012022775382003e-24
2.4372854324036364e-24
2.4748094626120033e-24
2.5138158709817177e-24
2.5543464168357155e-24
2.5964430708878475e-24
2.6401479719959087e-24
2.685503386311492e-24
2.732551669345331e-24
2.781335231451025e-24
2.8318965072054754e-24
2.88427792913202e-24
2.938521906173857e-24
2.9946708072818545e-24
3.0527669504293832e-24
3.1128525973137268e-24
3.1749699539455956e-24
3.2391611772672324e-24
3.3054683878785498e-24
3.373933688888324e-24
3.4445991908451704e-24
3.517507042644981e-24
3.592699468251957e-24
3.670218809017907e-24
3.75010757133614e-24
3.8324084793191234e-24
3.917164532153418e-24
4.004419065750342e-24
4.0942158182865386e-24
4.186598999206406e-24
4.2816133612476794e-24
4.379304275043167e-24
4.479717805851261e-24
4.582900791974895e-24
4.6889009244373e-24
4.797766827502656e-24
4.909548139646984e-24
5.02429559461242e-24
5.142061102204092e-24
5.262897828521362e-24
5.386860275346383e-24
5.5140043584484306e-24
5.644387484596566e-24
5.778068627108184e-24
5.9151083997965565e-24
6.0555691292134485e-24
6.199514925114528e-24
6.347011749108622e-24
6.498127481477599e-24
6.652931986182622e-24
6.811497174094708e-24
6.973897064511253e-24
7.14020784503676e-24
7.310507929924948e-24
7.484878016991261e-24
7.663401143217135e-24
7.846162739176092e-24
8.033250682418843e-24
8.224755349958056e-24
8.420769669996984e-24
8.621389173046433e-24
8.826712042574524e-24
9.036839165329154e-24
9.251874181472665e-24
9.471923534660713e-24
9.69709652219348e-24
9.92750534535967e-24
1.0163265160088067e-23
1.0404494128011339e-23
1.0651313468042147e-23
1.0903847508549278e-23
1.1162223740215897e-23
1.1426572869651491e-23
1.1697028873819101e-23
1.1973729055334085e-23
1.2256814098675648e-23
1.2546428127347265e-23
1.2842718762011398e-23
1.3145837179613543e-23
1.345593817350124e-23
1.3773180214533922e-23
1.4097725513169264e-23
1.4429740082500803e-23
1.4769393802210224e-23
1.5116860483388495e-23
1.5472317934164562e-23
1.5835948026071026e-23
1.620793676106052e-23
1.658847433907323e-23
1.6977755226039718e-23
1.7375978222186516e-23
1.778334653049349e-23
1.8200067825131137e-23
1.862635431968434e-23
1.9062422834943247e-23
1.9508494866014484e-23
1.9964796648475052e-23
2.0431559223255742e-23
2.0909018499902298e-23
2.1397415317817316e-23
2.1896995505035855e-23
2.240800993402951e-23
2.2930714573970186e-23
