1.7810590985882297e-24
1.9373854614535057e-24
2.0854954505896194e-24
2.2256412859790557e-24
2.3580780924688963e-24
2.483057191997976e-24
2.6008223422129158e-24
2.711607601102397e-24
2.8156361261824195e-24
2.9131195282130133e-24
3.0042575617244376e-24
3.089238023118967e-24
3.16823677712298e-24
3.2414178619233974e-24
3.308933641006887e-24
3.37092498061921e-24
3.42752143888974e-24
3.478841457162798e-24
3.5249925469913016e-24
3.5660714682593716e-24
3.602164395430505e-24
3.633347069540483e-24
3.65968493457717e-24
3.6812332570137015e-24
3.698037227752268e-24
3.710132046040448e-24
3.717542984859029e-24
3.720285437536651e-24
3.718364945546999e-24
3.7117772072401214e-24
3.700508067450288e-24
3.6845334882645745e-24
3.6638195005591186e-24
3.6383221368490285e-24
3.607987345460542e-24
3.572750886359625e-24
3.532538209251904e-24
3.4872643144968895e-24
3.436833598071794e-24
3.381139681926148e-24
3.3200652318935746e-24
3.253481766198018e-24
3.1812494590419718e-24
3.103216945456379e-24
3.019221136785576e-24
2.9290870606384723e-24
2.8326277454160717e-24
2.729644181193901e-24
2.6199254048140454e-24
2.5032487862837812e-24
2.379380641266709e-24
2.2480773791103785e-24
2.1090875498151924e-24
1.962155447182548e-24
1.807027512940822e-24
1.6434640377368099e-24
1.4712615121103103e-24
1.2902980975859598e-24
1.1006344374315693e-24
9.02764908604746e-25
6.983543943593586e-25
4.9296333693343665e-25
3.0977409532570783e-25
2.5159568050183313e-25
4.046038457925371e-25
6.4649378208180325e-25
9.215030385462825e-25
1.217802648252304e-24
1.5323607054684868e-24
1.8644364105445723e-24
2.2140907840714265e-24
2.581736711027074e-24
2.9679736734006535e-24
3.373518298204714e-24
3.7991724150289035e-24
4.2458075979342064e-24
4.714357655206584e-24
5.205815263163868e-24
5.721230916354408e-24
6.261713264549958e-24
6.828430333033469e-24
7.422611352898993e-24
8.045549037017396e-24
8.69860221318547e-24
9.383198756067756e-24
1.0100838791484132e-23
1.085309815285103e-23
1.1641632089312808e-23
1.246817921735613e-23
1.3334565730883385e-23
1.42427098699977e-23
1.5194626663306326e-23
1.6192432959290464e-23
1.7238352755630234e-23
1.8334722852408013e-23
1.9483998845578363e-23
2.0688761478550607e-23
2.1951723380721444e-23
2.3275736215280774e-23
2.4663798269580318e-23
2.6119062508541685e-23
2.76448451394662e-23
2.9244634700915366e-23
3.0922101742559434e-23
3.26811091246073e-23
3.452572296535533e-23
3.646022432783377e-23
3.8489121670951816e-23
4.0617164113433487e-23
4.284935563070371e-23
4.519097017626833e-23
4.764756789657812e-23
5.0225012434334297e-23
5.292948948241048e-23
5.576752666169717e-23
5.87460148430362e-23
6.187223102237572e-23
6.515386293517205e-23
6.859903546600443e-23
7.221633915568567e-23
7.601486084820661e-23
8.000421679127069e-23
8.419458834932942e-23
8.859676065310535e-23
9.32221643736313e-23
9.808292094181842e-23
1.0319189174690582e-22
1.0856273135492506e-22
1.1420994551439994e-22
1.2014895428982082e-22
1.2639616075267346e-22
1.3296902612246392e-22
1.3988615179735967e-22
1.4716736909460677e-22
1.5483383774017815e-22
1.6290815378375635e-22
1.7141446862480233e-22
1.803786194532921e-22
1.898282737392342e-22
1.997930884841223e-22
2.1030488665561813e-22
2.2139785242968433e-22
2.3310874858408644e-22
2.45477158248509e-22
2.5854575365525453e-22
2.723605978850057e-22
2.869714810983431e-22
3.024322990757145e-22
3.188014780979179e-22
3.3614245304182703e-22
3.5452421013807836e-22
3.740218981879659e-22
3.947175257176748e-22
4.167007515150656e-22
4.4006979105043045e-22
4.64932448462855e-22
4.914073086896538e-22
5.196251045501147e-22
5.497302984620381e-22
5.818829202172107e-22
6.162606964167578e-22
6.530615479933706e-22
6.9250650916741095e-22
7.348431679163295e-22
7.803497288240877e-22
8.293398406739136e-22
8.821683470908646e-22
9.39238173389496e-22
1.0010086274938952e-21
1.0680054363089011e-21
1.1408329573447987e-21
1.220189106929803e-21
1.3068837358713687e-21
1.4018613495659633e-21
1.5062293959877733e-21
1.6212936566663407e-21
1.7486028043262935e-21
1.890004782914994e-21
2.047718550822008e-21
2.224425508251324e-21
2.4233864817073236e-21
2.648590870584701e-21
2.9049454357583036e-21
3.1985090817674036e-21
3.536773814931761e-21
3.928973702897229e-21
4.386357110872637e-21
4.922246864034508e-21
5.551464488450641e-21
6.2881781974440466e-21
7.140297400295176e-21
8.097361036599882e-21
9.1093742148793e-21
1.0062505782448852e-20
1.078055408460947e-20
1.1093757650466842e-20
1.0949922908349972e-20
1.0448365837004155e-20
9.75639209260197e-21
9.014726196124403e-21
8.305750669103484e-21
