2.0733168692152603e-23
2.0733244307777717e-23
2.073331400567515e-23
2.0733377917191115e-23
2.073343616285036e-23
2.0733488852482525e-23
2.0733536085340074e-23
2.0733577950201838e-23
2.073361452546391e-23
2.0733645879218608e-23
2.073367206931644e-23
2.0733693143417515e-23
2.0733709139024556e-23
2.0733720083500247e-23
2.0733725994071204e-23
2.073372687781272e-23
2.0733722731617063e-23
2.0733713542145848e-23
2.0733699285761322e-23
2.0733679928443323e-23
2.0733655425681847e-23
2.0733625722357222e-23
2.0733590752592407e-23
2.0733550439591486e-23
2.0733504695455638e-23
2.073345342097243e-23
2.0733396505389632e-23
2.0733333826162648e-23
2.0733265248680085e-23
2.0733190625962564e-23
2.073310979833874e-23
2.073302259309686e-23
2.0732928824101095e-23
2.0732828291396907e-23
2.073272078076861e-23
2.073260606328356e-23
2.0732483894792448e-23
2.073235401541288e-23
2.0732216148964077e-23
2.0732070002373788e-23
2.0731915265067088e-23
2.073175160827947e-23
2.073157868437519e-23
2.073139612609255e-23
2.073120354576598e-23
2.0731000534497154e-23
2.0730786661294674e-23
2.0730561472134835e-23
2.0730324489026254e-23
2.0730075208964638e-23
2.07298131028726e-23
2.0729537614486792e-23
2.072924815915163e-23
2.0728944122607132e-23
2.0728624859649554e-23
2.0728289692791424e-23
2.072793791079628e-23
2.0727568767179336e-23
2.0727181478640105e-23
2.0726775223351425e-23
2.0726349139255746e-23
2.072590232223084e-23
2.0725433824131277e-23
2.0724942650827898e-23
2.072442776005011e-23
2.072388805919056e-23
2.07233224030004e-23
2.0722729591101125e-23
2.0722108365516174e-23
2.0721457407941785e-23
2.072077533692053e-23
2.0720060704979317e-23
2.0719311995518318e-23
2.0718527619572705e-23
2.0717705912433584e-23
2.0716845130120617e-23
2.0715943445713716e-23
2.0714998945403035e-23
2.07140096244474e-23
2.07129733829041e-23
2.0711888021190195e-23
2.0710751235383398e-23
2.070956061225211e-23
2.0708313624285972e-23
2.0707007624168324e-23
2.070563983918772e-23
2.070420736532777e-23
2.0702707161130958e-23
2.0701136041168973e-23
2.0699490669279127e-23
2.069776755144691e-23
2.0695963028328167e-23
2.0694073267587472e-23
2.0692094255626436e-23
2.0690021788866932e-23
2.0687851465118924e-23
2.06855786739685e-23
2.0683198587029385e-23
2.068070614747712e-23
2.0678096059487008e-23
2.067536277698796e-23
2.0672500491182823e-23
2.0669503118938566e-23
2.0666364289579567e-23
2.0663077330573275e-23
2.065963525440141e-23
2.0656030742623974e-23
2.065225613070945e-23
2.0648303391659746e-23
2.0644164118487716e-23
2.0639829506125836e-23
2.0635290333517554e-23
2.0630536942335975e-23
2.0625559217012586e-23
2.0620346563842655e-23
2.0614887886424282e-23
2.0609171563234426e-23
2.0603185421935514e-23
2.0596916713058467e-23
2.0590352083631192e-23
2.0583477546720601e-23
2.0576278451915565e-23
2.0568739455357518e-23
2.0560844482953364e-23
2.055257669947701e-23
2.0543918469505268e-23
2.0534851319673355e-23
2.0525355899541965e-23
2.0515411938711097e-23
2.0504998203542347e-23
2.0494092449107445e-23
2.0482671373648493e-23
2.0470710565066288e-23
2.0458184447810343e-23
2.0445066230246495e-23
2.043132784139322e-23
2.0416939871935532e-23
2.0401871510310216e-23
2.0386090472652362e-23
2.0369562932684564e-23
2.0352253447460572e-23
2.0334124880233486e-23
2.0315138314249525e-23
2.0295252974032868e-23
2.0274426120927392e-23
2.0252612978578222e-23
2.0229766610601752e-23
2.0205837835546464e-23
2.018077509982377e-23
2.015452437948971e-23
2.0127029041926066e-23
2.0098229724805552e-23
2.006806421113137e-23
2.003646727429231e-23
2.000337054323922e-23
1.9968702333752552e-23
1.9932387491433005e-23
1.9894347233666418e-23
1.9854498936717503e-23
1.9812755997140278e-23
1.976902756728728e-23
1.9723218407149157e-23
1.967522863846161e-23
1.962495351325576e-23
1.957228317255409e-23
1.951710240269522e-23
1.9459290373012835e-23
1.9398720326152506e-23
1.9335259330735393e-23
1.926876795596382e-23
1.9199099920557786e-23
1.9126101837648185e-23
1.9049612786638312e-23
1.8969463995771703e-23
1.8885478467767288e-23
1.87974705635792e-23
1.8705245624443868e-23
1.8608599559141063e-23
1.850731843416537e-23
1.8401178018500742e-23
1.8289943343938377e-23
1.817336840029724e-23
1.8051195542973584e-23
1.7923155240000027e-23
1.7788965677311822e-23
1.764833245620657e-23
1.7500948365271842e-23
1.7346493234631833e-23
1.7184634009054667e-23
1.701502494646571e-23
1.68373081127485e-23
1.6651114246096174e-23
1.6456064112820697e-23
1.625177045333348e-23
1.6037840939316918e-23
1.5813882254269866e-23
1.5579505891478843e-23
1.5334336123155024e-23
1.5078020797336985e-23
1.481024701727591e-23
1.4530761985613913e-23
