6.335968957487015e-23
6.335960569931633e-23
6.335951788764457e-23
6.335942595286458e-23
6.335932969930537e-23
6.335922892219145e-23
6.33591234072068e-23
6.335901293003088e-23
6.335889725586258e-23
6.335877613891671e-23
6.335864932189915e-23
6.335851653545777e-23
6.335837749760734e-23
6.335823191313001e-23
6.335807947294573e-23
6.335791985345525e-23
6.335775271584869e-23
6.335757770539002e-23
6.33573944506569e-23
6.335720256275552e-23
6.335700163449152e-23
6.335679123950783e-23
6.33565709313751e-23
6.335634024264607e-23
6.335609868386241e-23
6.335584574251358e-23
6.33555808819523e-23
6.335530354025066e-23
6.335501312901171e-23
6.335470903211632e-23
6.335439060441701e-23
6.335405717037091e-23
6.335370802260133e-23
6.335334242039866e-23
6.33529595881493e-23
6.335255871368821e-23
6.335213894657283e-23
6.335169939628364e-23
6.335123913032927e-23
6.335075717226722e-23
6.335025249963565e-23
6.3349724041783e-23
6.33491706775818e-23
6.334859123307435e-23
6.334798447895629e-23
6.334734912798713e-23
6.334668383223726e-23
6.33459871802487e-23
6.334525769401555e-23
6.334449382587431e-23
6.334369395518919e-23
6.334285638492704e-23
6.33419793380564e-23
6.334106095377523e-23
6.334009928353396e-23
6.333909228694722e-23
6.33380378274166e-23
6.333693366758941e-23
6.333577746467954e-23
6.333456676537972e-23
6.333329900076529e-23
6.333197148074624e-23
6.333058138839124e-23
6.332912577396607e-23
6.332760154860557e-23
6.332600547781975e-23
6.332433417459479e-23
6.332258409214539e-23
6.332075151644454e-23
6.331883255833664e-23
6.331682314518587e-23
6.331471901233386e-23
6.331251569388731e-23
6.33102085134106e-23
6.330779257378194e-23
6.330526274696124e-23
6.330261366295015e-23
6.329983969836329e-23
6.329693496459608e-23
6.329389329524327e-23
6.329070823277876e-23
6.328737301521544e-23
6.328388056123982e-23
6.328022345551307e-23
6.327639393265101e-23
6.327238386084599e-23
6.326818472441928e-23
6.326378760567899e-23
6.325918316598284e-23
6.325436162580477e-23
6.324931274389257e-23
6.324402579534713e-23
6.323848954886005e-23
6.323269224257612e-23
6.322662155939618e-23
6.322026459994876e-23
6.32136078557133e-23
6.320663717996998e-23
6.319933775728745e-23
6.319169407235613e-23
6.318368987610734e-23
6.317530815173962e-23
6.316653107764826e-23
6.315733998962633e-23
6.314771534079884e-23
6.31376366594497e-23
6.312708250537317e-23
6.311603042443364e-23
6.310445689894126e-23
6.30923372985512e-23
6.307964582606777e-23
6.306635546348419e-23
6.30524379126041e-23
6.303786353409369e-23
6.302260128487672e-23
6.300661864926656e-23
6.298988157058115e-23
6.297235437576868e-23
6.295399970132016e-23
6.293477840868172e-23
6.291464950114428e-23
6.28935700361864e-23
6.287149503066324e-23
6.284837736246809e-23
6.282416767088652e-23
6.279881424600895e-23
6.277226291777665e-23
6.274445693619689e-23
6.271533685059098e-23
6.268484037550457e-23
6.265290225560253e-23
6.2619454122428e-23
6.258442434621744e-23
6.254773787357183e-23
6.250931606454151e-23
6.246907652008742e-23
6.242693289621161e-23
6.238279471559288e-23
6.233656716315968e-23
6.228815087637311e-23
6.223744172378447e-23
6.218433056925455e-23
6.212870303143368e-23
6.207043922019975e-23
6.200941347073419e-23
6.194549405368351e-23
6.187854288569448e-23
6.180841519963215e-23
6.173495923319447e-23
6.16580158581233e-23
6.157741823349079e-23
6.149299140785163e-23
6.140455191351772e-23
6.131190734917176e-23
6.121485592300155e-23
6.111318597281122e-23
6.100667546585937e-23
6.089509149167992e-23
6.077818967522258e-23
6.065571361829927e-23
6.05273942576443e-23
6.039294922702709e-23
6.025208217003667e-23
6.010448198008423e-23
5.994982207117185e-23
5.978775956139817e-23
5.961793436293672e-23
5.943996831783697e-23
5.925346423253477e-23
5.905800481177029e-23
5.885315161940027e-23
5.863844395007678e-23
5.841339751342756e-23
5.817750326635233e-23
5.793022589641186e-23
5.767100252844106e-23
5.739924102069954e-23
5.711431836979887e-23
5.681557901546365e-23
5.650233287584593e-23
5.617385331532297e-23
5.582937512388369e-23
5.546809212938585e-23
5.508915484960752e-23
5.469166777495635e-23
5.42746866233894e-23
5.383721530630224e-23
5.337820286923405e-23
5.289653960143016e-23
5.2391053846481946e-23
5.186050763954142e-23
5.1303592392090487e-23
5.07189242697113e-23
5.0105039298135197e-23
4.946038766643684e-23
4.878332768380172e-23
4.807211972242649e-23
4.7324918997384095e-23
4.6539767629295836e-23
4.571458707873979e-23
4.484716826814623e-23
