4.40963491480553e-23
4.420888208540698e-23
4.431618631799724e-23
4.44184895693624e-23
4.451600894413773e-23
4.460895138945081e-23
4.4697514134684317e-23
4.478188511054597e-23
4.4862243348323605e-23
4.493875936024109e-23
4.5011595501627e-23
4.50809063157594e-23
4.51468388620815e-23
4.520953302847006e-23
4.5269121828275787e-23
4.532573168269559e-23
4.537948268916048e-23
4.543048887625781e-23
4.547885844568515e-23
4.552469400189669e-23
4.556809276975628e-23
4.560914680080842e-23
4.5647943168467817e-23
4.568456415266961e-23
4.5719087414272904e-23
4.575158615965238e-23
4.5782129295804515e-23
4.581078157622805e-23
4.583760373804485e-23
4.586265263046314e-23
4.588598133502814e-23
4.590763927770111e-23
4.592767233331785e-23
4.594612292227337e-23
4.596303009986357e-23
4.5978429638464003e-23
4.599235410266974e-23
4.600483291741451e-23
4.601589242952247e-23
4.6025555962512295e-23
4.603384386489714e-23
4.604077355204907e-23
4.6046359541794306e-23
4.6050613483562856e-23
4.6053544181417834e-23
4.6055157610845065e-23
4.605545692936195e-23
4.605444248088181e-23
4.605211179396051e-23
4.604845957385452e-23
4.604347768800981e-23
4.6037155145840766e-23
4.602947807138084e-23
4.6020429670077074e-23
4.600999018859389e-23
4.5998136867989717e-23
4.5984843890326026e-23
4.59700823176554e-23
4.5953820024466104e-23
4.593602162224351e-23
4.591664837668443e-23
4.58956581168248e-23
4.5873005136181553e-23
4.5848640085381785e-23
4.582250985598466e-23
4.579455745538584e-23
4.576472187186794e-23
4.5732937930024286e-23
4.569913613572315e-23
4.5663242510236295e-23
4.562517841296365e-23
4.558486035229133e-23
4.5542199783643054e-23
4.5497102894698164e-23
4.5449470376211656e-23
4.539919717876965e-23
4.5346172253068705e-23
4.5290278274763943e-23
4.5231391350810715e-23
4.516938070871629e-23
4.510410836436804e-23
4.5035428770308384e-23
4.4963188441641905e-23
4.488722555778042e-23
4.4807369538450276e-23
4.472344059481153e-23
4.46352492487665e-23
4.4542595823064596e-23
4.444526989898928e-23
4.4343049735670076e-23
4.423570165467831e-23
4.412297937901072e-23
4.4004623333046585e-23
4.3880359889224553e-23
4.3749900566876927e-23
4.361294117322268e-23
4.346916088217878e-23
4.331822125252526e-23
4.315976516611036e-23
4.299341569569282e-23
4.281877488335808e-23
4.2635422427944296e-23
4.2442914267485397e-23
4.2240781054567676e-23
4.202852650528604e-23
4.180562561602248e-23
4.1571522729285507e-23
4.132562943605819e-23
4.106732230015507e-23
4.079594037144175e-23
4.0510782487271e-23
4.0211104314148296e-23
3.989611511508266e-23
3.9564974208277485e-23
3.921678706446818e-23
3.8850601025487096e-23
3.846540056781048e-23
3.806010207043884e-23
3.7633548005258903e-23
3.718450049352765e-23
3.671163411161837e-23
3.621352786023749e-23
3.5688656162325284e-23
3.5135378746217476e-23
3.455192924020594e-23
3.393640227603589e-23
3.328673885354411e-23
3.2600709684240407e-23
3.18758961449903e-23
3.11096684513362e-23
3.0299160517725176e-23
2.9441240894106616e-23
2.8532479036218775e-23
2.756910598094936e-23
2.6546968282201105e-23
2.5461473826787608e-23
2.4307527787184584e-23
2.307945654942954e-23
2.1770916959421503e-23
2.0374787620473103e-23
1.8883038260124792e-23
1.728657268531663e-23
1.5575040926673646e-23
1.3736618791903823e-23
1.1757764921528036e-23
9.623013097630678e-24
7.31507925810644e-24
4.816980351757362e-24
2.1368412555019306e-24
1.165300724970535e-24
4.304560480350748e-24
7.917047914651406e-24
1.1947070064344625e-23
1.6460579654848518e-23
2.1552380519168777e-23
2.7348942956143153e-23
3.4020273032912214e-23
4.179980477513065e-23
5.1017035479653265e-23
6.215294463752999e-23
7.593896595024967e-23
9.354534493694316e-23
1.1696964753216992e-22
1.4992670060327703e-22
2.0020078008896026e-22
2.873113466274885e-22
4.778191899882714e-22
1.2286973405230829e-21
2.0338183634457027e-21
6.118267271130992e-22
3.598032713736608e-22
2.550745059962617e-22
1.969780894014205e-22
1.5946314900279384e-22
1.3278970892893272e-22
1.1249168675188851e-22
9.623170051529412e-23
8.266639413212626e-23
7.096745260683056e-23
6.059515162785325e-23
5.118168442251733e-23
4.24668708313967e-23
3.426083914449004e-23
2.6421664443375955e-23
1.8842622677205e-23
1.1451147119000319e-23
4.2970428967158804e-24
3.655218979347316e-24
1.0743214500457003e-23
1.8081194379112063e-23
2.5544283571549772e-23
3.314884069745884e-23
4.092140014515983e-23
4.888926447785959e-23
5.707907694066327e-23
6.551669134104308e-23
7.422732562990022e-23
8.32357753058929e-23
9.256661466310599e-23
1.0224439361272755e-22
1.1229380020059926e-22
