1.3129284342193928e-24
1.3684165975081158e-24
1.425990625575346e-24
1.4851699534332832e-24
1.5455930348520313e-24
1.606992978484178e-24
1.669177457784846e-24
1.7320125212962198e-24
1.7954097298115574e-24
1.85931602458604e-24
1.9237057864172492e-24
1.9885746289118028e-24
2.0539345533120053e-24
2.1198101684319175e-24
2.1862357414454638e-24
2.253252898266806e-24
2.3209088306020486e-24
2.389254900245494e-24
2.4583455545804746e-24
2.5282374866733495e-24
2.5989889881193405e-24
2.6706594537436958e-24
2.743309006646387e-24
2.8169982180411616e-24
2.891787902465133e-24
2.9677389726599127e-24
3.0449123415089345e-24
3.1233688615329195e-24
3.2031692937933546e-24
3.2843742998668498e-24
3.367044452402694e-24
3.45124025964172e-24
3.537022200973888e-24
3.6244507710285945e-24
3.713586530314972e-24
3.804490160304062e-24
3.897222522355695e-24
3.991844718852046e-24
4.088418156135717e-24
4.187004608384303e-24
4.2876662819436115e-24
4.3904658799249984e-24
4.495466666716463e-24
4.602732531754592e-24
4.7123280532420084e-24
4.824318560959417e-24
4.9387701986712325e-24
5.055749985568543e-24
5.175325877128093e-24
5.297566825345647e-24
5.4225428382286646e-24
5.550325038636149e-24
5.680985722859531e-24
5.8145984181592536e-24
5.9512379405811175e-24
6.090980451689418e-24
6.233903515630863e-24
6.380086155451956e-24
6.5296089097787894e-24
6.682553888808593e-24
6.839004831244986e-24
6.999047160110431e-24
7.162768039748348e-24
7.330256432553704e-24
7.501603155873842e-24
7.676900939740911e-24
7.856244484600502e-24
8.039730519594857e-24
8.227457861748061e-24
8.419527475213374e-24
8.616042531683596e-24
8.81710847116685e-24
9.02283306414779e-24
9.23332647348776e-24
9.448701318674877e-24
9.669072739745062e-24
9.894558463230653e-24
1.0125278868543894e-23
1.0361357055453048e-23
1.0602918913636264e-23
1.0850093191981032e-23
1.1103011570787491e-23
1.1361808734416857e-23
1.1626622444691008e-23
1.1897593617756838e-23
1.2174866400033303e-23
1.245858824788643e-23
1.2748910007447791e-23
1.3045985996224768e-23
1.3349974087320203e-23
1.3661035794377e-23
1.3979336359974494e-23
1.430504484284283e-23
1.4638334210051466e-23
1.497938143056558e-23
1.5328367568511886e-23
1.568547788189357e-23
1.605090192151792e-23
1.6424833632228685e-23
1.6807471456412323e-23
1.719901844009239e-23
1.759968234336208e-23
1.80096757471699e-23
1.8429216170968225e-23
1.8858526186236168e-23
1.9297833535558486e-23
1.974737125424616e-23
2.0207377794980985e-23
2.0678097152438005e-23
2.1159778995565646e-23
2.1652678800060965e-23
2.215705798274241e-23
2.2673184042368527e-23
2.3201330699655903e-23
2.3741778043894656e-23
2.429481268386145e-23
2.486072789503613e-23
2.543982378038427e-23
2.6032407427065588e-23
2.6638793068931285e-23
2.725930225551494e-23
2.789426402125973e-23
2.854401505969888e-23
2.9208899904836646e-23
2.988927110742208e-23
3.0585489431727556e-23
3.1297924040190933e-23
3.202695268766363e-23
3.277296192988085e-23
3.353634731616223e-23
3.431751361684022e-23
3.5116875016361944e-23
3.593485535323075e-23
3.677188832970398e-23
3.762841775064796e-23
3.8504897751572765e-23
3.9401793051346914e-23
4.0319579182691185e-23
4.1258742761093535e-23
4.221978172236006e-23
4.320320561025668e-23
4.420953582751683e-23
4.523930592291409e-23
4.6293061866743323e-23
4.7371362347734153e-23
4.8474779061837543e-23
4.9603897021359765e-23
5.075931485771143e-23
5.194164515302089e-23
5.315151474689225e-23
5.438956507556755e-23
5.565645251766296e-23
5.695284873781946e-23
5.827944102893841e-23
5.963693271125215e-23
6.102604345889782e-23
6.24475097287866e-23
6.390208510474034e-23
6.539054073613788e-23
6.691366571396411e-23
6.847226751626652e-23
7.006717241870123e-23
7.16992259316076e-23
7.336929326725411e-23
7.507825976771568e-23
7.682703139123557e-23
7.861653519829912e-23
8.044771982424988e-23
8.232155601251051e-23
8.423903707266554e-23
8.620117945749006e-23
8.820902329897982e-23
9.026363291916508e-23
9.23660974301873e-23
9.451753129922563e-23
9.671907491772935e-23
9.897189525938376e-23
1.0127718641084935e-22
1.036361703067405e-22
1.060500972919629e-22
1.0852024680349698e-22
1.1104792809447266e-22
1.1363448084026207e-22
1.1628127592617956e-22
1.1898971611943326e-22
1.2176123684128236e-22
1.245973069356262e-22
1.2749942937953875e-22
1.3046914213995775e-22
1.3350801892658485e-22
1.3661767014248235e-22
1.3979974353701443e-22
1.4305592533100678e-22
1.4638794081497915e-22
1.4979755548234921e-22
1.5328657589797513e-22
1.5685685059933614e-22
1.605102711269535e-22
1.6424877292308984e-22
1.6807433654706834e-22
1.7198898848445895e-22
