1.3509803301679575e-22
1.362387918878356e-22
1.3732522091477521e-22
1.3835962585906177e-22
1.393442020121432e-22
1.402810388618503e-22
1.411721245336791e-22
1.42019350015975e-22
1.4282451317851731e-22
1.4358932259263094e-22
1.4431540116147747e-22
1.450042895678985e-22
1.456574495469139e-22
1.462762669910664e-22
1.4686205489373986e-22
1.4741605613747828e-22
1.4793944613332398e-22
1.4843333531655578e-22
1.4889877150445374e-22
1.4933674212024171e-22
1.497481762893327e-22
1.5013394681099753e-22
1.5049487201088443e-22
1.5083171747662064e-22
1.5114519768239511e-22
1.5143597750419403e-22
1.5170467362930237e-22
1.5195185586383178e-22
1.5217804834029656e-22
1.523837306276537e-22
1.525693387467429e-22
1.5273526609327183e-22
1.5288186426865463e-22
1.5300944382455577e-22
1.5311827491637566e-22
1.5320858787348744e-22
1.5328057368353605e-22
1.5333438439157864e-22
1.5337013341766813e-22
1.533878957918275e-22
1.5338770830609628e-22
1.5336956958428514e-22
1.533334400716742e-22
1.5327924194180103e-22
1.5320685892047686e-22
1.5311613602912413e-22
1.5300687924285014e-22
1.528788550659251e-22
1.5273179002106848e-22
1.5256537005368983e-22
1.5237923984703027e-22
1.521730020496221e-22
1.5194621641005822e-22
1.5169839881983834e-22
1.5142902025915773e-22
1.511375056490055e-22
1.5082323259609346e-22
1.5048553004144103e-22
1.50123676796402e-22
1.4973689997342255e-22
1.4932437330121983e-22
1.4888521531882535e-22
1.4841848745507324e-22
1.4792319197488087e-22
1.4739826979772395e-22
1.4684259817871663e-22
1.4625498824813142e-22
1.456341824002669e-22
1.4497885153214506e-22
1.442875921186544e-22
1.4355892312064425e-22
1.4279128271483045e-22
1.4198302484657571e-22
1.4113241557850734e-22
1.4023762925677096e-22
1.3929674444337472e-22
1.3830773964686143e-22
1.3726848881066106e-22
1.361767565633901e-22
1.3503019320891932e-22
1.3382632945057593e-22
1.3256257083617846e-22
1.3123619190047912e-22
1.2984432999776493e-22
1.2838397880998987e-22
1.2685198149986335e-22
1.252450235092355e-22
1.2355962496565718e-22
1.2179213268558436e-22
1.1993871175515067e-22
1.1799533664405015e-22
1.1595778186857025e-22
1.1382161212319151e-22
1.1158217189641593e-22
1.0923457451677551e-22
1.0677369061455194e-22
1.0419413593280104e-22
1.0149025849366876e-22
9.865612504189478e-23
9.568550674786095e-23
9.257186412423757e-23
8.930833109457687e-23
8.588769818313692e-23
8.230239475576898e-23
7.854447030674548e-23
7.460557467313765e-23
7.047693720002566e-23
6.614934479862945e-23
6.161311891508217e-23
5.685809148031287e-23
5.1873580084893976e-23
4.664836296235305e-23
4.1170655212412177e-23
3.5428090097084347e-23
2.9407716436731625e-23
2.3096050359349717e-23
1.64793527902305e-23
9.545357401110257e-24
2.319520054625446e-24
5.412101969032576e-24
1.339973392736702e-23
2.1791217406754256e-23
3.059576144893155e-23
3.9832564175650535e-23
4.9523050870071897e-23
5.969011958927159e-23
7.03580321262533e-23
8.155243551928379e-23
9.330042411732551e-23
1.0563061986201798e-22
1.1857326408117955e-22
1.3216031877027038e-22
1.4642557685183695e-22
1.6140478160606195e-22
1.7713575597363506e-22
1.9365854230044774e-22
2.1101555359004486e-22
2.292517372093305e-22
2.48414752526242e-22
2.6855516327776084e-22
2.897266469752105e-22
3.119862221650355e-22
3.3539449643320513e-22
3.6001593655207766e-22
3.859191629756075e-22
4.131772731300234e-22
4.418681942504297e-22
4.720750706242748e-22
5.038866895550507e-22
5.373979492683156e-22
5.727103747150023e-22
6.099326869768074e-22
6.491814342683877e-22
6.9058168801126935e-22
7.342678186684698e-22
7.803843562880696e-22
8.290869510439272e-22
8.805434446362288e-22
9.349350703324492e-22
9.924577981642507e-22
1.0533238489454602e-21
1.1177633961173051e-21
1.1860264948661512e-21
1.2583852629906391e-21
1.335136358202858e-21
1.4166038035625216e-21
1.5031422055954587e-21
1.5951404607141277e-21
1.6930259929190957e-21
1.7972696657059713e-21
1.908391441901492e-21
2.0269669886328658e-21
2.1536353712995237e-21
2.289108042268702e-21
2.4341794391587494e-21
2.5897395545045256e-21
2.7567887262919032e-21
2.9364554539360672e-21
3.1300176642537072e-21
3.3389284406240515e-21
3.564847236865923e-21
3.809677970300032e-21
4.075616194713503e-21
4.365207115227747e-21
4.681418614466979e-21
5.02773306981674e-21
5.408264307074113e-21
5.827908121665474e-21
6.292537681606142e-21
6.809261277995674e-21
7.386765743631935e-21
8.035781747834818e-21
8.769722831903852e-21
9.605581992019065e-21
1.0565212207337331e-20
1.1677202353068107e-20
1.2979686575427748e-20
1.4524694228177134e-20
1.638512958534247e-20
1.866637974412137e-20
2.1526708437647738e-20
