1.8757914531847527e-24
1.8775366415758337e-24
1.8794250830357887e-24
1.8814285236920644e-24
1.88352185141345e-24
1.8856827945272837e-24
1.8878916448960754e-24
1.890131004056255e-24
1.8923855510481536e-24
1.8946418305251934e-24
1.896888059727406e-24
1.8991139529328888e-24
1.9013105620363416e-24
1.903470131967493e-24
1.905585969719663e-24
1.9076523258369836e-24
1.9096642872742554e-24
1.9116176806247973e-24
1.913508984781018e-24
1.915335252163398e-24
1.917094037721168e-24
1.918783334982049e-24
1.920401518471334e-24
1.9219472919019607e-24
1.923419641565477e-24
1.924817794427953e-24
1.9261411804570484e-24
1.927389398775875e-24
1.928562187247119e-24
1.9296593951526945e-24
1.9306809586549374e-24
1.931626878754168e-24
1.932497201493035e-24
1.93329200016572e-24
1.9340113593403546e-24
1.93465536049167e-24
1.935224069091374e-24
1.9357175229835265e-24
1.9361357219352692e-24
1.936478618218797e-24
1.9367461081314177e-24
1.936938024345412e-24
1.937054129018042e-24
1.9370941075666555e-24
1.937057563062637e-24
1.9369440111740238e-24
1.936752875615678e-24
1.9364834840669072e-24
1.9361350645119526e-24
1.935706742002249e-24
1.9351975357932073e-24
1.9346063568687503e-24
1.9339320058322182e-24
1.9331731711732128e-24
1.9323284279340016e-24
1.931396236767605e-24
1.9303749434269435e-24
1.929262778729557e-24
1.9280578590364178e-24
1.9267581872789013e-24
1.9253616546287004e-24
1.923866042893823e-24
1.9222690276559608e-24
1.9205681823970475e-24
1.9187609835843854e-24
1.9168448169583643e-24
1.9148169851498693e-24
1.9126747168038702e-24
1.910415177473758e-24
1.908035482421584e-24
1.905532711765377e-24
1.9029039281119774e-24
1.9001461971888514e-24
1.897256611802839e-24
1.8942323196157095e-24
1.8910705552931757e-24
1.8877686775628092e-24
1.884324212071574e-24
1.8807349005582815e-24
1.876998757487838e-24
1.8731141350921984e-24
1.869079797917027e-24
1.8648950083751514e-24
1.8605596247596862e-24
1.856074213367973e-24
1.8514401768984358e-24
1.8466599013170186e-24
1.8417369235964243e-24
1.836676123523502e-24
1.8314839428153397e-24
1.826168634874419e-24
1.8207405501659014e-24
1.815212461298386e-24
1.8095999334706722e-24
1.8039217462118297e-24
1.798200372927579e-24
1.7924625256398235e-24
1.7867397728165026e-24
1.781069239243005e-24
1.7754943964914624e-24
1.7700659542746245e-24
1.7648428622337076e-24
1.759893432241098e-24
1.7552965897140556e-24
1.751143262917466e-24
1.747537915342174e-24
1.7446002247729807e-24
1.7424669065683577e-24
1.7412936748371753e-24
1.7412573252343692e-24
1.7425579156029827e-24
1.7454210087551555e-24
1.7500999293742547e-24
1.756877975014019e-24
1.7660705104369083e-24
1.7780268655221996e-24
1.7931319556756856e-24
1.8118075515680725e-24
1.8345131438756693e-24
1.8617463836424314e-24
1.894043128759095e-24
1.9319771905287604e-24
1.976159953191025e-24
2.0272401099751573e-24
2.085903835484794e-24
2.1528757669878294e-24
2.2289211950075525e-24
2.3148498662659847e-24
2.411521779623475e-24
2.5198553110392365e-24
2.640837961984121e-24
2.775539982199471e-24
2.925131114867366e-24
3.0909007116194188e-24
3.2742815444939606e-24
3.476877705343238e-24
3.700497110806699e-24
3.947189272484079e-24
4.219289110266272e-24
4.519467705731354e-24
4.8507909443234014e-24
5.216786849312324e-24
5.6215221053463216e-24
6.06968733794997e-24
6.566689006840608e-24
7.118742571008922e-24
7.732955574223181e-24
8.41737924170547e-24
9.180989468501376e-24
1.0033528983509458e-23
1.0985095741234782e-23
1.2045291448582363e-23
1.3221647580363254e-23
1.4516939038499164e-23
1.5924948655483003e-23
1.742443775102416e-23
1.8971851301536255e-23
2.049504135901072e-23
2.1892860587198484e-23
2.3046898973300742e-23
2.384789424282133e-23
2.4228739359951838e-23
2.4186241513442568e-23
2.3777901359762986e-23
2.309730577596128e-23
2.2244579320857703e-23
2.1305771376920706e-23
2.0344656332347473e-23
1.9403318484595813e-23
1.8506632931317516e-23
1.7667368124706007e-23
1.6890464390546158e-23
1.6176152100335083e-23
1.5522043120482336e-23
1.4924460937165033e-23
1.4379249903463736e-23
1.3882246599327407e-23
1.3429542555139412e-23
1.301761645461277e-23
1.2643393022411216e-23
1.2304257356293332e-23
1.199804602241114e-23
1.1723025177733357e-23
1.1477863972015983e-23
1.1261605078577693e-23
1.1073634774125577e-23
1.0913653623361092e-23
1.0781646121251462e-23
1.0677851778149587e-23
1.0602733721631277e-23
1.0556948087887193e-23
1.0541311492054686e-23
1.0556768624541368e-23
1.060435940717481e-23
1.0685188141963162e-23
1.0800393138544354e-23
1.095112149762908e-23
1.1138507557907838e-23
1.1363656722093637e-23
1.162763593406145e-23
1.1931469954842214e-23
