2.280832588807569e-24
2.309597877699538e-24
2.3370196472341042e-24
2.3631396671029595e-24
2.3879992096796986e-24
2.411638821214589e-24
2.4340981435412672e-24
2.4554157767869913e-24
2.4756291754394962e-24
2.4947745715959603e-24
2.5128869203961216e-24
2.529999863579839e-24
2.5461457078667084e-24
2.5613554154644746e-24
2.575658604507365e-24
2.5890835576287646e-24
2.601657237200434e-24
2.613405306041293e-24
2.6243521526200366e-24
2.6345209199608006e-24
2.6439335376108096e-24
2.652610756159381e-24
2.6605721838993693e-24
2.6678363253151753e-24
2.674420621150983e-24
2.6803414898805943e-24
2.6856143704489794e-24
2.690253766202968e-24
2.6942732899644375e-24
2.6976857102326784e-24
2.7005029985274172e-24
2.702736377908171e-24
2.7043963727220767e-24
2.7054928596487995e-24
2.706035120121172e-24
2.7060318942105904e-24
2.7054914360709754e-24
2.7044215710394703e-24
2.7028297544926788e-24
2.700723132555546e-24
2.6981086047570906e-24
2.6949928887198257e-24
2.691382586963166e-24
2.68728425588709e-24
2.6827044769936437e-24
2.6776499303831423e-24
2.672127470548565e-24
2.6661442044684902e-24
2.6597075719769765e-24
2.6528254283651776e-24
2.645506129139118e-24
2.6377586168329573e-24
2.6295925097404647e-24
2.6210181923983413e-24
2.6120469076159905e-24
2.6026908498097423e-24
2.592963259360247e-24
2.5828785176702624e-24
2.5724522425568246e-24
2.5617013835655652e-24
2.550644316752549e-24
2.539300938423579e-24
2.527692757280836e-24
2.5158429843632212e-24
2.5037766201238215e-24
2.4915205379252172e-24
2.4791035631770992e-24
2.466556547284363e-24
2.4539124355063797e-24
2.4412063277725797e-24
2.4284755314265325e-24
2.4157596048166306e-24
2.4031003905845867e-24
2.3905420374366277e-24
2.378131009144312e-24
2.3659160794651853e-24
2.353948311644217e-24
2.3422810211453003e-24
2.330969720277569e-24
2.320072043406368e-24
2.309647651533318e-24
2.299758115147419e-24
2.2904667744208777e-24
2.281838576065397e-24
2.2739398864693536e-24
2.2668382811041193e-24
2.2606023106385243e-24
2.255301244722493e-24
2.2510047949644946e-24
2.247782819284011e-24
2.245705010484532e-24
2.2448405725468664e-24
2.245257888868413e-24
2.2470241872222608e-24
2.250205206814044e-24
2.2548648731717557e-24
2.2610649869106247e-24
2.2688649324601025e-24
2.2783214127360773e-24
2.2894882153656292e-24
2.3024160155319418e-24
2.3171522197075756e-24
2.333740853630858e-24
2.352222496722303e-24
2.3726342640507218e-24
2.3950098356294114e-24
2.4193795317116773e-24
2.445770431578677e-24
2.4742065323181823e-24
2.504708943282561e-24
2.5372961112274418e-24
2.571984070704807e-24
2.6087867141080728e-24
2.647716075686069e-24
2.6887826240082396e-24
2.7319955577339962e-24
2.7773630999414377e-24
2.8248927868095946e-24
2.8745917470809974e-24
2.9264669693025233e-24
2.980525554562304e-24
3.036774952909899e-24
3.0952231823909828e-24
3.1558790298994313e-24
3.218752233779079e-24
3.2838536482750912e-24
3.351195390295549e-24
3.420790969330137e-24
3.492655401342524e-24
3.56680530777478e-24
3.643259000921607e-24
3.722036556582397e-24
3.8031598756937174e-24
3.886652735673207e-24
3.972540833020135e-24
4.060851818084067e-24
4.151615323306317e-24
4.244862985557541e-24
4.340628463945998e-24
4.438947453639104e-24
4.539857696405049e-24
4.643398989092933e-24
4.749613189945679e-24
4.858544223665784e-24
4.9702380859874e-24
5.0847428475903134e-24
5.202108658394942e-24
5.322387751706868e-24
5.445634449501193e-24
5.571905168408102e-24
5.701258426575723e-24
5.833754852031363e-24
5.96945719242212e-24
6.108430326521099e-24
6.250741276130938e-24
6.3964592217859474e-24
6.5456555182403555e-24
6.698403712771085e-24
6.854779565600466e-24
7.014861070783684e-24
7.178728481288473e-24
7.346464333035815e-24
7.518153474316254e-24
7.693883093687316e-24
7.873742752770215e-24
8.0578244192441e-24
8.246222501342473e-24
8.439033886971782e-24
8.636357980486402e-24
8.838296747119816e-24
9.044954752265624e-24
9.256439210415586e-24
9.472860028480697e-24
9.694329856634592e-24
9.92096413859343e-24
1.0152881165077958e-23
1.0390202124820005e-23
1.0633051167306192e-23
1.088155545479279e-23
1.11358452258569e-23
1.139605385712079e-23
1.1662317926377573e-23
1.1934777280588644e-23
1.221357510038266e-23
1.2498857973488203e-23
1.2790775963781344e-23
1.3089482686387826e-23
1.339513538712462e-23
1.3707895009396388e-23
1.4027926287235622e-23
1.4355397811127365e-23
1.469048213213418e-23
1.503335582750709e-23
1.5384199600098093e-23
1.5743198366527348e-23
1.611054134375668e-23
1.648642215140822e-23
1.6871038891697854e-23
1.7264594267585985e-23
1.7667295664667004e-23
1.8079355257605845e-23
