2.2379119940792822e-24
2.237686649142162e-24
2.2375944277709335e-24
2.2376171281751783e-24
2.237738360245801e-24
2.2379433789630884e-24
2.2382189314615688e-24
2.2385531168239e-24
2.2389352577025683e-24
2.2393557829022515e-24
2.2398061200932273e-24
2.2402785978703243e-24
2.240766356414153e-24
2.2412632660578952e-24
2.24176385310791e-24
2.2422632323084123e-24
2.2427570453879004e-24
2.2432414051612947e-24
2.2437128447055273e-24
2.244168271160434e-24
2.2446049237451938e-24
2.2450203356114527e-24
2.2454122991847213e-24
2.245778834679049e-24
2.246118161488896e-24
2.246428672196093e-24
2.246708908944609e-24
2.246957541961697e-24
2.24717335002448e-24
2.2473552026826745e-24
2.2475020440713634e-24
2.2476128781608888e-24
2.2476867553027603e-24
2.247722759943831e-24
2.2477199993966796e-24
2.247677593560192e-24
2.2475946654915267e-24
2.247470332753033e-24
2.247303699447893e-24
2.247093848880144e-24
2.246839836775023e-24
2.246540685004026e-24
2.2461953757632346e-24
2.245802846164891e-24
2.245361983200618e-24
2.2448716190412487e-24
2.244330526649165e-24
2.243737415672063e-24
2.2430909286137205e-24
2.2423896372407522e-24
2.241632039242358e-24
2.2408165551189864e-24
2.2399415253049013e-24
2.2390052075251076e-24
2.238005774396055e-24
2.2369413112848866e-24
2.2358098144345077e-24
2.2346091893972455e-24
2.233337249786527e-24
2.2319917164023175e-24
2.2305702167536466e-24
2.2290702850612264e-24
2.2274893627637756e-24
2.22582479963996e-24
2.2240738555956892e-24
2.222233703243567e-24
2.2203014313592087e-24
2.2182740493619337e-24
2.216148492965961e-24
2.213921631156433e-24
2.2115902746951232e-24
2.2091511863854093e-24
2.2066010933203002e-24
2.2039367014306603e-24
2.2011547126483075e-24
2.1982518450620505e-24
2.1952248565030358e-24
2.1920705720374756e-24
2.188785915949146e-24
2.1853679488199995e-24
2.1818139105090786e-24
2.178121269769534e-24
2.1742877815848915e-24
2.1703115532459133e-24
2.1661911204368092e-24
2.1619255348616114e-24
2.157514464959089e-24
2.1529583116898107e-24
2.148258341577272e-24
2.143416839473569e-24
2.1384372839611103e-24
2.133324548662621e-24
2.128085133263318e-24
2.1227274285340543e-24
2.11726202034962e-24
2.1117020382508787e-24
2.1060635551400857e-24
2.100366045262861e-24
2.094632908903707e-24
2.0888920730682135e-24
2.0831766788516955e-24
2.0775258670702705e-24
2.07198567553154e-24
2.0666100620761367e-24
2.0614620694059773e-24
2.056615148430485e-24
2.0521546579789194e-24
2.0481795593331775e-24
2.044804323884099e-24
2.042161071431971e-24
2.040401954812321e-24
2.0397018027698643e-24
2.0402610283821816e-24
2.042308802378933e-24
2.0461064824570177e-24
2.0519512765547463e-24
2.0601801064340655e-24
2.0711736226764522e-24
2.0853603121744372e-24
2.103220627223325e-24
2.1252910705090587e-24
2.152168179625063e-24
2.1845123897034133e-24
2.2230518074792482e-24
2.26858601431195e-24
2.3219901268439483e-24
2.384219479468123e-24
2.4563154449513037e-24
2.5394130689267284e-24
2.634751342851921e-24
2.7436870778189816e-24
2.867713461233925e-24
3.0084844896679723e-24
3.1678465885487223e-24
3.347878895469675e-24
3.5509438969226404e-24
3.779750435635899e-24
4.037431514332041e-24
4.327639835215677e-24
4.654664534235745e-24
5.023572951977768e-24
5.440381160826814e-24
5.912255613536042e-24
6.447744198628828e-24
7.057025294932062e-24
7.75214237350499e-24
8.547148465595203e-24
9.457999442201926e-24
1.050187335368443e-23
1.1695304862586144e-23
1.3050064538928297e-23
1.4565150370791273e-23
1.621310794824563e-23
1.7920788817604704e-23
1.9551610231665905e-23
2.0909013822037155e-23
2.1785720447799584e-23
2.2052501710768468e-23
2.1723870308228177e-23
2.094017698176803e-23
1.9888085960834528e-23
1.8729714690505247e-23
1.757478481785843e-23
1.6484611061015094e-23
1.5486898956799028e-23
1.458952198192044e-23
1.3790026328513586e-23
1.3081311383266945e-23
1.2454732395613086e-23
1.1901669789010324e-23
1.1414249056859973e-23
1.0985613356345508e-23
1.0609972048292935e-23
1.0282544572121913e-23
9.999461188652597e-24
9.757651220462483e-24
9.55473297773023e-24
9.388911037598403e-24
9.258882840673907e-24
9.163754334979394e-24
9.102964317754567e-24
9.076216657068962e-24
9.08342032627139e-24
9.124637051934082e-24
9.200036989959473e-24
9.309862533882655e-24
9.454400524566756e-24
9.633962709450426e-24
9.848873986404437e-24
1.0099467670976792e-23
1.0386086535267089e-23
1.0709088554012716e-23
1.1068855740102368e-23
1.1465804988432996e-23
1.1900399770859697e-23
1.2373161776542264e-23
1.288468194715155e-23
1.3435630374027701e-23
1.4026765110033297e-23
1.4658939581503993e-23
1.5333108843854986e-23
