8.481951234826093e-23
8.633637776989932e-23
8.777952109302229e-23
8.91520050468734e-23
9.045674231140385e-23
9.169650170780363e-23
9.287391408248418e-23
9.399147789710509e-23
9.505156453679542e-23
9.605642334733787e-23
9.700818641304975e-23
9.790887308450714e-23
9.876039426633073e-23
9.956455647412832e-23
1.0032306566911776e-22
1.0103753087857284e-22
1.0170946760977196e-22
1.0234030106494127e-22
1.0293136916367705e-22
1.034839253794756e-22
1.0399914139619004e-22
1.0447810959048896e-22
1.049218453446526e-22
1.0533128919562876e-22
1.0570730882415209e-22
1.060507008882755e-22
1.0636219270555235e-22
1.0664244378627919e-22
1.068920472224123e-22
1.0711153093406026e-22
1.0730135877633124e-22
1.0746193150836034e-22
1.075935876276015e-22
1.0769660406996848e-22
1.0777119677745758e-22
1.0781752113392404e-22
1.0783567227094498e-22
1.0782568524255462e-22
1.0778753507045327e-22
1.0772113665840668e-22
1.0762634457632196e-22
1.0750295271309036e-22
1.0735069379479864e-22
1.071692387720506e-22
1.0695819606955902e-22
1.067171106979491e-22
1.0644546322648152e-22
1.0614266861216978e-22
1.0580807488314022e-22
1.0544096167316012e-22
1.0504053860183782e-22
1.046059434988335e-22
1.0413624046448043e-22
1.0363041776501441e-22
1.0308738555329625e-22
1.0250597341283437e-22
1.0188492771568186e-22
1.0122290878788216e-22
1.0051848787681157e-22
9.977014390881289e-23
9.89762600329615e-23
9.813511993608556e-23
9.724490392524279e-23
9.630368476088853e-23
9.530942323358609e-23
9.425996347019786e-23
9.315302795636126e-23
9.198621226004814e-23
9.07569794469319e-23
8.946265415774785e-23
8.810041635241149e-23
8.666729467867833e-23
8.516015946061844e-23
8.35757152817158e-23
8.191049314142548e-23
8.016084215724557e-23
7.832292079125237e-23
7.639268756904397e-23
7.436589126594744e-23
7.223806052827385e-23
7.000449289338518e-23
6.766024317888143e-23
6.52001111958509e-23
6.261862875889187e-23
5.991004594208731e-23
5.706831655045069e-23
5.408708276729065e-23
5.0959658949930464e-23
4.767901456158659e-23
4.423775627251487e-23
4.0628109324009336e-23
3.684189845511215e-23
3.287052907838362e-23
2.870497048691313e-23
2.433574594517251e-23
1.9752944836578277e-23
1.4946315179258985e-23
9.905749358232e-24
4.625464841227355e-24
1.0394120212611522e-24
6.78269219054041e-24
1.2886051302464231e-23
1.9294426386990138e-23
2.6020115245214038e-23
3.3078545722384553e-23
4.048646969125582e-23
4.82617149797356e-23
5.64231639899376e-23
6.49907893859965e-23
7.398571097617408e-23
8.343026393795413e-23
9.334807531119108e-23
1.0376414792861262e-22
1.147049517439529e-22
1.2619852294368788e-22
1.382745713823427e-22
1.5096459709372344e-22
1.6430201673029075e-22
1.7832230087726214e-22
1.930631233443788e-22
2.0856452372408795e-22
2.248690845287502e-22
2.420221245659649e-22
2.600719102379562e-22
2.7906988684325384e-22
2.990709320439642e-22
3.201336342433639e-22
3.4232059845066784e-22
3.656987833463147e-22
3.90339872925919e-22
4.1632068728573806e-22
4.437236373269013e-22
4.726372288779761e-22
5.031566233748298e-22
5.3538426122769275e-22
5.694305582141456e-22
6.05414683208806e-22
6.434654300583948e-22
6.837221966625508e-22
7.263360865919713e-22
7.714711527643615e-22
8.193058037454242e-22
8.70034399465702e-22
9.23869065166716e-22
9.810417616754177e-22
1.0418066531127077e-21
1.1064428245566064e-21
1.175257411021443e-21
1.2485892131516283e-21
1.3268128887767898e-21
1.410343833658214e-21
1.499643883235128e-21
1.5952280039661632e-21
1.697672181274661e-21
1.8076227607487715e-21
1.9258075620523476e-21
2.0530491776325623e-21
2.1902809676902522e-21
2.3385664173668646e-21
2.4991227101882393e-21
2.673349614958483e-21
2.8628651727946263e-21
3.0695500873559802e-21
3.2956034283127542e-21
3.543613149604559e-21
3.816646239695441e-21
4.118365168661403e-21
4.453180090313535e-21
4.826450214116725e-21
5.244754034856879e-21
5.716257431515632e-21
6.251223775375447e-21
6.862734185759454e-21
7.56772653117851e-21
8.388530633334339e-21
9.355200184224086e-21
1.0509168886724128e-20
1.1909200059235258e-20
1.3641502303884306e-20
1.5837862282209516e-20
1.8710328199204786e-20
2.2623202580777725e-20
2.825929103785229e-20
3.7063980543032145e-20
5.27133982830949e-20
8.800831454047656e-20
2.3116451753542865e-19
2.7119487791552027e-19
9.985873677567179e-20
6.122643237285261e-20
4.461735897268388e-20
3.5410967772636646e-20
2.9568506061056845e-20
2.553458042202803e-20
2.2583940078908217e-20
2.0333109016903638e-20
1.856035032645186e-20
1.7128550217849116e-20
1.594837069960679e-20
1.4959108556808085e-20
1.4118071698283918e-20
