1.8880134073069073e-12
1.8440851371943023e-12
1.7915199122009376e-12
1.7384050781351664e-12
1.687993903157632e-12
1.633784141635799e-12
1.5837582296715079e-12
1.5332808315933858e-12
1.486308951373703e-12
1.434013670458817e-12
1.3882330004749373e-12
1.341144522431884e-12
1.2948486047969606e-12
1.2496823603793712e-12
1.204089096136544e-12
1.1622048757686039e-12
1.1190565435800753e-12
1.078990117793705e-12
1.0390436073301937e-12
1.0011850504068132e-12
9.61669845138097e-13
9.248841781023027e-13
8.906031887831506e-13
8.549250955765182e-13
8.223110892573443e-13
7.887752422562838e-13
7.579119304094504e-13
7.271228249897874e-13
6.982351030420857e-13
6.701447051928749e-13
6.42561405916177e-13
6.156750975538956e-13
5.902298556533884e-13
5.656363051331128e-13
5.421917430330243e-13
5.191254730500614e-13
4.976471370256338e-13
4.762450549790303e-13
4.5573065103938e-13
4.363978355326007e-13
4.174060460787334e-13
3.9928491336969893e-13
3.8192908532666084e-13
3.651444396641324e-13
3.490269464059716e-13
3.336712975630178e-13
3.188409967349126e-13
3.0465255602549875e-13
2.910050674664144e-13
2.7789080719975203e-13
2.654136428799509e-13
2.532283143692832e-13
2.41823432921826e-13
2.306934554660695e-13
2.2008849278854157e-13
2.098935634115359e-13
2.0017570061622495e-13
1.9087278910406107e-13
1.818990322094331e-13
1.733099619299681e-13
1.651366675167194e-13
1.5726771128983437e-13
1.4976206492177863e-13
1.425570810898819e-13
1.356840914307566e-13
1.2910767903620494e-13
1.2277548241491749e-13
1.1674141613065206e-13
1.1094740078610226e-13
1.0544275269290532e-13
1.001446606257456e-13
9.508821079715097e-14
9.02421108378331e-14
8.562001286437691e-14
8.119491216080213e-14
7.69568173099706e-14
7.292188917114178e-14
6.904402121968296e-14
6.534651304860664e-14
6.181116249159842e-14
5.842570930431197e-14
5.5189573492768096e-14
5.2096253145572327e-14
4.9143241809899115e-14
4.631985025637195e-14
4.3621783372118376e-14
4.1039193069231766e-14
3.857292064466076e-14
3.621553773792588e-14
3.3962201058159984e-14
3.1808734133309737e-14
2.975292965921574e-14
2.7786651675438753e-14
2.5907774249432726e-14
2.4112617185624057e-14
2.2398789363490705e-14
2.075940276775242e-14
1.9193657896622463e-14
1.7696962234727444e-14
1.6268127548341847e-14
1.4902378648899792e-14
1.3597556772228515e-14
1.2351187488122557e-14
1.1160402182199229e-14
1.0022704127227389e-14
8.936179190863906e-15
7.89800668290895e-15
6.906280793942271e-15
5.958981069343982e-15
5.054171598177024e-15
4.189939182998558e-15
3.364490456364306e-15
2.576182568166057e-15
1.823623844538067e-15
1.1057606157228695e-15
4.256754493123634e-16
2.620366643250982e-16
8.752022157472859e-16
1.4718036333243286e-15
2.0428820374057167e-15
2.588655373990173e-15
3.1100981931828034e-15
3.60815314964411e-15
4.083846124910023e-15
4.53826340545558e-15
4.9721478012913824e-15
5.386505520099702e-15
5.782198008308451e-15
6.160198240222026e-15
6.5210067416790546e-15
6.865642662598176e-15
7.194666858512842e-15
7.50890430303373e-15
7.8087766294016e-15
8.095240580354863e-15
8.368691530618728e-15
8.629718607759741e-15
8.879084627399163e-15
9.116947138976337e-15
9.344040421211672e-15
9.56086046059345e-15
9.767705391206844e-15
9.96527841346274e-15
1.0153660349196873e-14
1.0333559794362088e-14
1.0505095975628942e-14
1.0668827447772987e-14
1.0825027296517899e-14
1.0973995189432105e-14
1.1116096412697705e-14
1.1251578704361976e-14
1.138081482883035e-14
1.1504067177987e-14
1.1621435845634757e-14
1.1733299092639327e-14
1.1840039537725382e-14
1.1941534198544974e-14
1.2038303888596912e-14
1.213039678313167e-14
1.2218075598532059e-14
1.230142851698049e-14
1.238078511938832e-14
1.245621875440285e-14
1.2527896885320655e-14
1.2596001129212487e-14
1.266063836976658e-14
1.2721892744864481e-14
1.2779982522370699e-14
1.2835038230705867e-14
1.2887153423812419e-14
1.293639163445415e-14
1.2982849361653867e-14
1.3026757896864192e-14
1.3068182211869025e-14
1.310698763430461e-14
1.3143505781176818e-14
1.3177700087427093e-14
1.320965241115692e-14
1.3239506859523914e-14
1.3267201294803804e-14
1.3292899177917165e-14
1.3316590096389723e-14
1.3338341619463679e-14
1.3358199870887273e-14
1.3376182608131408e-14
1.3392387416337085e-14
1.3406818445378703e-14
1.3419515764519933e-14
1.3430453112273612e-14
1.3439696105664181e-14
1.3447252968344561e-14
1.3453154399913062e-14
1.3457352206441581e-14
1.3459939927241204e-14
1.3460829961577197e-14
1.346011401267636e-14
1.3457725245229295e-14
1.3453623315911566e-14
1.34478647897334e-14
1.3440403317798203e-14
1.3431254036285007e-14
