7.485798059165466e-24
7.506071809551742e-24
7.516692686596672e-24
7.517683738507858e-24
7.509047697640617e-24
7.490766991249961e-24
7.462803712885623e-24
7.425099552098178e-24
7.377575684869783e-24
7.32013262330204e-24
7.252650025236799e-24
7.17498646498576e-24
7.086979164402348e-24
6.988443686358915e-24
6.879173590639351e-24
6.758940054792237e-24
6.627491463076944e-24
6.48455296482264e-24
6.329826011986175e-24
6.162987880024218e-24
5.98369118661682e-24
5.791563427507487e-24
5.586206555934995e-24
5.367196652040776e-24
5.134083750035113e-24
4.886391939454134e-24
4.623619927055489e-24
4.345242388860764e-24
4.0507126973455756e-24
3.739468125637148e-24
3.410939711800277e-24
3.064571410170678e-24
2.699859150363546e-24
2.316436809943573e-24
1.9142874211451882e-24
1.4943513117299418e-24
1.0607519652510572e-24
6.328559431440911e-25
3.5424069603308137e-25
6.116276441845488e-25
1.108392393656537e-24
1.6673828053922534e-24
2.2650356552581274e-24
2.8968414286268214e-24
3.562132953448571e-24
4.261439466292922e-24
4.995789961496939e-24
5.7664776713081906e-24
6.57496668827162e-24
7.42285106365126e-24
8.311836014254406e-24
9.243729465818733e-24
1.0220438845699456e-23
1.1243970767108265e-23
1.2316432407662452e-23
1.3440033956748025e-23
1.46170917953508e-23
1.5850032192565138e-23
1.7141395427350099e-23
1.8493840233907684e-23
1.9910148561726544e-23
2.1393230600811962e-23
2.2946130064242695e-23
2.4572029720348884e-23
2.6274257175933918e-23
2.805629089747144e-23
2.992176647646034e-23
3.187448314348414e-23
3.3918410535424063e-23
3.6057695704344054e-23
3.8296670373144165e-23
4.063985850851908e-23
4.3091984049569846e-23
4.565797898051941e-23
4.834299167024404e-23
5.115239542517424e-23
5.409179736324157e-23
5.716704752243567e-23
6.03842482438499e-23
6.374976385076566e-23
6.72702305750958e-23
7.095256669668527e-23
7.480398302771132e-23
7.88319935928763e-23
8.304442650094103e-23
8.74494352616916e-23
9.205550995101539e-23
9.687148897801023e-23
1.0190657079121342e-22
1.0717032579717962e-22
1.1267270853697483e-22
1.1842406986345035e-22
1.244351692543204e-22
1.3071718719545575e-22
1.3728173786964866e-22
1.4414088105624454e-22
1.5130713505932985e-22
1.5879348870902248e-22
1.666134136676267e-22
1.7478087650609024e-22
1.8331035023557874e-22
1.9221682585743663e-22
2.01515823595229e-22
2.1122340339036487e-22
2.2135617517655824e-22
2.3193130842111637e-22
2.429665410179839e-22
2.544801873014389e-22
2.6649114570983306e-22
2.790189053343898e-22
2.92083550874439e-22
3.0570576589257037e-22
3.1990683893750154e-22
3.347086625993525e-22
3.501337337184409e-22
3.6620515487638307e-22
3.8294662832247064e-22
4.003824537502146e-22
4.1853752246921436e-22
4.3743730657346975e-22
4.57107851918547e-22
4.775757627361086e-22
4.98868191996916e-22
5.210128229103325e-22
5.440378476226658e-22
5.679719551878241e-22
5.928442969606937e-22
6.186844761290221e-22
6.455225081238315e-22
6.733887940394337e-22
7.023141084940816e-22
7.323295394083815e-22
7.634664713258439e-22
7.957565453515754e-22
8.292316276856694e-22
8.63923763516518e-22
8.99865150304443e-22
9.370880855843519e-22
9.756249390189203e-22
1.0155081092593566e-21
1.0567699933575818e-21
1.0994429410913408e-21
1.1435592154412453e-21
1.1891509847510914e-21
1.2362502470884e-21
1.284888865249598e-21
1.3350984343937586e-21
1.3869104089468718e-21
1.4403559649122967e-21
1.4954660103031715e-21
1.5522711920637823e-21
1.6108018946433904e-21
1.6710882375528107e-21
1.733160071886231e-21
1.7970469266219422e-21
1.862778180117553e-21
1.930382938644476e-21
1.9998900853203062e-21
2.0713283725676993e-21
2.1447264117633008e-21
2.220112712817433e-21
2.2975157162525045e-21
2.3769639817727283e-21
2.4584859365442253e-21
2.54211026168556e-21
2.627865804776729e-21
2.715781600962325e-21
2.805887102505882e-21
2.8982118393816916e-21
2.9927862120699366e-21
3.0896409607393585e-21
3.1888071133110375e-21
3.2903169469180962e-21
3.394202935979821e-21
3.500498465501359e-21
3.609238061941804e-21
3.7204571561482574e-21
3.834191743136274e-21
3.9504789862790524e-21
4.0693576904116946e-21
4.190867333551446e-21
4.315048303085178e-21
4.4419429857851056e-21
4.57159473198514e-21
4.704047883268428e-21
4.83934856417059e-21
4.977543921810017e-21
5.118682908581287e-21
5.262815432536626e-21
5.409993216419754e-21
5.56026907348083e-21
5.7136971143557215e-21
5.870333546461802e-21
6.0302343854994916e-21
6.1934580092118745e-21
6.3600649386223355e-21
6.53011494496891e-21
6.703671208225322e-21
6.880794816264136e-21
7.061550163466693e-21
7.246003044094977e-21
