2.4603270839931334e-24
2.458932443874942e-24
2.4577027599122265e-24
2.4566215077469835e-24
2.455673668185423e-24
2.4548455970788342e-24
2.454124905601396e-24
2.453500350213686e-24
2.4529617316296125e-24
2.4524998021329424e-24
2.452106180624432e-24
2.4517732748120518e-24
2.4514942099932698e-24
2.4512627639113235e-24
2.451073307200802e-24
2.4509207489717655e-24
2.4508004871120182e-24
2.450708362917801e-24
2.4506406196926714e-24
2.450593864979273e-24
2.4505650361176283e-24
2.4505513688447207e-24
2.4505503686737635e-24
2.450559784813331e-24
2.4505775864046735e-24
2.4506019408740932e-24
2.450631194214785e-24
2.45066385302706e-24
2.450698568160454e-24
2.4507341198149486e-24
2.450769403970157e-24
2.45080342002203e-24
2.4508352595186064e-24
2.4508640958933256e-24
2.4508891751054682e-24
2.4509098071031596e-24
2.4509253580331127e-24
2.4509352431267764e-24
2.450938920199636e-24
2.4509358837050783e-24
2.450925659289429e-24
2.450907798800309e-24
2.45088187570309e-24
2.4508474808654338e-24
2.4508042186723816e-24
2.450751703438782e-24
2.4506895560873917e-24
2.450617401064724e-24
2.4505348634683705e-24
2.4504415663626244e-24
2.4503371282595365e-24
2.4502211607468412e-24
2.450093266243132e-24
2.4499530358641844e-24
2.4498000473845856e-24
2.4496338632805522e-24
2.4494540288405257e-24
2.449260070331844e-24
2.4490514932111694e-24
2.44882778036988e-24
2.4485883904029096e-24
2.4483327558932522e-24
2.4480602817031933e-24
2.4477703432644318e-24
2.4474622848596633e-24
2.4471354178890256e-24
2.4467890191142545e-24
2.4464223288749595e-24
2.446034549271076e-24
2.445624842305554e-24
2.4451923279827956e-24
2.444736082357275e-24
2.4442551355279436e-24
2.44374846957403e-24
2.4432150164276745e-24
2.442653655679824e-24
2.442063212315366e-24
2.4414424543740124e-24
2.4407900905340376e-24
2.4401047676152396e-24
2.4393850679987704e-24
2.4386295069617887e-24
2.4378365299240766e-24
2.4370045096058142e-24
2.4361317430944477e-24
2.4352164488210465e-24
2.4342567634445956e-24
2.4332507386459755e-24
2.432196337832381e-24
2.4310914327535805e-24
2.4299338000346376e-24
2.428721117627556e-24
2.4274509611883886e-24
2.4261208003863306e-24
2.424727995153372e-24
2.423269791884984e-24
2.421743319604441e-24
2.4201455861069097e-24
2.4184734740995637e-24
2.41672373736157e-24
2.414892996947209e-24
2.412977737463163e-24
2.4109743034544972e-24
2.4088788959392404e-24
2.4066875691396545e-24
2.4043962274648928e-24
2.4020006228081703e-24
2.3994963522332565e-24
2.3968788561346798e-24
2.3941434169718686e-24
2.3912851586900304e-24
2.38829904696203e-24
2.3851798904020723e-24
2.3819223429297427e-24
2.3785209074873784e-24
2.3749699413482337e-24
2.3712636632874787e-24
2.3673961629331347e-24
2.363361412662671e-24
2.3591532824697034e-24
2.3547655582915214e-24
2.3501919643689153e-24
2.3454261902998396e-24
2.3404619235562866e-24
2.3352928883602745e-24
2.3299128919595064e-24
2.3243158795188647e-24
2.3184959990435226e-24
2.31244767798873e-24
2.3061657134906486e-24
2.299645378482854e-24
2.2928825463504305e-24
2.2858738372332104e-24
2.2786167896298207e-24
2.27111006159397e-24
2.2633536665690235e-24
2.2553492497997163e-24
2.247100412313969e-24
2.238613090711836e-24
2.22989600246773e-24
2.220961168179066e-24
2.2118245242265738e-24
2.2025066416877863e-24
2.1930335701197947e-24
2.1834378280399674e-24
2.173759565633277e-24
2.164047929429738e-24
2.1543626634330324e-24
2.144775986414181e-24
2.1353747907228176e-24
2.1262632138257053e-24
2.117565639548939e-24
2.109430191160553e-24
2.1020327822296764e-24
2.0955817925405658e-24
2.090323433727857e-24
2.086547860797988e-24
2.0845960689203163e-24
2.084867587154495e-24
2.0878289394755083e-24
2.0940227866054786e-24
2.104077589382451e-24
2.1187175481950856e-24
2.13877247989869e-24
2.1651872046898676e-24
2.1990299447587735e-24
2.2414991962442437e-24
2.293928525742044e-24
2.3577887332714794e-24
2.434686736668097e-24
2.5263602192576674e-24
2.6346663106222105e-24
2.761561021151246e-24
2.9090634369813556e-24
3.07919438721063e-24
3.2738730769978295e-24
3.494747024371795e-24
3.7429214801140346e-24
4.018547557558899e-24
4.320231390679401e-24
4.6442552620761465e-24
4.983679720322715e-24
5.3275457054901e-24
5.660604166991516e-24
5.96415724499134e-24
6.218463197285656e-24
6.406518309967402e-24
6.5180500356485796e-24
6.551982827793074e-24
6.516206532547152e-24
6.424926816429927e-24
6.295030714996214e-24
6.142954013660092e-24
5.982790401264221e-24
5.825609416664458e-24
5.6795751703512335e-24
5.550439884798549e-24
5.4421220356314364e-24
5.357221789920051e-24
5.297423361662587e-24
5.263784770459665e-24
