6.04131402511936e-22
6.04358602135818e-22
6.045725543322605e-22
6.047737132009787e-22
6.049625056771529e-22
6.051393324409478e-22
6.053045687672273e-22
6.054585653240313e-22
6.056016489167588e-22
6.057341231875341e-22
6.058562692533445e-22
6.059683463084263e-22
6.060705921735652e-22
6.061632238012733e-22
6.062464377353219e-22
6.0632041053193445e-22
6.063852991281303e-22
6.0644124118188215e-22
6.064883553627677e-22
6.065267415978643e-22
6.065564812901886e-22
6.065776374890348e-22
6.065902550242324e-22
6.065943605998564e-22
6.065899628480895e-22
6.065770523508175e-22
6.065556016227103e-22
6.065255650355977e-22
6.0648687873943e-22
6.064394605216617e-22
6.06383209616931e-22
6.063180065106934e-22
6.062437126740397e-22
6.061601702744686e-22
6.060672018257215e-22
6.059646098189892e-22
6.058521763098897e-22
6.057296624356878e-22
6.055968079071488e-22
6.054533304775791e-22
6.05298925301852e-22
6.051332643186144e-22
6.049559955286176e-22
6.047667422591804e-22
6.045651023383659e-22
6.043506472667922e-22
6.04122921260558e-22
6.03881440323349e-22
6.036256911709784e-22
6.033551301663615e-22
6.030691821179469e-22
6.027672390953837e-22
6.024486590949789e-22
6.021127646693723e-22
6.017588414900859e-22
6.013861368015266e-22
6.009938578131519e-22
6.005811700076405e-22
6.001471953173939e-22
5.996910102933544e-22
5.992116440737276e-22
5.987080763112588e-22
5.981792349969048e-22
5.97623994111125e-22
5.970411712598404e-22
5.964295250630381e-22
5.957877525175299e-22
5.95114486180175e-22
5.9440829119869e-22
5.936676622361401e-22
5.9289102020437495e-22
5.920767088020941e-22
5.912229909967543e-22
5.903280452277859e-22
5.893899614411553e-22
5.884067369097251e-22
5.873762719775809e-22
5.862963653683459e-22
5.851647094358141e-22
5.839788851411437e-22
5.827363567389196e-22
5.8143446617609465e-22
5.800704274052809e-22
5.786413200864999e-22
5.771440832819627e-22
5.755755086839428e-22
5.739322334893363e-22
5.722107330491497e-22
5.704073129537272e-22
5.685181008362591e-22
5.665390378808417e-22
5.644658696400428e-22
5.62294136602695e-22
5.60019164099955e-22
5.576360519837075e-22
5.551396633038683e-22
5.525246130350002e-22
5.497852556594779e-22
5.469156723733265e-22
5.439096577075904e-22
5.407607052038786e-22
5.37461992514043e-22
5.340063658284555e-22
5.303863231244708e-22
5.265939968229933e-22
5.226211356630263e-22
5.18459085217518e-22
5.140987674327994e-22
5.095306594381438e-22
5.047447708942847e-22
4.997306200876377e-22
4.94477208935218e-22
4.889729962992414e-22
4.83205870060324e-22
4.771631180257708e-22
4.70831395945495e-22
4.641966952619043e-22
4.572443078771568e-22
4.499587896194553e-22
4.423239210397663e-22
4.343226663728606e-22
4.25937130052698e-22
4.171485099819255e-22
4.079370493135536e-22
3.9828198392741045e-22
3.8816148781027715e-22
3.775526143093914e-22
3.66431234285039e-22
3.547719701904615e-22
3.4254812589355164e-22
3.2973161231898693e-22
3.1629286792536484e-22
3.022007744721606e-22
2.874225666110205e-22
2.7192373630013694e-22
2.5566792998277357e-22
2.3861683957877885e-22
2.2073008501659098e-22
2.0196509033585463e-22
1.8227694943236924e-22
1.616182847322579e-22
1.399390959063209e-22
1.1718660339187064e-22
9.330509264020472e-23
6.823580108073425e-23
4.191710236193249e-23
1.42893762049013e-23
1.476102593091245e-23
4.523493754400024e-23
7.725428592992512e-23
1.1089575020940753e-22
1.4624653508460509e-22
1.8339971131958705e-22
2.2245421676511878e-22
2.6351519979428674e-22
3.066944591018679e-22
3.521109346937804e-22
3.9989125493972044e-22
4.501703358496963e-22
5.030920373229301e-22
5.588098867072881e-22
6.174878745868705e-22
6.793013289366979e-22
7.444378840827127e-22
8.130985478520203e-22
8.854988851773026e-22
9.618703341111473e-22
1.0424616674892369e-21
1.127540617543302e-21
1.2173956970816499e-21
1.3123382351582861e-21
1.4127046644626334e-21
1.5188590729819734e-21
1.631196113555745e-21
1.7501442749140496e-21
1.8761695774145215e-21
2.009779795498596e-21
2.151529256775646e-21
2.302024326807412e-21
2.4619297117124394e-21
2.63197569574281e-21
2.812966532282193e-21
3.0057900833200753e-21
3.21142916261675e-21
3.430974678197001e-21
3.665641081044356e-21
3.9167846299735145e-21
4.185924926188303e-21
4.474770507997035e-21
4.785249686689449e-21
5.119547447817912e-21
5.480149964569046e-21
5.869899124312848e-21
6.2920595320539195e-21
6.75040035850996e-21
7.249298384689116e-21
7.793866701482072e-21
8.390117750243844e-21
9.045171853295588e-21
9.767527659091783e-21
1.0567413734152719e-20
