3.130650790395369e-24
2.9896375536131346e-24
2.855313506316048e-24
2.727391266407539e-24
2.6055968480316558e-24
2.4896690605235807e-24
2.3793589325336358e-24
2.2744291598063076e-24
2.1746535751369276e-24
2.0798166391096552e-24
1.9897129501739474e-24
1.9041467726536144e-24
1.8229315813955536e-24
1.7458896217246296e-24
1.672851483415318e-24
1.6036556875554383e-24
1.5381482852587227e-24
1.4761824671205546e-24
1.4176181828065369e-24
1.3623217700706802e-24
1.310165592795736e-24
1.2610276880402059e-24
1.2147914223086193e-24
1.1713451575293184e-24
1.1305819277287265e-24
1.0923991277565976e-24
1.0566982156464698e-24
1.0233844306230169e-24
9.923665291188074e-25
9.635565410724269e-25
9.368695489234358e-25
9.122234917452514e-25
8.895389962217838e-25
8.687392362053186e-25
8.497498214356174e-25
8.324987154554035e-25
8.169161818895453e-25
8.029347570948157e-25
7.904892464545841e-25
7.795167407180675e-25
7.69956648014562e-25
7.617507370383835e-25
7.5484318629956405e-25
7.491806346438586e-25
7.447122287575577e-25
7.413896631309322e-25
7.391672098307772e-25
7.38001735023921e-25
7.3785270093271755e-25
7.386821520740131e-25
7.404546862969169e-25
7.431374106063652e-25
7.466998834220974e-25
7.511140447453884e-25
7.563541362020295e-25
7.623966129096262e-25
7.692200494369798e-25
7.768050416978658e-25
7.851341069680679e-25
7.9419158342174345e-25
8.039635310215753e-25
8.144376347099569e-25
8.256031112885274e-25
8.37450620431468e-25
8.499721806037107e-25
8.631610903861435e-25
8.77011854988636e-25
8.915201186012469e-25
9.066826021484784e-25
9.224970462465413e-25
9.389621595854417e-25
9.560775720316114e-25
9.738437923089818e-25
9.922621701049263e-25
1.0113348618942625e-24
1.0310648007248593e-24
1.0514556688584227e-24
1.0725118740089473e-24
1.0942385276592063e-24
1.1166414264948265e-24
1.1397270354029212e-24
1.1635024731917342e-24
1.187975499511896e-24
1.2131545037658184e-24
1.23904849542802e-24
1.2656670955644288e-24
1.2930205298313832e-24
1.3211196223488565e-24
1.3499757908398644e-24
1.3796010425930179e-24
1.4100079711331581e-24
1.4412097541872602e-24
1.473220152075704e-24
1.5060535067197685e-24
1.5397247419399087e-24
1.5742493637428852e-24
1.6096434617367804e-24
1.6459237109582208e-24
1.6831073745177235e-24
1.7212123064009292e-24
1.7602569554530583e-24
1.8002603694309103e-24
1.841242200052831e-24
1.8832227080481152e-24
1.9262227695937923e-24
1.970263882153928e-24
2.0153681720890738e-24
2.0615584017265468e-24
2.108857978151593e-24
2.1572909610507462e-24
2.2068820721632932e-24
2.2576567052350543e-24
2.3096409359155815e-24
2.3628615322568946e-24
2.4173459669149576e-24
2.4731224276635685e-24
2.5302198306546724e-24
2.588667832955786e-24
2.6484968455124266e-24
2.7097380477544468e-24
2.7724234014495322e-24
2.8365856656507276e-24
2.902258412491767e-24
2.9694760430123116e-24
3.0382738035520166e-24
3.108687802972548e-24
3.180755030520511e-24
3.254513373262947e-24
3.330001636149689e-24
3.407259559729405e-24
3.4863278412986e-24
3.567248154820575e-24
3.650063171201611e-24
3.734816582511352e-24
3.821553120355514e-24
3.910318582493991e-24
4.001159853046408e-24
4.0941249292465206e-24
4.189262944700974e-24
4.2866241948640894e-24
4.386260163219116e-24
4.4882235478334544e-24
4.592568289519937e-24
4.699349598296825e-24
4.80862398364806e-24
4.920449284267001e-24
5.034884695335208e-24
5.1519908036588906e-24
5.271829615700546e-24
5.39446459317759e-24
5.519960683438184e-24
5.6483843569407894e-24
5.779803637160824e-24
5.9142881419244314e-24
6.051909118035054e-24
6.1927394752021275e-24
6.336853830112013e-24
6.484328542086365e-24
6.63524175525556e-24
6.789673437359753e-24
6.947705424583237e-24
7.109421462999128e-24
7.274907254776448e-24
7.444250498996883e-24
7.61754094355364e-24
7.79487042963684e-24
7.976332939235988e-24
8.162024647846107e-24
8.352043971631598e-24
8.546491623689397e-24
8.745470662521993e-24
8.94908655069772e-24
9.157447206974681e-24
9.370663067282295e-24
9.588847138836624e-24
9.812115061139583e-24
1.0040585173750312e-23
1.0274378566264147e-23
1.0513619152318274e-23
1.0758433731926726e-23
1.1008952054342664e-23
1.1265306897326562e-23
1.152763412791988e-23
1.1796072771399492e-23
1.2070765098787869e-23
1.2351856686090109e-23
1.2639496503704426e-23
1.293383698952712e-23
1.3235034126357664e-23
1.3543247531170132e-23
1.3858640530316457e-23
1.4181380261324613e-23
1.4511637737445876e-23
1.4849587972530226e-23
1.5195410025672187e-23
1.5549287136145334e-23
1.5911406812376468e-23
1.628196091531366e-23
1.666114577079807e-23
1.7049162280343577e-23
1.7446215991263972e-23
