2.6278494042555e-23
2.631420820716293e-23
2.6348208497925483e-23
2.6380567057805928e-23
2.641135254504371e-23
2.6440630278951e-23
2.6468462378612193e-23
2.649490789477717e-23
2.65200229352332e-23
2.654386078392077e-23
2.656647201404759e-23
2.658790459543034e-23
2.660820399631944e-23
2.662741327988845e-23
2.6645573195618755e-23
2.6662722265770926e-23
2.667889686710689e-23
2.669413130805579e-23
2.6708457901493767e-23
2.672190703325334e-23
2.6734507226567585e-23
2.6746285202515147e-23
2.6757265936662327e-23
2.6767472711977584e-23
2.6776927168125797e-23
2.678564934730152e-23
2.679365773662265e-23
2.6800969307231755e-23
2.680759955014602e-23
2.6813562508980306e-23
2.681887080954622e-23
2.682353568645329e-23
2.6827567006711854e-23
2.683097329042073e-23
2.683376172858706e-23
2.6835938198068237e-23
2.68375072737237e-23
2.6838472237741313e-23
2.6838835086210046e-23
2.6838596532927175e-23
2.6837756010395673e-23
2.683631166813106e-23
2.683426036809282e-23
2.683159767744302e-23
2.682831785836205e-23
2.6824413855174345e-23
2.6819877278436725e-23
2.681469838625311e-23
2.6808866062553874e-23
2.6802367792356236e-23
2.6795189633958785e-23
2.678731618800907e-23
2.677873056324738e-23
2.6769414339051553e-23
2.6759347524519627e-23
2.674850851397786e-23
2.673687403893871e-23
2.6724419116313075e-23
2.671111699264755e-23
2.669693908439859e-23
2.668185491402869e-23
2.6665832041677786e-23
2.664883599247695e-23
2.663083017890286e-23
2.661177581829177e-23
2.6591631845344885e-23
2.6570354819044294e-23
2.65478988240131e-23
2.652421536590127e-23
2.649925326064172e-23
2.647295851712262e-23
2.6445274212922338e-23
2.6416140363011783e-23
2.638549378064237e-23
2.6353267930269795e-23
2.6319392771870855e-23
2.6283794596721646e-23
2.6246395853051685e-23
2.6207114962137438e-23
2.6165866123552313e-23
2.612255910905587e-23
2.607709904472551e-23
2.6029386179841024e-23
2.5979315642715635e-23
2.592677718184545e-23
2.5871654890978056e-23
2.581382691888247e-23
2.5753165159939127e-23
2.5689534927028423e-23
2.5622794603442363e-23
2.55527952726189e-23
2.547938032487493e-23
2.5402385038597212e-23
2.532163613366147e-23
2.523695129515876e-23
2.5148138665443242e-23
2.505499630010692e-23
2.495731158681885e-23
2.4854860621986012e-23
2.4747407541478028e-23
2.4634703802379286e-23
2.4516487409291564e-23
2.4392482078686085e-23
2.4262396339535978e-23
2.4125922556396413e-23
2.398273587173522e-23
2.3832493055656844e-23
2.367483125323823e-23
2.350936661487104e-23
2.3335692796927993e-23
2.3153379316314947e-23
2.2961969734421906e-23
2.276097965396396e-23
2.2549894493469194e-23
2.232816701614898e-23
2.2095214562635667e-23
2.185041595490988e-23
2.159310800117966e-23
2.1322581552437473e-23
2.1038077013142373e-23
2.0738779216181903e-23
2.0423811546240002e-23
2.009222915129884e-23
1.9743011072066752e-23
1.9375051051282114e-23
1.8987146742678844e-23
1.8577986957419234e-23
1.814613648589543e-23
1.7690017907345992e-23
1.7207889628351828e-23
1.6697819158339292e-23
1.615765031636865e-23
1.558496264241294e-23
1.4977020695452922e-23
1.43307100947826e-23
1.3642456007851772e-23
1.2908118124410921e-23
1.2122853787976813e-23
1.128093749363705e-23
1.037552003693485e-23
9.398303628933136e-24
8.339100563421036e-24
7.185236592213737e-24
5.920781185086599e-24
4.5257893556350544e-24
2.9773912311973577e-24
1.2803415946202596e-24
1.0288310174726166e-24
3.2911398771469073e-24
6.119290836029507e-24
9.650442347889927e-24
1.4257786550936642e-23
2.068799118845407e-23
3.0641987812203806e-23
4.9001606473776857e-23
9.772930802786144e-23
6.580659265526092e-22
1.326001615770768e-22
6.173621198366392e-23
3.900247883224661e-23
2.721497012928151e-23
1.960434120611466e-23
1.4002570543432545e-23
9.502213559217452e-24
5.6621677728004855e-24
2.2921011816257465e-24
1.3787420670712952e-24
4.243104590945916e-24
7.190457174835727e-24
1.0119029155211019e-23
1.3049358532268219e-23
1.6004656882389268e-23
1.9005116484138262e-23
2.2068012881922418e-23
2.5208366322855475e-23
2.8439538481466745e-23
3.177369657649567e-23
3.5222164503884065e-23
3.879568809309408e-23
4.2504638325695425e-23
4.635916883034614e-23
5.0369340880894306e-23
5.454522348976884e-23
5.889697658047398e-23
6.343492038220687e-23
6.8169594908004e-23
7.311181275949853e-23
7.827270549898009e-23
8.366376722365401e-23
8.929689421860737e-23
9.518442279112154e-23
1.0133916617817095e-22
1.0777444978171129e-22
1.145041471946394e-22
1.2154271440981444e-22
1.2890522612338496e-22
1.3660741118955419e-22
1.4466568935239258e-22
1.53097209054991e-22
1.6191988525598268e-22
1.7115244058239171e-22
