3.176378690242149e-24
3.174918263957137e-24
3.1735625822713515e-24
3.172303046777892e-24
3.171131756964213e-24
3.1700414514919847e-24
3.169025454292371e-24
3.1680776250888316e-24
3.1671923139988307e-24
3.1663643198809208e-24
3.1655888521272954e-24
3.1648614956180915e-24
3.1641781785750223e-24
3.1635351430803266e-24
3.162928918035201e-24
3.1623562943506547e-24
3.161814302193642e-24
3.1613001901028948e-24
3.1608114058212256e-24
3.1603455787041054e-24
3.159900503555956e-24
3.1594741257872624e-24
3.1590645277637098e-24
3.1586699162538447e-24
3.1582886108795083e-24
3.1579190334760732e-24
3.157559698280644e-24
3.1572092028898637e-24
3.1568662198964553e-24
3.1565294891626707e-24
3.156197810660784e-24
3.1558700378387365e-24
3.1555450714524042e-24
3.155221853828088e-24
3.154899363507697e-24
3.1545766102550593e-24
3.154252630362741e-24
3.1539264822574858e-24
3.1535972423484027e-24
3.15326400111104e-24
3.152925859376933e-24
3.152581924793737e-24
3.1522313084586245e-24
3.1518731216762587e-24
3.151506472860372e-24
3.151130464512793e-24
3.150744190315797e-24
3.1503467322840027e-24
3.1499371579891517e-24
3.1495145178164847e-24
3.149077842277562e-24
3.1486261393233383e-24
3.148158391701217e-24
3.1476735542728626e-24
3.1471705513771028e-24
3.146648274125658e-24
3.1461055777120445e-24
3.1455412786668996e-24
3.1449541520711012e-24
3.1443429287323102e-24
3.1437062922849776e-24
3.1430428762396816e-24
3.142351260950086e-24
3.1416299704929938e-24
3.1408774694770482e-24
3.1400921597441736e-24
3.1392723769627966e-24
3.1384163871191396e-24
3.1375223828968038e-24
3.1365884799143633e-24
3.1356127128407203e-24
3.134593031372897e-24
3.133527296085815e-24
3.1324132740731987e-24
3.1312486344927045e-24
3.1300309439176635e-24
3.1287576614942856e-24
3.127426133961633e-24
3.1260335904534686e-24
3.1245771370997847e-24
3.1230537514674024e-24
3.1214602767683183e-24
3.1197934158161754e-24
3.1180497248675603e-24
3.1162256071218923e-24
3.114317306105757e-24
3.112320898657185e-24
3.1102322879823927e-24
3.108047196060959e-24
3.105761156188249e-24
3.1033695050182685e-24
3.1008673745400477e-24
3.0982496837167058e-24
3.095511129882375e-24
3.092646180030839e-24
3.0896490617633044e-24
3.0865137540839532e-24
3.0832339780353384e-24
3.07980318712822e-24
3.076214557662004e-24
3.0724609788309028e-24
3.068535042956328e-24
3.0644290355725855e-24
3.060134925339647e-24
3.0556443546350403e-24
3.0509486294865995e-24
3.046038710376839e-24
3.0409052033534135e-24
3.0355383511493686e-24
3.029928025469446e-24
3.024063719682267e-24
3.0179345427717653e-24
3.011529214140744e-24
3.0048360603671434e-24
2.9978430129897638e-24
2.9905376094742e-24
2.982906995501455e-24
2.9749379316004935e-24
2.9666168023254263e-24
2.9579296300291868e-24
2.9488620941509528e-24
2.939399556216504e-24
2.9295270913281066e-24
2.919229528945755e-24
2.9084915030740174e-24
2.8972975132690336e-24
2.8856320005732978e-24
2.8734794385391848e-24
2.8608244429394884e-24
2.847651904457705e-24
2.8339471466177072e-24
2.8196961149047803e-24
2.804885602365577e-24
2.7895035177485054e-24
2.773539204541347e-24
2.7569838195218943e-24
2.739830783605342e-24
2.722076313661786e-24
2.703720056176491e-24
2.684765836250276e-24
2.6652225491645306e-24
2.645105210748388e-24
2.6244362041500576e-24
2.603246756423253e-24
2.5815786777818962e-24
2.5594864196515935e-24
2.5370394893551915e-24
2.5143252843270558e-24
2.491452397667021e-24
2.4685544559984512e-24
2.4457945230406165e-24
2.4233701026995637e-24
2.4015187342793118e-24
2.380524100027877e-24
2.3607224714506334e-24
2.3425091896385572e-24
2.3263446287022794e-24
2.312758831686516e-24
2.3023536077233055e-24
2.2958004413357507e-24
2.2938319852216703e-24
2.297224631774491e-24
2.3067691394525663e-24
2.323226655046994e-24
2.347268476076543e-24
2.3793995045074764e-24
2.419869278609504e-24
2.4685790535158637e-24
2.524999441586265e-24
2.588119560500576e-24
2.6564527357337505e-24
2.728122345277915e-24
2.8010417352920565e-24
2.873179956090007e-24
2.9428764241012148e-24
3.009142082819477e-24
3.0718740850264803e-24
3.1319301387957654e-24
3.1910465233915692e-24
3.251628935505295e-24
3.31647387656481e-24
3.388485161142004e-24
3.470434771963114e-24
3.5647948110422495e-24
3.673644861303865e-24
3.798645527503743e-24
3.941060807820522e-24
4.1018117592169786e-24
4.281544815113383e-24
4.480703366065016e-24
4.699594402263945e-24
4.9384455499003445e-24
5.197451249862002e-24
5.4768082069366266e-24
5.7767412048209804e-24
6.097521038650913e-24
6.439476552775389e-24
6.80300191620225e-24
7.188560928135811e-24
7.596689043908931e-24
8.027994120284393e-24
