9.88815273253711e-13
9.396673137348924e-13
8.950746296860301e-13
8.544941553595578e-13
8.176821295918895e-13
7.84219214887262e-13
7.540837855445072e-13
7.263634649794661e-13
7.014140878759783e-13
6.788971219142999e-13
6.583201201004893e-13
6.396389359281157e-13
6.228030960880035e-13
6.076062037315889e-13
5.937621020203407e-13
5.812643616908542e-13
5.699835104179313e-13
5.598154394285078e-13
5.506409423303995e-13
5.42244081708979e-13
5.346672476119921e-13
5.278964901675992e-13
5.217732802018032e-13
5.162956583431449e-13
5.11339455661925e-13
5.068667474459896e-13
5.028299206249732e-13
4.992597375629761e-13
4.960892028681089e-13
4.931688288601036e-13
4.906211424497665e-13
4.883404111112052e-13
4.862524299442816e-13
4.844213288599411e-13
4.827456252311263e-13
4.813486439398278e-13
4.800509969456058e-13
4.788993030535139e-13
4.779359477758848e-13
4.770454852652647e-13
4.762935615746862e-13
4.756662574151354e-13
4.750875461354416e-13
4.745723513970003e-13
4.741183678222696e-13
4.737258275505876e-13
4.734252516887081e-13
4.731629501153333e-13
4.729446363154981e-13
4.728266728651381e-13
4.726331726769756e-13
4.72537882452279e-13
4.72482711903549e-13
4.724236561130716e-13
4.723967652770618e-13
4.723680621329306e-13
4.723613245486061e-13
4.723662083318942e-13
4.723949496826943e-13
4.724652543250202e-13
4.725060474090061e-13
4.725864123782579e-13
4.726459181348445e-13
4.726903374407458e-13
4.727841944718033e-13
4.72851188766921e-13
4.72910635904788e-13
4.730179679299784e-13
4.730970270701557e-13
4.731709888106265e-13
4.732443797542539e-13
4.73365884124067e-13
4.734355929069274e-13
4.73518537085715e-13
4.735820544486774e-13
4.736913321712579e-13
4.737592416576893e-13
4.738572146383072e-13
4.739433893278196e-13
4.739953257088194e-13
4.74086491511736e-13
4.741500430408955e-13
4.7422477515205e-13
4.742911593976368e-13
4.743612891257794e-13
4.744164841455627e-13
4.744871727995878e-13
4.745585429085624e-13
4.746061679683663e-13
4.746714364791565e-13
4.747368203184367e-13
4.7479094213649e-13
4.748282449537657e-13
4.748818503641821e-13
4.749332349762742e-13
4.749659582128948e-13
4.750279887846203e-13
4.750498416762683e-13
4.751058418929944e-13
4.751365422478354e-13
4.751645743005002e-13
4.752160656555693e-13
4.752469941284959e-13
4.752756662578111e-13
4.753076895040135e-13
4.75348964617335e-13
4.753678605013121e-13
4.753993975069329e-13
4.754212328056357e-13
4.754594286516384e-13
4.7548084021014e-13
4.75507055456915e-13
4.755097501634415e-13
4.755385481809973e-13
4.755479092679216e-13
4.75575528561729e-13
4.755938077641124e-13
4.75601620117354e-13
4.756347852197065e-13
4.756436814980917e-13
4.756540546958739e-13
4.756696182526952e-13
4.756747205379199e-13
4.75695860314535e-13
4.757009396769758e-13
4.757138319549532e-13
4.757186759563979e-13
4.75728931844121e-13
4.757320756127289e-13
4.757422941046642e-13
4.757450336753177e-13
4.757518663196869e-13
4.757553230404178e-13
4.757580215603644e-13
4.757580895926735e-13
4.757643082679515e-13
4.757686465510783e-13
4.757658760680194e-13
4.757642118054413e-13
4.757640285463404e-13
4.757628986376545e-13
4.757608221629534e-13
4.757591059361555e-13
4.75755322792291e-13
4.757563814779078e-13
4.757443546977372e-13
4.757433317005461e-13
4.757323987402678e-13
4.757283635444923e-13
4.757200142244567e-13
4.757101635100171e-13
4.75698610190431e-13
4.756900388630834e-13
4.756769651422639e-13
4.756642498999544e-13
4.756534808052433e-13
4.756341103669669e-13
4.756209705902846e-13
4.756041841515654e-13
4.755888690780903e-13
4.755689610635955e-13
4.755505273759618e-13
4.75531424233689e-13
4.755095027654633e-13
4.754841139613606e-13
4.754635520848706e-13
4.754393278772576e-13
4.754082750156791e-13
4.753814962146821e-13
4.753516115964103e-13
4.753187239376672e-13
4.752845942524407e-13
4.752496076846197e-13
4.752146832010879e-13
4.751732114979141e-13
4.751328300317512e-13
4.750904677132083e-13
4.75045463145473e-13
4.749980159590908e-13
4.749494113842102e-13
4.748964071017333e-13
4.748438327131953e-13
4.747859731582826e-13
4.747237956006832e-13
4.746624252605623e-13
4.745949743500636e-13
4.745259496021656e-13
4.744536912979404e-13
4.743774924403902e-13
4.742968915146964e-13
4.742143016235019e-13
4.741270363276677e-13
4.740349976598677e-13
4.739395823944749e-13
4.738372301574701e-13
4.737320564764974e-13
4.73623507866256e-13
4.735052979855497e-13
4.733844152624759e-13
4.732571599980761e-13
4.731244242071241e-13
