4.771280917104171e-24
4.7709602449415376e-24
4.770665960017918e-24
4.770395657533008e-24
4.770147139826456e-24
4.7699183980358034e-24
4.769707595346958e-24
4.769513051698351e-24
4.769333229812373e-24
4.769166722438486e-24
4.769012240702064e-24
4.768868603462143e-24
4.768734727589314e-24
4.768609619084051e-24
4.768492364960021e-24
4.768382125826132e-24
4.768278129104946e-24
4.768179662831701e-24
4.768086069981451e-24
4.767996743278755e-24
4.767911120445486e-24
4.767828679848559e-24
4.7677489365111205e-24
4.767671438454637e-24
4.767595763342255e-24
4.7675215153950295e-24
4.767448322557582e-24
4.767375833888653e-24
4.767303717156979e-24
4.76723165662213e-24
4.767159350984554e-24
4.767086511485999e-24
4.767012860149329e-24
4.7669381281401916e-24
4.7668620542414234e-24
4.7667843834283516e-24
4.766704865531489e-24
4.766623253981871e-24
4.766539304626952e-24
4.766452774609296e-24
4.766363421301647e-24
4.7662710012914905e-24
4.76617526940595e-24
4.766075977776374e-24
4.7659728749304225e-24
4.765865704913454e-24
4.765754206428754e-24
4.765638111994147e-24
4.7655171471122785e-24
4.765391029449421e-24
4.765259468016504e-24
4.76512216235316e-24
4.764978801710035e-24
4.7648290642212735e-24
4.764672616074117e-24
4.764509110659677e-24
4.764338187716989e-24
4.764159472450343e-24
4.763972574632715e-24
4.763777087683111e-24
4.7635725877181894e-24
4.7633586325730396e-24
4.763134760794206e-24
4.762900490597977e-24
4.762655318782463e-24
4.7623987196136475e-24
4.762130143661708e-24
4.761849016587346e-24
4.761554737887158e-24
4.761246679588697e-24
4.760924184872107e-24
4.760586566667184e-24
4.760233106153029e-24
4.759863051227715e-24
4.759475614877392e-24
4.759069973497752e-24
4.7586452651282525e-24
4.758200587608292e-24
4.757734996676393e-24
4.757247503907989e-24
4.756737074673276e-24
4.756202625883634e-24
4.755643023728389e-24
4.755057081248917e-24
4.754443555830235e-24
4.753801146559903e-24
4.7531284914827254e-24
4.75242416470914e-24
4.7516866734089204e-24
4.750914454629802e-24
4.750105872033384e-24
4.749259212404713e-24
4.748372682057978e-24
4.747444403033593e-24
4.7464724091408214e-24
4.7454546418273414e-24
4.744388945815129e-24
4.743273064587457e-24
4.742104635606677e-24
4.740881185383465e-24
4.739600124212454e-24
4.738258740799597e-24
4.736854196510234e-24
4.735383519416736e-24
4.733843598116004e-24
4.732231175076424e-24
4.730542839940532e-24
4.728775022312054e-24
4.726923984276238e-24
4.72498581259952e-24
4.722956410543312e-24
4.720831489292826e-24
4.7186065590512e-24
4.716276919545291e-24
4.71383765044658e-24
4.711283600829376e-24
4.708609378854458e-24
4.705809340114908e-24
4.70287757632967e-24
4.69980790276013e-24
4.696593845786531e-24
4.693228629068777e-24
4.689705159933281e-24
4.686016014706297e-24
4.682153423139768e-24
4.678109252866174e-24
4.673874992400597e-24
4.669441734165779e-24
4.664800155525266e-24
4.659940500774772e-24
4.6548525606910174e-24
4.649525651879307e-24
4.643948595350692e-24
4.638109694371365e-24
4.631996710081816e-24
4.625596838002022e-24
4.618896681655691e-24
4.611882227146724e-24
4.6045388137813446e-24
4.59685110739716e-24
4.588803068315332e-24
4.58037792160994e-24
4.5715581244869306e-24
4.562325331938608e-24
4.552660362934608e-24
4.542543163220042e-24
4.531952768229092e-24
4.520867264804906e-24
4.509263750488445e-24
4.497118292353188e-24
4.484405883368749e-24
4.471100400980407e-24
4.457174559034427e-24
4.442599863178869e-24
4.427346564053845e-24
4.411383607608621e-24
4.394678587595901e-24
4.377197694635449e-24
4.3589056691104355e-24
4.339765747566402e-24
4.319739616389421e-24
4.2987873618512754e-24
4.2768674241056155e-24
4.253936549869645e-24
4.229949750218853e-24
4.204860266503769e-24
4.178619530568847e-24
4.151177140968842e-24
4.122480843512531e-24
4.0924765242270465e-24
4.061108208976502e-24
4.028318090740684e-24
3.994046561838734e-24
3.9582322855912864e-24
3.920812285880067e-24
3.8817220790214915e-24
3.840895855126182e-24
3.7982667022729694e-24
3.7537669184586314e-24
3.707328393206484e-24
3.658883094111253e-24
3.608363699965163e-24
3.555704366514462e-24
3.50084173098659e-24
3.443716122268111e-24
3.3842731335622045e-24
3.322465531127188e-24
3.2582557251628078e-24
3.191618812820078e-24
3.1225464503937323e-24
3.051051738744494e-24
2.9771753968890994e-24
2.900993613709602e-24
2.8226280031509227e-24
2.742258329409398e-24
2.6601386495963447e-24
2.5766178468175912e-24
2.4921656818248077e-24
2.4074054314380553e-24
2.3231542528672516e-24
2.2404719727093695e-24
