3.0096824052554378e-24
2.866206232058081e-24
2.729379627189951e-24
2.5989125629889938e-24
2.474528592806121e-24
2.35596427380831e-24
2.242968618277131e-24
2.1353025722346324e-24
2.0327385202037138e-24
1.9350598148257064e-24
1.842060330144265e-24
1.753544037287232e-24
1.6693246011227567e-24
1.5892249965319299e-24
1.5130771426387826e-24
1.4407215532897017e-24
1.3720070017132549e-24
1.3067901972395517e-24
1.2449354713713426e-24
1.186314470430165e-24
1.1308058513477937e-24
1.0782949768803462e-24
1.0286736061662174e-24
9.818395759607202e-25
9.376964677470679e-25
8.96153255755573e-25
8.571239309171267e-25
8.205270963415585e-25
7.8628553067639835e-25
7.543257173731894e-25
7.245773397127763e-25
6.969727446509099e-25
6.714463817189e-25
6.479342276295189e-25
6.26373211304699e-25
6.06700658333421e-25
5.88853777325158e-25
5.727692127433072e-25
5.583826887400659e-25
5.456287662992988e-25
5.344407311201445e-25
5.247506221049838e-25
5.164894013841898e-25
5.095872566614683e-25
5.039740175929997e-25
4.995796595317686e-25
4.9633486330521415e-25
4.941715969926682e-25
4.9302368721831e-25
4.928273507570589e-25
4.935216636675414e-25
4.95048951434206e-25
4.973550911359977e-25
5.003897231313025e-25
5.041063751024056e-25
5.084625057313785e-25
5.1341947775174035e-25
5.189424719420348e-25
5.250003538275244e-25
5.315655046878862e-25
5.386136272663374e-25
5.461235356600911e-25
5.540769370709152e-25
5.624582119864536e-25
5.712541977304386e-25
5.804539793216326e-25
5.900486902357618e-25
6.000313251439071e-25
6.103965655556379e-25
6.211406189918584e-25
6.322610718331804e-25
6.437567554899476e-25
6.556276254913872e-25
6.678746528701806e-25
6.804997269203461e-25
6.935055687703873e-25
7.0689565472060115e-25
7.206741486211413e-25
7.348458424748132e-25
7.4941610443008035e-25
7.643908335160178e-25
7.797764204207081e-25
7.955797135937512e-25
8.118079902738275e-25
8.284689317611744e-25
8.455706024881034e-25
8.631214325513114e-25
8.811302032617525e-25
8.996060352472113e-25
9.185583790631684e-25
9.379970078193649e-25
9.579320116478593e-25
9.783737938507544e-25
9.9933306838878e-25
1.0208208588571393e-24
1.0428484983026968e-24
1.0654276303519752e-24
1.0885702110005608e-24
1.1122885113143474e-24
1.1365951208488692e-24
1.161502951640707e-24
1.1870252428869165e-24
1.2131755659782789e-24
1.239967830272041e-24
1.2674162889751614e-24
1.2955355457179608e-24
1.324340561386858e-24
1.3538466612217562e-24
1.3840695424659728e-24
1.415025282078382e-24
1.4467303448922001e-24
1.4792015920925685e-24
1.5124562899233846e-24
1.546512118556898e-24
1.5813871814428766e-24
1.6171000147636475e-24
1.6536695972739361e-24
1.6911153602411844e-24
1.729457197871266e-24
1.7687154777249374e-24
1.8089110518010823e-24
1.850065267303032e-24
1.89219997824184e-24
1.935337557052958e-24
1.9795009065359604e-24
2.0247134719861754e-24
2.0709992538988503e-24
2.118382820402593e-24
2.1668893208569843e-24
2.2165444988500654e-24
2.2673747062678034e-24
2.3194069169929686e-24
2.372668741682459e-24
2.4271884422853256e-24
2.4829949469023656e-24
2.5401178657341426e-24
2.5985875062283894e-24
2.6584348899289526e-24
2.7196917685995327e-24
2.7823906409540447e-24
2.846564770370714e-24
2.9122482023503287e-24
2.9794757830549876e-24
3.04828317737938e-24
3.118706888034164e-24
3.1907842753996156e-24
3.2645535771512336e-24
3.34005392805436e-24
3.417325382312657e-24
3.496408933242863e-24
3.5773465366846154e-24
3.660181131242768e-24
3.744956663924674e-24
3.831718110906186e-24
3.920511503922145e-24
4.011383952446785e-24
4.104383670857839e-24
4.19956000281776e-24
4.296963448417768e-24
4.396645690497798e-24
4.498659622544649e-24
4.603059377245157e-24
4.709900354980715e-24
4.8192392533903306e-24
4.931134097769303e-24
5.04564427213033e-24
5.162830551136181e-24
5.282755132594393e-24
5.40548167023394e-24
5.531075308171959e-24
5.659602716791673e-24
5.791132126086291e-24
5.925733364887682e-24
6.063477895628594e-24
6.204438857353385e-24
6.348691097904376e-24
6.49631122040098e-24
6.647377622440305e-24
6.801970538589586e-24
6.960172079804736e-24
7.122066285583207e-24
7.28773916305923e-24
7.457278732295833e-24
7.630775081026337e-24
7.80832040815439e-24
7.99000907488327e-24
8.175937654607123e-24
8.366204987829607e-24
8.560912235439446e-24
8.760162930285277e-24
8.96406304388327e-24
9.172721026730893e-24
9.386247887370209e-24
9.604757237213563e-24
9.828365368172134e-24
1.005719130181086e-23
1.029135686112889e-23
1.053098674592132e-23
1.0776208585779533e-23
1.1027153029926797e-23
1.1283953810052678e-23
