3.0753609111929998e-24
3.0741004595385918e-24
3.072948185517015e-24
3.0718945343835744e-24
3.07093077498703e-24
3.0700489290701034e-24
3.0692417064444566e-24
3.0685024455806257e-24
3.067825059179899e-24
3.067203984328148e-24
3.066634136860968e-24
3.0661108695936284e-24
3.065629934100636e-24
3.0651874457475743e-24
3.064779851705789e-24
3.0644039016992254e-24
3.0640566212528797e-24
3.063735287231964e-24
3.063437405474291e-24
3.0631606903421117e-24
3.062903046021728e-24
3.062662549427588e-24
3.0624374345667025e-24
3.0622260782409618e-24
3.0620269869676892e-24
3.0618387850143134e-24
3.0616602034483392e-24
3.0614900701150182e-24
3.061327300456888e-24
3.061170889109324e-24
3.0610199021896617e-24
3.0608734702315555e-24
3.0607307816994396e-24
3.060591077030337e-24
3.06045364315759e-24
3.0603178084751106e-24
3.0601829381920332e-24
3.0600484300535848e-24
3.0599137103862668e-24
3.059778230437757e-24
3.059641462986443e-24
3.059502899186715e-24
3.0593620456420476e-24
3.0592184216617508e-24
3.0590715567031307e-24
3.0589209879649035e-24
3.0587662581223997e-24
3.058606913191149e-24
3.058442500491514e-24
3.0582725667215978e-24
3.0580966561044866e-24
3.0579143086118797e-24
3.057725058260413e-24
3.057528431438051e-24
3.0573239452931232e-24
3.0571111061603565e-24
3.0568894079886062e-24
3.0566583308188648e-24
3.056417339247804e-24
3.0561658809203642e-24
3.0559033849974764e-24
3.0556292606359008e-24
3.0553428954368413e-24
3.0550436538920685e-24
3.0547308758017058e-24
3.054403874642899e-24
3.0540619359290426e-24
3.053704315518355e-24
3.05333023786375e-24
3.05293889423899e-24
3.0525294408780908e-24
3.0521009970920394e-24
3.0516526432669235e-24
3.0511834188588054e-24
3.0506923202345434e-24
3.05017829850114e-24
3.0496402572252396e-24
3.0490770500190242e-24
3.0484874781070914e-24
3.0478702877325023e-24
3.0472241674465668e-24
3.0465477453674726e-24
3.0458395861825806e-24
3.045098188188453e-24
3.044321980035547e-24
3.043509317403127e-24
3.042658479657036e-24
3.0417676660187724e-24
3.040834991973327e-24
3.039858485232076e-24
3.0388360815493995e-24
3.0377656205745842e-24
3.0366448411473935e-24
3.035471376719516e-24
3.0342427503668403e-24
3.0329563696633822e-24
3.0316095213773194e-24
3.0301993656771663e-24
3.0287229303668356e-24
3.027177104886726e-24
3.0255586336208315e-24
3.023864109355717e-24
3.0220899664034276e-24
3.0202324731332845e-24
3.0182877242716737e-24
3.0162516331463268e-24
3.014119923332914e-24
3.011888119691558e-24
3.009551539812685e-24
3.0071052839619324e-24
3.004544225913977e-24
3.0018630018298995e-24
2.99905600025209e-24
2.9961173505469416e-24
2.993040911247456e-24
2.98982025809966e-24
2.986448671121507e-24
2.982919121555459e-24
2.979224258438179e-24
2.9753563935443017e-24
2.9713074874174714e-24
2.9670691333138334e-24
2.9626325415910962e-24
2.957988522616997e-24
2.9531274698609928e-24
2.9480393418243613e-24
2.942713643480682e-24
2.9371394070916126e-24
2.9313051719622192e-24
2.925198965294883e-24
2.918808279033826e-24
2.9121200490464756e-24
2.9051206335638005e-24
2.897795788121956e-24
2.8901306442359715e-24
2.882109683096717e-24
2.8737167126850286e-24
2.8649348423409992e-24
2.855746455473029e-24
2.846133188744096e-24
2.8360758999052352e-24
2.8255546485864707e-24
2.814548665872761e-24
2.803036333589255e-24
2.790995156377401e-24
2.7784017416902206e-24
2.7652317759994903e-24
2.7514600083983555e-24
2.737060227119325e-24
2.7220052512365353e-24
2.7062669212124893e-24
2.6898160835977915e-24
2.6726226075623304e-24
2.6546553772464913e-24
2.635882316977799e-24
2.616270418257007e-24
2.595785777487642e-24
2.5743936546846362e-24
2.552058548986991e-24
2.528744296451076e-24
2.5044142006917915e-24
2.4790311907951133e-24
2.452558024698304e-24
2.424957541800289e-24
2.3961929842307806e-24
2.36622838101355e-24
2.3350290218564175e-24
2.3025620639812615e-24
2.2687972464886532e-24
2.2337077916785756e-24
2.197271517185342e-24
2.1594721890007963e-24
2.1203011995949533e-24
2.0797596411828478e-24
2.0378608920403883e-24
1.9946337672130846e-24
1.9501264663994696e-24
1.904411482878575e-24
1.8575916574385205e-24
1.809807713422242e-24
1.7612475808161853e-24
1.7121578091445088e-24
1.6628576082940942e-24
1.6137556098359563e-24
1.5653696958236677e-24
1.5183495813060042e-24
1.4735011131847623e-24
1.4318101264143415e-24
1.3944616869866492e-24
1.3628481178925673e-24
1.3385568825469073e-24
1.3233282569995757e-24
1.3189757556742126e-24
1.327270503140306e-24
1.3498049890246419e-24
1.387864894636831e-24
1.4423429091214741e-24
1.5137172804514135e-24
1.6020964038883526e-24
1.7073096213473402e-24
1.829015282144071e-24
