1.30547490221665e-09
1.2773797705529318e-09
1.2771273961142681e-09
9.208464128985565e-10
1.305205482156818e-09
3.8189506136827115e-10
1.2770012454528234e-09
1.3049361732774767e-09
1.3049361732774767e-09
3.810639214358148e-10
1.2766229396166075e-09
1.3045324182740792e-09
1.3045324182724853e-09
1.30439788878829e-09
1.101767294930463e-09
1.3041289130409972e-09
3.7516073854007224e-10
1.3042633870462586e-09
1.200969372833955e-09
9.095479835535567e-10
3.8141140209207813e-10
1.2751119052028206e-09
1.100876108470862e-09
3.812504544588104e-10
9.089015303140936e-10
3.8112409086344576e-10
9.187061539499403e-10
3.803091690229756e-10
9.954069589794898e-10
1.1993954650089271e-09
1.1993954650089286e-09
3.7789528502762705e-10
1.2733534461565644e-09
1.3007760517881431e-09
1.2721003047552327e-09
3.8041342338577434e-10
1.1981390427979037e-09
1.29890596915066e-09
1.2710995268681474e-09
9.061321057549566e-10
1.1968850176025538e-09
1.2981061502023885e-09
1.2701002876533964e-09
1.1958418232860723e-09
3.7869538191001757e-10
1.0965983388916102e-09
1.2954471863567175e-09
1.2949167002043516e-09
1.1941761572496803e-09
1.1935526231110298e-09
1.2656226596177465e-09
3.782293621067777e-10
9.015321167119124e-10
1.263395405737046e-09
1.2912154274804512e-09
3.7739426923212195e-10
3.7646785731828746e-10
8.719494553133765e-10
1.2604376350495534e-09
3.702254001930481e-10
3.753972339852324e-10
1.2843974743698425e-09
1.2565149529052247e-09
3.751111010550488e-10
1.254562556841366e-09
8.666752136216566e-10
1.2526160887382126e-09
1.2771351300049172e-09
3.7257173086996264e-10
1.2468119895276035e-09
1.1765343320434808e-09
1.244888971357282e-09
1.173304629143062e-09
1.2674094516621387e-09
1.2658873426325941e-09
1.2643688852040799e-09
1.2358333755413799e-09
1.2593335650747292e-09
1.164903451298012e-09
1.2558326377663941e-09
1.1617319555935865e-09
1.2255078156602282e-09
1.2479031499216029e-09
1.2204081601897772e-09
1.2420214382946247e-09
1.2400731693694703e-09
3.5618695037918745e-10
1.2085181724087276e-09
1.1422641419116135e-09
1.202209451190143e-09
3.573899843910926e-10
1.1959649765187725e-09
1.1293658916206152e-09
1.1241326637845043e-09
3.501001593969868e-10
1.1776075591901736e-09
3.4933568072225393e-10
1.166518019526516e-09
3.4619953819733493e-10
1.100769820891276e-09
1.094360421098555e-09
1.0901258480408977e-09
1.13765620263629e-09
1.1320514100616524e-09
1.1440617155944558e-09
1.120222027551638e-09
1.0606482907721986e-09
3.270247115725887e-10
1.108761073603406e-09
3.2240890924742956e-10
1.0294553561082845e-09
1.065251657553798e-09
1.0132673891418015e-09
1.0597140019724968e-09
1.0512588370696442e-09
1.0231284245012766e-09
7.226203340711884e-10
1.0109292141557096e-09
8.96329824934179e-10
9.710380551051035e-10
6.643999845512716e-10
6.71092228755262e-10
9.218063691359499e-10
2.6816371963253143e-10
6.314270331259166e-10
8.44871180676824e-10
8.261708449687674e-10
8.098486017517781e-10
7.834832605507696e-10
7.672896118233667e-10
7.690142465760939e-10
7.19821872947281e-10
6.999727608788851e-10
6.862384075372771e-10
6.076527443457628e-10
6.314270331259169e-10
5.583669488816658e-10
5.463997835527696e-10
3.6883810849992455e-10
3.4795186860551285e-10
3.112222428393205e-10
4.152030701090993e-10
2.577557674357326e-10
3.0126979783506043e-10
2.731998917807995e-10
2.212035337981113e-10
1.84362557245143e-10
1.2691901165401094e-10
6.595796682995004e-11
1.7843277155230967e-11
1.3628331375579016e-11
7.32561045422947e-11
5.244153388217527e-11
2.4634474182148135e-10
3.141287382291447e-10
3.984610108299465e-10
4.663525358923191e-10
5.67921440708023e-10
6.059396211315e-10
7.543384021668969e-10
8.146797016691152e-10
9.30387171520848e-10
7.349525807462608e-10
1.1392676002895372e-09
1.279201691724826e-09
1.4016784494151537e-09
1.5261518252371412e-09
1.6573304936292843e-09
5.24082057370162e-10
5.659386739197418e-10
2.1025176741227303e-09
2.2587047013530345e-09
2.3866164054137237e-09
2.544701480114925e-09
1.9640910446866007e-09
2.9719798702701745e-09
3.0924111319676997e-09
2.3919716958226726e-09
3.6263607589325726e-09
1.124566985600972e-09
4.090797647758338e-09
3.8460857425655134e-09
4.531395080486258e-09
4.794533499076442e-09
5.0813998135794595e-09
5.494676945053285e-09
5.658321155040818e-09
4.263836281441103e-09
6.2799055906755515e-09
6.866854683838967e-09
6.95168671610785e-09
7.64736779191349e-09
5.6500778232486756e-09
2.4918727989719022e-09
2.6285840248816177e-09
9.460543251919805e-09
9.975351993579804e-09
7.3237821183815074e-09
3.2297069353726975e-09
1.1336387111745783e-08
1.1917748655698205e-08
