4.769894394562423e-22
4.769931216107148e-22
4.769965550016179e-22
4.769997469167969e-22
4.770027041314031e-22
4.770054329223677e-22
4.770079390817392e-22
4.770102279289017e-22
4.770123043220372e-22
4.77014172668359e-22
4.770158369335764e-22
4.770173006501777e-22
4.770185669250999e-22
4.770196384462517e-22
4.770205174882414e-22
4.7702120591728875e-22
4.770217051950283e-22
4.770220163818495e-22
4.770221401389392e-22
4.770220767298564e-22
4.7702182602095935e-22
4.7702138748133195e-22
4.770207601814612e-22
4.770199427912882e-22
4.7701893357759e-22
4.770177304000194e-22
4.770163307068911e-22
4.770147315294397e-22
4.770129294758124e-22
4.770109207236169e-22
4.770087010120752e-22
4.770062656327591e-22
4.770036094197784e-22
4.770007267387013e-22
4.769976114746377e-22
4.769942570192544e-22
4.769906562568422e-22
4.769868015490787e-22
4.769826847189058e-22
4.769782970332098e-22
4.769736291841465e-22
4.76968671269556e-22
4.769634127719485e-22
4.769578425359671e-22
4.769519487449409e-22
4.769457188957601e-22
4.769391397722847e-22
4.769321974173281e-22
4.769248771030383e-22
4.769171632995834e-22
4.769090396423821e-22
4.769004888970278e-22
4.768914929231131e-22
4.76882032635344e-22
4.768720879633195e-22
4.768616378087415e-22
4.7685066000075995e-22
4.768391312488303e-22
4.768270270931277e-22
4.768143218529589e-22
4.768009885719983e-22
4.767869989610222e-22
4.767723233379764e-22
4.76756930564899e-22
4.76740787981648e-22
4.767238613369422e-22
4.767061147149312e-22
4.766875104598374e-22
4.766680090951084e-22
4.766475692400328e-22
4.766261475217345e-22
4.766036984828258e-22
4.765801744853243e-22
4.765555256089208e-22
4.765296995450267e-22
4.765026414857949e-22
4.764742940075365e-22
4.764445969485605e-22
4.764134872814013e-22
4.763808989787601e-22
4.7634676287314445e-22
4.763110065095871e-22
4.762735539924257e-22
4.762343258221093e-22
4.761932387281532e-22
4.761502054905377e-22
4.761051347547511e-22
4.760579308368644e-22
4.760084935204004e-22
4.759567178435213e-22
4.759024938728815e-22
4.758457064741821e-22
4.757862350620736e-22
4.757239533455454e-22
4.756587290600371e-22
4.755904236829368e-22
4.755188921400628e-22
4.75443982495961e-22
4.7536553562859295e-22
4.752833848930613e-22
4.751973557616519e-22
4.751072654556414e-22
4.750129225514767e-22
4.749141265736785e-22
4.748106675672264e-22
4.747023256469469e-22
4.745888705281853e-22
4.744700610355203e-22
4.743456445855907e-22
4.742153566445851e-22
4.7407892016689e-22
4.7393604499307995e-22
4.737864272430768e-22
4.736297486428762e-22
4.734656758608218e-22
4.732938597817513e-22
4.731139347653552e-22
4.729255178496961e-22
4.727282079290431e-22
4.725215849066494e-22
4.723052087704318e-22
4.720786186512668e-22
4.718413318366078e-22
4.715928427148007e-22
4.71332621696983e-22
4.710601140630542e-22
4.707747387688258e-22
4.704758871720628e-22
4.701629217327417e-22
4.698351746215816e-22
4.694919462594326e-22
4.691325038173916e-22
4.687560795984982e-22
4.683618693739827e-22
4.679490306193236e-22
4.675166807110487e-22
4.670638949212521e-22
4.665897044660153e-22
4.660930943217785e-22
4.655730010271442e-22
4.650283103272991e-22
4.644578547214416e-22
4.638604108367789e-22
4.632346968139087e-22
4.625793693566294e-22
4.61893020794873e-22
4.611741759385774e-22
4.60421288806833e-22
4.596327391048145e-22
4.588068285871575e-22
4.579417773457474e-22
4.570357195601839e-22
4.560866995234758e-22
4.550926670476197e-22
4.540514727997376e-22
4.529608633462589e-22
4.518184761105531e-22
4.506218337903941e-22
4.493683386639751e-22
4.480552665547282e-22
4.466797604559495e-22
4.452388238924927e-22
4.437293136673451e-22
4.4214793263146135e-22
4.40491221704804e-22
4.387555515602413e-22
4.369371140914245e-22
4.350319126981617e-22
4.330357531468309e-22
4.3094423268833785e-22
4.287527296400847e-22
4.2645639142444275e-22
4.240501227300085e-22
4.2152857220614185e-22
4.188861192074752e-22
4.1611685905467916e-22
4.1321458754656834e-22
4.1017278459463706e-22
4.0698459713584793e-22
4.036428205582736e-22
4.001398787800052e-22
3.9646780379857154e-22
3.9261821309829586e-22
3.8858228575890495e-22
3.84350737492302e-22
3.79913792604964e-22
3.752611564628965e-22
3.7038198159619495e-22
3.65264837715533e-22
3.598976720462269e-22
3.542677736366798e-22
3.48361727631845e-22
3.421653745547478e-22
3.356637563576067e-22
3.2884106492658826e-22
3.216805833103596e-22
3.1416461954358365e-22
3.0627443744108913e-22
2.9799017598884825e-22
2.892907597999043e-22
2.801538035311449e-22
