1.3395403805025414e-24
1.2580931843728677e-24
1.1845223977556233e-24
1.1186540502151288e-24
1.0603269443258821e-24
1.0093806931133356e-24
9.656422310002278e-25
9.289119526312963e-25
8.989511749131609e-25
8.754729086392052e-25
8.581377494112841e-25
8.46555970202111e-25
8.402957589257674e-25
8.388963409982053e-25
8.41883858730279e-25
8.487876086685452e-25
8.59154563065725e-25
8.725608121857477e-25
8.8861936972421e-25
9.069844536034967e-25
9.2735278199382e-25
9.494626095461625e-25
9.730912325592363e-25
9.980515928965638e-25
1.0241884674363179e-24
1.0513745893928041e-24
1.0795069255405502e-24
1.108503240065541e-24
1.1382990087478186e-24
1.1688447019407974e-24
1.2001034271834724e-24
1.2320489061385682e-24
1.264663753064282e-24
1.2979380191863871e-24
1.3318679680611162e-24
1.366455049657782e-24
1.4017050434758287e-24
1.4376273451099178e-24
1.4742343736992673e-24
1.5115410809847639e-24
1.5495645456230289e-24
1.5883236388940686e-24
1.6278387501093728e-24
1.6681315618186845e-24
1.7092248667156534e-24
1.7511424193182548e-24
1.7939088165620464e-24
1.83754940277946e-24
1.8820901944594456e-24
1.9275578223574117e-24
1.9739794872026817e-24
2.0213829273452778e-24
2.069796395847959e-24
2.119248646220191e-24
2.1697689241130757e-24
2.2213869654764947e-24
2.2741329987980786e-24
2.3280377513478056e-24
2.3831324589762676e-24
2.4394488779485423e-24
2.4970192998863516e-24
2.5558765677808293e-24
2.6160540938499056e-24
2.677585878825111e-24
2.7405065322729536e-24
2.804851293719562e-24
2.870656054345682e-24
2.937957380044793e-24
3.006792534413546e-24
3.0771995022299495e-24
3.1492170141113617e-24
3.2228845706034606e-24
3.29824246738076e-24
3.375331820530575e-24
3.454194592143888e-24
3.534873616399853e-24
3.617412625804968e-24
3.7018562779204335e-24
3.7882501822492976e-24
3.8766409280205245e-24
3.967076111148104e-24
4.059604363640703e-24
4.15427538034443e-24
4.251139949767573e-24
4.3502499820084564e-24
4.4516585394189554e-24
4.555419866157958e-24
4.66158941998225e-24
4.7702239031106304e-24
4.881381293145587e-24
4.995120876834148e-24
5.111503282477491e-24
5.230590513067387e-24
5.352445981353199e-24
5.4771345434165214e-24
5.6047225360844314e-24
5.735277810878695e-24
5.868869772018762e-24
6.005569415035635e-24
6.145449362628003e-24
6.2885839066903645e-24
6.4350490453261654e-24
6.584922526617933e-24
6.738283887720959e-24
6.895214498275055e-24
7.055797605280131e-24
7.220118375111853e-24
7.388263939188858e-24
7.560323441798858e-24
7.736388085344902e-24
7.916551179742115e-24
8.100908192388058e-24
8.289556796304419e-24
8.482596921640902e-24
8.680130811986414e-24
8.88226307387195e-24
9.08910073296197e-24
9.30075329149049e-24
9.517332780896409e-24
9.738953829557867e-24
9.965733710156595e-24
1.0197792412728602e-23
1.0435252697582855e-23
1.0678240167989519e-23
1.0926883322823415e-23
1.1181313638254137e-23
1.1441665624942914e-23
1.1708076900393129e-23
1.1980688260821808e-23
1.2259643752416899e-23
1.2545090747372877e-23
1.283718001689333e-23
1.3136065809261203e-23
1.3441905931258724e-23
1.3754861820684316e-23
1.4075098642189197e-23
1.4402785354908403e-23
1.4738094811079513e-23
1.5081203838096175e-23
1.543229332758793e-23
1.5791548326278238e-23
1.615915812460373e-23
1.6535316369536787e-23
1.6920221130747273e-23
1.731407502772859e-23
1.771708531832831e-23
1.8129463994870238e-23
1.855142789662397e-23
1.8983198819694697e-23
1.942500360957685e-23
1.987707429278116e-23
2.0339648169407296e-23
2.081296794353274e-23
2.129728182173632e-23
2.179284365504871e-23
2.2299913023972134e-23
2.2818755407986482e-23
2.3349642271363807e-23
2.389285119607749e-23
2.4448666043303816e-23
2.5017377021984843e-23
2.5599280881727714e-23
2.6194681001025265e-23
2.680388757041561e-23
2.742721767186556e-23
2.806499547216828e-23
2.8717552319752395e-23
2.938522694148857e-23
3.0068365502364956e-23
3.076732185608044e-23
3.1482457606148377e-23
3.2214142263556635e-23
3.296275346441132e-23
3.37286770443949e-23
3.4512307217551634e-23
3.5314046706013053e-23
3.6134306946222147e-23
3.6973508159508766e-23
3.783207955804091e-23
3.871045950124085e-23
3.9609095592614066e-23
4.052844485317667e-23
4.146897387255267e-23
4.243115896369505e-23
4.341548627570021e-23
4.4422451901259436e-23
4.545256209268473e-23
4.6506333333412155e-23
4.758429245822246e-23
4.868697675945582e-23
4.981493412856218e-23
5.096872314178106e-23
5.214891315704746e-23
5.335608437424981e-23
5.459082787470736e-23
5.58537457723001e-23
5.714545114509313e-23
5.846656813279327e-23
5.981773186312476e-23
6.119958859162886e-23
6.261279533292592e-23
