6.783508095032254e-23
6.78596351064162e-23
6.788225196596522e-23
6.790297953046939e-23
6.792186179117953e-23
6.793893882263568e-23
6.795424686784946e-23
6.796781841534795e-23
6.797968226824748e-23
6.798986360547532e-23
6.79983840353085e-23
6.800526164128398e-23
6.801051102067172e-23
6.801414331549532e-23
6.801616623623067e-23
6.801658407821723e-23
6.801539773078389e-23
6.801260467918812e-23
6.8008198999265e-23
6.800217134488198e-23
6.799450892808707e-23
6.79851954919832e-23
6.797421127618562e-23
6.796153297485622e-23
6.794713368723639e-23
6.793098286047187e-23
6.791304622476174e-23
6.789328572050911e-23
6.787165941751971e-23
6.784812142587581e-23
6.782262179848444e-23
6.779510642492068e-23
6.776551691646838e-23
6.773379048203585e-23
6.769985979472294e-23
6.766365284871877e-23
6.762509280628409e-23
6.75840978343825e-23
6.754058093075085e-23
6.749444973892348e-23
6.744560635183446e-23
6.73939471036587e-23
6.733936234932351e-23
6.728173623129122e-23
6.722094643311092e-23
6.715686391918877e-23
6.708935266019669e-23
6.701826934359102e-23
6.694346306855544e-23
6.686477502473398e-23
6.678203815407865e-23
6.669507679500933e-23
6.660370630825759e-23
6.650773268337067e-23
6.64069521252591e-23
6.630115061967989e-23
6.619010347685805e-23
6.607357485214564e-23
6.595131724273399e-23
6.582307095930648e-23
6.568856357142375e-23
6.554750932547618e-23
6.539960853387374e-23
6.524454693413018e-23
6.508199501645191e-23
6.491160731822505e-23
6.473302168393356e-23
6.454585848877281e-23
6.434971982417509e-23
6.414418864345084e-23
6.392882786551007e-23
6.370317943464697e-23
6.346676333414858e-23
6.321907655139435e-23
6.295959199202898e-23
6.268775734052744e-23
6.240299386442345e-23
6.210469515915487e-23
6.179222583049487e-23
6.146492011104087e-23
6.112208040723351e-23
6.076297577298766e-23
6.038684030571705e-23
5.999287146025139e-23
5.958022827567529e-23
5.914802950974186e-23
5.86953516749746e-23
5.822122696996278e-23
5.772464109862281e-23
5.720453096948141e-23
5.665978226589501e-23
5.608922687704443e-23
5.549164017801192e-23
5.486573814553625e-23
5.421017429380108e-23
5.352353641187364e-23
5.280434308093631e-23
5.2051039945132353e-23
5.1261995704040475e-23
5.0435497787577027e-23
4.9569747664432863e-23
4.866285572242187e-23
4.7712835641943986e-23
4.67175981606951e-23
4.567494409588621e-23
4.4582556446168465e-23
4.3437991333176374e-23
4.223866745403545e-23
4.098185358733997e-23
3.9664653505149905e-23
3.8283987358864084e-23
3.6836568169744504e-23
3.531887137187296e-23
3.3727094258971074e-23
3.2057100383117423e-23
3.0304340890584336e-23
2.846373940772663e-23
2.6529517289373123e-23
2.449491736060194e-23
2.2351746790071142e-23
2.0089579796481955e-23
1.769427767574525e-23
1.5145025192196103e-23
1.2407804327440452e-23
9.419160206320048e-24
6.039386369167336e-24
1.9606124956713263e-24
6.0955534194278735e-24
3.698524370423451e-23
3.473294819636506e-24
3.470842785021348e-24
8.097462097110357e-24
1.241359601355204e-23
1.6686865716193738e-23
2.1030561616450953e-23
2.5500905883954142e-23
3.013145977967679e-23
3.494559593641656e-23
3.996170955905272e-23
4.51956605238019e-23
5.06620277894187e-23
5.637480494338826e-23
6.234781263277678e-23
6.85949587792539e-23
7.513041291214367e-23
8.196873013656863e-23
8.912494465951335e-23
9.661464452309188e-23
1.0445403460121657e-22
1.1265999227958193e-22
1.2125011866566986e-22
1.3024278723079108e-22
1.3965719117428937e-22
1.4951339042418566e-22
1.598323589249925e-22
1.7063603272578111e-22
1.8194735922861782e-22
1.937903479251543e-22
2.0619012285787257e-22
2.191729770342945e-22
2.327664289921309e-22
2.469992817031392e-22
2.6190168393185363e-22
2.7750519432329695e-22
2.938428482092338e-22
3.109492275112196e-22
3.2886053367908266e-22
3.4761466398403053e-22
3.6725129126843144e-22
3.87811947345452e-22
4.0934011007234204e-22
4.318812947969473e-22
4.55483149418607e-22
4.801955544298651e-22
5.060707270200378e-22
5.33163330299435e-22
5.615305874347232e-22
5.912324010916665e-22
6.223314781514134e-22
6.548934602262456e-22
6.889870609048908e-22
7.246842073135523e-22
7.620601905328685e-22
8.011938215957107e-22
8.421675944481589e-22
8.850678569694193e-22
9.299849891855471e-22
9.77013590556618e-22
1.026252674844535e-21
1.0778058731958337e-21
1.1317816491197312e-21
1.1882935190559886e-21
1.2474602883734264e-21
1.3094062897194803e-21
1.3742616456112288e-21
1.4421625241139376e-21
1.5132514249716614e-21
1.5876774618166814e-21
1.6655966762303646e-21
1.7471723413101375e-21
1.832575304471675e-21
