3.2423877541089605e-13
2.9118187234141657e-13
2.6143535298437287e-13
2.3499926061961605e-13
2.1140564323874042e-13
1.9045800097818322e-13
1.7197139216074017e-13
1.5552452629000386e-13
1.4105751085905338e-13
1.282942791970146e-13
1.171392948373743e-13
1.0739170302427108e-13
9.887389817591286e-14
9.15384691042296e-14
8.517944374228019e-14
7.976251410842789e-14
7.515241709165876e-14
7.128930427073745e-14
6.807550917795525e-14
6.541683420390117e-14
6.328961166133951e-14
6.161235929546944e-14
6.036233878440093e-14
5.945795209698262e-14
5.887272914419028e-14
5.855339919087504e-14
5.849001556806853e-14
5.863297487976997e-14
5.896158024173964e-14
5.94513963785113e-14
6.007918077419752e-14
6.081330707820445e-14
6.165639894367168e-14
6.25699417430501e-14
6.356050402302427e-14
6.460970286609612e-14
6.570254930857188e-14
6.682729679461236e-14
6.79716416395535e-14
6.914731467536003e-14
7.032146780455633e-14
7.150574242350159e-14
7.268961536064163e-14
7.386471714304575e-14
7.503113222973736e-14
7.618148526367062e-14
7.732377532097877e-14
7.8452685922104e-14
7.954972380147077e-14
8.062970442906967e-14
8.168211117815516e-14
8.271504914980053e-14
8.372560176678776e-14
8.470356521443076e-14
8.565461885290804e-14
8.658164647742245e-14
8.747959450591628e-14
8.835239622306202e-14
8.919651654146916e-14
9.001620458047914e-14
9.080613080728236e-14
9.157279473937047e-14
9.230926135449753e-14
9.302185765697903e-14
9.370911666426004e-14
9.437092451537285e-14
9.500912297605447e-14
9.562736431179729e-14
9.621921921094728e-14
9.678543749425578e-14
9.733454338572646e-14
9.786501256088256e-14
9.837216595628466e-14
9.885475364949561e-14
9.932160140061336e-14
9.977520760943492e-14
1.0020475414275788e-13
1.0061889394075919e-13
1.0101608114595807e-13
1.0139757060632609e-13
1.0176433298825535e-13
1.0211289275873148e-13
1.0244826321425687e-13
1.0277059685849163e-13
1.0307887920199755e-13
1.0337344479176122e-13
1.0365598552319657e-13
1.0392759782482836e-13
1.041891650743665e-13
1.0443743624316609e-13
1.0467488309484357e-13
1.0490243823908895e-13
1.0511744856191937e-13
1.0532937834482546e-13
1.0552780707471777e-13
1.0571622403662636e-13
1.0590056647459374e-13
1.06074618639438e-13
1.0624021040467925e-13
1.063983045930724e-13
1.0654834149397533e-13
1.0669723443700344e-13
1.0683659293379196e-13
1.0696936654534622e-13
1.0709336939176574e-13
1.0721651930487769e-13
1.073314126002277e-13
1.0744105388842929e-13
1.0754629626419182e-13
1.0764615253526674e-13
1.0774364019513196e-13
1.0783508971559574e-13
1.0791986275252045e-13
1.080032760571388e-13
1.0808143888716954e-13
1.0815636869835376e-13
1.0822752239988094e-13
1.0829505045965728e-13
1.0836270927861399e-13
1.0842230445214662e-13
1.0847980516739517e-13
1.085354974321212e-13
1.0858841303472134e-13
1.0863844170511841e-13
1.0868532132055392e-13
1.087295617905713e-13
1.0877118391148713e-13
1.0881160945990237e-13
1.0884733450149103e-13
1.0888361300281839e-13
1.0891575668852627e-13
1.089464398039894e-13
1.0897665583394346e-13
1.0900263312742241e-13
1.0902669529180976e-13
1.0905100374656176e-13
1.0907183725665549e-13
1.090920794974134e-13
1.0910843219830307e-13
1.0912547756261637e-13
1.0913922244898279e-13
1.0915175101099887e-13
1.0916353258299076e-13
1.0917347477037278e-13
1.0918197030398526e-13
1.0918748422636154e-13
1.0919258731483042e-13
1.0919640824882495e-13
1.0919869104440654e-13
1.091993178726605e-13
1.0919763179909486e-13
1.0919521641321498e-13
1.091915532627029e-13
1.0918554316304179e-13
1.0917825843575971e-13
1.0917039732027718e-13
1.0915870604182508e-13
1.0914737265454252e-13
1.0913374540606648e-13
1.0911926062263043e-13
1.0910173240212886e-13
1.0908394369884014e-13
1.0906354896526485e-13
1.090412755416776e-13
1.0901756699399674e-13
1.0899194599417008e-13
1.0896452091046739e-13
1.0893420072533152e-13
1.0890297865471356e-13
1.0886854210597304e-13
1.0883251874403817e-13
1.0879341741878638e-13
1.0875313581086267e-13
1.0870982456689302e-13
1.086637723123182e-13
1.0861520166608321e-13
1.0856431598774817e-13
1.0850979368189625e-13
1.0845288149972426e-13
1.08393019832607e-13
1.0832967056734643e-13
1.0826259565984278e-13
1.0819210914976236e-13
1.0811827538031237e-13
1.080404757876827e-13
1.0795824243503443e-13
1.0787256378968784e-13
1.0778252889110231e-13
1.0768773988231062e-13
1.0758834576202165e-13
1.0748371526359371e-13
1.0737420086039502e-13
1.0725869636944743e-13
1.071384814125156e-13
1.0701175280448242e-13
1.0687888988690436e-13
1.0673990324441187e-13
1.0659340404782237e-13
1.0644042331022597e-13
1.0627980865019447e-13
1.0611167610008621e-13
