4.1311246255614015e-11
4.118174636828282e-11
4.0347750614309994e-11
3.805060940045341e-11
3.728210714037121e-11
3.4825125800152416e-11
3.418796314976248e-11
3.293959032360382e-11
3.2402367174372687e-11
3.003661107558172e-11
2.958379259300901e-11
2.873021087117324e-11
2.740078895724798e-11
2.6486003377513037e-11
2.507804483442822e-11
2.456573414268493e-11
2.3311510731245857e-11
2.2761077778405457e-11
2.1958002624304448e-11
2.1150216553964076e-11
1.99817322938694e-11
1.9308826623633733e-11
1.9128468684892436e-11
1.8007023396060305e-11
1.7644782730018754e-11
1.6612208630701852e-11
1.6274456013835758e-11
1.535002087192564e-11
1.500967545172242e-11
1.4400509916653712e-11
1.3670168781214696e-11
1.3058117982004177e-11
1.249291360529399e-11
1.2073044664599038e-11
1.1610882849748639e-11
1.1074959934158812e-11
1.0780323289531509e-11
1.024214424309946e-11
9.753091452006695e-12
9.498589930871104e-12
9.02615738270117e-12
8.64369114010152e-12
8.293796409121268e-12
7.943858335054814e-12
7.566331128484613e-12
7.29213683265801e-12
6.980671369004974e-12
6.685884377377955e-12
6.403246983461962e-12
6.0996227935111395e-12
5.89547307939541e-12
5.5903405752415405e-12
5.392489616835739e-12
5.148280716774225e-12
4.925370573198347e-12
4.7054121083997496e-12
4.5095121974174116e-12
4.328658804870388e-12
4.125759579186883e-12
3.9336612077093725e-12
3.767796457046123e-12
3.6039255922531877e-12
3.4523544205213587e-12
3.2921834940730908e-12
3.157659551289373e-12
3.0257780063695392e-12
2.8857783197022124e-12
2.759400907280169e-12
2.6315662273261063e-12
2.5269157473580403e-12
2.4096407479377303e-12
2.2989002305252833e-12
2.198570145618832e-12
2.1037714772178587e-12
2.0103417943209668e-12
1.918125359948448e-12
1.83886930484532e-12
1.7541636787793734e-12
1.6760335239630411e-12
1.6026729000048584e-12
1.5297617738927739e-12
1.4615656225772937e-12
1.3945441221679396e-12
1.3320999362686586e-12
1.2738739251448373e-12
1.2172795101886746e-12
1.1610559457801815e-12
1.1100717822391272e-12
1.0601946000052234e-12
1.0119340480906059e-12
9.661144697572079e-13
9.233890651007274e-13
8.817242203075935e-13
8.413175294047943e-13
8.033553935049071e-13
7.680945687132128e-13
7.323608518374114e-13
6.996637311045141e-13
6.675338451148688e-13
6.3761610334466e-13
6.086418654952655e-13
5.809961538468303e-13
5.545412282373285e-13
5.29277817054757e-13
5.051447779832726e-13
4.820926401853658e-13
4.600641531570789e-13
4.388481817229839e-13
4.18906901336787e-13
3.9964817374624075e-13
3.8121658638982745e-13
3.6380879319771826e-13
3.4705934450453545e-13
3.3116105600699957e-13
3.1577411571331353e-13
3.0117638587475597e-13
2.872305795143843e-13
2.7390958279848034e-13
2.611267053979658e-13
2.4903166553640216e-13
2.3747232835334025e-13
2.2637759290817087e-13
2.15781011421495e-13
2.0559870886809155e-13
1.9599365680246032e-13
1.867501306363806e-13
1.7791100208171024e-13
1.6946684584638852e-13
1.6147445196993364e-13
1.5377048039465666e-13
1.4643495064553285e-13
1.3943054284285247e-13
1.3273945163295806e-13
1.2634982061336159e-13
1.2024698831625174e-13
1.1440813805958347e-13
1.0885459067601229e-13
1.0354969151200663e-13
9.847334009586611e-14
9.362608816646973e-14
8.899651938817484e-14
8.4569366377974e-14
8.035632221846009e-14
7.632032365433728e-14
7.247267353764184e-14
6.880008986905855e-14
6.529104881269668e-14
6.194601164433386e-14
5.874204437351826e-14
5.5693617130399016e-14
5.277605685588287e-14
4.9997702022345696e-14
4.733960203499922e-14
4.4806339775312014e-14
4.2387930299632214e-14
4.008067741735255e-14
3.787544628492253e-14
3.577420938979278e-14
3.3766456601310315e-14
3.18520734194486e-14
3.0026007619586935e-14
2.8284009436154683e-14
2.662314991571042e-14
2.503805425083506e-14
2.3526716896345592e-14
2.2086194185900087e-14
2.071292944275163e-14
1.9404092869482436e-14
1.8156800546678033e-14
1.696886169913541e-14
1.5837409325702718e-14
1.4759950234365452e-14
1.373429462382937e-14
1.2758654450624942e-14
1.1830507242068217e-14
1.0948092697777161e-14
1.0109192670917698e-14
9.312598247212749e-15
8.55625577985806e-15
7.838622299886549e-15
7.15839282370383e-15
6.513920967674058e-15
5.903896214219132e-15
5.327032588518768e-15
4.782183180150307e-15
4.268142745361804e-15
3.783890828904237e-15
3.3283747983477356e-15
2.9006577872617736e-15
2.4998661843260813e-15
2.1251999151367068e-15
1.7758908407376078e-15
1.4512549319505893e-15
1.1506777419793295e-15
8.736591601362808e-16
6.1989457610531055e-16
3.896091187465416e-16
1.8607281154103945e-16
7.184906049933246e-17
1.9797540688750224e-16
3.4004370185086803e-16
