2.2801830891278713e-24
2.3958220060558313e-24
2.5104701559331136e-24
2.624249781410545e-24
2.7372993431892086e-24
2.8497671329054165e-24
2.9618068347279735e-24
3.073574439143721e-24
3.1852261054357465e-24
3.2969166970827e-24
3.4087987976542666e-24
3.521022073095709e-24
3.633732883707574e-24
3.7470740777256464e-24
3.861184916097499e-24
3.9762010921564114e-24
4.092254819682393e-24
4.2094749689756186e-24
4.327987236854518e-24
4.4479143392889234e-24
4.569376218469846e-24
4.692490258542183e-24
4.817371505076634e-24
4.944132885507706e-24
5.072885427436307e-24
5.2037384736121026e-24
5.336799891971061e-24
5.472176280305885e-24
5.6099731643347004e-24
5.750295189730281e-24
5.893246307270939e-24
6.038929951465183e-24
6.187449212523633e-24
6.338907002206568e-24
6.493406213265496e-24
6.651049873119208e-24
6.811941292021464e-24
6.976184205729437e-24
7.14388291321404e-24
7.31514240998019e-24
7.490068516477941e-24
7.668768002967549e-24
7.851348710236745e-24
8.037919667327065e-24
8.228591205419382e-24
8.423475069342735e-24
8.622684526401971e-24
8.826334472440053e-24
9.03454153631126e-24
9.24742418201127e-24
9.465102809322164e-24
9.687699853021101e-24
9.91533988071357e-24
1.0148149689876661e-23
1.0386258403489182e-23
1.0629797565654404e-23
1.0878901236199027e-23
1.113370608496194e-23
1.1394351486291934e-23
1.1660979612939565e-23
1.1933735530213766e-23
1.2212767290711148e-23
1.249822602874769e-23
1.2790266055993222e-23
1.3089044956939923e-23
1.3394723685919898e-23
1.3707466664031044e-23
1.402744187787348e-23
1.435482097866369e-23
1.4689779382929294e-23
1.503249637406241e-23
1.538315520535658e-23
1.57419432048583e-23
1.6109051881226653e-23
1.6484677030789044e-23
1.686901884772287e-23
1.7262282034888336e-23
1.7664675915796185e-23
1.8076414550899595e-23
1.8497716853611715e-23
1.892880670920557e-23
1.9369913096466797e-23
1.98212702104104e-23
2.0283117588489654e-23
2.075570023817619e-23
2.1239268768240692e-23
2.173407952078184e-23
2.224039470771302e-23
2.27584825481997e-23
2.3288617411701368e-23
2.383107995934453e-23
2.43861572924486e-23
2.4954143101021808e-23
2.5535337818597248e-23
2.6130048775465473e-23
2.673859035946472e-23
2.7361284177486767e-23
2.799845922131842e-23
2.8650452036648695e-23
2.9317606894306566e-23
3.000027596759975e-23
3.069881951003182e-23
3.1413606039855847e-23
3.2145012523172016e-23
3.289342457007909e-23
3.3659236623010945e-23
3.44428521571198e-23
3.524468388134125e-23
3.606515394440073e-23
3.690469414428123e-23
3.7763746141854684e-23
3.8642761677219226e-23
3.954220279304437e-23
4.0462542061025885e-23
4.1404262807582265e-23
4.2367859353551617e-23
4.335383724753418e-23
4.436271351391232e-23
4.5395016892708854e-23
4.645128809443972e-23
4.7532080058646663e-23
4.863795820289403e-23
4.9769500698033e-23
5.0927298726245396e-23
5.211195675987795e-23
5.3324092831959e-23
5.456433881574195e-23
5.583334071395269e-23
5.713175893949069e-23
5.846026860983539e-23
5.981955983810158e-23
6.121033803862087e-23
6.263332421410079e-23
6.408925527948598e-23
6.55788843460593e-23
6.710298105173169e-23
6.866233185808348e-23
7.025774037266782e-23
7.18900276582925e-23
7.356003255848244e-23
7.526861200582597e-23
7.70166413454509e-23
7.880501465739078e-23
8.063464506488123e-23
8.250646506099385e-23
8.442142681294219e-23
8.638050248562552e-23
8.838468454626569e-23
9.04349860841694e-23
9.253244106660367e-23
9.467810469945728e-23
9.687305367502354e-23
9.911838644085433e-23
1.0141522352278728e-22
1.0376470772867103e-22
1.0616800443061843e-22
1.0862630179664138e-22
1.1114081100160092e-22
1.1371276644101525e-22
1.1634342591582002e-22
1.1903407077268629e-22
1.2178600606945188e-22
1.2460056070089753e-22
1.2747908745162816e-22
1.304229630470699e-22
1.3343358822809917e-22
1.365123876576325e-22
1.3966080994008254e-22
1.4288032743588737e-22
1.4617243617798815e-22
1.4953865562024398e-22
1.529805283974757e-22
1.5649961996940532e-22
1.6009751824125753e-22
1.6377583308871158e-22
1.6753619577584602e-22
1.7138025834427986e-22
1.753096928913155e-22
1.7932619059742065e-22
1.834314609436653e-22
1.876272305475638e-22
1.919152418660374e-22
1.9629725207447043e-22
2.0077503126868537e-22
2.053503610369969e-22
2.10025032508991e-22
2.148008442900851e-22
2.196796002594797e-22
2.2466310708085146e-22
2.297531715125424e-22
2.3495159741611512e-22
2.402601824897515e-22
2.4568071476205056e-22
2.512149686993403e-22
2.5686470105927337e-22
2.626316461785898e-22
2.685175111332624e-22
2.745239702318599e-22
2.8065265919419214e-22
2.8690516873299407e-22
2.9328303777629933e-22
