2.037847119688618e-24
2.0342771071536016e-24
2.031025006373447e-24
2.028064200947281e-24
2.0253702862306024e-24
2.022920899820307e-24
2.0206955632517403e-24
2.0186755344691816e-24
2.016843670586184e-24
2.0151843004960945e-24
2.0136831067843364e-24
2.0123270164478003e-24
2.0111040999135443e-24
2.0100034778220946e-24
2.009015235116413e-24
2.0081303419250938e-24
2.0073405807815522e-24
2.0066384797550443e-24
2.006017251041876e-24
2.005470734645763e-24
2.004993346750668e-24
2.0045800324402643e-24
2.0042262224361234e-24
2.003927793540701e-24
2.0036810324845692e-24
2.0034826029306513e-24
2.0033295153828803e-24
2.003219099734714e-24
2.0031489803090206e-24
2.0031170531209497e-24
2.0031214652361225e-24
2.0031605960190716e-24
2.0032330401523297e-24
2.0033375922607454e-24
2.003473233005716e-24
2.003639116558794e-24
2.0038345593267535e-24
2.0040590298098487e-24
2.004312139560201e-24
2.004593635082684e-24
2.0049033906618536e-24
2.0052414020120273e-24
2.0056077807007568e-24
2.0060027492946128e-24
2.0064266371463274e-24
2.0068798768115455e-24
2.0073630010316633e-24
2.0078766402516272e-24
2.008421520615993e-24
2.008998462447249e-24
2.0096083791782527e-24
2.0102522766314953e-24
2.010931252752053e-24
2.0116464976738748e-24
2.012399294129346e-24
2.0131910181999876e-24
2.014023140396265e-24
2.014897226984058e-24
2.0158149416908585e-24
2.0167780476051315e-24
2.0177884094028066e-24
2.018847995805187e-24
2.019958882329983e-24
2.0211232542588983e-24
2.0223434098591074e-24
2.0236217638700374e-24
2.0249608511826327e-24
2.0263633308164812e-24
2.0278319900559577e-24
2.029369748900032e-24
2.030979664643428e-24
2.0326649367687416e-24
2.034428912032972e-24
2.0362750897457817e-24
2.0382071273179666e-24
2.0402288460230813e-24
2.0423442369169257e-24
2.044557467082243e-24
2.04687288597783e-24
2.049295032070477e-24
2.0518286396462595e-24
2.0544786458331383e-24
2.0572501978350997e-24
2.060148660319465e-24
2.0631796230824955e-24
2.066348908821222e-24
2.0696625810501017e-24
2.073126952362073e-24
2.076748592588469e-24
2.080534337411459e-24
2.084491296791271e-24
2.088626863798648e-24
2.0929487234266847e-24
2.097464861428586e-24
2.1021835734691323e-24
2.1071134740423234e-24
2.1122635056915612e-24
2.1176429480912777e-24
2.1232614272090958e-24
2.1291289243797173e-24
2.1352557854430743e-24
2.1416527295513173e-24
2.1483308582964893e-24
2.1553016642803573e-24
2.1625770398934733e-24
2.170169285508113e-24
2.1780911178437406e-24
2.1863556777347473e-24
2.1949765380349064e-24
2.203967710753718e-24
2.2133436542056067e-24
2.2231192795407853e-24
2.2333099568835142e-24
2.2439315215508226e-24
2.2550002788723943e-24
2.2665330093949963e-24
2.2785469733545874e-24
2.2910599139605435e-24
2.304090061610175e-24
2.317656135888046e-24
2.3317773483607087e-24
2.346473404032387e-24
2.3617645026565382e-24
2.3776713390315817e-24
2.3942151038265357e-24
2.411417482517085e-24
2.4293006550399366e-24
2.4478872942680967e-24
2.467200564265952e-24
2.4872641191976513e-24
2.508102099727232e-24
2.5297391315490668e-24
2.55220032190119e-24
2.575511257580999e-24
2.599698002174713e-24
2.6247870921317984e-24
2.6508055357583152e-24
2.6777808093182506e-24
2.705740856592195e-24
2.7347140856953358e-24
2.764729368975476e-24
2.7958160409881917e-24
2.828003901563753e-24
2.86132321300746e-24
2.8958047030906927e-24
2.9314795694762084e-24
2.968379479638929e-24
3.0065365787397295e-24
3.045983494578889e-24
3.0867533436190416e-24
3.1288797380586677e-24
3.172396800022896e-24
3.2173391672814074e-24
3.263742008392321e-24
3.31164103317171e-24
3.3610725151767974e-24
3.412073298939639e-24
3.4646808233431964e-24
3.518933141248957e-24
3.5748689372689796e-24
3.632527556106993e-24
3.691949018412003e-24
3.7531740550874e-24
3.816244126727869e-24
3.881201458589156e-24
3.9480890677520876e-24
4.016950791491391e-24
4.087831326807801e-24
4.160776257784249e-24
4.235832101064354e-24
4.313046335040561e-24
4.392467439555497e-24
4.4741449426506106e-24
4.558129456069625e-24
4.644472727448855e-24
4.733227672017946e-24
4.824448433434289e-24
4.9181904320120676e-24
5.014510402200834e-24
5.113466458035675e-24
5.215118148262451e-24
5.319526507247157e-24
5.426754111694312e-24
5.536865151878449e-24
5.649925494494251e-24
5.766002742690051e-24
5.885166303408683e-24
6.007487482464723e-24
6.1330395358922294e-24
6.2618977543107384e-24
6.394139575919346e-24
6.529844625164694e-24
6.669094855394132e-24
6.811974619356522e-24
6.958570807468073e-24
7.108972860245598e-24
7.263273062070636e-24
7.421566478700189e-24
7.583951245538525e-24
7.750528589893778e-24
7.921403078163463e-24
