4.736023359915645e-24
3.7057609509065155e-24
2.7366833477732355e-24
1.8268375804040306e-24
9.74731815928422e-25
1.863321270544655e-25
5.730186735574099e-25
1.26315511367451e-24
1.904157926771181e-24
2.4962429781954796e-24
3.040479622248207e-24
3.537964080318265e-24
3.989726794347897e-24
4.3967129434224765e-24
4.759777594720294e-24
5.0796848637865526e-24
5.357108349746471e-24
5.5926319717587066e-24
5.786750882122032e-24
5.939872320441905e-24
6.052316348744106e-24
6.124316438452351e-24
6.156019894228304e-24
6.14748810835729e-24
6.098696641623118e-24
6.009535130878184e-24
5.879807024431598e-24
5.709229150515482e-24
5.497431128480717e-24
5.243954642412671e-24
4.9482526138853904e-24
4.609688350924241e-24
4.2275348345652396e-24
3.800974515072897e-24
3.329100550920751e-24
2.8109221569238484e-24
2.2453831316889994e-24
1.6314337060811194e-24
9.684357140268517e-25
2.636040195685785e-25
5.284494201908943e-25
1.3477375799938745e-24
2.226926493862058e-24
3.1651310171487177e-24
4.1639798304469936e-24
5.22551953515084e-24
6.352005718052391e-24
7.545861575910094e-24
8.809669192912238e-24
1.0146170111211063e-23
1.1558269355753507e-23
1.3049041087423197e-23
1.4621735227107695e-23
1.627978478800047e-23
1.802681381319342e-23
1.9866645878884475e-23
2.1803313159056207e-23
2.3841066060568934e-23
2.5984383451481696e-23
2.823798350623577e-23
3.0606835203364156e-23
3.309617050809716e-23
3.571149728182777e-23
3.8458612959620147e-23
4.134361904352438e-23
4.4372936460712067e-23
4.755332184421743e-23
5.089188479168884e-23
5.439610616798393e-23
5.807385751709453e-23
6.193342166756832e-23
6.598351459584206e-23
7.023330864527258e-23
7.469245720397848e-23
7.937112091515403e-23
8.427999555915298e-23
8.943034171955668e-23
9.483401634607282e-23
1.0050350639577904e-22
1.064519646551569e-22
1.1269324795860926e-22
1.1924195796639716e-22
1.2611348469986705e-22
1.3332405304623666e-22
1.4089077252384149e-22
1.4883169048472137e-22
1.5716584910943332e-22
1.6591334653438774e-22
1.7509540233643241e-22
1.8473442786999575e-22
1.9485410193202475e-22
2.0547945197471224e-22
2.1663694167831586e-22
2.2835456528756844e-22
2.4066194928186247e-22
2.5359046228211935e-22
2.671733338008584e-22
2.8144578273133044e-22
2.964451565717071e-22
3.122110824940107e-22
3.2878563126978975e-22
3.4621349558708566e-22
3.6454218427987446e-22
3.838222338231561e-22
4.0410743948801314e-22
4.254551077547735e-22
4.479263328842204e-22
4.715862999405804e-22
4.965046176515512e-22
5.227556842007422e-22
5.504190906739043e-22
5.795800654986723e-22
6.103299663709242e-22
6.427668243396007e-22
6.769959475857502e-22
7.131305927521767e-22
7.512927118455494e-22
7.916137858078266e-22
8.342357575417117e-22
8.793120759478847e-22
9.270088690732482e-22
9.77506265812543e-22
1.0309998862323505e-21
1.0877025279966433e-21
1.1478460789862251e-21
1.2116836952147997e-21
1.2794922820089762e-21
1.3515753341526975e-21
1.4282661980315318e-21
1.509931823761592e-21
1.5969771032134862e-21
1.6898499034431806e-21
1.789046915631482e-21
1.895120503810599e-21
2.0086867320368323e-21
2.1304348287760132e-21
2.2611383940067483e-21
2.4016687419644047e-21
2.55301084594795e-21
2.71628254494064e-21
2.8927577472969805e-21
3.0838947168382562e-21
3.2913707302627544e-21
3.5171248545402445e-21
3.763411180840634e-21
4.0328655966502765e-21
4.328590305074761e-21
4.654261817133501e-21
5.014270441116775e-21
5.4139024824597296e-21
5.85958123402543e-21
6.359190155256844e-21
6.92251281828192e-21
7.561842174092018e-21
8.292839831384063e-21
9.135774432414904e-21
1.0117348599898784e-20
1.1273469303646402e-20
1.2653581795284175e-20
1.432770180482692e-20
1.6398326522803018e-20
1.9021676668707637e-20
2.2448033470752417e-20
2.710458435914387e-20
3.3783587479653434e-20
4.4131001147820216e-20
6.217507211774839e-20
1.005660220952093e-19
2.112017718030787e-19
2.302895116990511e-19
1.12642747112737e-19
7.181848416402715e-20
5.296126820690708e-20
4.225778778490886e-20
3.539319007169241e-20
3.06279214169793e-20
2.713232384248674e-20
2.446198485960037e-20
2.2357815919551348e-20
2.0658720368785274e-20
1.9259325066918494e-20
1.8087830140943692e-20
1.7093634788202497e-20
1.6240057093524403e-20
1.5499857854517558e-20
1.48523870989695e-20
1.4281705385799358e-20
1.377531290257075e-20
1.3323268822649874e-20
1.2917567860699745e-20
1.2551690506678005e-20
1.2220273097547078e-20
1.1918862077796476e-20
1.1643728071787867e-20
1.1391724005212912e-20
1.1160175286758392e-20
1.0946793612465506e-20
1.0749609244602497e-20
1.056691690400839e-20
1.0397232290079423e-20
1.0239256897209434e-20
