7.364260883531139e-23
7.365368246880008e-23
7.366419384984392e-23
7.367416528714358e-23
7.368361794292128e-23
7.369257187800416e-23
7.370104609430674e-23
7.37090585753162e-23
7.371662632432235e-23
7.372376540045782e-23
7.37304909528295e-23
7.373681725291122e-23
7.374275772453736e-23
7.374832497271683e-23
7.37535308101355e-23
7.375838628244022e-23
7.376290169172277e-23
7.37670866182442e-23
7.377094994080759e-23
7.377449985567088e-23
7.377774389403305e-23
7.378068893768111e-23
7.378334123404202e-23
7.378570640917606e-23
7.378778947962691e-23
7.37895948633365e-23
7.379112638880293e-23
7.379238730320407e-23
7.379338027931139e-23
7.379410742145105e-23
7.379457026931493e-23
7.379476980157962e-23
7.379470643795606e-23
7.379438004023438e-23
7.379378991146113e-23
7.379293479481586e-23
7.379181287065742e-23
7.379042175309204e-23
7.378875848408164e-23
7.378681952785913e-23
7.378460076269181e-23
7.378209747285539e-23
7.377930433772661e-23
7.377621542106934e-23
7.377282415794444e-23
7.376912334067097e-23
7.37651051038867e-23
7.376076090647936e-23
7.375608151585814e-23
7.375105698484203e-23
7.374567663362415e-23
7.373992902351464e-23
7.373380193665582e-23
7.37272823458347e-23
7.372035638927045e-23
7.371300933949009e-23
7.370522557271274e-23
7.369698853500402e-23
7.368828070529705e-23
7.36790835618096e-23
7.366937753743562e-23
7.365914198127081e-23
7.364835511326424e-23
7.363699397628391e-23
7.362503438848597e-23
7.36124508897593e-23
7.359921668902077e-23
7.358530360336432e-23
7.357068200136201e-23
7.355532073592252e-23
7.353918707723957e-23
7.352224664522994e-23
7.350446333055235e-23
7.348579922192756e-23
7.346621451931137e-23
7.344566744930907e-23
7.342411417638015e-23
7.340150870612251e-23
7.337780278344063e-23
7.335294579183485e-23
7.332688463920603e-23
7.329956364498696e-23
7.327092441678632e-23
7.324090572263358e-23
7.320944336073956e-23
7.3176470012311e-23
7.314191510132345e-23
7.31057046274224e-23
7.306776101988126e-23
7.302800295245805e-23
7.298634516992865e-23
7.294269829768003e-23
7.289696864337246e-23
7.284905798738902e-23
7.279886337154384e-23
7.27462768559165e-23
7.269118529154906e-23
7.263347005240181e-23
7.257300678177078e-23
7.250966510372174e-23
7.244330832979439e-23
7.237379314950771e-23
7.230096930308348e-23
7.222467924468606e-23
7.214475776563375e-23
7.206103163742988e-23
7.197331919017559e-23
7.188142990871803e-23
7.178516398367238e-23
7.168431182975611e-23
7.15786536253638e-23
7.146795876654733e-23
7.135198533948033e-23
7.123047953196153e-23
7.110317503071705e-23
7.096979238988003e-23
7.083003834398601e-23
7.068360510080816e-23
7.053016957689735e-23
7.036939262518772e-23
7.020091816775298e-23
7.002437233232556e-23
6.983936247808428e-23
6.964547625032121e-23
6.944228047729543e-23
6.92293200888019e-23
6.900611689835039e-23
6.87721684119267e-23
6.852694644133824e-23
6.826989571014068e-23
6.800043237532823e-23
6.771794242242391e-23
6.742177995666024e-23
6.711126543987822e-23
6.678568377721343e-23
6.644428221203101e-23
6.608626825095723e-23
6.571080724669341e-23
6.531702001217123e-23
6.490398014420743e-23
6.447071113442778e-23
6.401618344850297e-23
6.353931122856694e-23
6.303894885792919e-23
6.251388715252427e-23
6.196284947389596e-23
6.138448738575462e-23
6.077737601321926e-23
6.01400090410163e-23
5.947079346697303e-23
5.87680436519794e-23
5.802997516331032e-23
5.725469801207171e-23
5.644020927330832e-23
5.558438516659178e-23
5.468497250536695e-23
5.373957917038453e-23
5.2745664211156493e-23
5.170052653515335e-23
5.060129295032502e-23
4.9444905090008105e-23
4.822810495643512e-23
4.6947419471986e-23
4.5599143291501027e-23
4.41793203761466e-23
4.268372383093244e-23
4.110783410205123e-23
3.944681552178124e-23
3.7695491465760956e-23
3.5848318462238036e-23
3.38993600500398e-23
3.1842262695716655e-23
2.9670237100181716e-23
2.737605277384603e-23
2.495206200564366e-23
2.2390288289264332e-23
1.9682663653885153e-23
1.68216371502956e-23
1.3801826589329087e-23
1.0625183429628678e-23
7.321799081619544e-24
4.0822060444277575e-24
2.6087617119239008e-24
5.4426593230521154e-24
9.576668586887523e-24
1.4173109005616582e-23
1.9140563273402998e-23
2.4477536081032408e-23
3.02048386263627e-23
3.635322469570435e-23
4.2960439281282425e-23
5.007073474360288e-23
5.773530717937828e-23
6.601323447978675e-23
7.497281257075976e-23
8.469330621407031e-23
9.526719375450534e-23
1.0680303143353876e-22
1.1942913496516155e-22
1.3329834061575624e-22
1.4859424259571534e-22
