3.0146648017282498e-24
2.8712523987554944e-24
2.734491826426459e-24
2.604093095572822e-24
2.4797797915265815e-24
2.361288495492282e-24
2.2483682344063796e-24
2.1407799577468166e-24
2.0382960403292604e-24
1.9406998096091663e-24
1.847785096397901e-24
1.759355807583417e-24
1.675225519498277e-24
1.595217090442767e-24
1.5191622907948417e-24
1.4469014489013989e-24
1.3782831106961907e-24
1.313163710969589e-24
1.2514072536297015e-24
1.1928849981668487e-24
1.1374751491516383e-24
1.0850625451709143e-24
1.035538343313086e-24
9.887996950216411e-25
9.447494088761275e-25
9.032955958693597e-25
8.643512928859966e-25
8.278340607521325e-25
7.936655539662775e-25
7.61771060898236e-25
7.320790152457242e-25
7.045204819845642e-25
6.790286248242929e-25
6.555381650353085e-25
6.33984846039544e-25
6.143049211847686e-25
5.964346849266527e-25
5.8031006941778495e-25
5.658663279455425e-25
5.530378240278812e-25
5.417579408244693e-25
5.319591184530536e-25
5.235730184026783e-25
5.1653080670473865e-25
5.1076353781495705e-25
5.062026157384685e-25
5.027803039090475e-25
5.004302537123586e-25
4.990880225796313e-25
4.986915558562244e-25
4.991816119710874e-25
5.005021161993758e-25
5.026004347002864e-25
5.054275664421959e-25
5.089382552702175e-25
5.130910283882866e-25
5.178481698982827e-25
5.231756397274408e-25
5.29042948370034e-25
5.354229981549009e-25
5.422919004081666e-25
5.496287773058017e-25
5.574155555867431e-25
5.6563675815044515e-25
5.742792984806474e-25
5.833322812904691e-25
5.927868123756526e-25
6.026358192330789e-25
6.128738838138374e-25
6.23497087882441e-25
6.345028711701152e-25
6.458899021523801e-25
6.576579611389428e-25
6.698078348620623e-25
6.823412222478536e-25
6.9526065024077425e-25
7.085693991703328e-25
7.222714368390052e-25
7.363713604338368e-25
7.50874345670749e-25
7.657861025341718e-25
7.811128366280123e-25
7.968612160620952e-25
8.130383428279504e-25
8.29651728457424e-25
8.467092733877447e-25
8.642192496539705e-25
8.821902865295319e-25
9.006313588345453e-25
9.19551777378309e-25
9.389611817557113e-25
9.5886953458796e-25
9.79287117789797e-25
1.000224529715056e-24
1.0216926842863075e-24
1.043702810590939e-24
1.066266453599585e-24
1.0893954763185135e-24
1.113102061950628e-24
1.1373987172031265e-24
1.1622982762984488e-24
1.1878139052313156e-24
1.2139591069674916e-24
1.2407477266975245e-24
1.268193957777726e-24
1.2963123483283006e-24
1.3251178072230726e-24
1.3546256120275038e-24
1.3848514155349145e-24
1.4158112541572297e-24
1.4475215554709687e-24
1.4799991466214932e-24
1.5132612630769555e-24
1.547325557282567e-24
1.5822101078030801e-24
1.6179334290077663e-24
1.6545144804850488e-24
1.69197267695018e-24
1.7303278990195417e-24
1.769600502616125e-24
1.8098113311159786e-24
1.8509817253464406e-24
1.8931335355453392e-24
1.936289132234635e-24
1.980471418951093e-24
2.025703844004827e-24
2.072010413103736e-24
2.1194157022218353e-24
2.167944870224283e-24
2.2176236732101097e-24
2.268478476882406e-24
2.320536272432857e-24
2.373824689429139e-24
2.428372011692585e-24
2.4842071911397722e-24
2.541359864011979e-24
2.5998603674996267e-24
2.6597397558210263e-24
2.7210298137771048e-24
2.7837630790542857e-24
2.8479728547873636e-24
2.9136932305214795e-24
2.980959098532092e-24
3.0498061767355465e-24
3.1202710198370514e-24
3.1923910453096254e-24
3.2662045546722974e-24
3.341750749332603e-24
3.4190697527977e-24
3.49820263394681e-24
3.57919142898495e-24
3.66207916420739e-24
3.7469098741928235e-24
3.833728636954027e-24
3.9225815880430085e-24
4.013515945122018e-24
4.106580041542764e-24
4.201823346493317e-24
4.299296493902659e-24
4.3990513120284264e-24
4.501140842585822e-24
4.605619382539885e-24
4.712542503795348e-24
4.821967089814856e-24
4.933951362530027e-24
5.048554908903827e-24
5.165838738131614e-24
5.2858652799052526e-24
5.408698444082732e-24
5.53440363836982e-24
5.6630478249133844e-24
5.794699561099988e-24
5.9294289771113126e-24
6.067307905845788e-24
6.208409857540213e-24
6.352810071699371e-24
6.500585587936784e-24
6.651815268973266e-24
6.806579832111979e-24
6.964961907813958e-24
7.127046100101588e-24
7.292918995598924e-24
7.462669278311896e-24
7.636387692312354e-24
7.814167195038248e-24
7.99610294310683e-24
8.182292272753506e-24
8.372834980899565e-24
8.567833159149519e-24
8.767391381091336e-24
8.971616733794944e-24
9.180618767931439e-24
9.394509817284358e-24
9.613404784577786e-24
9.837421497254536e-24
1.006668039455072e-23
1.0301305028748382e-23
1.054142184067933e-23
1.0787160391641708e-23
1.1038653418239423e-23
1.1296036707408135e-23
