3.1485771240289042e-24
3.1341838358965354e-24
3.1207290352388727e-24
3.108177995829806e-24
3.096498302764489e-24
3.08565975850714e-24
3.0756342942339288e-24
3.0663958863376253e-24
3.057920477913136e-24
3.0501859051205583e-24
3.043171828213518e-24
3.036859667077469e-24
3.031232541138913e-24
3.0262752134907694e-24
3.0219740390250637e-24
3.0183169164680083e-24
3.0152932441546177e-24
3.012893879341134e-24
3.0111111009585326e-24
3.0099385756238285e-24
3.0093713267905317e-24
3.009405706852739e-24
3.010039372058844e-24
3.011271260170791e-24
3.0131015706292216e-24
3.0155317470860287e-24
3.018564462294472e-24
3.0222036050453874e-24
3.026454269110801e-24
3.031322744060928e-24
3.0368165077491916e-24
3.04294422040357e-24
3.0497157201125013e-24
3.0571420195733793e-24
3.0652353040671836e-24
3.0740089302695245e-24
3.083477426013327e-24
3.0936564907175975e-24
3.1045629962289514e-24
3.116214988160068e-24
3.128631687379191e-24
3.1418334914704526e-24
3.155841976117639e-24
3.1706798962117227e-24
3.186371186389353e-24
3.2029409610112972e-24
3.2204155133202766e-24
3.2388223135623353e-24
3.2581900060774568e-24
3.2785484049108647e-24
3.2999284881969502e-24
3.322362390878422e-24
3.345883395609479e-24
3.370525921959234e-24
3.396325513693093e-24
3.423318823983738e-24
3.451543598576959e-24
3.481038656875039e-24
3.5118438709636364e-24
3.544000142431658e-24
3.577549377331001e-24
3.612534458900081e-24
3.648999218745305e-24
3.6869884062269585e-24
3.726547655968275e-24
3.7677234548714296e-24
3.810563107293513e-24
3.855114699570071e-24
3.901427064687643e-24
3.949549746106277e-24
3.999532962065513e-24
4.051427570774516e-24
4.1052850363955485e-24
4.1611573962633766e-24
4.219097230537358e-24
4.279157633393209e-24
4.3413921879677625e-24
4.4058549429561425e-24
4.47260039421403e-24
4.541683469002831e-24
4.613159514931553e-24
4.6870842937773884e-24
4.7635139791488336e-24
4.8425051594740146e-24
4.924114846707662e-24
5.008400488901285e-24
5.095419989836961e-24
5.185231732321403e-24
5.277894607768347e-24
5.373468050808721e-24
5.472012078583957e-24
5.5735873358058445e-24
5.6782551428622404e-24
5.7860775505901616e-24
5.8971173978379334e-24
6.011438372147845e-24
6.129105076657448e-24
6.250183097224215e-24
6.374739073467277e-24
6.5028407736939035e-24
6.63455716994579e-24
6.769958515281566e-24
6.909116424451752e-24
7.052103952365606e-24
7.19899567675887e-24
7.349867778142386e-24
7.504798124770554e-24
7.663866350817645e-24
7.827153942141189e-24
7.994744314901152e-24
8.166722899685061e-24
8.343177219967934e-24
8.524196975078878e-24
8.709874114665839e-24
8.900302923725778e-24
9.095580095734933e-24
9.295804813346848e-24
9.501078822105898e-24
9.711506508763037e-24
9.927194975578067e-24
1.0148254115049172e-23
1.0374796686291858e-23
1.0606938385190147e-23
1.0844797924314767e-23
1.10884971008427e-23
1.1338160874493658e-23
1.1593917442304793e-23
1.1855898307624557e-23
1.2124238360499845e-23
1.239907595225554e-23
1.268055297105089e-23
1.2968814913908272e-23
1.3264010973515986e-23
1.3566294111330888e-23
1.387582113608177e-23
1.419275279347356e-23
1.451725383593559e-23
1.4849493121973428e-23
1.5189643682659653e-23
1.55378828298229e-23
1.589439223185389e-23
1.625935800488037e-23
1.6632970816884424e-23
1.7015425966569683e-23
1.7406923487505763e-23
1.780766825899145e-23
1.821787008701441e-23
1.863774381390957e-23
1.90675094389221e-23
1.9507392204317406e-23
1.995762272355997e-23
2.041843708918892e-23
2.0890076979223933e-23
2.1372789788612587e-23
2.1866828755022528e-23
2.2372453050709126e-23
2.2889927952969975e-23
2.341952493517186e-23
2.3961521833352337e-23
2.451620294047415e-23
2.5083859187342656e-23
2.5664788239688205e-23
2.6259294696810218e-23
2.686769016583499e-23
2.749029348421126e-23
2.8127430808544093e-23
2.877943582294255e-23
2.9446649880313714e-23
3.0129422104703264e-23
3.0828109680931794e-23
3.1543077891324126e-23
3.227470037206241e-23
3.3023359229507715e-23
3.378944528841616e-23
3.457335817862918e-23
3.5375506582039503e-23
3.619630843047374e-23
3.703619099594179e-23
3.789559124441007e-23
3.8774955841022005e-23
3.9674741445613137e-23
4.059541497309444e-23
4.153745365475195e-23
4.2501345321299583e-23
4.348758867620165e-23
4.449669327938909e-23
4.5529180021607364e-23
4.6585581206464523e-23
4.7666440749965596e-23
4.877231434726345e-23
4.990376990032946e-23
5.1061387616058254e-23
5.2245759993867834e-23
5.345749243166572e-23
5.469720328410699e-23
5.596552401242472e-23
5.726309950897918e-23
5.859058824106537e-23
5.994866249125907e-23
6.133800863406863e-23
6.275932729299506e-23
