6.7018177445572e-23
6.709308764808205e-23
6.716441009589818e-23
6.723229615028316e-23
6.729688987631371e-23
6.735832834904927e-23
6.741674194480048e-23
6.747225461816269e-23
6.752498416536695e-23
6.75750424745273e-23
6.76225357633512e-23
6.766756480470153e-23
6.771022514068013e-23
6.775060728550648e-23
6.778879691771704e-23
6.782487506213978e-23
6.785891826184938e-23
6.789099874072678e-23
6.792118455675647e-23
6.794953974643116e-23
6.797612446071837e-23
6.800099509266955e-23
6.802420439704575e-23
6.804580160223649e-23
6.806583251467948e-23
6.808433961594654e-23
6.810136215286936e-23
6.811693622060193e-23
6.813109483915984e-23
6.814386802330739e-23
6.815528284608244e-23
6.816536349600522e-23
6.817413132824385e-23
6.818160490961443e-23
6.81878000577327e-23
6.819272987425748e-23
6.819640477235761e-23
6.819883249834059e-23
6.82000181478355e-23
6.819996417591409e-23
6.819867040197715e-23
6.819613400869784e-23
6.819234953538091e-23
6.818730886583039e-23
6.81810012101801e-23
6.817341308122736e-23
6.816452826506073e-23
6.815432778523895e-23
6.814278986177094e-23
6.81298898635504e-23
6.81156002546449e-23
6.809989053448416e-23
6.808272717143829e-23
6.806407352986469e-23
6.804388979043262e-23
6.802213286327763e-23
6.79987562944447e-23
6.797371016439387e-23
6.794694097920291e-23
6.79183915538829e-23
6.788800088764618e-23
6.785570403028379e-23
6.782143194003471e-23
6.778511133283079e-23
6.774666452105047e-23
6.770600924295814e-23
6.766305848210987e-23
6.761772027570578e-23
6.756989751137282e-23
6.751948771270627e-23
6.746638281282007e-23
6.741046891441088e-23
6.735162603641575e-23
6.728972784708684e-23
6.72246413820825e-23
6.715622674653475e-23
6.708433680155829e-23
6.700881683226203e-23
6.69295042005954e-23
6.684622797509597e-23
6.675880854367671e-23
6.666705720447627e-23
6.657077573248586e-23
6.646975592664662e-23
6.636377912801608e-23
6.625261571311004e-23
6.613602455985153e-23
6.60137524819217e-23
6.588553363526098e-23
6.575108888601493e-23
6.561012514833827e-23
6.546233468039657e-23
6.530739434004138e-23
6.514496480145573e-23
6.497468972068669e-23
6.479619485760359e-23
6.460908713798247e-23
6.441295366340742e-23
6.420736066140227e-23
6.3991852370267e-23
6.376594984255953e-23
6.35291496918011e-23
6.328092273733645e-23
6.302071256434865e-23
6.274793400118113e-23
6.246197146061823e-23
6.216217719351056e-23
6.184786938959693e-23
6.151833016000045e-23
6.117280334072779e-23
6.081049214353951e-23
6.043055659572459e-23
6.003211078860623e-23
5.961421986037356e-23
5.917589673175824e-23
5.871609852986689e-23
5.823372265834391e-23
5.772760248625272e-23
5.719650259976325e-23
5.663911349601309e-23
5.60540457473776e-23
5.543982340418936e-23
5.479487664661432e-23
5.411753348183698e-23
5.3406010283775e-23
5.2658401061908924e-23
5.187266511693818e-23
5.10466128089907e-23
5.0177889034567815e-23
4.9263953830796786e-23
4.830205966547249e-23
4.7289224336076147e-23
4.622219865858485e-23
4.509742744552568e-23
4.39110020724701e-23
4.265860219624736e-23
4.133542349947926e-23
3.9936087288126635e-23
3.845452600335303e-23
3.688383652854685e-23
3.52160903152362e-23
3.3442083923765326e-23
3.155100713789831e-23
2.952999495037107e-23
2.736351371554262e-23
2.5032507537693728e-23
2.2513196215170626e-23
1.977537217203075e-23
1.6780028117984617e-23
1.3476401663762525e-23
9.800782321943665e-24
5.702658614720063e-24
1.933745861384248e-24
5.711894177909179e-24
1.282416855776619e-23
2.2366063880575976e-23
3.614085971980707e-23
5.903228295984604e-23
1.0863310942767732e-22
3.0881164533500296e-22
2.698086572103765e-22
1.0771549335617765e-22
6.265000968126307e-23
4.037509570660729e-23
2.605986144473722e-23
1.539011849322056e-23
6.802765884134136e-24
3.0573728534503258e-24
9.18198277639853e-24
1.5909553286673037e-23
2.2564870901815278e-23
2.919165201552585e-23
3.5854712938048526e-23
4.2609484431083546e-23
4.950166964275996e-23
5.65696048097988e-23
6.384636576048124e-23
7.136134195704307e-23
7.91413757565233e-23
8.721158965350609e-23
9.559599438781063e-23
1.0431794444346055e-22
1.1340048497428128e-22
1.2286662686247712e-22
1.327395605271644e-22
1.4304284046969301e-22
1.5380052905824049e-22
1.6503733302087155e-22
1.767787123145771e-22
1.8905098688928743e-22
2.018814331758552e-22
2.152983739281828e-22
2.293312659330205e-22
2.4401078302599534e-22
2.593689062968361e-22
2.754390021367396e-22
2.9225590982770694e-22
3.098560335613469e-22
3.282774210002542e-22
3.4755986874345317e-22
3.6774500339063473e-22
