1.5608889195068396e-24
1.5471182968641093e-24
1.5343681233563942e-24
1.5225667269518267e-24
1.511646773166556e-24
1.5015451060712765e-24
1.4922025816228944e-24
1.4835638952711168e-24
1.4755774057432099e-24
1.4681949567831818e-24
1.4613716984882708e-24
1.4550659097304756e-24
1.4492388229647032e-24
1.4438544525629109e-24
1.4388794276068658e-24
1.434282829934369e-24
1.430036038061613e-24
1.4261125774299637e-24
1.4224879773443143e-24
1.4191396347946566e-24
1.416046685293577e-24
1.4131898807474284e-24
1.4105514743109035e-24
1.4081151121126249e-24
1.4058657316945871e-24
1.40378946695385e-24
1.4018735593541474e-24
1.4001062751558232e-24
1.3984768283899281e-24
1.3969753092947796e-24
1.3955926179194644e-24
1.3943204026270668e-24
1.3931510032079036e-24
1.3920773983059307e-24
1.3910931569194738e-24
1.3901923936979213e-24
1.3893697277868633e-24
1.3886202449971459e-24
1.387939463048989e-24
1.3873232997092944e-24
1.3867680435945582e-24
1.3862703274683523e-24
1.3858271038603386e-24
1.3854356228140747e-24
1.3850934116825652e-24
1.3847982567301738e-24
1.384548186507316e-24
1.3843414568182899e-24
1.3841765372139987e-24
1.3840520988563502e-24
1.383967003749638e-24
1.383920295147348e-24
1.383911189161973e-24
1.383939067460666e-24
1.384003470970213e-24
1.3841040946056135e-24
1.3842407828978223e-24
1.384413526551539e-24
1.3846224598496723e-24
1.3848678589019407e-24
1.3851501406915195e-24
1.3854698629855863e-24
1.3858277249487987e-24
1.3862245685942703e-24
1.3866613809950714e-24
1.3871392973111017e-24
1.3876596045463752e-24
1.3882237461905188e-24
1.3888333276256487e-24
1.3894901223937886e-24
1.3901960793375422e-24
1.3909533306689045e-24
1.3917642009128494e-24
1.3926312168998155e-24
1.3935571187267024e-24
1.394544871799009e-24
1.3955976800275636e-24
1.3967190001485537e-24
1.397912557320134e-24
1.3991823620229309e-24
1.4005327283058033e-24
1.4019682934728536e-24
1.4034940393435528e-24
1.4051153149993332e-24
1.4068378612587752e-24
1.408667836982686e-24
1.4106118470024363e-24
1.4126769721138797e-24
1.414870800985667e-24
1.41720146421186e-24
1.4196776701606267e-24
1.4223087435384858e-24
1.4251046656358312e-24
1.4280761171045316e-24
1.4312345231206426e-24
1.4345921004210464e-24
1.4381619071493502e-24
1.441957894506454e-24
1.4459949606756735e-24
1.4502890068805386e-24
1.4548569954122714e-24
1.4597170089911582e-24
1.4648883122106168e-24
1.4703914136884528e-24
1.4762481292438722e-24
1.4824816457208076e-24
1.4891165844851947e-24
1.4961790647341344e-24
1.5036967653141513e-24
1.5116989848235067e-24
1.5202166998444967e-24
1.5292826179314725e-24
1.5389312291583254e-24
1.5491988500140685e-24
1.5601236621335505e-24
1.5717457445441425e-24
1.5841070972668237e-24
1.5972516549633225e-24
1.6112252923062687e-24
1.6260758177458533e-24
1.6418529544015683e-24
1.6586083105430416e-24
1.676395335179308e-24
1.6952692621625486e-24
1.7152870393925072e-24
1.7365072457735113e-24
1.7589899927575448e-24
1.7827968163066194e-24
1.8079905553229195e-24
1.8346352190440684e-24
1.8627958447723762e-24
1.892538349587944e-24
1.9239293724924805e-24
1.957036115380948e-24
1.9919261780560532e-24
2.0286673954462003e-24
2.067327673232539e-24
2.1079748298663485e-24
2.1506764425958014e-24
2.1954996963479482e-24
2.242511249550425e-24
2.2917771007484478e-24
2.343362473043107e-24
2.397331704029912e-24
2.453748155362183e-24
2.512674129115328e-24
2.5741708024522202e-24
2.6382981701311624e-24
2.7051150075710977e-24
2.7746788369681994e-24
2.8470459230084194e-24
2.9222712580890373e-24
3.0004085784818474e-24
3.0815103843732103e-24
3.1656279700541026e-24
3.252811465512091e-24
3.3431098882777355e-24
3.436571203705338e-24
3.533242389864963e-24
3.6331695212771926e-24
3.7363978439411984e-24
3.8429718665783915e-24
3.952935465287762e-24
4.066331977114332e-24
4.183204296277653e-24
4.303595013740896e-24
4.427546491856385e-24
4.555101011370954e-24
4.686300885969333e-24
4.821188545261814e-24
4.959806722790965e-24
5.102198501767881e-24
5.2484074909801054e-24
5.398477925760433e-24
5.5524547498677785e-24
5.7103837802339614e-24
5.872311777239219e-24
6.038286581670036e-24
6.20835715854729e-24
6.382573747924614e-24
6.560987871026261e-24
6.743652575354943e-24
6.930622239989963e-24
7.121952926342324e-24
7.317702172715445e-24
7.517929223410311e-24
7.722694952500973e-24
7.932061930278491e-24
8.146094451413109e-24
8.364858431045813e-24
8.588421555478424e-24
8.816853017742828e-24
9.050223744616526e-24
9.288606156711423e-24
9.532074134050488e-24
9.780702940600148e-24
1.0034569088362178e-23
1.0293750292242183e-23
1.0558325212888477e-23
1.0828373337123536e-23
1.110397491137102e-23
