1.3261988431375929e-24
1.3044828542188565e-24
1.284444946030188e-24
1.265978238510946e-24
1.2489801572530012e-24
1.233352513494412e-24
1.2190015639497642e-24
1.2058380475417967e-24
1.1937771972555431e-24
1.1827387263670617e-24
1.1726467893117141e-24
1.1634299182242291e-24
1.155020936901738e-24
1.1473568544149499e-24
1.1403787409431908e-24
1.1340315886335426e-24
1.1282641603208431e-24
1.1230288289466148e-24
1.1182814103729908e-24
1.1139809921241832e-24
1.1100897603281306e-24
1.1065728269263348e-24
1.10339805891011e-24
1.1005359110955485e-24
1.0979592637051705e-24
1.095643265752398e-24
1.0935651850446917e-24
1.0917042653829292e-24
1.0900415914055675e-24
1.0885599613306959e-24
1.087243767768894e-24
1.0860788866392716e-24
1.0850525741529989e-24
1.084153371774564e-24
1.083371018989011e-24
1.0826963737039444e-24
1.0821213400599209e-24
1.0816388034359114e-24
1.0812425724096854e-24
1.0809273274559416e-24
1.0806885761460714e-24
1.0805226146751399e-24
1.0804264954850208e-24
1.0803980008622423e-24
1.0804356223272552e-24
1.0805385457227583e-24
1.080706641890372e-24
1.0809404628750028e-24
1.0812412436075138e-24
1.0816109090765295e-24
1.0820520869467542e-24
1.0825681257300573e-24
1.0831631185028805e-24
1.0838419322935954e-24
1.0846102432264185e-24
1.085474577534636e-24
1.0864423585686009e-24
1.0875219599526433e-24
1.0887227650156757e-24
1.090055232632188e-24
1.0915309696131795e-24
1.093162809722336e-24
1.0949648994514568e-24
1.0969527905051188e-24
1.0991435390740131e-24
1.1015558117305196e-24
1.1042099978052445e-24
1.1071283280167474e-24
1.1103349988490863e-24
1.1138563022820437e-24
1.1177207600907494e-24
1.1219592618762586e-24
1.1266052058014316e-24
1.1316946406879089e-24
1.1372664081015399e-24
1.1433622826334821e-24
1.1500271085103902e-24
1.1573089304266637e-24
1.1652591162885711e-24
1.173932469442285e-24
1.1833873279960562e-24
1.1936856486079864e-24
1.2048930724760341e-24
1.2170789712403141e-24
1.2303164708983779e-24
1.2446824523289206e-24
1.260257527447497e-24
1.2771259906675844e-24
1.29537574637273e-24
1.3150982133853365e-24
1.336388209087561e-24
1.3593438154920032e-24
1.384066232306271e-24
1.4106596199625063e-24
1.4392309392191125e-24
1.4698897915773669e-24
1.502748266720326e-24
1.537920802117884e-24
1.5755240598691596e-24
1.6156768249379355e-24
1.6584999288904997e-24
1.704116201277421e-24
1.752650450513582e-24
1.804229474422264e-24
1.8589821008921382e-24
1.9170392553766585e-24
1.97853405446055e-24
2.0436019213331132e-24
2.1123807201481694e-24
2.1850109044725357e-24
2.2616356763698345e-24
2.3424011507308663e-24
2.427456522081346e-24
2.516954228041348e-24
2.611050106966012e-24
2.7099035455822007e-24
2.8136776144990957e-24
2.922539185669426e-24
3.0366590362883887e-24
3.156211927117572e-24
3.2813766618671985e-24
3.4123361254968636e-24
3.549277291824326e-24
3.69239121227272e-24
3.841872974226958e-24
3.997921634356448e-24
4.160740124288569e-24
4.330535131311068e-24
4.507516947132714e-24
4.691899295312926e-24
4.883899125012405e-24
5.083736385562561e-24
5.2916337680408076e-24
5.507816426133279e-24
5.7325116715290824e-24
5.965948640610319e-24
6.2083579504736564e-24
6.459971317220444e-24
6.721021171136183e-24
6.991740236892735e-24
7.272361124393347e-24
7.563115865527523e-24
7.86423547887713e-24
8.17594950508916e-24
8.498485529846193e-24
8.832068718447258e-24
9.176921345108202e-24
9.533262299334117e-24
9.901306650704227e-24
1.0281265155735912e-23
1.0673343817142548e-23
1.1077743446510117e-23
1.1494659238095239e-23
1.1924280349517139e-23
1.2366789516930371e-23
1.282236269939105e-23
1.329116870953488e-23
1.3773368900468168e-23
1.4269116897957288e-23
1.4778558255283714e-23
1.5301830263180772e-23
1.583906170289038e-23
1.6390372641813826e-23
1.6955874229033224e-23
1.7535668557546865e-23
1.8129848514764803e-23
1.8738497589274352e-23
1.9361689835054318e-23
1.999948966642026e-23
2.065195179216438e-23
2.131912102346043e-23
2.200103217372193e-23
2.2697709979455103e-23
2.340916885622269e-23
2.4135412658171603e-23
2.48764346626119e-23
2.5632217113489585e-23
2.6402731025126663e-23
2.718793596846005e-23
2.798777951648462e-23
2.880219700741813e-23
2.9631110880165775e-23
3.047443038687133e-23
3.1332051024611093e-23
3.2203853464617566e-23
3.308970367081482e-23
3.39894513356328e-23
3.490292980535969e-23
3.582995446513557e-23
3.6770322698421844e-23
3.7723812257502184e-23
3.86901805812244e-23
3.9669163447000164e-23
4.0660474647778154e-23
4.1663803596015824e-23
4.2678815388928304e-23
4.370514865506865e-23
4.474241535137443e-23
4.579019842917309e-23
4.6848051672488287e-23
4.7915496994814136e-23
