1.0298033761673405e-22
9.673965194392292e-23
9.093003792953942e-23
8.55391733846548e-23
8.055562604071987e-23
7.596882930926501e-23
7.17690598923174e-23
6.794741719243422e-23
6.449580448408334e-23
6.140691180329059e-23
5.867420052611584e-23
5.629188960353653e-23
5.425494342792251e-23
5.2559061310348185e-23
5.12006685490661e-23
5.0176909073135675e-23
4.948563964687637e-23
4.9125425622009276e-23
4.9095538223533777e-23
4.9395953362516507e-23
5.002735196688121e-23
5.0991121829360686e-23
5.228936097755878e-23
5.392488257628626e-23
5.590122138024249e-23
5.822264175893914e-23
6.089414732102987e-23
6.392149216855735e-23
6.731119381381246e-23
7.1070547795102e-23
7.520764403017416e-23
7.973138494934968e-23
8.465150545508933e-23
8.997859475685116e-23
9.572412014105768e-23
1.0190045272981862e-22
1.0852089530338683e-22
1.1559971224919473e-22
1.2315216172299887e-22
1.3119453010343883e-22
1.3974416882981194e-22
1.4881953372128e-22
1.5844022689240602e-22
1.6862704135267655e-22
1.794020084467186e-22
1.9078844823552474e-22
2.0281102296544185e-22
2.1549579379029216e-22
2.288702808779848e-22
2.4296352708875736e-22
2.5780616540997537e-22
2.734304903307253e-22
2.8987053337129973e-22
3.0716214298381007e-22
3.253430690740583e-22
3.444530523932453e-22
3.645339190537963e-22
3.856296805112998e-22
4.0778663925315163e-22
4.310535006120877e-22
4.554814909820072e-22
4.811244828844083e-22
5.080391272965635e-22
5.362849936040275e-22
5.659247177852517e-22
5.970241592366793e-22
6.29652566853342e-22
6.638827549160827e-22
6.9979128947402705e-22
7.374586858321233e-22
7.769696180862961e-22
8.184131411759789e-22
8.618829266899996e-22
9.074775132090432e-22
9.553005719887617e-22
1.005461189651833e-21
1.0580741684203129e-21
1.1132603457598785e-21
1.1711469344705785e-21
1.2318678849217614e-21
1.2955642712649605e-21
1.3623847030142473e-21
1.4324857644193769e-21
1.5060324839001875e-21
1.5831988351916144e-21
1.6641682735862143e-21
1.7491343101376086e-21
1.8383011259772544e-21
1.931884231880992e-21
2.030111174881448e-21
2.1332222974553462e-21
2.2414715547889453e-21
2.3551273914040353e-21
2.4744736875123875e-21
2.5998107789356203e-21
2.7314565555818913e-21
2.8697476512481345e-21
3.0150407276040896e-21
3.167713865199635e-21
3.3281680718382493e-21
3.496828918456353e-21
3.674148315744067e-21
3.860606449428637e-21
4.056713884782899e-21
4.263013865382952e-21
4.4800848205383436e-21
4.7085431108814495e-21
4.9490460341903634e-21
5.202295118983692e-21
5.469039752154369e-21
5.750081159869928e-21
6.046276802840225e-21
6.358545228099437e-21
6.68787142957145e-21
7.035312793713776e-21
7.402005696310114e-21
7.789172839160119e-21
8.198131427285164e-21
8.630302295902954e-21
9.08722012923355e-21
9.57054492213229e-21
1.0082074853055585e-20
1.062376080154844e-20
1.1197722732285106e-20
1.1806268280043658e-20
1.2451913796409268e-20
1.313740838126051e-20
1.3865761261978353e-20
1.4640273216023384e-20
1.546457260537703e-20
1.634265701776205e-20
1.7278941329395528e-20
1.827831355741411e-20
1.9346200069622034e-20
2.0488641670886707e-20
2.1712383204620256e-20
2.3024979300524753e-20
2.4434919736889417e-20
2.595177895253588e-20
2.7586395201521317e-20
2.935108643210511e-20
3.125991215863228e-20
3.33289927369441e-20
3.557690202836285e-20
3.802515290504085e-20
4.0698803216518863e-20
4.3627217964450284e-20
4.68450366186277e-20
5.0393413852554793e-20
5.432162719357851e-20
5.868918417300109e-20
6.356862346230144e-20
6.904928317802606e-20
7.52424629504553e-20
8.228860047515433e-20
9.036746429564305e-20
9.971292590943134e-20
1.1063492006516977e-19
1.2355299530909425e-19
1.3904927697429874e-19
1.5795523049674853e-19
1.8150027236059798e-19
2.1157997329530762e-19
2.512720880318323e-19
3.059108051910915e-19
3.8555448325849546e-19
5.114033109946493e-19
7.350893793992509e-19
1.1987259913957507e-18
1.966821389437365e-18
1.4946228137515957e-18
9.198408875734279e-19
6.470980530059683e-19
4.99940926339709e-19
4.0955756926901574e-19
3.4883200655100564e-19
3.053786688454129e-19
2.7281886201470964e-19
2.475541020914271e-19
2.2740702568618014e-19
2.109852724509622e-19
1.9735801567912011e-19
1.858798152175923e-19
1.7608926966184333e-19
1.6764784554319483e-19
1.6030165322747748e-19
1.5385652600157817e-19
1.4816148311339117e-19
1.4309734109514645e-19
1.385688059189433e-19
1.3449868707203114e-19
1.308238893716581e-19
1.2749229160557235e-19
1.2446043104797048e-19
1.2169184263948643e-19
1.1915561014769079e-19
1.168254372576797e-19
1.1467876119172853e-19
1.1269611609186984e-19
1.108606337249334e-19
1.0915758674590274e-19
