9.571119496806369e-23
9.631918767979994e-23
9.689884237085104e-23
9.745138924755666e-23
9.797800095382329e-23
9.847979506364648e-23
9.895783645634249e-23
9.941313957964751e-23
9.984667060533697e-23
1.0025934948209322e-22
1.0065205189007812e-22
1.0102561110104461e-22
1.0138081974842181e-22
1.0171843151082497e-22
1.0203916271273683e-22
1.0234369384549489e-22
1.0263267101245329e-22
1.0290670730054436e-22
1.0316638408174263e-22
1.0341225224754824e-22
1.0364483337759695e-22
1.0386462084688266e-22
1.0407208087262679e-22
1.0426765350311145e-22
1.0445175355122238e-22
1.0462477147410048e-22
1.047870742010122e-22
1.0493900591098957e-22
1.0508088876210835e-22
1.0521302357425439e-22
1.0533569046568734e-22
1.0544914944576643e-22
1.0555364096557716e-22
1.056493864253852e-22
1.0573658864261212e-22
1.0581543227968513e-22
1.0588608423316864e-22
1.0594869398470548e-22
1.0600339391492736e-22
1.060502995807814e-22
1.0608950995634281e-22
1.0612110763867276e-22
1.0614515901791902e-22
1.0616171441271693e-22
1.0617080817115502e-22
1.0617245873699706e-22
1.0616666868141186e-22
1.0615342470070907e-22
1.0613269757954657e-22
1.0610444211885696e-22
1.0606859703011097e-22
1.0602508479293975e-22
1.0597381147882648e-22
1.059146665372458e-22
1.0584752254632577e-22
1.0577223492546476e-22
1.0568864161040674e-22
1.055965626888187e-22
1.0549579999690563e-22
1.0538613667437494e-22
1.0526733667753325e-22
1.0513914424984869e-22
1.0500128334560518e-22
1.0485345701179416e-22
1.0469534671605092e-22
1.0452661162986845e-22
1.0434688785951419e-22
1.0415578762186296e-22
1.0395289836482126e-22
1.0373778183173323e-22
1.0350997306237977e-22
1.0326897933299843e-22
1.030142790285513e-22
1.0274532044675246e-22
1.0246152052833365e-22
1.0216226351291532e-22
1.0184689951089278e-22
1.0151474299908988e-22
1.0116507121711728e-22
1.0079712248027821e-22
1.0041009438892906e-22
1.000031419365184e-22
9.957537550663819e-23
9.912585875726481e-23
9.865360638161666e-23
9.815758173962043e-23
9.763669435355754e-23
9.708979726097504e-23
9.651568421159826e-23
9.591308670137324e-23
9.528067083926152e-23
9.461703402384315e-23
9.392070143135157e-23
9.31901222899016e-23
9.242366594152686e-23
9.161961766169487e-23
9.077617422929318e-23
8.989143923756426e-23
8.896341810486559e-23
8.799001279369097e-23
8.696901619513177e-23
8.589810616937063e-23
8.477483920641516e-23
8.359664368854554e-23
8.236081272287533e-23
8.106449650807847e-23
7.970469421185919e-23
7.827824530042292e-23
7.678182030056946e-23
7.521191095086833e-23
7.35648196642171e-23
7.183664828120947e-23
7.002328604396689e-23
6.812039672957303e-23
6.612340487126034e-23
6.402748100387281e-23
6.182752584621333e-23
5.951815334972648e-23
5.709367251565874e-23
5.45480679080046e-23
5.187497877669629e-23
4.9067676747317365e-23
4.611904204347384e-23
4.3021538345971136e-23
3.9767186569900535e-23
3.634753827725056e-23
3.275365046776291e-23
2.8976065939289373e-23
2.500481004334399e-23
2.0829435157649733e-23
1.643921966606666e-23
1.1823992791945086e-23
6.978839484795776e-24
1.985938225788142e-24
3.671897228921208e-24
9.292870170987088e-24
1.5258732807152046e-23
2.1553383699971435e-23
2.8191236197364086e-23
3.519157823923517e-23
4.257608491652194e-23
5.036838790259921e-23
5.859405396364584e-23
6.728068957927947e-23
7.645810291833211e-23
8.615850361406176e-23
9.641673524769774e-23
1.072705411254662e-22
1.1876086613061805e-22
1.3093219928336188e-22
1.43832962627903e-22
1.5751595390859854e-22
1.720388513512234e-22
1.8746479095287699e-22
2.0386302885325524e-22
2.213097035473074e-22
2.3988871590299623e-22
2.5969274944879366e-22
2.8082445666276573e-22
3.0339784487146002e-22
3.2753990147942155e-22
3.5339250823593843e-22
3.8111470700603714e-22
4.1088539446080455e-22
4.429065429238835e-22
4.774070735005624e-22
5.146475378767427e-22
5.549258179811712e-22
5.985841050111532e-22
6.460175125356916e-22
6.976847847066363e-22
7.541217181182518e-22
8.159581442400001e-22
8.839396107185455e-22
9.589553670817625e-22
1.0420748917932015e-21
1.1345961782633945e-21
1.2381104174100994e-21
1.3545900177528128e-21
1.486510340914606e-21
1.6370213131267031e-21
1.8101944521928536e-21
2.0113870397929784e-21
2.2477937834463293e-21
2.529309093897292e-21
2.8699251308720125e-21
3.2900982868404296e-21
3.820968859112952e-21
4.512377928503388e-21
5.449365619943954e-21
6.78982996535436e-21
8.863471617955179e-21
1.2490560206138264e-20
2.0408719911510115e-20
4.93370810004114e-20
7.376285807216619e-20
2.5856225389195275e-20
1.5521306415905702e-20
1.1195624275463674e-20
8.82894223141959e-21
7.337618142310892e-21
