5.393237899380786e-23
5.393565186046806e-23
5.393875629447468e-23
5.394169888371446e-23
5.394448587247883e-23
5.394712317478984e-23
5.394961638690676e-23
5.395197079928072e-23
5.395419140771298e-23
5.395628292405836e-23
5.395824978612225e-23
5.396009616723454e-23
5.396182598496454e-23
5.39634429095432e-23
5.39649503715544e-23
5.396635156938526e-23
5.396764947582154e-23
5.396884684449746e-23
5.396994621570136e-23
5.397094992172411e-23
5.397186009191357e-23
5.397267865708046e-23
5.3973407353648e-23
5.397404772737099e-23
5.397460113650425e-23
5.397506875485191e-23
5.397545157406169e-23
5.397575040593643e-23
5.397596588395964e-23
5.397609846472883e-23
5.397614842895003e-23
5.397611588194383e-23
5.397600075398539e-23
5.397580279992668e-23
5.397552159903513e-23
5.397515655364837e-23
5.39747068883148e-23
5.397417164782327e-23
5.397354969534336e-23
5.397283970992028e-23
5.397204018363272e-23
5.39711494186203e-23
5.39701655230893e-23
5.396908640751754e-23
5.396790978015117e-23
5.396663314217304e-23
5.396525378228157e-23
5.396376877090591e-23
5.396217495403914e-23
5.396046894652817e-23
5.395864712467433e-23
5.395670561882202e-23
5.395464030472018e-23
5.395244679509373e-23
5.395012042999882e-23
5.394765626703073e-23
5.39450490708022e-23
5.394229330158474e-23
5.393938310358363e-23
5.393631229247904e-23
5.393307434216418e-23
5.39296623708327e-23
5.392606912600577e-23
5.392228696965196e-23
5.39183078609899e-23
5.39141233401925e-23
5.3909724509211e-23
5.390510201376301e-23
5.390024602283795e-23
5.38951462074132e-23
5.388979171844798e-23
5.388417116386117e-23
5.387827258376499e-23
5.387208342498144e-23
5.386559051354967e-23
5.385878002741593e-23
5.385163746566519e-23
5.384414761750367e-23
5.383629453005987e-23
5.382806147312834e-23
5.38194309045158e-23
5.381038443008714e-23
5.380090276497892e-23
5.37909656933061e-23
5.378055202140533e-23
5.376963953413072e-23
5.375820494711488e-23
5.374622385337214e-23
5.373367067191538e-23
5.37205185944812e-23
5.370673952191614e-23
5.369230400742406e-23
5.367718118976334e-23
5.366133872596617e-23
5.364474272075113e-23
5.362735765434739e-23
5.360914629799675e-23
5.35900696405491e-23
5.357008679499608e-23
5.354915491215806e-23
5.352722908559277e-23
5.350426224787147e-23
5.348020507208149e-23
5.345500585821968e-23
5.34286104161711e-23
5.340096194815284e-23
5.337200091976245e-23
5.334166492334783e-23
5.330988854007595e-23
5.327660318983064e-23
5.324173697592838e-23
5.320521452441134e-23
5.316695680690448e-23
5.312688095714409e-23
5.308490008835793e-23
5.304092308427501e-23
5.299485439118073e-23
5.294659379356026e-23
5.289603618093883e-23
5.2843071297693184e-23
5.2787583478134856e-23
5.2729451386962785e-23
5.266854770056357e-23
5.260473883131217e-23
5.253788458574288e-23
5.2467837822858726e-23
5.239444409465338e-23
5.2317541274802674e-23
5.2236959129863295e-23
5.215251892164213e-23
5.2064032925431015e-23
5.197130397572786e-23
5.1874124948780817e-23
5.1772278199850155e-23
5.16655350379801e-23
5.1553655075827503e-23
5.143638560553663e-23
5.131346091724689e-23
5.1184601528801083e-23
5.1049513475891635e-23
5.0907887409704264e-23
5.075939775584347e-23
5.0603701750353454e-23
5.044043844655957e-23
5.0269227609199663e-23
5.008966854568801e-23
4.9901338920235025e-23
4.970379334393414e-23
4.949656196545015e-23
4.927914894230214e-23
4.905103075337628e-23
4.881165438755766e-23
4.856043539066128e-23
4.829675577480523e-23
4.801996169988608e-23
4.772936100318064e-23
4.742422041626958e-23
4.7103762715834576e-23
4.676716333939203e-23
4.641354692080244e-23
4.6041983349357464e-23
4.565148347892364e-23
4.524099436513014e-23
4.480939399964672e-23
4.435548544647621e-23
4.387799043714772e-23
4.337554207550689e-23
4.284667666353847e-23
4.228982473951322e-23
4.1703300675094384e-23
4.10852912562823e-23
4.043384245335989e-23
3.974684449536161e-23
3.902201505991072e-23
3.825687946447549e-23
3.7448748648116744e-23
3.6594693188966676e-23
3.569151373994846e-23
3.4735706553002766e-23
3.3723423548105917e-23
3.2650426207229353e-23
3.1512031962002415e-23
3.030305267577372e-23
2.9017724161397925e-23
2.7649628154750035e-23
2.6191608176902663e-23
2.4635687931234125e-23
2.2973010275882172e-23
2.119384028491876e-23
1.928773556751865e-23
1.724413720064022e-23
1.505404822386475e-23
1.2714743266957834e-23
1.0243991656719038e-23
7.729461709850126e-24
5.528605149063899e-24
4.859153441021407e-24
6.903254270121898e-24
1.0741931225780334e-23
1.5674843689694369e-23
2.162497568024998e-23
