2.058520306728016e-21
2.058845144085021e-21
2.059153562599512e-21
2.0594462168511952e-21
2.0597237279476578e-21
2.059986684842594e-21
2.0602356455900903e-21
2.060471138527325e-21
2.0606936634031495e-21
2.060903692432533e-21
2.0611016713065305e-21
2.0612880201360778e-21
2.061463134344804e-21
2.061627385511056e-21
2.0617811221514205e-21
2.0619246704717847e-21
2.0620583350487534e-21
2.0621823994823994e-21
2.0622971269969967e-21
2.0624027610023733e-21
2.0624995256083546e-21
2.062587626097787e-21
2.0626672493693106e-21
2.0627385643271046e-21
2.062801722244503e-21
2.0628568570782553e-21
2.0629040857660343e-21
2.062943508452949e-21
2.0629752087261983e-21
2.0629992537767816e-21
2.0630156945502233e-21
2.0630245658433215e-21
2.0630258863957637e-21
2.063019658903972e-21
2.0630058700558063e-21
2.0629844904809552e-21
2.0629554746747912e-21
2.0629187609456787e-21
2.0628742712371814e-21
2.062821910986789e-21
2.0627615689082652e-21
2.062693116771838e-21
2.0626164091073993e-21
2.0625312829228514e-21
2.0624375573219386e-21
2.062335033142787e-21
2.0622234925178916e-21
2.062102698434881e-21
2.0619723941779128e-21
2.0618323028468078e-21
2.061682126706645e-21
2.061521546576363e-21
2.0613502211639385e-21
2.061167786297825e-21
2.06097385415518e-21
2.0607680124757186e-21
2.0605498236379627e-21
2.06031882373665e-21
2.060074521552071e-21
2.0598163975874706e-21
2.0595439028378663e-21
2.059256457737033e-21
2.058953450801067e-21
2.0586342373860997e-21
2.0582981382945637e-21
2.057944438316407e-21
2.0575723846333558e-21
2.057181185313855e-21
2.056770007499898e-21
2.0563379757008396e-21
2.0558841698338985e-21
2.0554076232819806e-21
2.0549073208268865e-21
2.0543821963949065e-21
2.053831130853971e-21
2.0532529494572172e-21
2.052646419418263e-21
2.0520102472228864e-21
2.0513430757501502e-21
2.0506434814367853e-21
2.0499099711158977e-21
2.0491409787389715e-21
2.0483348620783735e-21
2.0474898990594162e-21
2.0466042839955638e-21
2.0456761237580088e-21
2.044703433453461e-21
2.0436841322923976e-21
2.0426160387962065e-21
2.041496866145165e-21
2.0403242171954215e-21
2.0390955789928488e-21
2.0378083174699626e-21
2.036459671419823e-21
2.035046746355433e-21
2.0335665084523982e-21
2.0320157772692634e-21
2.0303912189737135e-21
2.0286893388237663e-21
2.0269064732792706e-21
2.025038782019621e-21
2.0230822387486897e-21
2.021032622697447e-21
2.018885508687422e-21
2.0166362571688006e-21
2.01428000377067e-21
2.0118116479761247e-21
2.009225841338873e-21
2.006516975741646e-21
2.0036791694500468e-21
2.000706254650531e-21
1.9975917616933215e-21
1.9943289052252842e-21
1.990910567516773e-21
1.9873292819133046e-21
1.98357721488894e-21
1.979646147026601e-21
1.9755274550474767e-21
1.97121208818746e-21
1.966690548530592e-21
1.9619528670745846e-21
1.956988578830495e-21
1.9517866976815954e-21
1.946335688358924e-21
1.9406234378664646e-21
1.934637224991271e-21
1.9283636875518043e-21
1.9217887882965845e-21
1.9148977787135847e-21
1.907675160173256e-21
1.9001046433377136e-21
1.892169104644579e-21
1.8838505410643814e-21
1.875130019586452e-21
1.8659876271854944e-21
1.856402413847333e-21
1.846352335587365e-21
1.8358141900547395e-21
1.8247635512666317e-21
1.8131746975579042e-21
1.801020535625517e-21
1.7882725205020513e-21
1.774900567650849e-21
1.7608729604256393e-21
1.7461562521389453e-21
1.7307151564596134e-21
1.714512438023252e-21
1.697508785060296e-21
1.6796626802388847e-21
1.6609302600430818e-21
1.641265158147973e-21
1.6206183445152989e-21
1.5989379471834382e-21
1.576169058040068e-21
1.5522535283631273e-21
1.5271297410735243e-21
1.5007323679402924e-21
1.4729921053707484e-21
1.4438353845494758e-21
1.4131840568835354e-21
1.3809550544057347e-21
1.3470600132958987e-21
1.3114048643790347e-21
1.2738893858889515e-21
1.2344067096372755e-21
1.1928427798789381e-21
1.1490757581348271e-21
1.1029753614991933e-21
1.054402138886719e-21
1.0032066604187128e-21
9.492286242576783e-22
8.922958602134465e-22
8.322232187040462e-22
7.68811330823183e-22
7.018452196691468e-22
6.310927433605398e-22
5.563028446454232e-22
4.772035913465188e-22
3.934999890555798e-22
3.048716083574134e-22
2.1097040389193782e-22
1.114222407010784e-22
6.348768192978633e-24
1.0645139162278632e-22
2.256374835339853e-22
3.5242395805179976e-22
4.874132071625161e-22
6.312809420919033e-22
7.847792465842241e-22
9.48746733111694e-22
1.1241213684206495e-21
1.3119559291006837e-21
1.5134365515917362e-21
1.729905090991975e-21
1.9628862100857848e-21
2.2141204180377853e-21
2.4856046408553003e-21
2.779642391431986e-21
3.0989063838068462e-21
3.446517201011362e-21
3.82614332281261e-21
