2.6291401735333778e-23
2.6327706499535678e-23
2.6362325232760403e-23
2.6395331391018802e-23
2.6426795007560727e-23
2.6456782841601325e-23
2.648535852008766e-23
2.651258267280353e-23
2.653851306110754e-23
2.6563204700571e-23
2.658670997778445e-23
2.660907876156965e-23
2.663035850884807e-23
2.6650594365378906e-23
2.666982926158751e-23
2.6688104003685917e-23
2.670545736027843e-23
2.6721926144638986e-23
2.673754529283109e-23
2.675234793784061e-23
2.676636547987526e-23
2.6779627652983025e-23
2.67921625881278e-23
2.680399687285779e-23
2.6815155607696744e-23
2.682566245936585e-23
2.6835539710967877e-23
2.6844808309218484e-23
2.68534879088433e-23
2.6861596914220404e-23
2.686915251836675e-23
2.6876170739343503e-23
2.6882666454161044e-23
2.6888653430251154e-23
2.689414435457868e-23
2.6899150860445955e-23
2.6903683552052935e-23
2.6907752026857043e-23
2.6911364895787574e-23
2.6914529801347697e-23
2.691725343364627e-23
2.6919541544391515e-23
2.692139895887211e-23
2.692282958595142e-23
2.6923836426093204e-23
2.692442157743346e-23
2.692458623990923e-23
2.692433071744884e-23
2.692365441822769e-23
2.6922555852983956e-23
2.692103263138956e-23
2.6919081456461956e-23
2.691669811700187e-23
2.691387747803631e-23
2.691061346924129e-23
2.69068990713099e-23
2.690272630023703e-23
2.6898086189472386e-23
2.689296876990345e-23
2.6887363047611e-23
2.688125697934321e-23
2.6874637445644735e-23
2.6867490221573894e-23
2.6859799944928487e-23
2.685155008190411e-23
2.6842722890091584e-23
2.6833299378719897e-23
2.6823259266042487e-23
2.6812580933751033e-23
2.68012413783016e-23
2.6789216159022364e-23
2.6776479342862663e-23
2.6763003445638293e-23
2.674875936961219e-23
2.673371633723928e-23
2.671784182089643e-23
2.670110146839711e-23
2.668345902408556e-23
2.66648762452866e-23
2.6645312813866195e-23
2.6624726242653795e-23
2.6603071776444825e-23
2.658030228729129e-23
2.655636816376596e-23
2.653121719385754e-23
2.650479444113606e-23
2.647704211379793e-23
2.6447899426170533e-23
2.641730245222196e-23
2.6385183970598533e-23
2.635147330065722e-23
2.6316096128936067e-23
2.6278974325451325e-23
2.6240025749164093e-23
2.619916404190665e-23
2.6156298409996708e-23
2.6111333392705268e-23
2.6064168616678308e-23
2.6014698535317042e-23
2.5962812152056953e-23
2.590839272637242e-23
2.5851317461234692e-23
2.5791457170632192e-23
2.5728675925629578e-23
2.5662830677294568e-23
2.5593770854658472e-23
2.5521337935694047e-23
2.5445364989085396e-23
2.5365676184336758e-23
2.5282086267501908e-23
2.5194399999533822e-23
2.510241155390215e-23
2.5005903869773488e-23
2.4904647956604242e-23
2.47984021455178e-23
2.4686911282284727e-23
2.456990585608576e-23
2.4447101057514777e-23
2.4318195758446484e-23
2.4182871405425618e-23
2.404079081712936e-23
2.389159687517416e-23
2.3734911096032042e-23
2.3570332070103244e-23
2.3397433751945437e-23
2.321576358329607e-23
2.302484042773404e-23
2.282415229252995e-23
2.2613153809356612e-23
2.2391263440916266e-23
2.2157860375058663e-23
2.1912281061400104e-23
2.1653815337612762e-23
2.138170208308097e-23
2.1095124326220262e-23
2.079320371788602e-23
2.0474994266443005e-23
2.0139475209425582e-23
1.9785542871384342e-23
1.9412001326227837e-23
1.9017551643624146e-23
1.86007794507428e-23
1.8160140480264123e-23
1.769394369971969e-23
1.720033152157294e-23
1.6677256472303422e-23
1.6122453545083992e-23
1.5533407265428893e-23
1.490731225197179e-23
1.4241025744017898e-23
1.3531010185370012e-23
1.2773263504759476e-23
1.1963234262437935e-23
1.1095718503631816e-23
1.0164735475991304e-23
9.16338185676087e-24
8.083673660297507e-24
6.916418681653966e-24
5.65129063654898e-24
4.277866205842286e-24
2.7922374258127625e-24
1.2655402437160733e-24
1.1517905408654422e-24
3.0368682636160445e-24
5.338707328505924e-24
7.991592005784922e-24
1.1063464558372794e-23
1.4668608982965778e-23
1.8978340013854046e-23
2.4254518654795926e-23
3.0916243283390713e-23
3.9678136854087765e-23
5.186689476992379e-23
7.025588219680296e-23
1.0177357019658894e-22
1.6987588674141285e-22
4.317386784843263e-22
7.437153975654071e-22
2.216135269554169e-22
1.2912629217106534e-22
9.052665490536163e-23
6.889397673711575e-23
5.471625285620187e-23
4.444584616983779e-23
3.645830444561033e-23
2.9904068518231536e-23
2.429512468066567e-23
1.9331018390284625e-23
1.4817355907667875e-23
1.0626041043618822e-23
6.683422193692295e-24
3.051685723459445e-24
1.914400016168026e-24
5.111827519263707e-24
8.732729004749857e-24
1.2428828924189298e-23
1.618334825324839e-23
2.000648869347619e-23
2.3912681427515086e-23
2.791674064537469e-23
3.203305902974799e-23
