1.71901098828034e-24
1.64864917784311e-24
1.5818146512949059e-24
1.5183618174935989e-24
1.4581516977765636e-24
1.4010515630509865e-24
1.3469345796400608e-24
1.2956794634657982e-24
1.2471701426156716e-24
1.2012954283915247e-24
1.1579486952887204e-24
1.1170275707476566e-24
1.078433635673553e-24
1.0420721370774217e-24
1.0078517144961415e-24
9.75684142045285e-25
9.454840880403696e-25
9.1716889429228e-25
8.906583771112646e-25
8.658746518951084e-25
8.427419827691907e-25
8.211866585908975e-25
8.0113689581900115e-25
7.825227681923066e-25
7.6527616264581215e-25
7.49330759849297e-25
7.346220372346406e-25
7.210872917984862e-25
7.086656792017869e-25
6.972982654457106e-25
6.869280872254445e-25
6.775002168089312e-25
6.6896182753629225e-25
6.612622564827072e-25
6.543530607919665e-25
6.481880652533432e-25
6.427233988420122e-25
6.379175188247997e-25
6.337312215996198e-25
6.30127639754706e-25
6.270722257599228e-25
6.245327227866782e-25
6.224791235729839e-25
6.208836187366974e-25
6.197205355728364e-25
6.189662691932472e-25
6.185992072048413e-25
6.185996495421016e-25
6.189497247600174e-25
6.196333041522967e-25
6.206359147426026e-25
6.219446523220204e-25
6.23548095267974e-25
6.254362199789366e-25
6.276003184883353e-25
6.300329187481263e-25
6.32727707983003e-25
6.356794593508915e-25
6.388839620516198e-25
6.423379551146067e-25
6.460390648010644e-25
6.499857455815333e-25
6.541772248249534e-25
6.586134508324897e-25
6.632950444479578e-25
6.682232537102475e-25
6.733999118349105e-25
6.78827398056193e-25
6.845086013055001e-25
6.904468866123228e-25
6.96646063994844e-25
7.031103597099051e-25
7.098443898118599e-25
7.168531357712436e-25
7.241419220654299e-25
7.317163956863626e-25
7.39582507380577e-25
7.4774649448916425e-25
7.5621486547216015e-25
7.649943857800937e-25
7.740920651689907e-25
7.835151463596007e-25
7.93271094849188e-25
8.03367590045929e-25
8.138125173781129e-25
8.246139615966779e-25
8.35780200977697e-25
8.473197026164805e-25
8.592411185016203e-25
8.715532826350393e-25
8.842652087984192e-25
8.973860893038168e-25
9.1092529438848e-25
9.248923723199323e-25
9.392970503336818e-25
9.541492360426066e-25
9.694590195756874e-25
9.852366763147685e-25
1.0014926701214112e-24
1.0182376572479184e-24
1.0354824904527446e-24
1.0532382239953782e-24
1.071516118654882e-24
1.090327647623945e-24
1.1096845023313122e-24
1.1295985989663764e-24
1.150082085311872e-24
1.171147347786295e-24
1.1928070188912785e-24
1.2150739848949088e-24
1.2379613940554072e-24
1.261482664496528e-24
1.2856514931015259e-24
1.3104818640725985e-24
1.3359880579550417e-24
1.36218466082607e-24
1.3890865739587109e-24
1.4167090228414291e-24
1.4450675675726654e-24
1.4741781126896897e-24
1.50405691706969e-24
1.534720604657393e-24
1.566186174907544e-24
1.5984710133439816e-24
1.6315929026775594e-24
1.6655700339714015e-24
1.700421017319543e-24
1.7361648939996874e-24
1.7728211480559198e-24
1.8104097175018707e-24
1.8489510069468646e-24
1.8884658998919246e-24
1.928975770473854e-24
1.970502497141463e-24
2.0130684743771815e-24
2.056696627062955e-24
2.1014104225467988e-24
2.1472338850908244e-24
2.1941916096881374e-24
2.2423087753170593e-24
2.291611160481696e-24
2.3421251569134943e-24
2.39387778510152e-24
2.446896708779762e-24
2.501210251281482e-24
2.556847410748404e-24
2.613837876763817e-24
2.6722120460336998e-24
2.7320010404134225e-24
2.7932367231187007e-24
2.85595171676227e-24
2.9201794208860964e-24
2.9859540304248475e-24
3.0533105554934725e-24
3.1222848385507087e-24
3.1929135750099058e-24
3.2652343336543275e-24
3.339285576840423e-24
3.415106680560717e-24
3.4927379566016926e-24
3.572220674131704e-24
3.653597083032561e-24
3.736910435118847e-24
3.822205008876063e-24
3.909526133691074e-24
3.998920211446776e-24
4.090434745977566e-24
4.184118365037709e-24
4.2800208513283985e-24
4.3781931616282726e-24
4.47868746290261e-24
4.581557154117092e-24
4.686856900075564e-24
4.7946426571794185e-24
4.904971705757114e-24
5.017902678179447e-24
5.133495598865722e-24
5.251811903043734e-24
5.372914486164216e-24
5.4968677279594664e-24
5.6237375234431846e-24
5.7535913338394016e-24
5.886498207199491e-24
6.0225288295183464e-24
6.161755556448973e-24
6.3042524512705455e-24
6.450095331912178e-24
6.599361803345414e-24
6.752131318677557e-24
6.908485192545163e-24
7.068506681479946e-24
7.23228100323172e-24
7.399895405833577e-24
7.571439174871467e-24
7.74700376389004e-24
7.926682753297763e-24
8.110571961958118e-24
8.298769479280059e-24
8.491375747633997e-24
8.688493557118805e-24
8.890228229452338e-24
