1.4882953708970878e-22
1.514325045285855e-22
1.5420414250430134e-22
1.5714199273993039e-22
1.6024381603308507e-22
1.6350758876343152e-22
1.669314996672657e-22
1.705139466441672e-22
1.7425353369648014e-22
1.781490681077405e-22
1.8219955748007076e-22
1.8640420706195255e-22
1.907624169045789e-22
1.9527377941777542e-22
1.999380766018865e-22
2.047552775708607e-22
2.0972553601433454e-22
2.1484918781884026e-22
2.2012674857701915e-22
2.2555891126715467e-22
2.3114654396796552e-22
2.3689068757890143e-22
2.427925537189079e-22
2.48853522606817e-22
2.55075140951611e-22
2.614591201768312e-22
2.6800733443318826e-22
2.74721818969848e-22
2.8160476838227333e-22
2.886585351562296e-22
2.958856282180494e-22
3.0328871161931206e-22
3.108706034245129e-22
3.186342745801652e-22
3.2658284806442432e-22
3.3471959808083974e-22
3.43047949437666e-22
3.515714770039916e-22
3.60293905436716e-22
3.6921910891388087e-22
3.7835111111523104e-22
3.8769408524928835e-22
3.9725235438283436e-22
4.0703039177870075e-22
4.1703282140928084e-22
4.272644187200446e-22
4.377301114218738e-22
4.484349805091339e-22
4.593842613618863e-22
4.7058334507088815e-22
4.820377798463638e-22
4.937532726704266e-22
5.0573569096703715e-22
5.179910644671687e-22
5.305255872900852e-22
5.433456201044122e-22
5.5645769237537135e-22
5.69868504927495e-22
5.835849324324755e-22
5.976140262346711e-22
6.119630171700443e-22
6.266393186559571e-22
6.416505297566648e-22
6.57004438597819e-22
6.727090257188552e-22
6.887724677146939e-22
7.052031409183789e-22
7.22009625280128e-22
7.392007083801386e-22
7.567853895834036e-22
7.747728842667338e-22
7.931726283431072e-22
8.119942827541746e-22
8.312477382168427e-22
8.509431201012886e-22
8.710907934702615e-22
8.917013681141994e-22
9.127857040385705e-22
9.34354916759464e-22
9.564203830359354e-22
9.789937465996167e-22
1.0020869240686941e-21
1.0257121109734642e-21
1.0498817882459073e-21
1.0746087283558874e-21
1.0999060019815886e-21
1.125786984900218e-21
1.1522653646698075e-21
1.1793551479047147e-21
1.2070706675058855e-21
1.235426590258569e-21
1.2644379240753223e-21
1.294120026270667e-21
1.3244886114382579e-21
1.3555597596039558e-21
1.3873499247380644e-21
1.4198759432260017e-21
1.45315504313046e-21
1.487204852677443e-21
1.52204340973394e-21
1.557689171696029e-21
1.5941610247441514e-21
1.631478293689139e-21
1.6696607528082594e-21
1.708728635241664e-21
1.748702645207266e-21
1.7896039668461703e-21
1.8314542777466874e-21
1.8742757583841497e-21
1.9180911050944465e-21
1.9629235413069706e-21
2.0087968304075476e-21
2.055735288176185e-21
2.103763795116882e-21
2.152907810609107e-21
2.2031933852566602e-21
2.254647175112998e-21
2.307296456646067e-21
2.361169139732623e-21
2.4162937833117265e-21
2.472699610235449e-21
2.5304165227611704e-21
2.589475119102658e-21
2.6499067080228856e-21
2.711743327218652e-21
2.7750177584410416e-21
2.8397635469641572e-21
2.9060150165541662e-21
2.9738072911746916e-21
3.0431763101696475e-21
3.11415885056725e-21
3.186792544148603e-21
3.261115897067767e-21
3.3371683109898217e-21
3.4149901070572615e-21
3.4946225421948755e-21
3.5761078329124404e-21
3.659489180204109e-21
3.744810785728123e-21
3.832117884492438e-21
3.921456763089509e-21
4.01287478170961e-21
4.106420409008444e-21
4.202143230403352e-21
4.300093998942286e-21
4.400324636643861e-21
4.502888281249507e-21
4.607839306419975e-21
4.715233345757734e-21
4.8251273375820105e-21
4.937579532777273e-21
5.0526495443862745e-21
5.17039837348198e-21
5.290888444465745e-21
5.414183619407201e-21
5.5403492645510764e-21
5.669452254451701e-21
5.801561032015417e-21
5.936745619948496e-21
6.0750776715765e-21
6.216630524126319e-21
6.361479193053094e-21
6.5097004734387826e-21
6.661372931580655e-21
6.81657692390725e-21
6.975394763622265e-21
7.137910611943317e-21
7.30421057092168e-21
7.474382819394372e-21
7.648517534474079e-21
7.826707012087883e-21
8.009045674343328e-21
8.195630157105427e-21
8.386559360169037e-21
8.581934414159838e-21
8.781858950778535e-21
8.986438785987805e-21
9.195782387671641e-21
9.410000717966109e-21
9.62920722434538e-21
9.85351810620657e-21
1.0083052170116523e-20
1.0317931038042277e-20
1.0558279141996778e-20
1.0804223820273093e-20
1.1055895345504518e-20
1.1313427056858344e-20
1.1576955348555919e-20
1.1846619863856322e-20
1.2122563316919027e-20
1.2404931910398878e-20
1.2693875383501892e-20
1.2989546350510885e-20
1.3292101704180534e-20
1.3601701592774856e-20
1.3918509776371763e-20
1.4242694090625823e-20
1.4574426083804458e-20
1.4913881473761243e-20
1.5261239974786594e-20
1.561668517349923e-20
