5.273903637328417e-25
5.39664582105869e-25
5.583798170702689e-25
5.816814509735784e-25
6.079844600712196e-25
6.360108046175788e-25
6.647674272036276e-25
6.934999277741973e-25
7.216427108591289e-25
7.4877486785925e-25
7.745844714067774e-25
7.988409705879118e-25
8.2137434813869225e-25
8.420595609110309e-25
8.608049742346806e-25
8.775437684095034e-25
8.922275446032793e-25
9.048215599246234e-25
9.153011764479446e-25
9.23649224085166e-25
9.29854062026465e-25
9.33908185656162e-25
9.358072724011781e-25
9.355495953136588e-25
9.331357614268502e-25
9.285687557869027e-25
9.218542940486058e-25
9.130015087350935e-25
9.020240189691425e-25
8.889414631743983e-25
8.737816119350493e-25
8.565832279098548e-25
8.373999066049623e-25
8.163052226420103e-25
7.9339962916246265e-25
7.688197219983486e-25
7.427506909016282e-25
7.154430310429783e-25
6.872348369931947e-25
6.585811216590023e-25
6.300912829715774e-25
6.025744201652098e-25
5.7708848126469885e-25
5.549815663091361e-25
5.379013420640542e-25
5.277355199649381e-25
5.264474993332199e-25
5.358092087695328e-25
5.571087658957005e-25
5.909658843773557e-25
6.3734604256221485e-25
6.957442155236651e-25
7.654253233587115e-25
8.45622329337894e-25
9.356556065499013e-25
1.0349842983167344e-24
1.1432152740385036e-24
1.260091472517092e-24
1.3854730843343434e-24
1.5193183420551294e-24
1.66166668433119e-24
1.8126250360778863e-24
1.9723570666875246e-24
2.1410749820066075e-24
2.3190333579452795e-24
2.506524575343815e-24
2.7038754946878218e-24
2.9114450874156317e-24
3.129622806866708e-24
3.358827533596455e-24
3.599506972151612e-24
3.852137405269235e-24
4.117223735925443e-24
4.395299764357192e-24
4.68692866034268e-24
4.99270360060113e-24
5.313248548907498e-24
5.649219161365948e-24
6.001303803416199e-24
6.370224671093982e-24
6.756739005223712e-24
7.161640398439002e-24
7.585760185325791e-24
8.029968918354298e-24
8.495177924456267e-24
8.982340941493053e-24
9.49245583556484e-24
1.0026566398804657e-23
1.0585764224283941e-23
1.117119066520469e-23
1.1784038871605092e-23
1.242555591212701e-23
1.3097044976666815e-23
1.3799867663129823e-23
1.4535446347245056e-23
1.530526664191066e-23
1.6110879935424056e-23
1.695390602521489e-23
1.78360358310175e-23
1.8759034197342903e-23
1.972474279004184e-23
2.0735083063316018e-23
2.1792059339015197e-23
2.2897761942062385e-23
2.4054370446346576e-23
2.5264156982527972e-23
2.6529489644890134e-23
2.785283595294633e-23
2.923676641526465e-23
3.068395813373095e-23
3.2197198496917843e-23
3.377938891930818e-23
3.5433548630852885e-23
3.7162818524465793e-23
3.8970465032754503e-23
4.085988402687657e-23
4.2834604736854395e-23
4.489829367050415e-23
4.7054758546113815e-23
4.930795214677368e-23
5.166197619083629e-23
5.41210851184217e-23
5.668968978027548e-23
5.937236105886577e-23
6.217383332222712e-23
6.509900777413786e-23
6.815295559318334e-23
7.134092082835428e-23
7.466832315178394e-23
7.814076023730507e-23
8.176400986252775e-23
8.55440316300926e-23
8.948696834282187e-23
9.359914690692919e-23
9.788707877909256e-23
1.0235745971973312e-22
1.070171692360565e-22
1.11873269199262e-22
1.1693300174338914e-22
1.2220378649107317e-22
1.2769321706309712e-22
1.3340905641171456e-22
1.3935923151507488e-22
1.4555182708819159e-22
1.519950780345832e-22
1.5869736080968418e-22
1.6566718407838866e-22
1.729131772743712e-22
1.8044407885914037e-22
1.8826872265483793e-22
1.963960226589083e-22
2.0483495724857383e-22
2.135945513556335e-22
2.226838567115481e-22
2.3211193184913024e-22
2.4188781939886075e-22
2.520205225282618e-22
2.625189798435266e-22
2.7339203843342334e-22
2.846484262412294e-22
2.9629672129053305e-22
3.0834532191822686e-22
3.208024142667188e-22
3.3367593816814616e-22
3.469735537942051e-22
3.6070260377201194e-22
3.748700798917326e-22
3.8948258272466385e-22
4.0454628525155593e-22
4.2006689431177537e-22
4.360496113556253e-22
4.524990932408172e-22
4.6941941535840725e-22
4.868140297867355e-22
5.0468572877599765e-22
5.2303660771192625e-22
5.418680245059936e-22
5.611805683574842e-22
5.8097402103489695e-22
6.012473236639978e-22
6.2199854641591845e-22
6.432248525739911e-22
6.649224771480795e-22
6.870866922232599e-22
7.097117838345299e-22
7.327910313893823e-22
7.563166837314073e-22
7.802799366854796e-22
8.046709248764798e-22
8.294786989531619e-22
8.546912187542874e-22
8.802953372162559e-22
9.062767967027748e-22
9.326202290448726e-22
9.593091345636044e-22
9.86325906404741e-22
1.0136518061054848e-21
1.0412669847853334e-21
1.0691504763772635e-21
1.0972802171708455e-21
1.1256330341221744e-21
