4.7492559866327116e-23
4.798085804799315e-23
4.844074592943609e-23
4.8873199583204146e-23
4.9279136831282845e-23
4.96594191958396e-23
5.001485373076963e-23
5.034619473742586e-23
5.0654145367371377e-23
5.093935911700512e-23
5.12024412159494e-23
5.1443949913074043e-23
5.166439766227475e-23
5.1864252211340447e-23
5.2043937594996874e-23
5.220383503547652e-23
5.2344283751818435e-23
5.2465581680271195e-23
5.256798610535678e-23
5.265171420709544e-23
5.27169435200915e-23
5.2763812310285916e-23
5.279241986718474e-23
5.2802826713387504e-23
5.279505473168824e-23
5.2769087209798124e-23
5.272486880338001e-23
5.266230541528673e-23
5.2581263995098775e-23
5.2481572252069705e-23
5.236301828823636e-23
5.2225350143521296e-23
5.2068275259084735e-23
5.189145984895667e-23
5.169452819159595e-23
5.147706182166509e-23
5.123859864135745e-23
5.097863192877864e-23
5.069660925946436e-23
5.0391931322107776e-23
5.00639506415639e-23
4.9711970192977395e-23
4.9335241912513304e-23
4.893296509908266e-23
4.8504284700382313e-23
4.804828948606259e-23
4.7564010097319235e-23
4.7050416975450774e-23
4.650641815231311e-23
4.593085691914798e-23
4.5322509344906353e-23
4.4680081655268173e-23
4.400220746058994e-23
4.3287444826412977e-23
4.2534273178105397e-23
4.1741090042232376e-23
4.0906207602974496e-23
4.002784907897873e-23
3.910414490595237e-23
3.8133128716411496e-23
3.7112733111984224e-23
3.604078521387832e-23
3.49150019868999e-23
3.373298532175009e-23
3.2492216868152027e-23
3.1190052610783184e-23
2.982371716882788e-23
2.8390297817820964e-23
2.6886738219914836e-23
2.5309831852383354e-23
2.3656215137517654e-23
2.1922360271878556e-23
2.0104567787314378e-23
1.8198958902775046e-23
1.6201467837728283e-23
1.4107834507168513e-23
1.19135987641869e-23
9.614099898701838e-24
7.204495986505382e-24
4.679884968355486e-24
2.036495416042566e-24
7.545226798784869e-25
3.648938692736498e-24
6.691424526075031e-24
9.879856981859465e-24
1.3220538924333739e-23
1.6720513561325026e-23
2.0387252924474413e-23
2.4228617641559234e-23
2.825285893756029e-23
3.246863163554497e-23
3.68850113166852e-23
4.1511513689563644e-23
4.635811554036479e-23
5.1435277001366545e-23
5.675396513851164e-23
6.232567882560263e-23
6.816247494595196e-23
7.427699599386919e-23
8.068249911905674e-23
8.739288673775167e-23
9.442273870676905e-23
1.017873463140384e-22
1.095027479151355e-22
1.1758576664210348e-22
1.2605405003068552e-22
1.3492611184832997e-22
1.4422137615683357e-22
1.5396022380675622e-22
1.64164041488068e-22
1.74855273398487e-22
1.8605747600948958e-22
1.9779537561301804e-22
2.1009492937644806e-22
2.2298338961300977e-22
2.364893719742849e-22
2.5064292730770066e-22
2.6547561794841207e-22
2.810205984087609e-22
2.973127004024538e-22
3.143885238139394e-22
3.3228653205665887e-22
3.5104715419656553e-22
3.707128925138858e-22
3.9132843729690296e-22
4.129407883081758e-22
4.3559938413347065e-22
4.59356239673571e-22
4.842660929608581e-22
5.103865600547334e-22
5.377783019256868e-22
5.665052010089264e-22
5.966345506962577e-22
6.28237256182834e-22
6.613880507246556e-22
6.9616572619454e-22
7.326533797200243e-22
7.709386772094119e-22
8.111141382760381e-22
8.53277440524768e-22
8.975317428898173e-22
9.43986041465511e-22
9.927555454431173e-22
1.043962082887947e-21
1.0977345422045427e-21
1.1542093439961906e-21
1.213530956276454e-21
1.2758524439885786e-21
1.3413360757753394e-21
1.4101539686711003e-21
1.4824887978687678e-21
1.5585345662140512e-21
1.6384974388723761e-21
1.722596658892046e-21
1.8110655361976065e-21
1.9041525432010544e-21
2.002122502227065e-21
2.105257895975141e-21
2.213860292090277e-21
2.328251943506078e-21
2.448777493876294e-21
2.575805931884692e-21
2.7097326886206714e-21
2.8509820073914633e-21
3.000009536202571e-21
3.1573052304746516e-21
3.3233966051676723e-21
3.498852319975783e-21
3.684286230728529e-21
3.880361924992372e-21
4.087797801130085e-21
4.3073728289379744e-21
4.5399330058249785e-21
4.786398736967299e-21
5.047773151508954e-21
5.3251516249240244e-21
5.619732654930251e-21
5.932830270943302e-21
6.265888339177536e-21
6.6204971969075385e-21
6.998412671984698e-21
7.401578232183122e-21
7.832151133186776e-21
8.292532636476178e-21
8.785403847499684e-21
9.313767988393273e-21
9.881000707024677e-21
1.0490909721717002e-20
1.1147807536015193e-20
1.1856597500489397e-20
1.2622880450267658e-20
1.3453083511453578e-20
1.435461923225981e-20
1.5336083746117656e-20
1.640750405449379e-20
1.7580650146854986e-20
1.886943333186654e-20
2.0290419007597883e-20
2.18634934157422e-20
2.361274347889729e-20
2.5567631123073414e-20
