3.581129915774032e-23
3.586765674601157e-23
3.5920970461269464e-23
3.5971353432495997e-23
3.601891256612761e-23
3.6063748773141317e-23
3.6105957183331655e-23
3.6145627347312154e-23
3.6182843426616646e-23
3.6217684372343407e-23
3.625022409269723e-23
3.628053160979572e-23
3.6308671206068575e-23
3.633470256056919e-23
3.63586808754743e-23
3.638065699304383e-23
3.6400677503288836e-23
3.6418784842578767e-23
3.6435017383381386e-23
3.6449409515350063e-23
3.6461991717875734e-23
3.647279062432587e-23
3.6481829078049347e-23
3.6489126180248183e-23
3.649469732989308e-23
3.6498554255666435e-23
3.650070504006655e-23
3.6501154135647914e-23
3.6499902373515747e-23
3.6496946963981853e-23
3.649228148943077e-23
3.648589588941946e-23
3.647777643778128e-23
3.646790571193727e-23
3.645626255411169e-23
3.644282202441358e-23
3.6427555345784404e-23
3.641042984045351e-23
3.6391408857951775e-23
3.637045169435963e-23
3.634751350272031e-23
3.6322545194153126e-23
3.6295493329843034e-23
3.626630000309692e-23
3.6234902711631394e-23
3.620123421954322e-23
3.616522240863471e-23
3.612679011877499e-23
3.608585497676704e-23
3.6042329213490407e-23
3.5996119468532204e-23
3.5947126582194143e-23
3.589524537383814e-23
3.5840364406376185e-23
3.578236573613264e-23
3.572112464732636e-23
3.5656509370301196e-23
3.558838078329696e-23
3.5516592095957885e-23
3.5440988514390947e-23
3.536140688677294e-23
3.527767532755382e-23
3.51896128203202e-23
3.509702879717904e-23
3.49997226932065e-23
3.489748347534863e-23
3.479008914302098e-23
3.4677306199416437e-23
3.4558889091115505e-23
3.4434579614025257e-23
3.430410628315717e-23
3.4167183663852715e-23
3.402351166114234e-23
3.3872774764338046e-23
3.371464124320116e-23
3.354876229128334e-23
3.337477111277515e-23
3.319228194612231e-23
3.3000889021013384e-23
3.2800165439469655e-23
3.2589661975476657e-23
3.2368905783612465e-23
3.213739900634142e-23
3.1894617269820665e-23
3.1640008052158164e-23
3.1372988911267297e-23
3.109294555089823e-23
3.0799229704411497e-23
3.0491156808778046e-23
3.0168003437782724e-23
2.982900445693835e-23
2.947334984981387e-23
2.9100181166022555e-23
2.870858751359963e-23
2.8297601015134516e-23
2.786619161581367e-23
2.7413261113201186e-23
2.6937636229956485e-23
2.643806051949114e-23
2.591318481714709e-23
2.5361555872461592e-23
2.4781602684787912e-23
2.4171619907291136e-23
2.3529747463646625e-23
2.2853945233624965e-23
2.2141961220272373e-23
2.1391291002669222e-23
2.0599125381696814e-23
1.9762281771525083e-23
1.8877112873909886e-23
1.7939383022155844e-23
1.6944097625585764e-23
1.588526311039738e-23
1.4755541353779062e-23
1.3545739687159696e-23
1.2244036829752331e-23
1.0834770377802824e-23
9.296469355586977e-24
7.598539236695768e-24
5.695504273505656e-24
3.517579048252615e-24
9.954111644796277e-25
2.3924216677237328e-24
6.775745517435239e-24
1.370676277314892e-23
2.833930750071524e-23
1.0249512958964359e-22
7.649523411727154e-23
2.673010847373685e-23
1.3833731744263176e-23
6.9959783658028e-24
2.22900296693593e-24
1.8525222447641634e-24
5.29061561425057e-24
8.555997067012978e-24
1.1728864446283845e-23
1.4876336779599523e-23
1.804386803337214e-23
2.1263687258175043e-23
2.4559980946213636e-23
2.7951915337319995e-23
3.145545108818181e-23
3.508447432935514e-23
3.8851527550611635e-23
4.276829816161817e-23
4.684595558693747e-23
5.109539095715604e-23
5.55273928223045e-23
6.015277965850028e-23
6.498250303853203e-23
7.002773020671818e-23
7.529991237747712e-23
8.081084294927847e-23
8.657270846172758e-23
9.259813442473249e-23
9.890022790257532e-23
1.0549261741343974e-22
1.1238949152228768e-22
1.1960563645341759e-22
1.2715647344311257e-22
1.3505809606061755e-22
1.4332730791774048e-22
1.519816611091745e-22
1.6103949534333577e-22
1.7051997842834454e-22
1.8044314758900755e-22
1.9082995253058086e-22
2.0170229988020006e-22
2.130830992617205e-22
2.2499631124335193e-22
2.374669969882933e-22
2.505213702229665e-22
2.6418685103597755e-22
2.784921219168916e-22
2.9346718689997216e-22
3.091434315857409e-22
3.255536872476974e-22
3.427322971962305e-22
3.607151854647793e-22
3.7953992905503828e-22
3.99245832765948e-22
4.198740073027324e-22
4.414674511833852e-22
4.64071135196367e-22
4.877320909474399e-22
5.124995033304092e-22
5.384248054024288e-22
5.655617806953315e-22
5.939666638558393e-22
6.236982511003757e-22
6.548180134266608e-22
6.873902105935346e-22
7.214820160561558e-22
7.571636429700599e-22
7.945084722094365e-22
8.335931943833891e-22
8.744979447125603e-22
9.173064628578545e-22
9.621062242508021e-22
1.0089886214920743e-21
1.05804911057979e-21
