2.080496922791226e-24
2.076646040681241e-24
2.0731291218010946e-24
2.069917864360208e-24
2.066986293835266e-24
2.064310584825161e-24
2.0618688944643006e-24
2.0596412069959906e-24
2.057609189049529e-24
2.05575605514222e-24
2.0540664428879693e-24
2.0525262973955542e-24
2.0511227643259577e-24
2.0498440910920928e-24
2.0486795356814933e-24
2.047619282607803e-24
2.046654365510644e-24
2.0457765959315128e-24
2.044978497843995e-24
2.0442532474991918e-24
2.043594618205625e-24
2.0429969296684185e-24
2.0424550015356236e-24
2.0419641108255844e-24
2.0415199529346123e-24
2.0411186059372104e-24
2.040756497915328e-24
2.0404303770742048e-24
2.0401372844147722e-24
2.0398745287575876e-24
2.0396396639205358e-24
2.0394304678738298e-24
2.0392449237081368e-24
2.0390812022639415e-24
2.0389376462829113e-24
2.0388127559532964e-24
2.0387051757329393e-24
2.038613682342078e-24
2.038537173823187e-24
2.0384746595865572e-24
2.0384252513473447e-24
2.0383881548877406e-24
2.038362662569999e-24
2.0383481465366664e-24
2.038344052543051e-24
2.038349894368035e-24
2.0383652487502685e-24
2.0383897508132686e-24
2.0384230899350123e-24
2.0384650060221947e-24
2.038515286164307e-24
2.0385737616277283e-24
2.0386403051675428e-24
2.0387148286340052e-24
2.038797280840222e-24
2.0388876456847953e-24
2.0389859404987873e-24
2.0390922146065377e-24
2.0392065480805836e-24
2.039329050680702e-24
2.039459860962194e-24
2.0395991455383687e-24
2.0397470984980847e-24
2.0399039409581942e-24
2.0400699207412805e-24
2.0402453121898733e-24
2.0404304160809137e-24
2.040625559667879e-24
2.0408310968123078e-24
2.0410474082307366e-24
2.0412749018321722e-24
2.041514013152137e-24
2.0417652058753094e-24
2.0420289724539196e-24
2.042305834808852e-24
2.0425963451170126e-24
2.0429010866888304e-24
2.043220674923654e-24
2.043555758353299e-24
2.0439070197733087e-24
2.0442751774477956e-24
2.044660986415564e-24
2.0450652398660456e-24
2.045488770612442e-24
2.0459324526545646e-24
2.0463972028162686e-24
2.046883982506024e-24
2.0473937995278744e-24
2.047927710039584e-24
2.0484868205516847e-24
2.0490722900885658e-24
2.049685332403685e-24
2.0503272183242157e-24
2.0509992782101762e-24
2.0517029045132176e-24
2.0524395544542017e-24
2.0532107528273615e-24
2.0540180949285757e-24
2.0548632496176514e-24
2.0557479624759927e-24
2.056674059145664e-24
2.0576434487734475e-24
2.0586581276333705e-24
2.0597201828757877e-24
2.0608317963985852e-24
2.061995248948274e-24
2.063212924291887e-24
2.064487313675376e-24
2.0658210202932403e-24
2.067216764066454e-24
2.0686773865595927e-24
2.0702058560243405e-24
2.0718052727407426e-24
2.0734788743892092e-24
2.0752300418151056e-24
2.077062304824808e-24
2.0789793482597147e-24
2.0809850182736177e-24
2.0830833287764398e-24
2.0852784681068934e-24
2.0875748060316195e-24
2.0899769007704384e-24
2.0924895061433078e-24
2.0951175795390515e-24
2.0978662893083023e-24
2.100741022795505e-24
2.1037473946464797e-24
2.1068912551405108e-24
2.110178698721849e-24
2.113616072882218e-24
2.1172099872584035e-24
2.1209673227738136e-24
2.1248952408611033e-24
2.129001193279396e-24
2.1332929320079706e-24
2.1377785188739814e-24
2.1424663355675903e-24
2.1473650942638477e-24
2.1524838479257318e-24
2.157832000195363e-24
2.1634193169047597e-24
2.1692559359101998e-24
2.175352378381201e-24
2.181719559551851e-24
2.1883687992787687e-24
2.1953118331599676e-24
2.202560823327952e-24
2.2101283690902382e-24
2.218027518140247e-24
2.2262717771122426e-24
2.2348751219099906e-24
2.243852009527143e-24
2.2532173859789955e-24
2.262986699914115e-24
2.2731759105398353e-24
2.2838014980897515e-24
2.294880474383514e-24
2.306430391958089e-24
2.3184693540929697e-24
2.33101602385631e-24
2.3440896342154447e-24
2.3577099950915475e-24
2.37189750616137e-24
2.3866731620407378e-24
2.4020585636849993e-24
2.418075926585281e-24
2.434748088803693e-24
2.4520985231048515e-24
2.4701513427003575e-24
2.488931312505798e-24
2.5084638625700656e-24
2.5287750927371406e-24
2.549891787092756e-24
2.571841426086311e-24
2.594652199371252e-24
2.618353018096171e-24
2.6429735357228532e-24
2.6685441553129583e-24
2.695096056332532e-24
2.7226612156139416e-24
2.7512724189090404e-24
2.780963300183568e-24
2.811768361840364e-24
2.8437230046213855e-24
2.8768635656904116e-24
2.911227354192218e-24
2.9468526933721086e-24
2.983778970462266e-24
3.0220466883582816e-24
3.061697510867756e-24
3.1027743470558327e-24
3.145321407446919e-24
3.189384282409704e-24
3.2350100348747585e-24
3.2822472868345174e-24
3.3311463227546214e-24
3.381759222709507e-24
3.434139967197474e-24
3.4883445890485456e-24
3.5444313272880275e-24
3.602460799259563e-24
