7.150214724318117e-23
7.151790526783508e-23
7.153291628132654e-23
7.154721214175921e-23
7.156082318867923e-23
7.157377830762096e-23
7.15861049914949e-23
7.159782939901977e-23
7.160897641027878e-23
7.16195696796171e-23
7.162963168588223e-23
7.163918378021808e-23
7.164824623138176e-23
7.165683826881518e-23
7.166497812352089e-23
7.167268306673652e-23
7.167996944659059e-23
7.168685272297554e-23
7.169334750015575e-23
7.169946755796261e-23
7.170522588095356e-23
7.171063468602301e-23
7.171570544831433e-23
7.172044892562999e-23
7.172487518112608e-23
7.172899360493266e-23
7.17328129337402e-23
7.173634126970602e-23
7.173958609734329e-23
7.174255429957321e-23
7.174525217225898e-23
7.174768543757049e-23
7.174985925611804e-23
7.175177823795174e-23
7.175344645223991e-23
7.175486743596306e-23
7.175604420128925e-23
7.175697924205955e-23
7.175767453910294e-23
7.175813156422012e-23
7.175835128356472e-23
7.175833415934445e-23
7.175808015093875e-23
7.175758871490338e-23
7.175685880344708e-23
7.175588886251072e-23
7.175467682808216e-23
7.17532201222031e-23
7.175151564694699e-23
7.174955977822211e-23
7.17473483573223e-23
7.174487668339917e-23
7.174213950156891e-23
7.173913099308656e-23
7.17358447623827e-23
7.17322738233124e-23
7.172841058432348e-23
7.17242468322082e-23
7.171977371446715e-23
7.171498172015618e-23
7.170986066026622e-23
7.170439964494707e-23
7.169858706070869e-23
7.169241054546706e-23
7.168585696203664e-23
7.167891237000637e-23
7.16715619954897e-23
7.166379019993606e-23
7.165558044617881e-23
7.16469152631978e-23
7.163777620789251e-23
7.162814382701882e-23
7.161799761307418e-23
7.160731596201799e-23
7.159607612612266e-23
7.158425416468252e-23
7.157182489265377e-23
7.155876182616879e-23
7.154503712571285e-23
7.153062153507729e-23
7.151548431952293e-23
7.149959319805219e-23
7.148291427307679e-23
7.146541195863647e-23
7.144704890161374e-23
7.142778590131345e-23
7.140758182322149e-23
7.138639351089147e-23
7.13641756912129e-23
7.134088087372538e-23
7.131645925039258e-23
7.129085858388389e-23
7.126402409238109e-23
7.123589833431218e-23
7.120642107290867e-23
7.117552915407717e-23
7.114315635871545e-23
7.110923326028764e-23
7.107368707048647e-23
7.103644147693653e-23
7.099741647567404e-23
7.095652818781459e-23
7.091368867756977e-23
7.086880575285358e-23
7.082178275896152e-23
7.077251836002675e-23
7.072090631034462e-23
7.066683521579323e-23
7.061018827826438e-23
7.055084303270354e-23
7.04886710635486e-23
7.042353771438447e-23
7.035530177319409e-23
7.028381515435759e-23
7.020892254465208e-23
7.013046105079584e-23
7.004825981328536e-23
6.996213960674042e-23
6.987191242113408e-23
6.977738100796221e-23
6.967833841575584e-23
6.957456749636365e-23
6.946584037647257e-23
6.93519179095804e-23
6.923254909031308e-23
6.910747044600649e-23
6.897640537641384e-23
6.883906347507871e-23
6.869513979518298e-23
6.854431409334728e-23
6.838624999814154e-23
6.822059416407824e-23
6.804697534722485e-23
6.786500346603613e-23
6.767426852371061e-23
6.747433957239153e-23
6.726476353764927e-23
6.704506398293013e-23
6.681473982845955e-23
6.657326393162909e-23
6.632008166017687e-23
6.605460927805917e-23
6.577623229151067e-23
6.54843036561906e-23
6.517814189262893e-23
6.485702901102708e-23
6.452020838787234e-23
6.4166882400623e-23
6.379620997018698e-23
6.340730383528818e-23
6.299922777372775e-23
6.257099344558806e-23
6.212155712866027e-23
6.164981619346043e-23
6.115460520033168e-23
6.063469183622635e-23
6.008877240383108e-23
5.951546707004976e-23
5.89133146191535e-23
5.828076676312483e-23
5.761618211139984e-23
5.691781941135005e-23
5.618383043528768e-23
5.541225195103635e-23
5.460099727077164e-23
5.374784672062064e-23
5.285043749524872e-23
5.1906252302330006e-23
5.0912607082149805e-23
4.986663736851998e-23
4.8765283391958115e-23
4.760527362804193e-23
4.6383106658276753e-23
4.5095030968007427e-23
4.373702301482767e-23
4.230476240214557e-23
4.079360497949658e-23
3.919855276304464e-23
3.751422088801356e-23
3.573480162136667e-23
3.3854024871873156e-23
3.186511700780992e-23
2.976075803761514e-23
2.753304211634518e-23
2.5173448760809997e-23
2.2672843890379362e-23
2.0021556136901713e-23
1.720964831845823e-23
1.4227744029963634e-23
1.1069706528412344e-23
7.743372228491698e-24
4.33767304305232e-24
2.0068052426447533e-24
4.6351702268390605e-24
8.846074509919937e-24
1.3521570330113947e-23
1.8587320823987048e-23
2.405540022772661e-23
2.995837744803716e-23
3.6339436691065963e-23
4.3250761288530074e-23
