1.4883778556841065e-22
1.5144102317070247e-22
1.542129412839896e-22
1.5715108170742334e-22
1.6025320531303595e-22
1.6351728858175241e-22
1.6694152031625104e-22
1.705242984879496e-22
1.7426422720591335e-22
1.781601137934931e-22
1.8221096594196085e-22
1.8641598894375037e-22
1.9077458298834785e-22
1.9528634051367999e-22
1.9995104361874555e-22
2.0476866149232307e-22
2.097393479408967e-22
2.14863438913295e-22
2.2014145010230406e-22
2.255740745965453e-22
2.311621805709263e-22
2.369068090709641e-22
2.428091718262792e-22
2.4887064915614672e-22
2.5509278795608687e-22
2.614772997639534e-22
2.680260589124711e-22
2.7474110078318174e-22
2.8162462016621393e-22
2.8867896972747547e-22
2.9590665858293674e-22
3.033103510010306e-22
3.1089286524409758e-22
3.186571724907686e-22
3.266063959454134e-22
3.3474381005567344e-22
3.4307283987582135e-22
3.5159706056124848e-22
3.603201970317582e-22
3.692461237503525e-22
3.7837886468083955e-22
3.8772259336572947e-22
3.9728163317329787e-22
4.070604576807725e-22
4.1706369123465823e-22
4.272961096159076e-22
4.377626408886004e-22
4.484683664156523e-22
4.594185219683649e-22
4.7061849902879505e-22
4.820738462311781e-22
4.937902709602863e-22
5.057736410459053e-22
5.180299866886866e-22
5.305655024411968e-22
5.433865494238259e-22
5.56499657603501e-22
5.699115282469371e-22
5.836290365430099e-22
5.976592343368266e-22
6.120093529814417e-22
6.266868063978311e-22
6.416991942228146e-22
6.570543050967417e-22
6.727601201425272e-22
6.888248165040293e-22
7.052567710975417e-22
7.220645644803777e-22
7.3925698482728415e-22
7.5684303208702e-22
7.748319222931387e-22
7.93233091963572e-22
8.120562027021446e-22
8.313111458797664e-22
8.510080475276565e-22
8.711572733497306e-22
8.917694338487176e-22
9.128553896900998e-22
9.344262571193561e-22
9.564934135845233e-22
9.790685035197046e-22
1.0021634442609983e-21
1.0257904321194471e-21
1.0499619486937622e-21
1.0746907671997533e-21
1.0999899590951074e-21
1.1258729008480682e-21
1.1523532807926943e-21
1.1794451063375022e-21
1.2071627110993939e-21
1.2355207625263931e-21
1.2645342693893035e-21
1.2942185897591555e-21
1.3245894389015223e-21
1.3556628976063523e-21
1.3874554205455195e-21
1.4199838449085128e-21
1.4532653993284323e-21
1.4873177127162445e-21
1.5221588238683651e-21
1.5578071905580601e-21
1.5942816995888102e-21
1.631601676573959e-21
1.6697868960543821e-21
1.708857592223547e-21
1.7488344691113717e-21
1.7897387120948376e-21
1.8315919984982207e-21
1.874416509481e-21
1.9182349415306924e-21
1.963070518531875e-21
2.0089470038782422e-21
2.0558887133488012e-21
2.1039205277966117e-21
2.1530679059014472e-21
2.203356898464927e-21
2.254814161560966e-21
2.3074669705940842e-21
2.3613432351685282e-21
2.4164715134433323e-21
2.47288102779921e-21
2.530601679214729e-21
2.589664064389709e-21
2.6500994909227373e-21
2.7119399944687034e-21
2.7752183555883613e-21
2.8399681161487104e-21
2.9062235993527626e-21
2.974019925198437e-21
3.043393030787933e-21
3.114379688592154e-21
3.1870175269521192e-21
3.2613450478671347e-21
3.3374016497107845e-21
3.41522764676482e-21
3.4948642907828296e-21
3.5763537925243804e-21
3.65973934489312e-21
3.74506514445703e-21
3.832376416977209e-21
3.921719437967959e-21
4.013141561333127e-21
4.106691239664866e-21
4.202418055624271e-21
4.300372740839608e-21
4.400607210541181e-21
4.503174584979951e-21
4.608129219396306e-21
4.715526734505907e-21
4.825424042427745e-21
4.937879380719306e-21
5.052952339240034e-21
5.170703894462754e-21
5.291196438654701e-21
5.414493818846115e-21
5.540661359095619e-21
5.669765907904271e-21
5.8018758684076884e-21
5.937061224853869e-21
6.075393602713154e-21
6.216946274927467e-21
6.36179423058743e-21
6.510014195855262e-21
6.6616846749046885e-21
6.816886007145388e-21
6.975700387012157e-21
7.138211922613482e-21
7.304506678392777e-21
7.474672714272017e-21
7.648800127951403e-21
7.826981122029914e-21
8.009310035153957e-21
8.195883382340855e-21
8.386799933206369e-21
8.582160752677506e-21
8.78206923349916e-21
8.986631172367991e-21
9.195954828285245e-21
9.41015096085237e-21
9.629332895620795e-21
9.853616590454425e-21
1.0083120688971198e-20
1.0317966575795425e-20
1.0558278459709803e-20
1.0804183403859913e-20
1.1055811438355237e-20
1.1313295578062589e-20
1.1576771929572869e-20
1.1846379735894722e-20
1.2122261462778768e-20
1.240456287868893e-20
1.2693433081866154e-20
1.2989024657203425e-20
1.3291493679063213e-20
1.360099985021957e-20
1.3917706511759388e-20
1.4241780810019238e-20
1.457339371260147e-20
1.4912720134175923e-20
1.525993899026846e-20
1.5615233356077045e-20
