1.1930817341457907e-23
1.193077845243235e-23
1.1930740078150031e-23
1.193070203628369e-23
1.1930664154094394e-23
1.1930626267282993e-23
1.193058821892879e-23
1.193054985850624e-23
1.193051104097237e-23
1.1930471625918759e-23
1.1930431476780039e-23
1.1930390460094522e-23
1.1930348444810742e-23
1.1930305301635623e-23
1.1930260902418798e-23
1.1930215119569799e-23
1.1930167825503134e-23
1.1930118892109723e-23
1.1930068190248237e-23
1.1930015589256704e-23
1.1929960956478325e-23
1.1929904156801534e-23
1.1929845052209857e-23
1.1929783501340283e-23
1.1929719359048178e-23
1.1929652475974268e-23
1.1929582698116103e-23
1.1929509866397792e-23
1.1929433816238344e-23
1.1929354377117553e-23
1.1929271372135668e-23
1.1929184617566438e-23
1.1929093922403824e-23
1.1928999087895402e-23
1.1928899907068128e-23
1.1928796164240301e-23
1.1928687634517321e-23
1.1928574083274504e-23
1.1928455265623094e-23
1.1928330925853612e-23
1.1928200796865503e-23
1.1928064599570277e-23
1.1927922042272318e-23
1.1927772820030576e-23
1.1927616613984277e-23
1.1927453090661393e-23
1.1927281901251734e-23
1.1927102680847912e-23
1.192691504766189e-23
1.1926718602194357e-23
1.1926512926379951e-23
1.1926297582686785e-23
1.192607211317602e-23
1.192583603852345e-23
1.1925588856993925e-23
1.1925330043363497e-23
1.1925059047804493e-23
1.1924775294707851e-23
1.1924478181458521e-23
1.1924167077140181e-23
1.1923841321213126e-23
1.1923500222086993e-23
1.1923143055652203e-23
1.192276906375147e-23
1.1922377452549998e-23
1.1921967390862616e-23
1.1921538008371871e-23
1.192108839379158e-23
1.1920617592915491e-23
1.1920124606599361e-23
1.191960838863048e-23
1.1919067843516637e-23
1.1918501824138462e-23
1.1917909129326573e-23
1.1917288501297765e-23
1.191663862300255e-23
1.1915958115302323e-23
1.1915245534045079e-23
1.1914499367008205e-23
1.1913718030669244e-23
1.1912899866852782e-23
1.1912043139190606e-23
1.1911146029445524e-23
1.1910206633643797e-23
1.1909222958027145e-23
1.1908192914794069e-23
1.1907114317698108e-23
1.190598487735906e-23
1.1904802196433256e-23
1.1903563764467085e-23
1.1902266952600199e-23
1.1900909007965062e-23
1.1899487047803777e-23
1.1897998053337856e-23
1.1896438863414861e-23
1.189480616763349e-23
1.1893096499450104e-23
1.1891306228691673e-23
1.1889431553854008e-23
1.1887468494047447e-23
1.1885412880445686e-23
1.1883260347406064e-23
1.1881006323336997e-23
1.1878646020589057e-23
1.187617442560262e-23
1.1873586288062697e-23
1.1870876109672898e-23
1.186803813242019e-23
1.1865066326332316e-23
1.186195437679585e-23
1.185869567048057e-23
1.1855283281895588e-23
1.1851709958068081e-23
1.1847968103397171e-23
1.1844049763167641e-23
1.183994660665948e-23
1.1835649909160627e-23
1.1831150533533108e-23
1.1826438910300947e-23
1.1821505017490693e-23
1.1816338359020229e-23
1.1810927941775476e-23
1.1805262252683052e-23
1.1799329233545697e-23
1.1793116255310877e-23
1.1786610090747836e-23
1.1779796885991409e-23
1.1772662130938068e-23
1.1765190627767842e-23
1.1757366458134128e-23
1.1749172948859594e-23
1.1740592636406536e-23
1.173160722805396e-23
1.1722197563394378e-23
1.1712343571868572e-23
1.1702024230740559e-23
1.169121751765048e-23
1.1679900364314907e-23
1.1668048605199253e-23
1.1655636926136752e-23
1.164263880778664e-23
1.1629026469230021e-23
1.1614770806232292e-23
1.1599841327156672e-23
1.1584206089518653e-23
1.1567831624712062e-23
1.1550682868874202e-23
1.1532723083819293e-23
1.151391377572551e-23
1.149421461233405e-23
1.1473583330823175e-23
1.1451975649462779e-23
1.1429345160792352e-23
1.140564323801973e-23
1.1380818920787917e-23
1.1354818804271302e-23
1.1327586919807572e-23
1.1299064604341571e-23
1.1269190380369698e-23
1.1237899806591496e-23
1.1205125336877554e-23
1.1170796173303048e-23
1.1134838096352668e-23
1.1097173304742946e-23
1.10577202322476e-23
1.1016393372750375e-23
1.0973103071053556e-23
1.0927755333367026e-23
1.0880251600379555e-23
1.0830488525639489e-23
1.0778357747378352e-23
1.0723745625420473e-23
1.0666532995821247e-23
1.0606594875011417e-23
1.0543800202244845e-23
1.0478011514703331e-23
1.040908464969684e-23
1.0336868401122196e-23
1.0261204195197363e-23
1.0181925707737359e-23
1.009885851293408e-23
1.001181968805482e-23
9.920617411703736e-24
9.825050538572462e-24
9.724908192939319e-24
9.619969329336447e-24
9.510002291261047e-24
9.394764372843251e-24
9.274001349436055e-24
9.147447129694734e-24
9.014823282673765e-24
8.875838720898707e-24
8.730189403539613e-24
8.577558139920576e-24
8.417614458495456e-24
8.250014807816392e-24
8.074402819176623e-24
7.890410085341618e-24
7.697657293669748e-24
7.495756212187983e-24
7.28431234651059e-24
