5.527304095774671e-10
5.534475587653382e-10
5.623004394042997e-10
5.284435374887687e-10
5.065172329899239e-10
4.899676977679676e-10
4.970786511901293e-10
4.820791790895348e-10
4.636242155299261e-10
4.5164891198303843e-10
4.4572085833855557e-10
4.334742811361368e-10
4.3632550674534945e-10
4.175401620106161e-10
4.0078258563111345e-10
3.9939621054816784e-10
3.8638621645625947e-10
3.741787839838922e-10
3.678983327707529e-10
3.6502796880341023e-10
3.4175468756183354e-10
3.3186028266790127e-10
3.3611115739885274e-10
3.156649146065181e-10
3.197393082433135e-10
3.060472313818406e-10
3.1030042396385354e-10
2.918232008267836e-10
2.8920475759450134e-10
2.792178739601237e-10
2.723413832827246e-10
2.616040651815023e-10
2.54937958790616e-10
2.455082182476797e-10
2.485450970555186e-10
2.3690097652336464e-10
2.420237319156996e-10
2.3090466298087495e-10
2.2024339204020093e-10
2.164649615159246e-10
2.1166117911073654e-10
2.047071060612298e-10
2.005105599173465e-10
1.9634602666245314e-10
1.8804398724773083e-10
1.8317760230988079e-10
1.819493690755312e-10
1.7767704056474836e-10
1.7297575155557724e-10
1.6452780528745834e-10
1.6584207060391884e-10
1.568568025269019e-10
1.5543017730676483e-10
1.4938806579772264e-10
1.4607842051977948e-10
1.3883869961717382e-10
1.3678998170738484e-10
1.3606381053664475e-10
1.3100060082612334e-10
1.259012352511785e-10
1.2259475160559906e-10
1.1841310778623956e-10
1.1700936726622714e-10
1.1259752471578526e-10
1.1035559913021752e-10
1.0855370465115876e-10
1.0377229999511648e-10
1.0074604430201804e-10
9.641274208990211e-11
9.522420280176252e-11
9.208360865811372e-11
8.897170390260069e-11
8.616428368468928e-11
8.385506017480376e-11
8.101185302513568e-11
7.779638931695312e-11
7.658926456988177e-11
7.348825109894214e-11
7.096824931082244e-11
6.961362572661367e-11
6.648498960693271e-11
6.428677154804746e-11
6.174368314799893e-11
5.988875634711619e-11
5.811989908372794e-11
5.6599654826092415e-11
5.393658844713608e-11
5.25084177401728e-11
5.0502486548651136e-11
4.8638101838271504e-11
4.6774597255848173e-11
4.537989630538654e-11
4.3740259001437637e-11
4.18620696570683e-11
4.0354201074840513e-11
3.935875540229035e-11
3.750550774445766e-11
3.632148727776363e-11
3.4750431276419985e-11
3.359767439485956e-11
3.2396048757623446e-11
3.1074663641104834e-11
2.988184688851116e-11
2.8768583436260943e-11
2.7640649993728512e-11
2.6547485450694815e-11
2.549595872804798e-11
2.447473880990367e-11
2.3527876098418295e-11
2.248506107562974e-11
2.1598335039265488e-11
2.0802305056648515e-11
1.9941905019866945e-11
1.9196254607298685e-11
1.8334004607556416e-11
1.7578264255630964e-11
1.6903676798669613e-11
1.61485097707165e-11
1.5456385091772743e-11
1.4814633577983177e-11
1.4224047027395069e-11
1.3622805311361629e-11
1.3011627885001563e-11
1.2418085657349578e-11
1.1925179629150739e-11
1.1419331821732862e-11
1.0900821273482207e-11
1.042398591871098e-11
9.986486293104214e-12
9.527196842240832e-12
9.105406560344504e-12
8.70119106528895e-12
8.313342022776958e-12
7.940617541609396e-12
7.583173293794437e-12
7.237537650291652e-12
6.913875001862e-12
6.607926518455698e-12
6.304051008702246e-12
6.014633574142159e-12
5.733142844005725e-12
5.4652773609099105e-12
5.216344727103879e-12
4.966963957873664e-12
4.734043174192745e-12
4.510811187587243e-12
4.2966550042156964e-12
4.092948462972929e-12
3.894057512897885e-12
3.709282872368102e-12
3.5263019666553038e-12
3.3592821072589285e-12
3.190921062005253e-12
3.033714371046495e-12
2.8852378750091494e-12
2.74304448528184e-12
2.603905212312677e-12
2.4727276286761307e-12
2.34662177285198e-12
2.2253096686684455e-12
2.1114164949539377e-12
2.0015597336000935e-12
1.8973377174737182e-12
1.7969217313625591e-12
1.7004054554205796e-12
1.6087914566456331e-12
1.5213197304647443e-12
1.4377424929329048e-12
1.3575307957997893e-12
1.2813746094885988e-12
1.2089801856665288e-12
1.1395435145026015e-12
1.0729972189967125e-12
1.0100266165155163e-12
9.498995542932459e-13
8.922766447247622e-13
8.371605192758322e-13
7.850997787583263e-13
7.350927500917043e-13
6.874698218628367e-13
6.423385689493425e-13
5.992479663830592e-13
5.582372046374526e-13
5.192201322393367e-13
4.821171060295983e-13
4.4685664209745036e-13
4.1339439016937755e-13
3.8159447442644546e-13
3.514415379896081e-13
3.2281858369974115e-13
2.957467354464404e-13
2.701125145647718e-13
2.459485676857127e-13
2.2308056484934967e-13
2.015411643308825e-13
1.812936567745849e-13
1.6226353248101197e-13
1.444328360364573e-13
1.277394867832992e-13
1.1219029083592125e-13
9.773138785975942e-14
