8.509628342061555e-23
8.512203721711529e-23
8.514652718744365e-23
8.516980530437935e-23
8.519192096786744e-23
8.521292111001484e-23
8.523285029482382e-23
8.525175081286762e-23
8.526966277117251e-23
8.528662417841356e-23
8.530267102568113e-23
8.531783736290697e-23
8.533215537122574e-23
8.534565543131568e-23
8.535836618792334e-23
8.537031461072278e-23
8.538152605155644e-23
8.539202429831994e-23
8.540183162543343e-23
8.541096884117856e-23
8.5419455331848e-23
8.542730910295585e-23
8.543454681742207e-23
8.544118383096155e-23
8.54472342247154e-23
8.545271083509781e-23
8.545762528110296e-23
8.546198798891021e-23
8.546580821407139e-23
8.546909406110221e-23
8.547185250074293e-23
8.547408938470328e-23
8.547580945811496e-23
8.547701636957624e-23
8.54777126789027e-23
8.547789986255004e-23
8.54775783167592e-23
8.547674735835507e-23
8.547540522332162e-23
8.547354906304137e-23
8.547117493820351e-23
8.546827781048694e-23
8.546485153181115e-23
8.546088883127298e-23
8.545638129971133e-23
8.545131937184091e-23
8.54456923058983e-23
8.543948816084602e-23
8.543269377098754e-23
8.542529471798584e-23
8.54172753002446e-23
8.540861849949338e-23
8.539930594469809e-23
8.538931787292852e-23
8.537863308742811e-23
8.536722891251867e-23
8.535508114541814e-23
8.534216400478898e-23
8.532845007590396e-23
8.531391025241008e-23
8.529851367439575e-23
8.528222766279227e-23
8.526501764986854e-23
8.524684710570046e-23
8.522767746049251e-23
8.520746802250162e-23
8.518617589146459e-23
8.516375586733089e-23
8.514016035403793e-23
8.511533925823449e-23
8.508923988260636e-23
8.506180681369963e-23
8.503298180391743e-23
8.500270364743037e-23
8.497090804981441e-23
8.493752749103624e-23
8.490249108157589e-23
8.486572441126573e-23
8.482714939068712e-23
8.478668408458479e-23
8.47442425370835e-23
8.469973458826563e-23
8.465306568171299e-23
8.460413666262127e-23
8.455284356598613e-23
8.449907739447791e-23
8.444272388544691e-23
8.438366326662119e-23
8.432176999984079e-23
8.425691251241799e-23
8.418895291540904e-23
8.411774670822012e-23
8.404314246889785e-23
8.396498152939289e-23
8.388309763509924e-23
8.379731658788413e-23
8.370745587178232e-23
8.36133242606266e-23
8.351472140654078e-23
8.341143740854749e-23
8.330325236015673e-23
8.31899358750165e-23
8.307124658944366e-23
8.294693164073734e-23
8.281672612002661e-23
8.268035249839873e-23
8.253752002492915e-23
8.23879240951923e-23
8.223124558875039e-23
8.206715017397779e-23
8.189528757860162e-23
8.171529082407234e-23
8.152677542191618e-23
8.132933853004573e-23
8.112255806681256e-23
8.090599178062224e-23
8.067917627252877e-23
8.04416259693066e-23
8.019283204418384e-23
7.993226128221669e-23
7.965935488709534e-23
7.937352722598925e-23
7.907416450864206e-23
7.876062339670531e-23
7.843222953899375e-23
7.808827602780579e-23
7.772802177130433e-23
7.735068977613949e-23
7.695546533416767e-23
7.654149410638228e-23
7.610788009649266e-23
7.565368350563621e-23
7.517791845880778e-23
7.46795505923693e-23
7.415749449062601e-23
7.361061095781165e-23
7.303770410991128e-23
7.243751826831891e-23
7.180873463459921e-23
7.114996772209959e-23
7.045976151596027e-23
6.9736585327946e-23
6.897882930601145e-23
6.818479955060009e-23
6.735271277958582e-23
6.64806904710042e-23
6.556675239660026e-23
6.460880943838837e-23
6.360465555338062e-23
6.255195871669293e-23
6.144825062657323e-23
6.029091489377502e-23
5.907717335450384e-23
5.780407003454427e-23
5.646845213790983e-23
5.506694722023189e-23
5.359593540685665e-23
5.205151508818504e-23
5.0429459906645984e-23
4.8725163941803474e-23
4.693357064298239e-23
4.504907899236925e-23
4.306541716914178e-23
4.0975468877314614e-23
3.877102917440976e-23
3.644245268941072e-23
3.397813303194826e-23
3.136370919522168e-23
2.858081518331387e-23
2.5605036268489932e-23
2.2402431951817197e-23
1.892337872114423e-23
1.509141104894454e-23
1.0785003003476855e-23
5.8580858465708826e-24
2.880786560522158e-24
1.1692084767806252e-23
3.357311129060278e-23
1.2398172257329025e-22
3.5498072666307685e-23
1.2934263485288026e-23
3.3385040951886276e-24
7.001339759819815e-24
1.3546169707259557e-23
1.9873933086247213e-23
2.6112351559286067e-23
3.238447546848336e-23
3.8771774690026345e-23
4.5330383209544736e-23
5.2101836271108727e-23
5.911911482010573e-23
6.641009532130947e-23
7.399959626039728e-23
8.191064423687773e-23
9.016529023127117e-23
9.878515747611488e-23
1.0779182417141668e-22
1.1720710186316104e-22
1.2705324648117283e-22
1.3735312521875344e-22
1.4813035418705171e-22
