2.6399878526329958e-24
2.5924872145731626e-24
2.550130359966102e-24
2.512706463943571e-24
2.4800141867881314e-24
2.4518614816531646e-24
2.4280654190851034e-24
2.4084520225119395e-24
2.3928561095477187e-24
2.3811211337424207e-24
2.3730990229062574e-24
2.3686500104008706e-24
2.3676424570434058e-24
2.3699526620552454e-24
2.3754646624525523e-24
2.3840700212311548e-24
2.395667604877189e-24
2.4101633521335587e-24
2.4274700352891706e-24
2.4475070166204205e-24
2.470200001704201e-24
2.495480792131119e-24
2.5232870394428723e-24
2.553562002386833e-24
2.586254309082184e-24
2.6213177255951975e-24
2.6587109320335327e-24
2.6983973072238043e-24
2.740344722505228e-24
2.7845253452414726e-24
2.8309154523601014e-24
2.8794952537167506e-24
2.930248725841919e-24
2.983163455313362e-24
3.0382304919109276e-24
3.095444211191535e-24
3.1548021860837268e-24
3.2163050671487487e-24
3.2799564711731717e-24
3.345762877702271e-24
3.413733533045519e-24
3.483880361380744e-24
3.556217882820551e-24
3.630763137668417e-24
3.7075356168247904e-24
3.786557198177296e-24
3.867852088098279e-24
3.9514467684020745e-24
4.037369948192077e-24
4.1256525202146e-24
4.2163275219576984e-24
4.309430100814674e-24
4.4049974833146456e-24
4.503068948274434e-24
4.6036858037416386e-24
4.7068913672466845e-24
4.8127309496794126e-24
4.921251842421215e-24
5.032503307443288e-24
5.146536570569083e-24
5.2634048176986875e-24
5.383163193631396e-24
5.505868803852228e-24
5.6315807187480366e-24
5.760359980445874e-24
5.892269612217897e-24
6.027374629927962e-24
6.165742056334928e-24
6.30744093710519e-24
6.452542359546e-24
6.601119473041395e-24
6.75324751173875e-24
6.909003819855917e-24
7.068467877715316e-24
7.231721331183921e-24
7.398848022213403e-24
7.569934021460833e-24
7.745067663122475e-24
7.924339581004166e-24
8.107842747102253e-24
8.295672511791847e-24
8.487926645549646e-24
8.684705383038628e-24
8.886111468439924e-24
9.092250203000696e-24
9.303229494418271e-24
9.519159906873286e-24
9.740154715564159e-24
9.9663299593762e-24
1.019780449876865e-23
1.0434700073042092e-23
1.0677141360993308e-23
1.0925256042526938e-23
1.1179174862163774e-23
1.1439031695435457e-23
1.1704963615598092e-23
1.1977110963521261e-23
1.2255617418904208e-23
1.254063007388994e-23
1.2832299507743557e-23
1.3130779865368233e-23
1.3436228935361431e-23
1.37488082321689e-23
1.4068683080259033e-23
1.4396022698274512e-23
1.4731000289474528e-23
1.5073793129352657e-23
1.5424582658979098e-23
1.5783554580416752e-23
1.6150898953325956e-23
1.652681029451314e-23
1.691148767962819e-23
1.7305134847785708e-23
1.7707960308753846e-23
1.8120177451871125e-23
1.8542004659973273e-23
1.8973665421530558e-23
1.9415388451083334e-23
1.9867407808661842e-23
2.0329963021849878e-23
2.0803299215094783e-23
2.1287667236555342e-23
2.1783323791923526e-23
2.2290531578373065e-23
2.2809559425318544e-23
2.3340682435932092e-23
2.3884182130904703e-23
2.4440346600445798e-23
2.5009470653949833e-23
2.5591855976154863e-23
2.6187811288596228e-23
2.679765251125138e-23
2.7421702930669205e-23
2.8060293369558605e-23
2.871376236478481e-23
2.938245634479189e-23
3.0066729811210106e-23
3.076694553188957e-23
3.1483474726940705e-23
3.221669726730595e-23
3.296700188234442e-23
3.3734786351827064e-23
3.452045773544586e-23
3.5324432565072e-23
3.614713709416639e-23
3.698900749421863e-23
3.7850490108342505e-23
3.873204166762353e-23
3.9634129562691955e-23
4.055723206131478e-23
4.150183857139906e-23
4.246844990431633e-23
4.3457578546158123e-23
4.446974892746773e-23
4.550549765626758e-23
4.656537389530829e-23
4.764993956490529e-23
4.8759769697280566e-23
4.989545269300983e-23
5.1057590661932946e-23
5.224679977366329e-23
5.346371053476519e-23
5.470896811349898e-23
5.598323270835702e-23
5.728717995230714e-23
5.862150113722977e-23
5.998690367652224e-23
6.138411153395639e-23
6.281386544101028e-23
6.427692342589898e-23
6.577406117654051e-23
6.730607243375576e-23
6.887376939059474e-23
7.047798318780705e-23
7.211956445075379e-23
7.379938331186914e-23
7.551833042586248e-23
7.727731730051617e-23
7.907727617674307e-23
8.091916148603133e-23
8.28039495995395e-23
8.473263979759531e-23
8.670625474861285e-23
8.872584065381056e-23
9.079246790882912e-23
9.290723239033299e-23
9.507125543779496e-23
9.728568328075808e-23
9.95516914452611e-23
1.0187047980737278e-22
1.0424327816791115e-22
1.0667134453721187e-22
1.0915596593398839e-22
1.1169845919050451e-22
1.1430017247456308e-22
1.169624845214456e-22
1.1968680685812523e-22
1.2247458391591794e-22
1.253272924155067e-22
1.2824644549167663e-22
1.312335907881266e-22
