1.198994602611303e-23
1.199010578651519e-23
1.1990257030443107e-23
1.1990399979458407e-23
1.1990534846269773e-23
1.1990661834412556e-23
1.1990781137979298e-23
1.1990892941390382e-23
1.1990997419201904e-23
1.1991094735942951e-23
1.1991185045979653e-23
1.1991268493400036e-23
1.1991345211914951e-23
1.199141532477406e-23
1.1991478944692518e-23
1.1991536173782267e-23
1.1991587103491721e-23
1.199163181454201e-23
1.1991670376869607e-23
1.199170284955972e-23
1.1991729280782078e-23
1.199174970771363e-23
1.1991764156459339e-23
1.1991772641959975e-23
1.199177516789074e-23
1.199177172654756e-23
1.1991762298718156e-23
1.199174685354396e-23
1.199172534835792e-23
1.1991697728511526e-23
1.1991663927183247e-23
1.1991623865166746e-23
1.1991577450636254e-23
1.1991524578896896e-23
1.1991465132108704e-23
1.1991398978985834e-23
1.1991325974479369e-23
1.1991245959422696e-23
1.1991158760164635e-23
1.1991064188159592e-23
1.1990962039545443e-23
1.1990852094677304e-23
1.1990734117636896e-23
1.1990607855715353e-23
1.199047303884835e-23
1.1990329379026911e-23
1.1990176569671707e-23
1.1990014284962544e-23
1.198984217913951e-23
1.1989659885749039e-23
1.1989467016859287e-23
1.198926316222667e-23
1.1989047888409549e-23
1.1988820737852464e-23
1.1988581227891477e-23
1.1988328849743283e-23
1.1988063067401296e-23
1.1987783316499991e-23
1.1987489003115918e-23
1.1987179502495712e-23
1.1986854157742877e-23
1.1986512278394406e-23
1.1986153138975387e-23
1.1985775977459512e-23
1.1985379993624111e-23
1.1984964347378707e-23
1.1984528156972598e-23
1.198407049712206e-23
1.19835903970467e-23
1.1983086838416616e-23
1.1982558753169379e-23
1.1982005021290205e-23
1.1981424468391863e-23
1.1980815863251263e-23
1.1980177915184028e-23
1.1979509271332297e-23
1.1978808513753811e-23
1.1978074156495692e-23
1.1977304642343353e-23
1.197649833959456e-23
1.1975653538607731e-23
1.1974768448142116e-23
1.1973841191548245e-23
1.1972869802878462e-23
1.1971852222650536e-23
1.1970786293483649e-23
1.1969669755608521e-23
1.1968500242012166e-23
1.1967275273381897e-23
1.1965992253105114e-23
1.196464846143619e-23
1.1963241049923861e-23
1.1961767035471787e-23
1.1960223293841222e-23
1.1958606553189746e-23
1.1956913387055098e-23
1.1955140207203855e-23
1.1953283255979066e-23
1.1951338598372798e-23
1.1949302113830318e-23
1.194716948729659e-23
1.194493620043915e-23
1.1942597521917232e-23
1.1940148497242348e-23
1.1937583938722257e-23
1.1934898414354328e-23
1.1932086235992008e-23
1.1929141448300218e-23
1.1926057814914224e-23
1.1922828806724164e-23
1.1919447587165836e-23
1.1915906997991425e-23
1.1912199544360996e-23
1.1908317379598073e-23
1.1904252287916259e-23
1.189999566723825e-23
1.189553851194284e-23
1.189087139319829e-23
1.1885984439749188e-23
1.1880867317211078e-23
1.1875509206205871e-23
1.1869898779614244e-23
1.1864024180041881e-23
1.1857872994096709e-23
1.1851432227397553e-23
1.184468827602092e-23
1.183762690097904e-23
1.1830233197044656e-23
1.1822491561009712e-23
1.1814385662740482e-23
1.1805898407888815e-23
1.1797011906608887e-23
1.1787707433307142e-23
1.1777965392740578e-23
1.1767765274385332e-23
1.1757085617569152e-23
1.1745903965370554e-23
1.1734196815833461e-23
1.1721939582619325e-23
1.1709106539450788e-23
1.1695670775017147e-23
1.1681604134968782e-23
1.1666877168023373e-23
1.1651459076627771e-23
1.1635317647387462e-23
1.1618419196535629e-23
1.1600728506930208e-23
1.1582208756704936e-23
1.1562821464974291e-23
1.1542526408535088e-23
1.1521281562045174e-23
1.1499043019216501e-23
1.1475764923716271e-23
1.1451399393719257e-23
1.1425896443687318e-23
1.1399203907338793e-23
1.1371267369775368e-23
1.1342030088331858e-23
1.1311432913898784e-23
1.1279414228361225e-23
1.1245909874806143e-23
1.1210853102087509e-23
1.1174174488218677e-23
1.1135801938562557e-23
1.1095660607930155e-23
1.1053672906184101e-23
1.1009758508606047e-23
1.0963834371552644e-23
1.0915814772692157e-23
1.0865611448254514e-23
1.0813133703587134e-23
1.075828861147623e-23
1.0700981313523764e-23
1.0641115336281249e-23
1.0578593105752964e-23
1.0513316524970245e-23
1.0445187733103957e-23
1.0374110131132475e-23
1.0299989548887786e-23
1.022273585136879e-23
1.0142264859257068e-23
1.0058500810945527e-23
9.971379404819078e-24
9.880851687575182e-24
9.786888852378511e-24
9.689488333985328e-24
9.588681460451555e-24
9.484543096899552e-24
9.377203969511198e-24
9.266866070199389e-24
9.153822463675543e-24
9.038482373916431e-24
8.921403429169081e-24
8.803332706932609e-24
8.685259428196628e-24
8.568482560471186e-24
8.454697290502197e-24
8.346105515182801e-24
8.24555613277786e-24
8.15672219690825e-24
8.084321143794249e-24
