1.2390914110110423e-23
1.2882310985396112e-23
1.3348695213812585e-23
1.379105592734425e-23
1.421033134513515e-23
1.4607410738807634e-23
1.498313630107712e-23
1.533830491920998e-23
1.5673669855493868e-23
1.598994233749859e-23
1.6287793060430134e-23
1.6567853604571318e-23
1.6830717770276393e-23
1.7076942833069285e-23
1.7307050721528765e-23
1.7521529119889747e-23
1.7720832497965172e-23
1.790538307031776e-23
1.8075571686625177e-23
1.8231758654800035e-23
1.837427449922874e-23
1.850342065475436e-23
1.861947009849237e-23
1.872266792050625e-23
1.8813231834247306e-23
1.8891352628242084e-23
1.895719455948314e-23
1.9010895689288827e-23
1.905256816256934e-23
1.908229843051943e-23
1.9100147417430874e-23
1.9106150631587512e-23
1.9100318220672032e-23
1.9082634970882274e-23
1.9053060250795582e-23
1.9011527898269365e-23
1.8957946050970497e-23
1.8892196919398422e-23
1.881413650172408e-23
1.8723594239776465e-23
1.8620372614792656e-23
1.8504246681832257e-23
1.837496354167522e-23
1.823224174847446e-23
1.8075770651315395e-23
1.790520966803814e-23
1.7720187489190427e-23
1.752030120982367e-23
1.7305115386347842e-23
1.707416101623428e-23
1.6826934437678436e-23
1.656289614537552e-23
1.62814695202179e-23
1.598203946841709e-23
1.5663950966868986e-23
1.5326507511095094e-23
1.49689694608404e-23
1.4590552280817503e-23
1.419042467102265e-23
1.3767706584642707e-23
1.332146712915201e-23
1.2850722350911553e-23
1.2354432900984896e-23
1.1831501589698079e-23
1.1280770838760179e-23
1.0701020054725854e-23
1.0090962967422676e-23
9.449245016835268e-24
8.77444094649431e-24
8.065052916355403e-24
7.319509777517423e-24
6.536168916381491e-24
5.713324019653136e-24
4.849227657030627e-24
3.94215605634002e-24
2.990619996941055e-24
1.994270688806205e-24
9.6101935141577e-25
3.16514065143782e-25
1.3644932884123265e-24
2.5701049028755895e-24
3.843775646432914e-24
5.183141625287305e-24
6.590132130795279e-24
8.067642145461453e-24
9.618990068227187e-24
1.124778138089691e-23
1.295786938968813e-23
1.475334687101843e-23
1.6638549862271025e-23
1.8618067217926208e-23
2.069675348259759e-23
2.287974407078276e-23
2.5172472342106473e-23
2.7580688420861136e-23
3.011047974755381e-23
3.2768293437301327e-23
3.556096054587444e-23
3.8495722409884856e-23
4.158025921805201e-23
4.482272105403139e-23
4.823176162638646e-23
5.1816574966130955e-23
5.558693540272195e-23
5.955324115542989e-23
6.372656193250526e-23
6.811869098738839e-23
7.27422021077876e-23
7.761051211028348e-23
8.273794949536784e-23
8.813982995228091e-23
9.383253953100872e-23
9.983362647806586e-23
1.061619027297542e-22
1.1283755632815865e-22
1.1988227617234266e-22
1.2731939066117391e-22
1.351740221880496e-22
1.4347325953202278e-22
1.5224635075116077e-22
1.6152491933735564e-22
1.7134320716972112e-22
1.8173834806659269e-22
1.927506767600586e-22
2.044240783898941e-22
2.1680638552781292e-22
2.2994982964122747e-22
2.4391155667510614e-22
2.587542171921468e-22
2.745466442372809e-22
2.913646341346932e-22
3.092918500281549e-22
3.284208692930191e-22
3.488544048548177e-22
3.7070673295794876e-22
3.9410537038418233e-22
4.1919305301316078e-22
4.461300817407184e-22
4.750971162723913e-22
5.062985217719761e-22
5.399663991875259e-22
5.763654668651826e-22
6.157990145946276e-22
6.586162111636289e-22
7.052211389564812e-22
7.560840585887563e-22
8.11755555458104e-22
8.728844911339103e-22
9.402409822821544e-22
1.014746155242367e-21
1.097511102354695e-21
1.1898885535675579e-21
1.2935423845392224e-21
1.4105425279002847e-21
1.5434968851335826e-21
1.695738201624261e-21
1.8715944329654683e-21
2.076789828281631e-21
2.319056264319611e-21
2.609096340506655e-21
2.9621568777606953e-21
3.400717907099038e-21
3.95933497600513e-21
4.693943665383176e-21
5.701233330127615e-21
7.163361589845078e-21
9.466124225432365e-21
1.3573345789520954e-20
2.2495520854517745e-20
4.3774152262490106e-20
3.5083685233217276e-20
1.952899035052467e-20
1.3188475803275523e-20
9.992788471163032e-21
8.095717223479691e-21
6.845967383452586e-21
5.9627836217682705e-21
5.306547609249416e-21
4.800307364374288e-21
4.3982622439893076e-21
4.071482893117934e-21
3.800811350673504e-21
3.573062452505125e-21
3.378867069685497e-21
3.2113853256996157e-21
3.0655079785289736e-21
2.9373407347061116e-21
2.8238639218879323e-21
2.7226994032349973e-21
2.63194812696404e-21
2.550075579765345e-21
2.4758272137214556e-21
2.408167452115562e-21
2.3462334642288076e-21
2.2893000680417016e-21
2.2367530153278287e-21
2.1880682663919936e-21
2.1427955688786567e-21
2.1005455929354956e-21
2.0609795084387216e-21
2.023800761694928e-21
