2.117368742150447e-22
2.1179157524622403e-22
2.118435772414827e-22
2.1189299056758385e-22
2.1193992009442683e-22
2.119844654181245e-22
2.120267210726479e-22
2.1206677673077713e-22
2.1210471739454446e-22
2.121406235760444e-22
2.1217457146852467e-22
2.122066331079182e-22
2.1223687652636073e-22
2.122653658963488e-22
2.1229216166730374e-22
2.1231732069369715e-22
2.1234089635595995e-22
2.1236293867388925e-22
2.123834944126722e-22
2.124026071823042e-22
2.1242031753012703e-22
2.124366630269153e-22
2.1245167834647565e-22
2.12465395339442e-22
2.124778431007367e-22
2.1248904803114785e-22
2.1249903389357544e-22
2.1250782186309387e-22
2.1251543057214186e-22
2.125218761496477e-22
2.125271722554594e-22
2.125313301090013e-22
2.12534358513e-22
2.1253626387205105e-22
2.1253705020590917e-22
2.125367191582335e-22
2.1253526999922548e-22
2.125326996245611e-22
2.125290025479184e-22
2.1252417088919076e-22
2.125181943580033e-22
2.1251106023084433e-22
2.1250275332360897e-22
2.1249325595988485e-22
2.124825479319117e-22
2.124706064579111e-22
2.1245740613257575e-22
2.1244291887305053e-22
2.124271138586417e-22
2.1240995746406553e-22
2.1239141318797113e-22
2.1237144157433323e-22
2.1235000012719793e-22
2.1232704322000113e-22
2.1230252199790573e-22
2.1227638427184017e-22
2.122485744068475e-22
2.122190332022345e-22
2.1218769776388066e-22
2.121545013700037e-22
2.121193733256117e-22
2.1208223881241986e-22
2.1204301872450135e-22
2.1200162950075896e-22
2.1195798294244552e-22
2.119119860227058e-22
2.118635406866345e-22
2.118125436374782e-22
2.1175888611406213e-22
2.1170245365425384e-22
2.1164312584692227e-22
2.1158077607009735e-22
2.1151527121685132e-22
2.1144647140231516e-22
2.1137422966220144e-22
2.1129839163118352e-22
2.1121879520377488e-22
2.1113527018217714e-22
2.110476379000788e-22
2.1095571083599315e-22
2.108592921936483e-22
2.1075817547527214e-22
2.106521440216485e-22
2.1054097053593686e-22
2.1042441657899839e-22
2.1030223204052496e-22
2.1017415458351165e-22
2.1003990905820983e-22
2.0989920688825709e-22
2.0975174542382193e-22
2.0959720726495957e-22
2.094352595407781e-22
2.0926555316048686e-22
2.0908772202527195e-22
2.0890138219353268e-22
2.0870613099766915e-22
2.0850154613777127e-22
2.0828718470112337e-22
2.0806258213571367e-22
2.0782725118348574e-22
2.0758068074016485e-22
2.0732233466097623e-22
2.0705165050103394e-22
2.0676803818275913e-22
2.0647087860393975e-22
2.061595221379868e-22
2.058332870925093e-22
2.0549145804224616e-22
2.0513328409423326e-22
2.047579770465904e-22
2.0436470942181242e-22
2.039526124184965e-22
2.0352077371699174e-22
2.0306823515796942e-22
2.0259399029571892e-22
2.0209698177944077e-22
2.0157609858905432e-22
2.010301730826534e-22
2.0045797788443185e-22
1.9985822252988944e-22
1.9922954990408617e-22
1.985705324865392e-22
1.9787966826421018e-22
1.9715537640973992e-22
1.963959926526324e-22
1.9559976429365036e-22
1.9476484488456993e-22
1.938892884520395e-22
1.9297104336153722e-22
1.9200794559931013e-22
1.909977115980525e-22
1.8993793040556564e-22
1.8882605522769974e-22
1.8765939422287752e-22
1.8643510042907505e-22
1.8515016082407745e-22
1.8380138427616245e-22
1.823853884151744e-22
1.8089858500477688e-22
1.7933716392554514e-22
1.776970753762317e-22
1.7597401005661957e-22
1.7416337708668615e-22
1.7226027922247693e-22
1.7025948505344457e-22
1.6815539756332895e-22
1.6594201839661706e-22
1.6361290739899796e-22
1.611611359210373e-22
1.5857923348517734e-22
1.558591258103844e-22
1.5299206299077743e-22
1.499685352833573e-22
1.4677817411034018e-22
1.4340963497660464e-22
1.3985045791100084e-22
1.3608689951179278e-22
1.3210373079398159e-22
1.2788399010843672e-22
1.2340867991206486e-22
1.1865639113796534e-22
1.1360283342402343e-22
1.082202415541196e-22
1.0247661809076053e-22
9.633475556868079e-23
8.975095838385477e-23
8.267334988354503e-23
7.503959794926881e-23
6.677380966213574e-23
5.778222054083919e-23
4.794710308423663e-23
3.711802570900735e-23
2.5099371623688746e-23
1.163699508734606e-23
3.789539730748452e-24
2.1339982258397758e-23
4.2053658319303694e-23
6.703302536097076e-23
9.818243150310753e-23
1.3884958380626026e-22
1.9551329102670121e-22
2.8258321847278644e-22
4.399405142944151e-22
8.339302915119101e-22
4.150003688224828e-21
1.4951776226945157e-21
6.368951693573966e-22
3.9648073728728535e-22
2.7831293512404145e-22
2.047039049975169e-22
1.5206414838393474e-22
1.1078372118584964e-22
7.620343151498045e-23
4.578411552317358e-23
1.8032969293657527e-23
8.232157934182658e-24
3.3209419275443796e-23
5.768044885033919e-23
8.191384499437338e-23
1.0616105669982125e-22
1.306239893315152e-22
