3.1643191995652134e-24
3.1633019593061996e-24
3.1623731804874857e-24
3.1615250888480394e-24
3.1607505847591584e-24
3.160043185074269e-24
3.159396969878249e-24
3.1588065337363473e-24
3.1582669410796496e-24
3.1577736853868094e-24
3.1573226518474697e-24
3.1569100832216423e-24
3.1565325486219613e-24
3.1561869149817657e-24
3.1558703209744856e-24
3.1555801531824855e-24
3.1553140243206364e-24
3.1550697533424742e-24
3.1548453472641294e-24
3.1546389845620857e-24
3.154449000008096e-24
3.1542738708155935e-24
3.154112203987972e-24
3.1539627247590356e-24
3.153824266037588e-24
3.1536957587627738e-24
3.1535762230929195e-24
3.1534647603580386e-24
3.1533605457010645e-24
3.1532628213593596e-24
3.153170890516449e-24
3.1530841116864117e-24
3.153001893573841e-24
3.152923690375053e-24
3.152848997474394e-24
3.1527773475080294e-24
3.1527083067536532e-24
3.152641471825442e-24
3.152576466640821e-24
3.1525129396365696e-24
3.152450561213823e-24
3.152389021384587e-24
3.152328027610379e-24
3.152267302805702e-24
3.152206583500481e-24
3.152145618136652e-24
3.152084165494184e-24
3.152021993230992e-24
3.151958876524014e-24
3.1518945968036837e-24
3.1518289405728958e-24
3.15176169829797e-24
3.151692663369491e-24
3.1516216311209087e-24
3.1515483978987556e-24
3.1514727601844993e-24
3.151394513748255e-24
3.1513134528495648e-24
3.1512293694628343e-24
3.1511420525241156e-24
3.1510512872139863e-24
3.1509568542462692e-24
3.150858529173695e-24
3.1507560817118456e-24
3.1506492750650746e-24
3.1505378652521018e-24
3.150421600453962e-24
3.1503002203350305e-24
3.1501734553828073e-24
3.150041026228982e-24
3.149902642974355e-24
3.1497580044935316e-24
3.1496067977191237e-24
3.149448696960942e-24
3.1492833631277567e-24
3.149110443016664e-24
3.148929568510113e-24
3.148740355803287e-24
3.1485424045897366e-24
3.1483352972188413e-24
3.148118597807695e-24
3.147891851393478e-24
3.147654582949796e-24
3.1474062964933223e-24
3.147146474039038e-24
3.1468745746013416e-24
3.1465900331465695e-24
3.1462922594647663e-24
3.145980637046869e-24
3.1456545219278212e-24
3.1453132414155607e-24
3.1449560928930456e-24
3.144582342450098e-24
3.1441912235677638e-24
3.1437819357171194e-24
3.1433536428853816e-24
3.142905472104376e-24
3.1424365119222343e-24
3.1419458107288353e-24
3.141432375219809e-24
3.1408951686275317e-24
3.140333108985457e-24
3.139745067324806e-24
3.139129865894507e-24
3.1384862761617238e-24
3.1378130169289464e-24
3.13710875237387e-24
3.1363720899587453e-24
3.1356015783297154e-24
3.1347957053981635e-24
3.1339528959279394e-24
3.1330715096070408e-24
3.132149838600381e-24
3.1311861057205115e-24
3.1301784618462425e-24
3.1291249838722926e-24
3.1280236725695395e-24
3.126872450291989e-24
3.1256691590188027e-24
3.1244115581507773e-24
3.1230973223995397e-24
3.1217240404578315e-24
3.12028921240333e-24
3.1187902486648106e-24
3.1172244686647304e-24
3.1155890990296406e-24
3.1138812731458775e-24
3.112098030190811e-24
3.11023631514743e-24
3.1082929785072405e-24
3.1062647774117636e-24
3.1041483759025805e-24
3.1019403474722286e-24
3.0996371771277185e-24
3.0972352648735452e-24
3.0947309297140606e-24
3.0921204146551782e-24
3.08939989393976e-24
3.086565479967614e-24
3.083613233535939e-24
3.0805391737660533e-24
3.077339292115695e-24
3.074009567362309e-24
3.070545982851504e-24
3.0669445474759572e-24
3.0632013189985467e-24
3.059312431193948e-24
3.055274124680527e-24
3.051082783865447e-24
3.0467349742625414e-24
3.042227492614915e-24
3.037557415126013e-24
3.0327221604034207e-24
3.027719552697397e-24
3.0225479006642325e-24
3.0172060814760347e-24
3.0116936367617144e-24
3.006010883120868e-24
3.0001590302408185e-24
2.994140322693851e-24
2.987958189486674e-24
2.9816174201436028e-24
2.9751243556168766e-24
2.9684871055832457e-24
2.9617157880639545e-24
2.9548228042377114e-24
2.947823135201695e-24
2.9407346748761713e-24
2.933578612275313e-24
2.926379835443865e-24
2.919167394152707e-24
2.9119750126437446e-24
2.9048416360218303e-24
2.8978120617294375e-24
2.890937608830785e-24
2.8842768588419536e-24
2.8778964599620726e-24
2.871872006042712e-24
2.8662889793319597e-24
2.8612437563027533e-24
2.8568446887338278e-24
2.853213246885974e-24
2.8504851957083325e-24
2.848811825844639e-24
2.84836122052272e-24
2.8493194685171512e-24
2.851891921762268e-24
2.856304327579133e-24
2.8628039078640983e-24
2.8716602504481642e-24
2.8831660436636757e-24
2.8976375295518348e-24
2.915414669895209e-24
2.936861021248371e-24
2.9623631165905538e-24
2.9923295685816088e-24
3.027189686141043e-24
3.067391736342108e-24
3.1134008863446255e-24
3.165696848817132e-24
3.2247714324729545e-24
