6.835760707047698e-25
8.73102537657519e-25
1.068691278053436e-24
1.2645957662912069e-24
1.4585006504088055e-24
1.6494642789578601e-24
1.8371580479843874e-24
2.0215507328615573e-24
2.2027637675983598e-24
2.3809993299960584e-24
2.556502251868817e-24
2.7295388139178015e-24
2.9003844941516654e-24
3.069316705527176e-24
3.2366104326434872e-24
3.4025356150920485e-24
3.567355612306772e-24
3.7313263541585095e-24
3.894695936008978e-24
4.057704504239318e-24
4.2205843328520506e-24
4.383560027160674e-24
4.546848810400435e-24
4.710660862569079e-24
4.87519969343502e-24
5.040662532251781e-24
5.2072407269227315e-24
5.375120144411755e-24
5.5444815677227164e-24
5.7155010851654974e-24
5.888350471938185e-24
6.063197559642934e-24
6.240206594379573e-24
6.419538583407596e-24
6.601351627468358e-24
6.785801242276475e-24
6.973040666655197e-24
7.163221158966528e-24
7.356492280492724e-24
7.553002169716718e-24
7.752897803137728e-24
7.956325247331186e-24
8.163429900199365e-24
8.37435672320388e-24
8.589250464246855e-24
8.808255872487184e-24
9.031517905197621e-24
9.259181926804508e-24
9.491393901885665e-24
9.728300579695164e-24
9.970049675527518e-24
1.0216790044255764e-23
1.0468671849336008e-23
1.0725846727146991e-23
1.098846794757847e-23
1.1256690568624654e-23
1.1530671590740451e-23
1.1810570102826703e-23
1.2096547431814822e-23
1.2388767283589499e-23
1.2687395884037813e-23
1.29926021197461e-23
1.330455767391772e-23
1.362343716211981e-23
1.3949418265834728e-23
1.4282681868296507e-23
1.462341218514414e-23
1.4971796896839204e-23
1.532802727967433e-23
1.5692298339581114e-23
1.6064808940093012e-23
1.6445761938327772e-23
1.6835364311969347e-23
1.7233827298388123e-23
1.764136652244508e-23
1.805820213568332e-23
1.8484558946542915e-23
1.8920666563306185e-23
1.9366759528245417e-23
1.9823077458281257e-23
2.0289865188939763e-23
2.0767372909444833e-23
2.1255856322817816e-23
2.1755576777058564e-23
2.2266801425177513e-23
2.2789803371700044e-23
2.3324861833492616e-23
2.3872262287772454e-23
2.4432296641045952e-23
2.500526338493917e-23
2.5591467763442464e-23
2.6191221943336738e-23
2.680484518651201e-23
2.7432664021008113e-23
2.807501242799107e-23
2.873223200591047e-23
2.940467218601156e-23
3.0092690389824126e-23
3.07966522524565e-23
3.151693178892612e-23
3.2253911631624344e-23
3.300798320748831e-23
3.377954696016598e-23
3.4569012566246194e-23
3.537679915334565e-23
3.620333552553859e-23
3.704906039753805e-23
3.7914422614605524e-23
3.8799881406220723e-23
3.9705906640469725e-23
4.06329790500928e-23
4.1581590488077587e-23
4.255224423787062e-23
4.354545522190445e-23
4.456175030360034e-23
4.5601668578167155e-23
4.666576162323623e-23
4.7754593844705546e-23
4.886874273225761e-23
5.0008799182668423e-23
5.1175367816281474e-23
5.236906728617243e-23
5.359053064306272e-23
5.484040560546264e-23
5.61193549747247e-23
5.742805694597125e-23
5.876720548217339e-23
6.013751063423112e-23
6.153969905022966e-23
6.297451418139648e-23
6.444271678644496e-23
6.594508537237338e-23
6.748241648066809e-23
6.905552521219009e-23
7.066524564283822e-23
7.231243125947318e-23
7.399795520563898e-23
7.572271127871005e-23
7.748761380657232e-23
7.929359846972063e-23
8.11416227469698e-23
8.30326664001779e-23
8.496773188106578e-23
8.69478450068633e-23
8.897405574934633e-23
9.104743784611366e-23
9.316909074168983e-23
9.534013889805746e-23
9.756173351199205e-23
9.983505204073145e-23
1.021612996503723e-22
1.0454170918408965e-22
1.0697754278073972e-22
1.0947009128339068e-22
1.1202067599803975e-22
1.146306491588083e-22
1.1730139390030068e-22
1.2003432595943562e-22
1.2283089360367852e-22
1.2569257903928374e-22
1.2862089869431462e-22
1.316174056750501e-22
1.3468368575385997e-22
1.3782136825979114e-22
1.4103211263544906e-22
1.4431761909427991e-22
1.476796317324753e-22
1.5111993137276132e-22
1.546403411247736e-22
1.5824272642523162e-22
1.6192899508091078e-22
1.6570109867926722e-22
1.6956104194294122e-22
1.7351086540022692e-22
1.7755265901107004e-22
1.8168857204244897e-22
1.859207896510905e-22
1.902515505280328e-22
1.9468315839453228e-22
1.9921795039449935e-22
2.038583331369096e-22
2.0860677080260262e-22
2.1346576471116432e-22
2.1843789095151765e-22
2.235258047653147e-22
2.2873216292114473e-22
2.3405976200496705e-22
2.395113729797648e-22
2.4508993855911276e-22
2.507983690541446e-22
2.5663972667544087e-22
2.6261702000690976e-22
2.6873350224826023e-22
2.7499242365689526e-22
2.8139695447998177e-22
2.879506179668792e-22
2.9465685097063534e-22
3.0151911326606947e-22
3.085412220701042e-22
3.157266985919834e-22
3.2307948044759416e-22
