5.87865534348115e-23
5.887011385479212e-23
5.894953198940029e-23
5.902497639179374e-23
5.909660717748948e-23
5.916457636475749e-23
5.922902819765911e-23
5.929009945272503e-23
5.934791972952842e-23
5.940261172616655e-23
5.945429150002178e-23
5.950306871412711e-23
5.954904687043022e-23
5.95923235294728e-23
5.963299051757362e-23
5.967113412213863e-23
5.970683527463072e-23
5.974016972259221e-23
5.977120819042281e-23
5.980001652963827e-23
5.982665585849178e-23
5.985118269196167e-23
5.98736490615044e-23
5.989410262557754e-23
5.991258677075472e-23
5.992914070376365e-23
5.994379953451397e-23
5.99565943507828e-23
5.996755228404917e-23
5.997669656676168e-23
5.998404658169793e-23
5.998961790310994e-23
5.999342232925807e-23
5.999546790753052e-23
5.999575895148038e-23
5.999429604918402e-23
5.999107606482805e-23
5.998609213146417e-23
5.997933363623925e-23
5.997078619755905e-23
5.996043163410854e-23
5.994824792593487e-23
5.993420916712453e-23
5.991828551032261e-23
5.990044310349036e-23
5.988064401596962e-23
5.985884615885596e-23
5.98350031942017e-23
5.980906443593206e-23
5.9780974741308e-23
5.975067439359214e-23
5.971809897259555e-23
5.968317921856801e-23
5.964584088332633e-23
5.96060045707008e-23
5.956358556688251e-23
5.951849365910502e-23
5.947063294170478e-23
5.941990161077253e-23
5.936619174667217e-23
5.930938908040979e-23
5.924937275069724e-23
5.918601504222065e-23
5.911918111329252e-23
5.90487287036841e-23
5.897450783146628e-23
5.889636046773741e-23
5.881412019739613e-23
5.872761186045643e-23
5.863665117521553e-23
5.854104433874309e-23
5.844058761061593e-23
5.833506687117481e-23
5.822425715943466e-23
5.81079221842865e-23
5.798581381666165e-23
5.785767154735231e-23
5.7723221923722e-23
5.758217795569065e-23
5.743423848999913e-23
5.72790875572761e-23
5.71163936799421e-23
5.694580915305779e-23
5.676696927839802e-23
5.657949157238712e-23
5.638297492657843e-23
5.617699872297405e-23
5.596112191505223e-23
5.573488205484869e-23
5.549779427270364e-23
5.524935020503315e-23
5.498901687306924e-23
5.471623549440713e-23
5.443042025055807e-23
5.41309569726886e-23
5.381720177682033e-23
5.348847962515412e-23
5.31440828034374e-23
5.278326934445964e-23
5.2405261339126234e-23
5.2009243194216187e-23
5.1594359769099165e-23
5.115971444579786e-23
5.070436707011391e-23
5.022733181376133e-23
4.9727574900475594e-23
4.920401223320398e-23
4.8655506877049134e-23
4.808086642802217e-23
4.7478840236953536e-23
4.684811646501947e-23
4.6187319018800755e-23
4.549500429260908e-23
4.4769657747062744e-23
4.4009690294269476e-23
4.321343449404893e-23
4.2379140533051735e-23
4.1504971999658416e-23
4.058900140535894e-23
3.9629205467634536e-23
3.862346013378722e-23
3.756953532280063e-23
3.6465089375977815e-23
3.5307663196236284e-23
3.409467407312224e-23
3.2823409153362905e-23
3.1491018593329093e-23
3.0094508318332734e-23
2.863073246638691e-23
2.70963854927511e-23
2.5487994021665316e-23
2.3801908573914097e-23
2.2034295405017355e-23
2.0181129068985367e-23
1.8238186815177112e-23
1.6201047506974403e-23
1.4065101497592235e-23
1.1825589332244126e-23
9.477726563857082e-24
7.017147653677312e-24
4.4420516079736044e-24
1.7758884418951165e-24
1.2592681982401581e-24
4.166630240859613e-24
7.286606732622231e-24
1.05696781230062e-23
1.4018325797393972e-23
1.7639585189989773e-23
2.144187807785057e-23
2.5434434298536802e-23
2.9627151066939616e-23
3.403056648952455e-23
3.8655872488206756e-23
4.351494517223116e-23
4.8620384834454676e-23
5.398556290606339e-23
5.962467474161376e-23
6.555279807358805e-23
7.178595711651506e-23
7.834119306748539e-23
8.523664101985334e-23
9.249161462001023e-23
1.0012669838733649e-22
1.0816384946686536e-22
1.1662650958309343e-22
1.255397277263904e-22
1.3493029593636757e-22
1.448268993006184e-22
1.5526028171103567e-22
1.6626343001057385e-22
1.778717780811914e-22
1.9012343437083388e-22
2.030594362142492e-22
2.1672403289840346e-22
2.3116500437718407e-22
2.4643401834590797e-22
2.625870321642535e-22
2.796847477953012e-22
2.9779312516594544e-22
3.1698396681062957e-22
3.373355811672595e-22
3.589335413814562e-22
3.8187155545225446e-22
4.062524625051208e-22
4.321893865871906e-22
4.598070682312848e-22
4.892434125212602e-22
5.20651292444289e-22
5.542006682785833e-22
5.900810724220548e-22
6.285045450255838e-22
6.697091342396242e-22
7.13963058303945e-22
7.615697068253694e-22
8.128736896326769e-22
8.682681580797945e-22
9.282038285068049e-22
9.93199981269075e-22
1.0638582070657166e-21
1.1408796174583407e-21
1.2250864872421903e-21
