6.33488944512168e-23
6.33487790112976e-23
6.334861163225757e-23
6.334839195891342e-23
6.334811952517434e-23
6.33477937530484e-23
6.334741395141699e-23
6.334697931457012e-23
6.334648892049306e-23
6.334594172891039e-23
6.334533657908165e-23
6.3344672187335e-23
6.334394714434636e-23
6.334315991214854e-23
6.334230882086663e-23
6.334139206518047e-23
6.334040770049173e-23
6.333935363879556e-23
6.333822764425966e-23
6.333702732847256e-23
6.333575014538415e-23
6.333439338589943e-23
6.333295417214245e-23
6.33314294513334e-23
6.332981598933444e-23
6.33281103637691e-23
6.332630895678324e-23
6.332440794735311e-23
6.332240330319239e-23
6.332029077219606e-23
6.331806587341693e-23
6.331572388756608e-23
6.33132598470001e-23
6.331066852518947e-23
6.330794442562587e-23
6.330508177016122e-23
6.33020744867669e-23
6.329891619663758e-23
6.329560020066997e-23
6.329211946525484e-23
6.328846660734452e-23
6.328463387882227e-23
6.328061315002968e-23
6.327639589255312e-23
6.327197316112612e-23
6.326733557465381e-23
6.326247329631787e-23
6.325737601270352e-23
6.325203291192848e-23
6.324643266073022e-23
6.324056338039807e-23
6.32344126216059e-23
6.322796733797083e-23
6.322121385842897e-23
6.321413785819395e-23
6.320672432840241e-23
6.319895754427833e-23
6.319082103177301e-23
6.318229753261618e-23
6.31733689677497e-23
6.316401639892715e-23
6.315421998858437e-23
6.314395895776368e-23
6.313321154205696e-23
6.312195494537825e-23
6.311016529168042e-23
6.309781757431453e-23
6.308488560301866e-23
6.307134194821562e-23
6.305715788303867e-23
6.304230332233878e-23
6.302674675881343e-23
6.301045519626247e-23
6.299339407957898e-23
6.297552722149262e-23
6.295681672573774e-23
6.293722290680777e-23
6.291670420573697e-23
6.289521710192514e-23
6.287271602096063e-23
6.284915323781125e-23
6.282447877573734e-23
6.279864030027685e-23
6.277158300819605e-23
6.274324951158154e-23
6.271357971551262e-23
6.268251069134907e-23
6.264997654288624e-23
6.261590826652421e-23
6.258023360538642e-23
6.254287689571995e-23
6.250375890655874e-23
6.2462796671926e-23
6.241990331444488e-23
6.2374987861683e-23
6.232795505300794e-23
6.227870513772552e-23
6.222713366289424e-23
6.21731312535399e-23
6.211658337889505e-23
6.205737011058067e-23
6.199536586835263e-23
6.193043915366333e-23
6.1862452270859e-23
6.179126103558523e-23
6.171671446897743e-23
6.163865447685691e-23
6.155691551694501e-23
6.147132424439505e-23
6.138169914882094e-23
6.128785016455124e-23
6.118957827232239e-23
6.108667507446196e-23
6.097892235589144e-23
6.086609161802982e-23
6.074794359818208e-23
6.062422776097423e-23
6.049468176634552e-23
6.035903091613803e-23
6.021698757079049e-23
6.006825053889781e-23
5.991250444003329e-23
5.974941903801412e-23
5.957864853779181e-23
5.93998308554365e-23
5.921258685267846e-23
5.90165195289572e-23
5.881121318316526e-23
5.859623253407496e-23
5.837112179615012e-23
5.813540371592513e-23
5.788857855771817e-23
5.763012305090816e-23
5.735948927436689e-23
5.707610350006343e-23
5.67793649771375e-23
5.64686446609094e-23
5.61432838729445e-23
5.580259290907465e-23
5.544584958725965e-23
5.507229769584372e-23
5.468114540985691e-23
5.427156360142316e-23
5.38426840832782e-23
5.33935977648534e-23
5.2923352721235437e-23
5.243095218121704e-23
5.191535238357986e-23
5.1375460387949514e-23
5.081013172314125e-23
5.021816794487851e-23
4.959831410713479e-23
4.894925603143928e-23
4.8269617523987125e-23
4.755795741924118e-23
4.6812766435145854e-23
4.603246395519095e-23
4.521539454652493e-23
4.4359824364251645e-23
4.3463937325323106e-23
4.252583107288208e-23
4.154351266612705e-23
4.0514894116223083e-23
3.943778741038809e-23
3.830989938432885e-23
3.712882611823392e-23
3.5892046691738107e-23
3.4596916589464765e-23
3.3240659943382813e-23
3.182036094631119e-23
3.03329536983429e-23
2.8775209733513445e-23
2.714372237162446e-23
2.543488592825279e-23
2.3644866393973936e-23
2.1769557483233936e-23
1.980451020959416e-23
1.7744810947375443e-23
1.5584852071263144e-23
1.3317858263605135e-23
1.0934789134115391e-23
8.421421706211151e-24
5.749359213742079e-24
2.8643062568617332e-24
5.731996292071643e-24
1.921630286562128e-24
5.1119653190588805e-24
8.475712063264416e-24
1.1932873295544013e-23
1.5523498209340455e-23
1.9267702385183006e-23
2.31788836783206e-23
2.726802550917517e-23
3.154523762036771e-23
3.602039664255902e-23
4.070345114121687e-23
4.560458379860236e-23
5.0734308856760234e-23
5.610353749034087e-23
6.172362646433995e-23
6.760641787343924e-23
