2.470713241691988e-24
2.410599681296801e-24
2.3535981310517207e-24
2.2995792735713555e-24
2.2484199593281164e-24
2.200002960363314e-24
2.1542167374407258e-24
2.1109552198904715e-24
2.0701175975488125e-24
2.0316081240597413e-24
1.995335930940855e-24
1.9612148517581897e-24
1.929163255724813e-24
1.8991038902377447e-24
1.8709637315991186e-24
1.8446738434997184e-24
1.82016924262301e-24
1.7973887708347703e-24
1.7762749735307925e-24
1.7567739835622613e-24
1.7388354103783006e-24
1.7224122338836288e-24
1.7074607026632105e-24
1.6939402361632516e-24
1.6818133305069015e-24
1.671045467558141e-24
1.661605027043335e-24
1.6534632012674992e-24
1.646593912369967e-24
1.6409737316586747e-24
1.6365818010116858e-24
1.6333997558521488e-24
1.6314116498203288e-24
1.6306038806779652e-24
1.630965117358152e-24
1.632486228092823e-24
1.635160209304563e-24
1.6389821152365688e-24
1.6439489881151065e-24
1.650059788769142e-24
1.6573153276483124e-24
1.6657181960736563e-24
1.6752726976603713e-24
1.685984779944646e-24
1.6978619661639978e-24
1.7109132870886124e-24
1.7251492129817975e-24
1.7405815858923093e-24
1.7572235519321687e-24
1.7750894942449014e-24
1.794194965995501e-24
1.8145566243141384e-24
1.8361921648374196e-24
1.8591202571500444e-24
1.8833604814868798e-24
1.9089332666387826e-24
1.9358598297100825e-24
1.9641621175142288e-24
1.993862750299453e-24
2.0249849677147102e-24
2.0575525775971545e-24
2.0915899077925442e-24
2.1271217609698507e-24
2.1641733733575133e-24
2.2027703768730927e-24
2.242938765468999e-24
2.2847048657432697e-24
2.3280953119577323e-24
2.373137025523025e-24
2.4198571994451615e-24
2.4682832874816546e-24
2.518442998349586e-24
2.5703642946288143e-24
2.6240753970330563e-24
2.6796047930884104e-24
2.7369812512408035e-24
2.796233839007792e-24
2.8573919464337666e-24
2.9204853131774014e-24
2.985544060402443e-24
3.0525987262584485e-24
3.1216803050586565e-24
3.192820289802861e-24
3.2660507179879728e-24
3.341404219895573e-24
3.418914069076686e-24
3.498614235806553e-24
3.580539441281557e-24
3.664725213728386e-24
3.751207945368225e-24
3.84002495081803e-24
3.931214525252474e-24
4.024816003019214e-24
4.120869816283837e-24
4.219417553882414e-24
4.320502018728297e-24
4.424167285563479e-24
4.5304587574856745e-24
4.6394232215714646e-24
4.751108903459744e-24
4.86556552136181e-24
4.982844338051706e-24
5.10299821250669e-24
5.2260816500186044e-24
5.35215085171942e-24
5.4812637615159505e-24
5.613480114174002e-24
5.748861480336293e-24
5.887471311866941e-24
6.029374986733572e-24
6.174639851264573e-24
6.323335264112931e-24
6.475532638506926e-24
6.631305483994868e-24
6.790729448251056e-24
6.953882359495375e-24
7.120844267132305e-24
7.291697485218625e-24
7.46652663179014e-24
7.645418674825722e-24
7.828462972350035e-24
8.015751317098863e-24
8.207377980225465e-24
8.403439757691742e-24
8.6040360138087e-24
8.809268731382744e-24
9.019242555323766e-24
9.234064846680875e-24
9.453845728403282e-24
9.678698141539991e-24
9.908737894875016e-24
1.0144083721509701e-23
1.0384857333883888e-23
1.0631183482586589e-23
1.0883190015233307e-23
1.114100793791414e-23
1.1404771477987406e-23
1.1674618147697862e-23
1.1950688814586825e-23
1.2233127764262416e-23
1.2522082777318845e-23
1.2817705196082408e-23
1.3120150002942974e-23
1.3429575897624263e-23
1.374614537110765e-23
1.4070024794677962e-23
1.4401384493769486e-23
1.4740398843426784e-23
1.508724634765542e-23
1.5442109736138373e-23
1.580517605005162e-23
1.6176636748960227e-23
1.6556687793450544e-23
1.6945529758827496e-23
1.7343367926958347e-23
1.7750412399567224e-23
1.8166878203923782e-23
1.8592985400271408e-23
1.9028959205357322e-23
1.9475030096526644e-23
1.993143393421321e-23
2.0398412095707318e-23
2.087621158781755e-23
2.13650851788009e-23
2.1865291528482264e-23
2.2377095327746205e-23
2.290076743653342e-23
2.3436585014781572e-23
2.3984831684774553e-23
2.4545797660612495e-23
2.5119779918512593e-23
2.5707082332287328e-23
2.6308015847230022e-23
2.6922898642462375e-23
2.7552056284196894e-23
2.8195821915612756e-23
2.885453640800368e-23
2.952854856703397e-23
3.0218215288582234e-23
3.0923901760209976e-23
3.164598165796493e-23
3.238483731151162e-23
3.3140859960566006e-23
3.391444987998861e-23
3.470601667229957e-23
3.551597944855427e-23
3.634476699080711e-23
3.719281807092303e-23
3.8060581619769766e-23
3.894851698377892e-23
3.9857094152011e-23
4.0786793995658713e-23
4.1738108564069166e-23
4.2711541255031155e-23
4.370760713127459e-23
4.4726833191517473e-23
4.5769758671017354e-23
4.683693519536916e-23
4.792892717593322e-23
4.904631212675448e-23
5.0189680837459695e-23
