8.690941804482379e-24
8.694834781146435e-24
8.698552281418857e-24
8.702101858170152e-24
8.705490737860681e-24
8.708725833178383e-24
8.711813755259919e-24
8.714760825492463e-24
8.717573086904576e-24
8.720256315148313e-24
8.722816029083487e-24
8.725257500965337e-24
8.727585766248471e-24
8.729805633013273e-24
8.731921691021623e-24
8.733938320414822e-24
8.73585970005906e-24
8.737689815548405e-24
8.739432466877659e-24
8.741091275788587e-24
8.742669692804413e-24
8.744171003958732e-24
8.745598337227434e-24
8.746954668675042e-24
8.74824282832035e-24
8.749465505734813e-24
8.750625255376212e-24
8.751724501672841e-24
8.752765543856713e-24
8.753750560562184e-24
8.754681614193035e-24
8.755560655064534e-24
8.756389525328784e-24
8.75716996268984e-24
8.757903603914589e-24
8.758591988142666e-24
8.759236560006457e-24
8.759838672561834e-24
8.760399590038389e-24
8.760920490405703e-24
8.761402467776397e-24
8.761846534630014e-24
8.762253623879122e-24
8.762624590769474e-24
8.762960214623372e-24
8.763261200431092e-24
8.763528180280028e-24
8.763761714653043e-24
8.763962293554808e-24
8.764130337513719e-24
8.764266198429951e-24
8.764370160282133e-24
8.764442439694027e-24
8.764483186360989e-24
8.764492483337844e-24
8.764470347184042e-24
8.764416727974855e-24
8.764331509162758e-24
8.76421450732158e-24
8.76406547171616e-24
8.763884083762425e-24
8.763669956325516e-24
8.763422632873336e-24
8.763141586500794e-24
8.762826218781768e-24
8.762475858483776e-24
8.762089760122789e-24
8.761667102369076e-24
8.76120698627658e-24
8.760708433360865e-24
8.760170383495252e-24
8.759591692650323e-24
8.758971130438844e-24
8.758307377476789e-24
8.75759902255415e-24
8.756844559641708e-24
8.756042384633342e-24
8.755190791920024e-24
8.754287970750256e-24
8.753332001334917e-24
8.752320850755555e-24
8.751252368577983e-24
8.750124282280145e-24
8.748934192324769e-24
8.74767956709366e-24
8.746357737356313e-24
8.744965890621629e-24
8.743501065074019e-24
8.741960143172998e-24
8.740339845037396e-24
8.738636721260626e-24
8.7368471456031e-24
8.734967307143823e-24
8.732993202073158e-24
8.730920625008097e-24
8.728745159999927e-24
8.726462170955504e-24
8.724066791611096e-24
8.721553915036191e-24
8.718918182513824e-24
8.716153972029823e-24
8.713255385958996e-24
8.710216238412488e-24
8.707030041596173e-24
8.703689991903516e-24
8.700188954925285e-24
8.69651944991143e-24
8.692673633567534e-24
8.688643282769871e-24
8.68441977657081e-24
8.679994077360427e-24
8.675356710847061e-24
8.670497745478395e-24
8.665406770304538e-24
8.660072872036739e-24
8.654484611025492e-24
8.648629995817309e-24
8.642496456394961e-24
8.636070816561299e-24
8.629339263890088e-24
8.622287319610154e-24
8.614899805433866e-24
8.607160810301291e-24
8.599053653051574e-24
8.590560846761343e-24
8.581664056902987e-24
8.57234406086845e-24
8.562580704594227e-24
8.552352854838419e-24
8.541638352303001e-24
8.53041395859886e-24
8.51865530470038e-24
8.506336831731315e-24
8.493431733415778e-24
8.479911891934513e-24
8.465747811797668e-24
8.450908550280363e-24
8.435361643758024e-24
8.419073029165806e-24
8.402006962554301e-24
8.384125932406462e-24
8.365390568576168e-24
8.345759543936754e-24
8.325189474896414e-24
8.303634810244887e-24
8.281047722250752e-24
8.257377978860062e-24
8.232572821943036e-24
8.206576828388278e-24
8.179331768407675e-24
8.150776453023992e-24
8.120846574791748e-24
8.089474533439271e-24
8.056589258021203e-24
8.022116014887415e-24
7.985976202618563e-24
7.94808713453737e-24
7.908361811038317e-24
7.866708677032387e-24
7.823031357440155e-24
7.777228391273492e-24
7.72919293539843e-24
7.67881245563245e-24
7.625968404953285e-24
7.570535875922262e-24
7.51238324945287e-24
7.45137179609099e-24
7.387355301180479e-24
7.320179643817701e-24
7.249682384630913e-24
7.175692334280522e-24
7.09802913676509e-24
7.01650286960749e-24
6.930913661454931e-24
6.841051391954656e-24
6.74669546633398e-24
6.647614771113991e-24
6.543567807320285e-24
6.434303184290252e-24
6.319560610266523e-24
6.1990725573812614e-24
6.072566966293859e-24
5.939771439065372e-24
5.800419632937773e-24
5.654260819204831e-24
5.501074191282539e-24
5.3406901856792095e-24
5.173022364717946e-24
4.998115168027425e-24
4.816216059357372e-24
4.62788511402058e-24
4.434162391259574e-24
4.236824982548948e-24
4.038781711257659e-24
3.844673590642797e-24
3.661764518237744e-24
3.501187081277668e-24
3.379478907854465e-24
3.3199848634939196e-24
3.353126019664633e-24
3.51441305801366e-24
