1.3500580619395512e-24
1.2828987286503625e-24
1.22356287677362e-24
1.171753402396443e-24
1.1271673923340747e-24
1.089488336045355e-24
1.0583802375689148e-24
1.0334844085185883e-24
1.014419438343709e-24
1.0007844018238105e-24
9.921648763569443e-25
9.881409304888053e-25
9.882960155164015e-25
9.92225686808168e-25
9.99545271181881e-25
1.0098959019465206e-24
1.0229486719205706e-24
1.0384069347731589e-24
1.0560069786165335e-24
1.075517397865602e-24
1.096737515875904e-24
1.1194951861824703e-24
1.143644247838977e-24
1.1690618486260212e-24
1.1956457903046175e-24
1.2233119989158689e-24
1.2519921824050746e-24
1.2816317074876428e-24
1.3121877062747976e-24
1.3436274089388073e-24
1.3759266899198183e-24
1.4090688102729457e-24
1.443043336588912e-24
1.4778452165104188e-24
1.5134739915612822e-24
1.5499331293605722e-24
1.587229458910949e-24
1.6253726944673215e-24
1.6643750351649015e-24
1.7042508292892545e-24
1.745016293523367e-24
1.7866892789025405e-24
1.8292890763429994e-24
1.8728362557087227e-24
1.9173525332517056e-24
1.96286066303027e-24
2.0093843486081627e-24
2.056948171892472e-24
2.1055775364223275e-24
2.155298622898193e-24
2.206138355031404e-24
2.2581243741091936e-24
2.3112850209477538e-24
2.3656493240719423e-24
2.421246993183106e-24
2.478108417089489e-24
2.536264665443155e-24
2.595747493692206e-24
2.6565893507986888e-24
2.718823389285049e-24
2.7824834773106868e-24
2.8476042124890006e-24
2.9142209371760142e-24
2.9823697551122466e-24
3.0520875491808733e-24
3.1234120002022207e-24
3.1963816066235977e-24
3.2710357050490868e-24
3.3474144914952e-24
3.425559043372177e-24
3.5055113420853794e-24
3.587314296262646e-24
3.671011765566082e-24
3.75664858508809e-24
3.8442705902792274e-24
3.933924642433654e-24
4.0256586547308695e-24
4.119521618818637e-24
4.215563631917149e-24
4.313835924526465e-24
4.414390888659011e-24
4.517282106651366e-24
4.622564380586572e-24
4.7302937622688514e-24
4.840527583861331e-24
4.9533244891020975e-24
5.0687444652089355e-24
5.186848875405266e-24
5.30770049214777e-24
5.431363531043768e-24
5.5579036854883474e-24
5.687388162006291e-24
5.8198857163994134e-24
5.9554666906128215e-24
6.094203050444784e-24
6.236168424018742e-24
6.381438141139728e-24
6.53008927346683e-24
6.682200675604497e-24
6.83785302705584e-24
6.997128875131491e-24
7.160112678783898e-24
7.32689085342079e-24
7.4975518167057e-24
7.672186035397107e-24
7.850886073183537e-24
8.033746639640234e-24
8.220864640243378e-24
8.412339227503378e-24
8.608271853256282e-24
8.808766322108463e-24
9.013928846077909e-24
9.22386810047698e-24
9.438695281024806e-24
9.658524162240407e-24
9.883471157147174e-24
1.011365537833618e-23
1.0349198700316241e-23
1.0590225823377478e-23
1.0836864338738202e-23
1.108924479527795e-23
1.1347500767659675e-23
1.1611768926015491e-23
1.188218910716478e-23
1.2158904387409174e-23
1.244206115691551e-23
1.2731809195825737e-23
1.3028301751932997e-23
1.333169562013416e-23
1.364215122359949e-23
1.3959832696742197e-23
1.428490796995515e-23
1.4617548856272802e-23
1.4957931139781836e-23
1.5306234666095615e-23
1.566264343461614e-23
1.6027345692942058e-23
1.6400534033206764e-23
1.6782405490413536e-23
1.717316164293199e-23
1.757300871518988e-23
1.798215768220882e-23
1.8400824376816027e-23
1.8829229598641868e-23
1.926759922547483e-23
1.9716164327193998e-23
2.017516128143015e-23
2.064483189226161e-23
2.112542351063787e-23
2.1617189157884508e-23
2.212038765079778e-23
2.263528373009882e-23
2.316214819058507e-23
2.370125801432566e-23
2.4252896506054885e-23
2.481735343142898e-23
2.5394925157182452e-23
2.5985914794696583e-23
2.6590632345745944e-23
2.7209394850361984e-23
2.784252653826504e-23
2.849035898171264e-23
2.9153231252113317e-23
2.983149007799126e-23
3.0525490006747273e-23
3.123559356762759e-23
3.196217143842392e-23
3.2705602612720844e-23
3.346627457279228e-23
3.424458346125165e-23
3.5040934256618046e-23
3.585574095176617e-23
3.6689426733779857e-23
3.7542424163162923e-23
3.8415175362447684e-23
3.930813219735424e-23
4.022175646438758e-23
4.1156520081272574e-23
4.2112905275078885e-23
4.309140477386955e-23
4.4092521998352705e-23
4.51167712528085e-23
4.616467791838954e-23
4.723677864933754e-23
4.83336215573953e-23
4.945576641335202e-23
5.060378482797412e-23
5.177826044565518e-23
5.297978913551241e-23
5.42089791715024e-23
5.546645140907843e-23
5.675283946934251e-23
5.806878991722564e-23
5.941496241948395e-23
6.079202990532127e-23
6.220067873541549e-23
6.364160883082653e-23
6.511553383184177e-23
6.662318119889813e-23
6.81652923610335e-23
6.974262278533353e-23
