1.8831374377163337e-12
1.839248753343534e-12
1.7868981364467506e-12
1.734123658099525e-12
1.6834419495479053e-12
1.6288092873008298e-12
1.5793657214003448e-12
1.528365869761765e-12
1.481571467086176e-12
1.4295830644192468e-12
1.3830373135241978e-12
1.3359967862417199e-12
1.2897229557112566e-12
1.2445944416462775e-12
1.1992012690149962e-12
1.157296481921224e-12
1.1140115543626322e-12
1.074052409034866e-12
1.0340206955649307e-12
9.959503146275578e-13
9.56526315273659e-13
9.196607197255032e-13
8.855419637561939e-13
8.497494986293589e-13
8.170708041506476e-13
7.835920565921144e-13
7.526838310233167e-13
7.218499354863612e-13
6.929551776590424e-13
6.648593995589483e-13
6.372494615933797e-13
6.1037391721422e-13
5.849029061503408e-13
5.602851044064166e-13
5.368314964572999e-13
5.137800442621064e-13
4.922847256077939e-13
4.708701366582547e-13
4.503405690342922e-13
4.309874007399569e-13
4.1199616486990463e-13
3.9386798107764034e-13
3.7650668387396067e-13
3.5972791813641155e-13
3.4358446343813296e-13
3.282274086434779e-13
3.133922675450473e-13
2.991952657657489e-13
2.8554125796756025e-13
2.7242274610303307e-13
2.5993380021743617e-13
2.477472339666054e-13
2.3633343734810207e-13
2.2520380665725386e-13
2.1459814692591897e-13
2.0439862125096077e-13
1.9467481940529007e-13
1.8536843647357622e-13
1.763945695738624e-13
1.6780275042102286e-13
1.5962608986628967e-13
1.5175874293956243e-13
1.4425064453911014e-13
1.3704601363526823e-13
1.3017185239618395e-13
1.2359301714676424e-13
1.1726259663771042e-13
1.1122802845712349e-13
1.0543570932043206e-13
9.993074063097866e-14
9.463457538125333e-14
8.957925799064534e-14
8.473604489445442e-14
8.011560904471546e-14
7.569255544225534e-14
7.14575686105952e-14
6.742431727066126e-14
6.355098376044896e-14
5.985691542633561e-14
5.632552717315057e-14
5.2944545170368663e-14
4.9713635229852547e-14
4.6625742902122224e-14
4.3678191810553565e-14
4.086058917801049e-14
3.8168725434435254e-14
3.559335796724046e-14
3.313431264705416e-14
3.078477572205839e-14
2.853986434191892e-14
2.6395312105341218e-14
2.434844717044866e-14
2.2392045991130314e-14
2.052363892451836e-14
1.873940809227923e-14
1.7036719850591246e-14
1.5409679088618184e-14
1.3856690677092932e-14
1.2373697151405773e-14
1.0958855925202325e-14
9.608085762897767e-15
8.319050607602344e-15
7.089188573957496e-15
5.915820981485767e-15
4.796513651490762e-15
3.729215585004615e-15
2.7115554071386286e-15
1.7418589689178446e-15
8.198169143397922e-16
1.2117232003197601e-16
9.138009129854942e-16
1.7114712632051767e-15
2.472559587755444e-15
3.197512202547098e-15
3.887456981226439e-15
4.5437647270056886e-15
5.1678899461907134e-15
5.7609012135491735e-15
6.324327005687581e-15
6.859164282786074e-15
7.366402477173886e-15
7.84734891072585e-15
8.302813278163532e-15
8.733868491330812e-15
9.141483489016513e-15
9.526274149729252e-15
9.889179841308205e-15
1.02309829724939e-14
1.0552536170624178e-14
1.08541878313006e-14
1.1136898808618034e-14
1.1401014927801842e-14
1.1647311643822508e-14
1.187592923813878e-14
1.2087849577590447e-14
1.2283241078750038e-14
1.2462425283961585e-14
1.2626147972774817e-14
1.2774275723913637e-14
1.2907414222001481e-14
1.3025854979105018e-14
1.312967527612048e-14
1.3219338230409881e-14
1.3294729902513243e-14
1.335631019255023e-14
1.3403882641281388e-14
1.3437873427643051e-14
1.3458141089689046e-14
1.3464871665537988e-14
1.3457893142136495e-14
1.343738109897787e-14
1.3403135238058554e-14
1.3355355217485497e-14
1.3293524301848316e-14
1.3217707104237733e-14
1.3127936006058038e-14
1.3023708053751061e-14
1.290501814077961e-14
1.2771511724775142e-14
1.262297955816706e-14
1.2458913183758329e-14
1.2279224182514783e-14
1.2083367684843041e-14
1.1871013005755851e-14
1.1641704799568726e-14
1.1394889703894681e-14
1.1130016983840578e-14
1.0846606424733613e-14
1.0544092931393083e-14
1.0221731615743245e-14
9.878865107189276e-15
9.514762922745516e-15
9.128755523609357e-15
8.71995014369508e-15
8.28735839758173e-15
7.830261823597247e-15
7.347621504890302e-15
6.838338482720983e-15
6.3014775071361e-15
5.735789995614608e-15
5.140103520089046e-15
4.513184636599242e-15
3.853712762825145e-15
3.1603289455216856e-15
2.431643972781949e-15
1.666384867373742e-15
8.642069523760913e-16
9.749363237287045e-17
8.789537547314254e-16
1.8075450932584145e-15
2.7839777397053095e-15
3.808958578373887e-15
4.884360891586392e-15
6.012448843516693e-15
7.195479841038755e-15
8.436030069636144e-15
9.736702335976425e-15
1.1100182412467529e-14
1.2529545310663e-14
1.4027607208298141e-14
1.5597731751144382e-14
