3.619951567050259e-24
3.419556794109115e-24
3.229623272882052e-24
3.049673973104658e-24
2.8792528607998645e-24
2.7179241262169526e-24
2.56527146238301e-24
2.420897391159863e-24
2.2844226344734257e-24
2.1554855273884214e-24
2.0337414702848505e-24
1.918862416285964e-24
1.810536390040697e-24
1.708467033359024e-24
1.612373172044123e-24
1.5219883975027813e-24
1.4370606554473223e-24
1.3573518322413254e-24
1.2826373279803765e-24
1.2127056032655484e-24
1.1473576849173086e-24
1.0864066136871665e-24
1.0296768161633411e-24
9.770033821823934e-25
9.282312304543109e-25
8.832141481527524e-25
8.418136963285241e-25
8.038979827406705e-25
7.693403166493675e-25
7.380177773572694e-25
7.098097468378282e-25
6.845964758448525e-25
6.622577686220496e-25
6.426718791428293e-25
6.257147104868092e-25
6.112593921723935e-25
5.991762827744129e-25
5.893334060411402e-25
5.815972862809469e-25
5.7583410863355e-25
5.719110999419129e-25
5.696980105099221e-25
5.690685774338066e-25
5.6990186549968525e-25
5.720834064768655e-25
5.755060875201215e-25
5.800707684273399e-25
5.856866329320259e-25
5.922712974416035e-25
5.997507129832715e-25
6.0805890113528865e-25
6.171375657689417e-25
6.269356192214811e-25
6.374086566021695e-25
6.485184061468425e-25
6.602321773972449e-25
6.725223235702299e-25
6.853657294286082e-25
6.987433322277352e-25
7.126396799638251e-25
7.2704252868648745e-25
7.419424790914002e-25
7.57332651088598e-25
7.73208394481326e-25
7.895670331448677e-25
8.064076399716836e-25
8.237308399195291e-25
8.415386381109028e-25
8.598342705061588e-25
8.786220745658126e-25
8.979073775552672e-25
9.17696400437098e-25
9.379961755264979e-25
9.58814475880607e-25
9.801597554172224e-25
1.0020410978635393e-24
1.0244681739649825e-24
1.0474512052185303e-24
1.0710009339791124e-24
1.0951285984563299e-24
1.119845912482643e-24
1.1451650490626958e-24
1.1710986274216866e-24
1.197659702995433e-24
1.2248617600253004e-24
1.2527187064369065e-24
1.2812448706978374e-24
1.3104550003629918e-24
1.3403642621475171e-24
1.3709882434750908e-24
1.4023429550998477e-24
1.4344448347509946e-24
1.4673107518640555e-24
1.5009580131454062e-24
1.5354043688475187e-24
1.570668019653765e-24
1.606767624621396e-24
1.6437223092069726e-24
1.681551674339572e-24
1.7202758056187757e-24
1.759915283305759e-24
1.8004911926609004e-24
1.8420251349430133e-24
1.8845392385863982e-24
1.9280561709613206e-24
1.9725991506707177e-24
2.0181919602625016e-24
2.0648589591793205e-24
2.112625097578594e-24
2.161515929958486e-24
2.2115576299216105e-24
2.2627770051146233e-24
2.315201512330459e-24
2.3688592736385835e-24
2.4237790926717085e-24
2.479990471592022e-24
2.537523628257864e-24
2.5964095145544013e-24
2.656679834308238e-24
2.7183670628538197e-24
2.7815044666311604e-24
2.846126123226639e-24
2.9122669420729463e-24
2.9799626868279658e-24
3.0492499970299398e-24
3.1201664106167178e-24
3.1927503887486756e-24
3.2670413393584035e-24
3.343079642538933e-24
3.4209066773407205e-24
3.5005648477740026e-24
3.582097611154321e-24
3.665549507332031e-24
3.750966187602472e-24
3.838394446561717e-24
3.9278822526200106e-24
4.01947878316852e-24
4.113234456769782e-24
4.209200969813368e-24
4.307431333060282e-24
4.4079799098820206e-24
4.5109024552606516e-24
4.61625615807968e-24
4.7240996822647545e-24
4.834493212700855e-24
4.947498500397403e-24
5.0631789093468e-24
5.181599469667773e-24
5.302826926057388e-24
5.426929792037718e-24
5.553978409747281e-24
5.684045003157641e-24
5.817203744578851e-24
5.9535308138639235e-24
6.093104468685371e-24
6.236005109763917e-24
6.3823153584443854e-24
6.532120127705959e-24
6.685506705480509e-24
6.842564833986226e-24
7.003386798526081e-24
7.168067519772582e-24
7.336704644396065e-24
7.509398648170073e-24
7.686252938732388e-24
7.8673739716148e-24
8.052871352810163e-24
8.242857965634934e-24
8.437450107564293e-24
8.636767604672e-24
8.840933969767234e-24
9.0500765235333e-24
9.264326592887748e-24
9.483819622115797e-24
9.70869538003256e-24
9.939098129172849e-24
1.0175176822730007e-23
1.0417085277102326e-23
1.0664982424309708e-23
1.0919032524497092e-23
1.1179405325067887e-23
1.1446276450159212e-23
1.171982751917849e-23
1.2000246544147052e-23
1.2287728094764917e-23
1.2582473718638506e-23
1.288469221550228e-23
1.31945998895372e-23
1.3512421126309212e-23
1.3838388502715535e-23
1.41727435245235e-23
1.4515736625170153e-23
1.4867627925525343e-23
1.5228687721732447e-23
1.5599196681811234e-23
1.5979446850276293e-23
1.6369741565028537e-23
1.6770396732764114e-23
1.7181740791145287e-23
1.7604116173017888e-23
1.8037878728755914e-23
