1.7088483066984422e-23
1.7090191310586625e-23
1.7091817517295888e-23
1.7093365100907825e-23
1.7094837311595673e-23
1.709623724252358e-23
1.7097567836153355e-23
1.7098831890255553e-23
1.7100032063632597e-23
1.7101170881562728e-23
1.710225074099008e-23
1.7103273915437658e-23
1.7104242559693346e-23
1.7105158714245543e-23
1.7106024309486035e-23
1.7106841169701074e-23
1.710761101683465e-23
1.710833547405282e-23
1.7109016069101703e-23
1.7109654237474422e-23
1.7110251325378505e-23
1.711080859253909e-23
1.711132721480498e-23
1.7111808286594124e-23
1.711225282316262e-23
1.7112661762720615e-23
1.7113035968375558e-23
1.711337622992724e-23
1.711368326551543e-23
1.7113957723109998e-23
1.711420018184829e-23
1.7114411153253206e-23
1.7114591082277357e-23
1.7114740348246577e-23
1.7114859265621692e-23
1.7114948084660408e-23
1.7115006991936722e-23
1.711503611070628e-23
1.7115035501161278e-23
1.7115005160540498e-23
1.7114945023116925e-23
1.711485496005721e-23
1.711473477910581e-23
1.71145842241903e-23
1.7114402974866705e-23
1.7114190645636302e-23
1.711394678509197e-23
1.7113670874979693e-23
1.7113362329079543e-23
1.7113020491962902e-23
1.71126446375753e-23
1.711223396770365e-23
1.711178761027892e-23
1.7111304617493636e-23
1.7110783963815468e-23
1.7110224543779524e-23
1.710962516963929e-23
1.710898456882744e-23
1.710830138129744e-23
1.710757415654848e-23
1.7106801350600568e-23
1.7105981322671513e-23
1.7105112331698126e-23
1.7104192532636702e-23
1.7103219972513398e-23
1.7102192586284427e-23
1.7101108192434485e-23
1.7099964488301036e-23
1.7098759045208676e-23
1.7097489303283466e-23
1.7096152565991264e-23
1.7094745994372326e-23
1.7093266601029673e-23
1.7091711243712129e-23
1.7090076618716372e-23
1.7088359253646137e-23
1.7086555500198923e-23
1.7084661526271987e-23
1.7082673307807476e-23
1.7080586620248126e-23
1.7078397029388635e-23
1.7076099882056947e-23
1.7073690296054694e-23
1.7071163149745783e-23
1.7068513071151353e-23
1.706573442640403e-23
1.7062821307693857e-23
1.705976752064507e-23
1.7056566570949506e-23
1.705321165069711e-23
1.704969562344049e-23
1.7046011009107633e-23
1.7042149967925936e-23
1.7038104283501686e-23
1.7033865345206684e-23
1.7029424129635837e-23
1.702477118136378e-23
1.7019896592299648e-23
1.701478998044995e-23
1.7009440467683777e-23
1.7003836656175456e-23
1.6997966603570573e-23
1.6991817797337428e-23
1.6985377127879303e-23
1.6978630859811848e-23
1.6971564602754024e-23
1.696416327909072e-23
1.695641109191687e-23
1.6948291491069641e-23
1.693978713615011e-23
1.6930879859316432e-23
1.6921550625526252e-23
1.6911779490535054e-23
1.690154555788647e-23
1.6890826932826298e-23
1.6879600673550114e-23
1.6867842742364433e-23
1.6855527950459922e-23
1.684262990399569e-23
1.6829120945401056e-23
1.6814972091812866e-23
1.6800152970380757e-23
1.6784631750394824e-23
1.6768375074147528e-23
1.6751347979625484e-23
1.6733513823648935e-23
1.6714834199355294e-23
1.669526884904963e-23
1.6674775572148052e-23
1.6653310132135537e-23
1.663082615191588e-23
1.6607275011129873e-23
1.658260573252879e-23
1.6556764866320303e-23
1.6529696361960378e-23
1.6501341442837643e-23
1.6471638467585495e-23
1.6440522782985323e-23
1.640792657284608e-23
1.6373778697971626e-23
1.6338004526309022e-23
1.6300525751337514e-23
1.626126020444939e-23
1.6220121654567284e-23
1.6177019596732572e-23
1.6131859028388358e-23
1.6084540213390994e-23
1.603495843067012e-23
1.598300371263153e-23
1.592856055248436e-23
1.5871507622997276e-23
1.5811717448107185e-23
1.5749056066973772e-23
1.5683382688807238e-23
1.561454929132119e-23
1.5542400233718096e-23
1.5466771827911755e-23
1.5387491859531304e-23
1.5304379124633648e-23
1.5217242875531898e-23
1.5125882287260152e-23
1.503008584587052e-23
1.492963070900756e-23
1.482428202388367e-23
1.471379219237636e-23
1.4597900056690573e-23
1.4476330103017606e-23
1.4348791494250657e-23
1.421497714353117e-23
1.407456265061616e-23
1.3927205171440577e-23
1.3772542261541314e-23
1.3610190595482232e-23
1.3439744623773764e-23
1.3260775170821003e-23
1.3072828039428787e-23
1.2875422476320701e-23
1.2668049815493399e-23
1.24501721218645e-23
1.2221221070533708e-23
1.1980597325912419e-23
1.1727670469177676e-23
1.1461780211302493e-23
1.1182239237583516e-23
1.0888339162974871e-23
1.0579360798059755e-23
1.0254591853595284e-23
9.913355864485166e-24
9.555060015723351e-24
9.179272531423146e-24
8.785849880901928e-24
8.375146258663492e-24
7.948363266139477e-24
7.508139942092492e-24
7.059559198035697e-24
6.611873818334574e-24
6.1814379120676946e-24
5.796482734016424e-24
5.504042271181025e-24
5.37728604384915e-24
5.516843014397983e-24
