2.1337982238184318e-23
2.1536842549734662e-23
2.17256853586357e-23
2.190491141555207e-23
2.207490105307052e-23
2.2236014993642872e-23
2.2388595115817017e-23
2.2532965180383034e-23
2.266943151797855e-23
2.2798283679612245e-23
2.2919795051490083e-23
2.3034223435447627e-23
2.3141811596224412e-23
2.324278777674196e-23
2.3337366182478336e-23
2.342574743596899e-23
2.3508119002396445e-23
2.3584655587172997e-23
2.365551950635484e-23
2.3720861030675853e-23
2.3780818703923554e-23
2.3835519636333333e-23
2.3885079773613483e-23
2.3929604142171552e-23
2.3969187071053666e-23
2.4003912391058066e-23
2.403385361144134e-23
2.4059074074577556e-23
2.4079627088892036e-23
2.4095556040335754e-23
2.410689448262538e-23
2.411366620642447e-23
2.4115885287594696e-23
2.4113556114601603e-23
2.4106673395111844e-23
2.409522214177152e-23
2.4079177637113376e-23
2.4058505377484224e-23
2.4033160995848688e-23
2.4003090163268722e-23
2.3968228468809443e-23
2.3928501277581706e-23
2.3883823566567732e-23
2.383409973783668e-23
2.3779223408695834e-23
2.3719077178273518e-23
2.3653532369971935e-23
2.3582448749170073e-23
2.35056742154997e-23
2.342304446895152e-23
2.3334382649009568e-23
2.3239498945940844e-23
2.3138190183301255e-23
2.303023937064299e-23
2.291541522533896e-23
2.2793471662352116e-23
2.26641472507038e-23
2.2527164635302567e-23
2.2382229922704562e-23
2.2229032029284157e-23
2.206724199018754e-23
2.1896512227338338e-23
2.1716475774654133e-23
2.152674545850932e-23
2.1326913031359834e-23
2.1116548256310004e-23
2.0895197940263544e-23
2.066238491315491e-23
2.041760695059608e-23
2.016033563711873e-23
1.9890015167008434e-23
1.9606061079553682e-23
1.930785892533532e-23
1.899476285998779e-23
1.8666094161650974e-23
1.832113966812333e-23
1.7959150129510002e-23
1.7579338471944306e-23
1.7180877967761928e-23
1.6762900307323155e-23
1.6324493567539445e-23
1.5864700072102404e-23
1.5382514138459367e-23
1.4876879706860223e-23
1.434668784739402e-23
1.3790774142126062e-23
1.3207915941596751e-23
1.2596829498792665e-23
1.1956166990556792e-23
1.1284513448778298e-23
1.058038364659465e-23
9.842219028660652e-24
9.068384862229198e-24
8.257167971237504e-24
7.406775835577275e-24
6.515338873466624e-24
5.580920570922438e-24
4.601549133946698e-24
3.575319032948689e-24
2.5007899408286018e-24
1.3794690120915048e-24
2.888631757816569e-25
1.0914729492271604e-24
2.3810369025612924e-24
3.7433209008311146e-24
5.174313917377184e-24
6.676059423509591e-24
8.251658912022962e-24
9.90464176957223e-24
1.1638824153756848e-23
1.3458271679254707e-23
1.5367292885951571e-23
1.7370444264372227e-23
1.947254062734787e-23
2.1678668533742508e-23
2.3994201850330886e-23
2.6424819088501394e-23
2.8976522397057995e-23
3.165565821324861e-23
3.446893964135406e-23
3.742347067114509e-23
4.052677238040246e-23
4.3786811293004996e-23
4.721203009005352e-23
5.081138089812042e-23
5.459436140721174e-23
5.857105410227277e-23
6.275216892694609e-23
6.714908973747653e-23
7.17739249490464e-23
7.663956282719807e-23
8.175973193449925e-23
8.714906730827247e-23
9.282318302049675e-23
9.879875185750144e-23
1.0509359295656819e-22
1.117267683515705e-22
1.187186895126874e-22
1.2609123511937038e-22
1.3386788148511778e-22
1.4207384726140632e-22
1.507362542924868e-22
1.598843067788029e-22
1.6954949124325e-22
1.7976580019097236e-22
1.9056998282218413e-22
2.0200182671362344e-22
2.1410447504611864e-22
2.2692478474599476e-22
2.405137318554015e-22
2.549268715860039e-22
2.7022486188664296e-22
2.864740610239924e-22
3.0374721170723574e-22
3.2212422677237335e-22
3.4169309449568477e-22
3.6255092537532855e-22
3.848051668992451e-22
4.0857501865384467e-22
4.339930874519329e-22
4.612073313995673e-22
4.903833535584892e-22
5.217071208611365e-22
5.55388203244135e-22
5.916636529981268e-22
6.3080267704115545e-22
6.731122979132504e-22
7.189442565593069e-22
7.687034867907883e-22
8.228585954101857e-22
8.819549245338051e-22
9.466309701235843e-22
1.0176392076911928e-21
1.0958727697679598e-21
1.1823999873193317e-21
1.2785096386267623e-21
1.3857709878105252e-21
1.5061145755303217e-21
1.6419426382461954e-21
1.796282651603238e-21
1.9730050033901965e-21
2.177138360878284e-21
2.4153379798976397e-21
2.6966010111708967e-21
3.033395249579427e-21
3.4435094170782875e-21
3.953226197250132e-21
4.6030676541041826e-21
5.4589175870635014e-21
6.6354464677686545e-21
8.35117467156636e-21
1.1078781921116668e-20
1.6054414192496597e-20
2.7690241006043453e-20
6.849392443545383e-20
4.8721454079021697e-20
2.3816592205521057e-20
1.563559664210442e-20
1.172656295933333e-20
9.453060675843467e-21
7.970210012421268e-21
