1.7035513420773904e-23
1.7035814913771264e-23
1.7036100801715057e-23
1.7036371653477257e-23
1.703662800934257e-23
1.703687038186224e-23
1.7037099256676025e-23
1.7037315093300125e-23
1.7037518325880404e-23
1.7037709363912372e-23
1.7037888592926252e-23
1.7038056375136443e-23
1.703821305005781e-23
1.7038358935086715e-23
1.703849432604631e-23
1.7038619497699358e-23
1.7038734704224532e-23
1.7038840179659955e-23
1.7038936138310888e-23
1.703902277512551e-23
1.7039100266033704e-23
1.703916876825548e-23
1.7039228420572114e-23
1.7039279343565832e-23
1.7039321639824805e-23
1.7039355394115037e-23
1.7039380673517813e-23
1.7039397527533206e-23
1.7039405988150948e-23
1.7039406069884866e-23
1.7039397769777318e-23
1.7039381067362537e-23
1.703935592460141e-23
1.7039322285778757e-23
1.7039280077364075e-23
1.7039229207835867e-23
1.7039169567473906e-23
1.7039101028106997e-23
1.703902344283128e-23
1.7038936645681657e-23
1.7038840451270347e-23
1.7038734654382025e-23
1.7038619029528654e-23
1.703849333046187e-23
1.7038357289642768e-23
1.7038210617665734e-23
1.7038053002639707e-23
1.7037884109515108e-23
1.7037703579372043e-23
1.7037511028651505e-23
1.7037306048336347e-23
1.7037088203076036e-23
1.703685703026489e-23
1.7036612039050048e-23
1.7036352709289104e-23
1.7036078490440904e-23
1.7035788800398842e-23
1.7035483024242968e-23
1.70351605129395e-23
1.7034820581957772e-23
1.7034462509821083e-23
1.7034085536552674e-23
1.703368886209238e-23
1.70332716445567e-23
1.7032832998486645e-23
1.703237199293665e-23
1.703188764950966e-23
1.703137894028159e-23
1.7030844785595005e-23
1.703028405179569e-23
1.7029695548783587e-23
1.7029078027519963e-23
1.7028430177356163e-23
1.702775062323517e-23
1.7027037922781667e-23
1.7026290563229374e-23
1.702550695821766e-23
1.7024685444376196e-23
1.702382427785243e-23
1.7022921630531553e-23
1.7021975586202474e-23
1.70209841364436e-23
1.7019945176344747e-23
1.70188565000664e-23
1.701771579612532e-23
1.7016520642431444e-23
1.7015268501188744e-23
1.7013956713460788e-23
1.701258249350226e-23
1.7011142922814846e-23
1.7009634943977109e-23
1.7008055354069184e-23
1.7006400797819195e-23
1.7004667760597258e-23
1.7002852560672483e-23
1.7000951341592467e-23
1.6998960063814176e-23
1.6996874496072463e-23
1.6994690206461266e-23
1.699240255285443e-23
1.699000667296865e-23
1.6987497474033695e-23
1.6984869621907667e-23
1.6982117529564123e-23
1.6979235345315147e-23
1.6976216939995483e-23
1.6973055894099972e-23
1.696974548384622e-23
1.6966278666901976e-23
1.6962648067109907e-23
1.6958845958782852e-23
1.6954864250043143e-23
1.695069446543268e-23
1.6946327727541826e-23
1.6941754738413278e-23
1.693696575863112e-23
1.693195058737453e-23
1.6926698539470712e-23
1.692119842291201e-23
1.6915438514598673e-23
1.690940653465565e-23
1.6903089620119215e-23
1.689647429726536e-23
1.688954645204325e-23
1.6882291299121285e-23
1.6874693351246943e-23
1.6866736383178927e-23
1.6858403398612668e-23
1.6849676591721523e-23
1.684053730882061e-23
1.6830966007528145e-23
1.682094221364697e-23
1.681044447690915e-23
1.6799450322323112e-23
1.678793620372793e-23
1.677587744831959e-23
1.6763248204857997e-23
1.6750021384495237e-23
1.673616860286354e-23
1.6721660115645834e-23
1.670646475140615e-23
1.669054984460159e-23
1.6673881160615148e-23
1.6656422819846308e-23
1.6638137215722958e-23
1.6618984932489762e-23
1.6598924653744816e-23
1.65779130704346e-23
1.655590478116321e-23
1.6532852188409747e-23
1.6508705391298617e-23
1.6483412069056966e-23
1.645691736388808e-23
1.6429163748375172e-23
1.6400090895743089e-23
1.636963553973361e-23
1.633773132235772e-23
1.6304308643187731e-23
1.6269294491370705e-23
1.6232612269821904e-23
1.61941816160234e-23
1.615391820984434e-23
1.6111733564926655e-23
1.6067534818693277e-23
1.602122450058816e-23
1.597270029744065e-23
1.5921854794622938e-23
1.5868575211534278e-23
1.5812743115812835e-23
1.575423412937339e-23
1.569291760297052e-23
1.562865627935077e-23
1.5561305952154634e-23
1.5490715066382263e-23
1.5416724343586827e-23
1.5339166315544696e-23
1.5257864945499454e-23
1.5172635064281635e-23
1.5083281937642797e-23
1.4989600664427e-23
1.4891375652989398e-23
1.4788379985018025e-23
1.4680374760669197e-23
1.456710842396535e-23
1.4448316048814055e-23
1.4323718470407693e-23
1.4193021607372165e-23
1.4055915398710472e-23
1.3912073032549855e-23
1.3761149830698784e-23
1.3602782291419343e-23
1.3436586922754485e-23
1.3262159130373064e-23
1.3079071959975062e-23
1.288687491723865e-23
1.2685092696029703e-23
1.2473223863352501e-23
1.2250739821369762e-23
1.2017083508214635e-23
1.177166891037434e-23
1.1513880203134609e-23
