4.036772762618798e-24
4.16556841459362e-24
4.286654969796832e-24
4.4002854398923456e-24
4.506697759657998e-24
4.606115122598061e-24
4.698746328087676e-24
4.784786128814121e-24
4.864415570789622e-24
4.937802320722036e-24
5.005100977382311e-24
5.06645336428695e-24
5.121988802526028e-24
5.17182436232349e-24
5.2160650928495925e-24
5.254804229658029e-24
5.2881233797619564e-24
5.316092683843223e-24
5.338770955867661e-24
5.35620579986281e-24
5.3684337038383196e-24
5.3754801111625745e-24
5.377359468893008e-24
5.374075253470399e-24
5.3656199736454546e-24
5.351975150547945e-24
5.3331112747333356e-24
5.3089877404501215e-24
5.279552756782441e-24
5.244743235514571e-24
5.2044846559035494e-24
5.158690905947879e-24
5.10726410037766e-24
5.050094375042708e-24
4.9870596580607756e-24
4.9180254177787536e-24
4.842844387847076e-24
4.76135627042361e-24
4.6733874181259896e-24
4.578750496806349e-24
4.4772441317130945e-24
4.36865254077155e-24
4.252745160773583e-24
4.129276275874376e-24
3.9979846603481464e-24
3.858593257134739e-24
3.710808921955204e-24
3.5543222821493e-24
3.3888077878080746e-24
3.2139240829797428e-24
3.029314913674285e-24
2.834610951912386e-24
2.6294332305410698e-24
2.413399522242438e-24
2.186136379432223e-24
1.947302778828915e-24
1.6966395746999188e-24
1.434082724991221e-24
1.1600578350245737e-24
8.7640142999554e-25
5.90171146755713e-25
3.375765831175488e-25
3.095116057436637e-25
5.728062225684869e-25
9.2145950777602e-25
1.3043282594601062e-24
1.712304189467522e-24
2.1433275475733125e-24
2.597183108221434e-24
3.07432471486604e-24
3.575516468481633e-24
4.101699787500693e-24
4.6539375562334764e-24
5.233388883729231e-24
5.841297513331436e-24
6.478986922981152e-24
7.147858994349471e-24
7.849394737846019e-24
8.585156300644465e-24
9.356789852333047e-24
1.0166029111953886e-23
1.1014699398946529e-23
1.1904722135340551e-23
1.283811976484804e-23
1.381702107824497e-23
1.484366694002725e-23
1.592041643074759e-23
1.7049753422192616e-23
1.8234293604875716e-23
1.9476791997439295e-23
2.0780150968759038e-23
2.2147428815015515e-23
2.3581848918273042e-23
2.5086809551031378e-23
2.6665894356263587e-23
2.832288357567013e-23
3.0061766072032194e-23
3.1886752226834697e-23
3.380228776090819e-23
3.581306860618301e-23
3.792405685553799e-23
4.0140497932441305e-23
4.2467939096214905e-23
4.491224932654822e-23
4.7479640856099727e-23
5.017669234837818e-23
5.301037397289999e-23
5.598807455552253e-23
5.911763096140824e-23
6.240735995805058e-23
6.586609282010632e-23
6.95032129218331e-23
7.332869665511749e-23
7.735315800166767e-23
8.15878971480651e-23
8.604495356874616e-23
9.07371641403326e-23
9.567822669418702e-23
1.0088276973392119e-22
1.0636642912827338e-22
1.1214593209251804e-22
1.1823919019044504e-22
1.2466540140587236e-22
1.3144516324435757e-22
1.386005976564161e-22
1.4615548964335174e-22
1.5413544095147628e-22
1.6256804097525674e-22
1.7148305719631053e-22
1.8091264762443433e-22
1.908915979650365e-22
2.0145758757875353e-22
2.126514877156934e-22
2.2451769583542743e-22
2.3710451404453104e-22
2.504645735826023e-22
2.6465531647258154e-22
2.797395398439343e-22
2.957860143080865e-22
3.1287018699969736e-22
3.310749819106267e-22
3.5049171413796956e-22
3.7122113452280205e-22
3.93374626904894e-22
4.170755816874484e-22
4.424609740003048e-22
4.696831801999878e-22
4.989120684109632e-22
5.303374103705884e-22
5.641716553582193e-22
6.006531334113635e-22
6.400497267149425e-22
6.826630854341615e-22
7.288334312832213e-22
7.78944992237552e-22
8.334320763815077e-22
8.927857389592156e-22
9.575608969332234e-22
1.0283835444882803e-21
1.1059574809095237e-21
1.1910694238141461e-21
1.2845906881434391e-21
1.387472341669005e-21
1.5007290195894975e-21
1.6254038265870506e-21
1.7625029680226976e-21
1.912883928307587e-21
2.0770757758752596e-21
2.2550068610307755e-21
2.4456195829468716e-21
2.646374977856851e-21
2.8527063469275532e-21
3.0575837571961885e-21
3.2514790362076658e-21
3.423087038083342e-21
3.5610052960482685e-21
3.6561048487397155e-21
3.703742432517094e-21
3.704786152826507e-21
3.664977662582357e-21
3.593062812234151e-21
3.498640113804445e-21
3.390513172173163e-21
3.2758263169821453e-21
3.1598595282447618e-21
3.046214080521102e-21
2.9371542715311413e-21
2.833962042406974e-21
2.737239085275615e-21
2.647138923238859e-21
2.5635341630266712e-21
2.486131888531318e-21
2.414550464631366e-21
2.3483692750831385e-21
2.287159851729749e-21
2.230504502974497e-21
2.178007027806968e-21
2.129297923162306e-21
2.08403660857221e-21
2.0419114099498637e-21
2.0026385335119678e-21
