1.42304936726444e-22
1.423178077707532e-22
1.423298101729272e-22
1.4234096940893293e-22
1.4235130916473311e-22
1.4236085138667592e-22
1.4236961632816542e-22
1.423776225927034e-22
1.4238488717349892e-22
1.4239142548956584e-22
1.4239725141855377e-22
1.424023773262046e-22
1.4240681409269907e-22
1.4241057113577828e-22
1.4241365643077818e-22
1.4241607652760937e-22
1.424178365646734e-22
1.4241894027983816e-22
1.4241939001837426e-22
1.4241918673798415e-22
1.4241833001084694e-22
1.4241681802278253e-22
1.4241464756937638e-22
1.4241181404921308e-22
1.4240831145419838e-22
1.4240413235671741e-22
1.423992678940525e-22
1.4239370774943787e-22
1.4238744013030414e-22
1.4238045174318758e-22
1.4237272776565048e-22
1.423642518147194e-22
1.4235500591223725e-22
1.4234497044672843e-22
1.4233412413171106e-22
1.423224439606504e-22
1.4230990515813688e-22
1.4229648112724083e-22
1.4228214339323e-22
1.4226686154311556e-22
1.42250603161027e-22
1.4223333375963097e-22
1.4221501670687794e-22
1.4219561314822864e-22
1.4217508192431187e-22
1.421533794836024e-22
1.4213045978998378e-22
1.4210627422503708e-22
1.4208077148507936e-22
1.420538974720253e-22
1.4202559517894385e-22
1.419958045687607e-22
1.4196446244726158e-22
1.4193150232851143e-22
1.4189685429433024e-22
1.418604448455939e-22
1.418221967463977e-22
1.4178202886003026e-22
1.4173985597705953e-22
1.416955886342776e-22
1.4164913292509415e-22
1.4160039029993356e-22
1.4154925735756243e-22
1.4149562562517517e-22
1.4143938132862342e-22
1.4138040515055122e-22
1.4131857197747942e-22
1.4125375063414008e-22
1.411858036054566e-22
1.4111458674354464e-22
1.4103994896317458e-22
1.4096173192034126e-22
1.408797696759477e-22
1.4079388834407497e-22
1.4070390572253367e-22
1.406096309064219e-22
1.4051086388200829e-22
1.4040739510300809e-22
1.4029900504553488e-22
1.4018546374091307e-22
1.4006653028906444e-22
1.3994195234561775e-22
1.398114655863037e-22
1.3967479314596906e-22
1.395316450300725e-22
1.3938171749893534e-22
1.3922469242243198e-22
1.3906023660435726e-22
1.388880010737001e-22
1.3870762034355581e-22
1.3851871163575509e-22
1.3832087406502543e-22
1.3811368778820296e-22
1.378967131113452e-22
1.376694895563988e-22
1.3743153487854264e-22
1.3718234404391068e-22
1.3692138815355303e-22
1.3664811331957853e-22
1.36361939486085e-22
1.360622591936548e-22
1.357484362867235e-22
1.354198045599861e-22
1.3507566633945805e-22
1.3471529099388546e-22
1.3433791338019017e-22
1.3394273221314048e-22
1.335289083545642e-22
1.33095563025233e-22
1.3264177592596445e-22
1.3216658327847918e-22
1.3166897576020985e-22
1.3114789635667755e-22
1.3060223808695224e-22
1.300308416524735e-22
1.2943249293617153e-22
1.2880592042060693e-22
1.2814979243906769e-22
1.2746271433912248e-22
1.2674322546309842e-22
1.2598979602469525e-22
1.2520082380133629e-22
1.243746306909374e-22
1.2350945905274876e-22
1.2260346795595965e-22
1.2165472912423e-22
1.206612227833992e-22
1.1962083325249532e-22
1.1853134430155532e-22
1.173904342828007e-22
1.1619567104379304e-22
1.149445065091692e-22
1.1363427102196835e-22
1.1226216736254482e-22
1.1082526443090611e-22
1.0932049058059808e-22
1.077446265488876e-22
1.060942979723242e-22
1.0436596743192757e-22
1.0255592590415965e-22
1.0066028379918612e-22
9.867496105672503e-23
9.659567667685397e-23
9.441793729147097e-23
9.213702453039267e-23
8.97479811701236e-23
8.724559560091445e-23
8.462438408441194e-23
8.187857040447878e-23
7.900206178131186e-23
7.598841978235478e-23
7.283082423256792e-23
6.952202693219971e-23
6.605429036593699e-23
6.241930317837048e-23
5.860805916401765e-23
5.461067537240462e-23
5.0416106603033735e-23
4.6011671455303106e-23
4.1382218533904596e-23
3.650855172639325e-23
3.1364194879920544e-23
2.5907985323150635e-23
2.006448452613084e-23
1.3660287605634256e-23
6.145219368750899e-24
7.456324539143295e-24
1.3501083693015758e-23
4.871879968313862e-24
1.3881509975835038e-23
2.2191539521330064e-23
3.050009639805484e-23
3.901952345087058e-23
4.7842070156587566e-23
5.702069647866551e-23
6.659283302235861e-23
7.65891016835199e-23
8.703705684268255e-23
9.796298856081572e-23
1.0939287928213886e-22
1.2135295877235012e-22
1.338700498642518e-22
1.4697180226542743e-22
1.6068686632439074e-22
1.7504502525943297e-22
1.9007731120984722e-22
2.0581610515984646e-22
2.222952300136166e-22
2.3955004467261474e-22
2.5761752969903353e-22
2.765363796334648e-22
2.9634709338049176e-22
3.1709206853835826e-22
3.3881569907660907e-22
3.615644763625549e-22
3.853870934746874e-22
4.103345554168265e-22
4.364602953691497e-22
4.638202922444665e-22
4.924732005521796e-22
5.224804823765839e-22
