1.8078731707495656e-24
1.7931246847947754e-24
1.7793585781257024e-24
1.7665155105278352e-24
1.7545398080564375e-24
1.7433793084014147e-24
1.7329852071431862e-24
1.72331190579069e-24
1.7143168624330996e-24
1.7059604457507667e-24
1.6982057930628775e-24
1.6910186729826465e-24
1.684367353195451e-24
1.6782224737693787e-24
1.6725569263364113e-24
1.6673457394230875e-24
1.6625659701244827e-24
1.658196602279522e-24
1.6542184512290024e-24
1.6506140752245055e-24
1.6473676934896284e-24
1.6444651109340868e-24
1.6418936494709556e-24
1.6396420858945914e-24
1.637700596250046e-24
1.6360607066171422e-24
1.6347152502425632e-24
1.6336583309363439e-24
1.6328852926711015e-24
1.6323926953128952e-24
1.632178296432687e-24
1.6322410391456907e-24
1.6325810459632138e-24
1.6331996186051653e-24
1.6340992438017658e-24
1.6352836050481328e-24
1.6367576003655385e-24
1.6385273660583102e-24
1.6406003065338053e-24
1.642985130210149e-24
1.6456918915620187e-24
1.6487320393508277e-24
1.6521184711136943e-24
1.6558655939113612e-24
1.659989391415508e-24
1.6645074973230493e-24
1.6694392751125507e-24
1.674805904124582e-24
1.6806304718888522e-24
1.6869380726147747e-24
1.693755911709008e-24
1.7011134161052313e-24
1.7090423501612545e-24
1.71757693681039e-24
1.726753983525752e-24
1.73661301268351e-24
1.7471963956966485e-24
1.7585494903327374e-24
1.770720780423024e-24
1.7837620171997616e-24
1.7977283613369196e-24
1.8126785247374694e-24
1.8286749110564778e-24
1.8457837539256945e-24
1.8640752517798238e-24
1.883623698294429e-24
1.904507607380737e-24
1.9268098318559625e-24
1.9506176749959067e-24
1.9760229943618957e-24
2.003122297357813e-24
2.032016828484046e-24
2.0628126482388783e-24
2.095620704077886e-24
2.1305568940826604e-24
2.1677421243994933e-24
2.2073023615913214e-24
2.249368681694519e-24
2.2940773176335053e-24
2.3415697071110038e-24
2.3919925431811424e-24
2.44549782963351e-24
2.5022429435542808e-24
2.562390707027711e-24
2.626109470129185e-24
2.6935732067152576e-24
2.7649616243488734e-24
2.840460289452642e-24
2.9202607679091103e-24
3.0045607813266073e-24
3.0935643780921936e-24
3.1874821183117868e-24
3.2865312708895296e-24
3.390936020302554e-24
3.5009276806852e-24
3.616744913479172e-24
3.73863394501564e-24
3.866848779970248e-24
4.001651405206726e-24
4.1433119794536286e-24
4.292109003034925e-24
4.448329460136401e-24
4.612268929116257e-24
4.784231651534006e-24
4.9645305524444745e-24
5.153487204712936e-24
5.351431726493334e-24
5.5587026030801695e-24
5.775646421668677e-24
6.002617508897901e-24
6.239977456355801e-24
6.488094524879848e-24
6.747342907702294e-24
7.018101844512256e-24
7.300754564208087e-24
7.595687043637685e-24
7.903286563426542e-24
8.223940043712739e-24
8.558032142596913e-24
8.905943095936194e-24
9.268046286570313e-24
9.644705522357749e-24
1.0036272007619735e-23
1.0443080999358555e-23
1.0865448134375998e-23
1.1303665423718859e-23
1.175799691743737e-23
1.2228674036843758e-23
1.2715890598726364e-23
1.3219797547022866e-23
1.3740497432502613e-23
1.4278038679366006e-23
1.483240970165342e-23
1.540353294644416e-23
1.5991258952882826e-23
1.6595360529679484e-23
1.7215527171904476e-23
1.785135987542021e-23
1.8502366466164447e-23
1.9167957643835674e-23
1.9847443897567006e-23
2.0540033450531915e-23
2.1244831454621967e-23
2.1960840555960958e-23
2.2686962996977984e-23
2.3422004383346795e-23
2.4164679212857884e-23
2.4913618169912336e-23
2.5667377257003332e-23
2.6424448667375984e-23
2.718327328113255e-23
2.794225462302067e-23
2.8699774051612496e-23
2.94542069186355e-23
3.0203939308651505e-23
3.094738507588684e-23
3.1683002667824333e-23
3.240931155945636e-23
3.312490762354255e-23
3.38284774184677e-23
3.451881069857656e-23
3.519481135539539e-23
3.585550609984808e-23
3.65000510994664e-23
3.712773650661549e-23
3.773798857778551e-23
3.833036998984453e-23
3.890457788115527e-23
3.9460440434966273e-23
3.999791166399729e-23
4.051706507078458e-23
4.101808630758599e-23
4.1501264851776877e-23
4.196698553058863e-23
4.241571946349568e-23
4.2848015109103775e-23
4.326448967672468e-23
4.3665820538995137e-23
4.405273721016996e-23
4.4426014194781327e-23
4.478646405718213e-23
4.5134931558960894e-23
4.5472288373784084e-23
4.579942872802069e-23
4.611726562620089e-23
4.642672808372984e-23
4.6728758652339195e-23
4.7024312532527706e-23
4.7314356036107735e-23
4.7599866986334595e-23
4.78818350298442e-23
4.816126238714457e-23
4.843916569343974e-23
4.871657759593798e-23
4.8994549543772324e-23
4.9274154236684554e-23
4.955648893981459e-23
4.98426792954602e-23
5.01338826767137e-23
5.0431292615356215e-23
5.0736143083108956e-23
