5.923551800025613e-23
5.943295403978423e-23
5.962126089663129e-23
5.980083821566067e-23
5.997206710526318e-23
6.013531094745021e-23
6.029091617015684e-23
6.04392129834858e-23
6.058051608137015e-23
6.071512531028158e-23
6.084332630624308e-23
6.096539110166922e-23
6.108157870325585e-23
6.119213564209236e-23
6.129729649731e-23
6.139728439427047e-23
6.149231147839129e-23
6.158257936562037e-23
6.166827957052591e-23
6.174959391289661e-23
6.182669490371221e-23
6.189974611138996e-23
6.196890250889916e-23
6.203431080266607e-23
6.209610974396861e-23
6.215443042324793e-23
6.220939654833866e-23
6.226112470669793e-23
6.230972461290441e-23
6.235529934114265e-23
6.239794554385271e-23
6.243775365641549e-23
6.247480808900042e-23
6.250918740520182e-23
6.254096448848063e-23
6.257020669640704e-23
6.259697600312082e-23
6.262132913037503e-23
6.264331766723269e-23
6.266298817915407e-23
6.268038230595596e-23
6.269553684932284e-23
6.270848385037897e-23
6.271925065645009e-23
6.272785997831089e-23
6.273432993713879e-23
6.273867410189443e-23
6.274090151660773e-23
6.27410167183089e-23
6.273901974480524e-23
6.273490613331991e-23
6.272866690875015e-23
6.272028856275356e-23
6.270975302266572e-23
6.26970376106141e-23
6.268211499258812e-23
6.266495311724965e-23
6.264551514476317e-23
6.262375936476884e-23
6.259963910384825e-23
6.257310262220084e-23
6.254409299850306e-23
6.25125480041752e-23
6.247839996525116e-23
6.244157561248937e-23
6.240199591860052e-23
6.235957592285214e-23
6.231422454217123e-23
6.226584436833535e-23
6.221433145166439e-23
6.215957506804215e-23
6.210145747246583e-23
6.20398536352893e-23
6.197463096165274e-23
6.190564899390757e-23
6.183275909580868e-23
6.175580411697004e-23
6.167461803740529e-23
6.158902559198777e-23
6.149884187221076e-23
6.14038719041864e-23
6.130391020463818e-23
6.11987403088921e-23
6.108813427476051e-23
6.097185215482495e-23
6.08496414440248e-23
6.07212364903744e-23
6.058635787870149e-23
6.04447117740645e-23
6.029598923271755e-23
6.013986547244682e-23
5.997599910219014e-23
5.980403130853557e-23
5.962358499762894e-23
5.943426388516858e-23
5.92356515395566e-23
5.90273103664263e-23
5.880878053871925e-23
5.857957886194695e-23
5.833919757621319e-23
5.808710309046755e-23
5.782273463662129e-23
5.754550285369477e-23
5.725478827949599e-23
5.694993975919432e-23
5.663027275627391e-23
5.629506755849109e-23
5.594356738133005e-23
5.557497634776992e-23
5.51884573478994e-23
5.478312976472275e-23
5.435806705157819e-23
5.39122941638189e-23
5.344478481460209e-23
5.295445856517966e-23
5.2440177710867513e-23
5.1900743970173143e-23
5.133489494903248e-23
5.074130036350984e-23
5.011855800296542e-23
4.9465189415117716e-23
4.8779635287497976e-23
4.8060250496076464e-23
4.730529880529108e-23
4.651294716851562e-23
4.568125961976225e-23
4.480819069969663e-23
4.389157838805608e-23
4.292913648235261e-23
4.1918446394070865e-23
4.085694829673935e-23
3.9741931550477155e-23
3.857052437285756e-23
3.73396826524325e-23
3.604617783871148e-23
3.468658382460751e-23
3.3257262740611765e-23
3.175434955043808e-23
3.017373539157825e-23
2.8511049569761325e-23
2.676164022069414e-23
2.4920553684979502e-23
2.2982512945718212e-23
2.094189591030879e-23
1.8792715563174577e-23
1.6528606932066818e-23
1.4142834302595918e-23
1.162835925379446e-23
8.97811814855142e-24
6.1862417530880656e-24
3.2565374983849673e-24
6.061362046705815e-25
3.2743719872329096e-24
6.73086130512701e-24
1.0406625467715444e-23
1.430075580436056e-23
1.842505833885913e-23
2.2794534067818042e-23
2.7426145122861295e-23
3.2338633066927215e-23
3.7552588550066743e-23
4.3090616065245956e-23
4.8977554747751213e-23
5.524074630012172e-23
6.191035149986509e-23
6.901972072595898e-23
7.660582802612885e-23
8.47097799410396e-23
9.337741447678334e-23
1.026600092504253e-22
1.1261512130292082e-22
1.2330759032136705e-22
1.3481074090100792e-22
1.472078338319621e-22
1.6059382694748626e-22
1.750775268918647e-22
1.9078423678944455e-22
2.0785903813636462e-22
2.264708902298211e-22
2.46817801009115e-22
2.6913340239501204e-22
2.93695404531298e-22
3.2083658292268144e-22
3.5095922989227073e-22
3.8455441850932287e-22
4.222280606367088e-22
4.647367200403392e-22
5.130377402387937e-22
5.683608233564065e-22
6.323126069860933e-22
7.070334326468616e-22
7.954395083763921e-22
9.01610038294478e-22
1.0314318527417864e-21
1.1937260924120786e-21
1.4023371593337318e-21
1.680300822863433e-21
2.0689826230680555e-21
2.6507989293117087e-21
3.616722459822569e-21
5.530739137921525e-21
