2.9627754599872552e-21
3.0527708340077514e-21
3.148375880811727e-21
3.2497128834436674e-21
3.3569100022458785e-21
3.4701011369701904e-21
3.589425752656426e-21
3.715028708307801e-21
3.847060074818359e-21
3.98567494418509e-21
4.131033221152198e-21
4.2832994089655005e-21
4.442642382973521e-21
4.609235168307861e-21
4.783254668501837e-21
4.9648814296941404e-21
5.1542993766371785e-21
5.351695525506572e-21
5.557259722989815e-21
5.771184350936391e-21
5.9936640433277084e-21
6.224895392273207e-21
6.4650766648470105e-21
6.7144075042931826e-21
6.973088647658228e-21
7.241321656541985e-21
7.519308634453062e-21
7.807251975959292e-21
8.105354109599772e-21
8.413817287884503e-21
8.732843367930091e-21
9.062633605456163e-21
9.403388535658385e-21
9.755307787645511e-21
1.0118590014850738e-20
1.0493432793628967e-20
1.0880032589343085e-20
1.1278584752313899e-20
1.1689283540472927e-20
1.2112322186415019e-20
1.2547892995417545e-20
1.2996187492093329e-20
1.345739660603552e-20
1.393171086963889e-20
1.4419320691977636e-20
1.4920416644508632e-20
1.54351897838868e-20
1.5963832011290788e-20
1.6506536468553942e-20
1.7063497942314233e-20
1.7634913323950497e-20
1.8220982064073715e-20
1.8821906661510672e-20
1.9437893184529946e-20
2.006915176983333e-20
2.0715897144776587e-20
2.137834921195208e-20
2.2056733518867177e-20
2.275128185523314e-20
2.346223280137457e-20
2.4189832212744133e-20
2.4934333823155184e-20
2.5695999705416137e-20
2.6475100825486593e-20
2.7271917536699933e-20
2.808674007894865e-20
2.891986899072342e-20
2.977161572067121e-20
3.064230282407785e-20
3.1532264652566395e-20
3.244184759351394e-20
3.3371410486196883e-20
3.4321325063986447e-20
3.529197622781751e-20
3.6283762479217554e-20
3.7297096142443017e-20
3.833240370860683e-20
3.9390126307232336e-20
4.0470719631935403e-20
4.1574654458650924e-20
4.27024171047607e-20
4.385450929801442e-20
4.503144857303185e-20
4.6233768245615144e-20
4.746201876046454e-20
4.871676595107499e-20
4.9998593381861867e-20
5.130810137660807e-20
5.264590638504199e-20
5.4012644400938205e-20
5.540896749476669e-20
5.683554525245314e-20
5.829306752561147e-20
5.9782239666967e-20
6.130378770714493e-20
6.285845660278469e-20
6.444700696193312e-20
6.607022465554141e-20
6.772891004245005e-20
6.942388494452036e-20
7.115599103467031e-20
7.292609145761736e-20
7.473507009724236e-20
7.658382893575107e-20
7.84732935380418e-20
8.040441150562522e-20
8.237815028437707e-20
8.439550211666732e-20
8.645747491278257e-20
8.856511053329573e-20
9.071946250805869e-20
9.292161238640452e-20
9.51726690053298e-20
9.74737676842206e-20
9.982604913708964e-20
1.0223070100567907e-19
1.0468892047718389e-19
1.0720193901516775e-19
1.0977101367375884e-19
1.1239742646276432e-19
1.1508247633376042e-19
1.1782749994449443e-19
1.206338583701402e-19
1.235029343882579e-19
1.264361523958636e-19
1.2943494072513027e-19
1.3250077902629865e-19
1.3563515189162032e-19
1.3883960749368615e-19
1.4211566572204867e-19
1.4546497753124145e-19
1.4888907085877993e-19
1.5238963900340387e-19
1.5596836053546617e-19
1.5962689411503993e-19
1.633669812905276e-19
1.6719042204056885e-19
1.7109892895897726e-19
1.750943786599859e-19
1.7917859887411626e-19
1.8335345686455927e-19
1.8762082246901475e-19
1.9198268660516123e-19
1.9644097631064567e-19
2.009976524121998e-19
2.056547632433116e-19
2.1041433076473143e-19
2.152784130113147e-19
2.202490847445805e-19
2.253284129374303e-19
2.3051861172853337e-19
2.358217230573057e-19
2.4123999773701357e-19
2.4677570066566676e-19
2.524309214359146e-19
2.5820770172384766e-19
2.641084910147276e-19
2.7013563361810177e-19
2.762910042055052e-19
2.8257731346549034e-19
2.889963807343891e-19
2.9555063571479263e-19
3.0224237524410323e-19
3.0907359661059765e-19
3.1604699306008383e-19
3.231643468498476e-19
3.304280072801481e-19
3.3784012056019434e-19
3.454028525419777e-19
3.5311766678225414e-19
3.609876959996489e-19
3.6901440816301424e-19
3.7719948353324067e-19
3.855453679217912e-19
3.9405400297393306e-19
4.027260250780942e-19
4.115638015601839e-19
4.205696259920859e-19
4.2974323458476855e-19
4.390879692470739e-19
4.48603466313921e-19
4.582927346405759e-19
4.681543998570132e-19
4.781898344918707e-19
4.884014085138001e-19
4.987881247121503e-19
5.093511557746222e-19
5.200893712386997e-19
5.310021054473949e-19
5.420924344975721e-19
5.533563792533694e-19
5.647959276731729e-19
5.764063551678685e-19
5.881917682004741e-19
6.001434880926411e-19
6.122657207781343e-19
6.245541976943035e-19
6.370048141450537e-19
6.496147639323621e-19
6.623830985564684e-19
6.753092732042766e-19
