1.8691817918753574e-23
2.093409032127732e-23
2.3055407754707434e-23
2.5060270445528244e-23
2.695293201381149e-23
2.873740822006193e-23
3.041748534458613e-23
3.199672814489842e-23
3.3478487378317645e-23
3.486590688776816e-23
3.616193025807265e-23
3.7369307054247735e-23
3.8490598648998395e-23
3.952818365386818e-23
4.048426296227923e-23
4.1360864415528235e-23
4.215984710053525e-23
4.288290529026354e-23
4.3531572031693047e-23
4.4107222391085915e-23
4.461107636389e-23
4.504420145240053e-23
4.540751492039438e-23
4.5701785725313223e-23
4.592763613521693e-23
4.608554303309257e-23
4.617583891002511e-23
4.619871254852326e-23
4.615420940233554e-23
4.604223166518684e-23
4.586253803606708e-23
4.5614743176294115e-23
4.5298316857540904e-23
4.491258279850574e-23
4.4456717190535466e-23
4.392974690292478e-23
4.3330547371295056e-23
4.265784015668984e-23
4.191019017698736e-23
4.1086002599149654e-23
4.018351938903506e-23
3.9200815512587335e-23
3.813579477530393e-23
3.6986185299859157e-23
3.5749534630503846e-23
3.4423204454947974e-23
3.300436494524883e-23
3.1489988708413454e-23
2.987684435896771e-23
2.8161489723176454e-23
2.6340264720168997e-23
2.4409284007425773e-23
2.236442957724277e-23
2.0201343714076843e-23
1.791542325683717e-23
1.5501817537688212e-23
1.295543670959635e-23
1.027099298402224e-23
7.443172121752542e-24
4.46758438966028e-24
1.355610230096274e-24
2.0023972750103306e-24
5.45764042733119e-24
9.102191266395998e-24
1.2934337797852727e-23
1.6961069085106415e-23
2.1190685590548326e-23
2.5632143928591973e-23
3.029493536404987e-23
3.5189064402436884e-23
4.0325055308835144e-23
4.5713968915581555e-23
5.136742429130363e-23
5.729762333424998e-23
6.351737755068781e-23
7.004013668725697e-23
7.688001916055506e-23
8.405184423385925e-23
9.157116600291893e-23
9.945430926450994e-23
1.0771840731928798e-22
1.163814418608537e-22
1.2546228498350261e-22
1.3498074352805778e-22
1.4495760580456748e-22
1.5541469088962042e-22
1.6637490060482096e-22
1.7786227439739043e-22
1.8990204721010563e-22
2.0252071062437073e-22
2.1574607737132262e-22
2.2960734954938664e-22
2.441351905862604e-22
2.5936180145449774e-22
2.7532100111378667e-22
2.9204831170950743e-22
3.095810486702007e-22
3.2795841614163226e-22
3.472216079950538e-22
3.6741391484022596e-22
3.8858083767818965e-22
4.1077020810524623e-22
4.340323160940163e-22
4.584200456821137e-22
4.839890189442162e-22
5.10797749171909e-22
5.389078036260766e-22
5.683839769517252e-22
5.992944755981009e-22
6.317111145489622e-22
6.657095267962103e-22
7.0136938726635e-22
7.3877465139142875e-22
7.780138106381985e-22
8.191801650831026e-22
8.623721158063857e-22
9.076934775208739e-22
9.552538142890557e-22
1.0051687987111957e-21
1.0575605994529777e-21
1.1125582951808232e-21
1.1702983226675944e-21
1.2309249576092002e-21
1.2945908340638358e-21
1.3614575028364712e-21
1.4316960380482297e-21
1.5054876911009114e-21
1.5830245982119148e-21
1.6645105489784166e-21
1.750161819529828e-21
1.8402080781908938e-21
1.934893370324073e-21
2.034477192173967e-21
2.139235661477025e-21
2.24946279760353e-21
2.3654719194607066e-21
2.487597177442157e-21
2.616195238273135e-21
2.7516471337152454e-21
2.894360292377307e-21
3.044770783129614e-21
3.203345794897548e-21
3.370586373446294e-21
3.547030464004856e-21
3.733256281800408e-21
3.9298860608909174e-21
4.137590239792271e-21
4.3570921470053896e-21
4.58917321465866e-21
4.8346788523707536e-21
5.0945250707976974e-21
5.369705889818298e-21
5.66130178396924e-21
5.9704891870563735e-21
6.298551352687182e-21
6.646890656933604e-21
7.017042718157592e-21
7.410692570131588e-21
7.829693209754818e-21
8.276087077087215e-21
8.752130877733352e-21
9.260324412746792e-21
9.8034442659343e-21
1.0384583218263968e-20
1.1007196696147513e-20
1.1675157484216429e-20
1.2392820946346394e-20
1.3165102769636724e-20
1.3997572100243212e-20
1.4896564225023138e-20
1.5869317113493052e-20
1.6924138742523604e-20
1.8070612439638605e-20
1.9319851980707206e-20
2.068482001762782e-20
2.218073008062608e-20
2.3825557752591133e-20
2.5640697171280903e-20
2.7651815724728484e-20
2.9889976238293906e-20
3.239313378145457e-20
3.520815800894024e-20
3.839361279628026e-20
4.202363873543875e-20
4.6193494370928756e-20
5.102763205031583e-20
5.669177729621268e-20
6.341151875515497e-20
7.15018860252402e-20
8.141627720766704e-20
9.383115221849061e-20
1.0980089950137334e-19
1.3106035158571107e-19
1.6066587341467564e-19
2.0449851162651e-19
2.752497361568056e-19
4.0433861818882487e-19
6.697188556379006e-19
9.336752093432156e-19
6.301389482510547e-19
4.072748706646779e-19
