1.547563711885391e-24
1.5858068908011692e-24
1.6263680990090541e-24
1.668962949796612e-24
1.7133585200590838e-24
1.759366394782298e-24
1.8068362395015773e-24
1.855650032924392e-24
1.9057169998808674e-24
1.9569692284670652e-24
2.009357922236086e-24
2.0628502235859326e-24
2.1174265392256407e-24
2.1730783000401473e-24
2.2298060923590283e-24
2.2876181045822075e-24
2.3465288394068067e-24
2.4065580491242088e-24
2.467729857331977e-24
2.530072036642042e-24
2.593615415805843e-24
2.6583933950296848e-24
2.7244415509336075e-24
2.791797316193291e-24
2.860499721087427e-24
2.930589186512908e-24
3.002107359696283e-24
3.0750969853774484e-24
3.149601806406139e-24
3.2256664886617653e-24
3.303336566352137e-24
3.382658403825427e-24
3.463679171506373e-24
3.5464468332084426e-24
3.631010142911573e-24
3.717418649528302e-24
3.805722708099137e-24
3.895973496282112e-24
3.98822303547636e-24
4.082524215299937e-24
4.178930821465317e-24
4.277497565826081e-24
4.378280118718418e-24
4.4813351428593565e-24
4.5867203288522724e-24
4.694494431762632e-24
4.8047173088519654e-24
4.9174499580659315e-24
5.032754557443831e-24
5.150694505062298e-24
5.271334459787361e-24
5.39474038236674e-24
5.520979577391735e-24
5.650120735397077e-24
5.782233975942604e-24
5.917390890823413e-24
6.055664587992425e-24
6.197129736140504e-24
6.3418626094615414e-24
6.489941133647218e-24
6.641444931738868e-24
6.796455371320577e-24
6.955055611854961e-24
7.117330653133717e-24
7.283367384162453e-24
7.45325463295865e-24
7.627083217213814e-24
7.804945995736392e-24
7.986937920689335e-24
8.173156091162494e-24
8.363699806790025e-24
8.558670623712802e-24
8.758172410123753e-24
8.962311404226748e-24
9.17119627223915e-24
9.384938168092335e-24
9.603650794475076e-24
9.827450464490759e-24
1.0056456165074435e-23
1.0290789621864333e-23
1.0530575364717e-23
1.0775940795336738e-23
1.1027016256187315e-23
1.1283935100267396e-23
1.154683376351298e-23
1.1815851837577039e-23
1.2091132145279896e-23
1.2372820817087467e-23
1.2661067368851137e-23
1.2956024782853053e-23
1.325784958859987e-23
1.3566701947151041e-23
1.3882745736646243e-23
1.420614863935584e-23
1.4537082231076005e-23
1.48757220737485e-23
1.52222478071557e-23
1.5576843245626692e-23
1.593969647669776e-23
1.6310999959397554e-23
1.6690950628463388e-23
1.7079749996303556e-23
1.7477604264002896e-23
1.7884724428081978e-23
1.8301326392311512e-23
1.8727631086057878e-23
1.9163864576360337e-23
1.9610258192271856e-23
2.00670486448144e-23
2.0534478154142928e-23
2.1012794579330247e-23
2.1502251546895732e-23
2.200310858623673e-23
2.2515631269344563e-23
2.3040091346600105e-23
2.3576766901834603e-23
2.4125942483959461e-23
2.4687909273113685e-23
2.5262965221754546e-23
2.58514152287782e-23
2.6453571274814163e-23
2.706975262714367e-23
2.770028596258315e-23
2.8345505575508816e-23
2.900575355710602e-23
2.968137993446969e-23
3.037274290033128e-23
3.1080208977805215e-23
3.180415325756213e-23
3.2544959502470924e-23
3.3303020471999244e-23
3.4078738031697145e-23
3.48725234126428e-23
3.568479741779004e-23
3.65159906874507e-23
3.736654378421847e-23
3.823690761938992e-23
3.912754362778698e-23
4.0038923853975404e-23
4.097153147158271e-23
4.192586085234791e-23
4.2902417732060495e-23
4.3901720009250557e-23
4.492429724108901e-23
4.5970691264768913e-23
4.7041457097430593e-23
4.813716184726037e-23
4.925838666063105e-23
5.0405725627582184e-23
5.157978703757361e-23
5.2781192940480217e-23
5.401058005038418e-23
5.526860011358527e-23
5.655591963539608e-23
5.78732209616888e-23
5.922120246464173e-23
6.060057826647337e-23
6.20120787925102e-23
6.345645252066676e-23
6.493446510876723e-23
6.644689902596892e-23
6.799455647269813e-23
6.957825748604839e-23
7.119883935878824e-23
7.285716360953418e-23
7.455410758933567e-23
7.629056772124407e-23
7.806746755964077e-23
7.988574773940777e-23
8.174637028965726e-23
8.36503178998284e-23
8.559860526270134e-23
8.759225904197185e-23
8.963234098923389e-23
9.171992548678075e-23
9.385611987157756e-23
9.604206103232572e-23
9.82788910589867e-23
1.0056780646962678e-22
1.0291001776753058e-22
1.0530677698300195e-22
1.077593304104987e-22
1.102689752426002e-22
1.1283706298670464e-22
1.1546492586858577e-22
1.1815398028603828e-22
1.2090564137587136e-22
1.2372135504566498e-22
1.2660260838725645e-22
1.29550927344453e-22
1.3256790568337453e-22
1.3565509271559192e-22
1.3881412559014008e-22
1.4204668934584021e-22
1.4535451346804757e-22
1.4873931569085633e-22
1.5220291889856764e-22
1.5574704477377951e-22
1.593737312093501e-22
1.6308473096547868e-22
1.6688216993871958e-22
