1.2748979610608208e-21
1.3130921778198748e-21
1.3536483720399883e-21
1.3966140104552432e-21
1.4420387637992618e-21
1.4899744289164613e-21
1.540474848648772e-21
1.593595817709509e-21
1.6493949969698952e-21
1.7079318210359854e-21
1.769267395268308e-21
1.8334643974683953e-21
1.9005869747551545e-21
1.970700638330465e-21
2.043872150485779e-21
2.1201694157480643e-21
2.199661368743001e-21
2.2824178609163897e-21
2.368509546450457e-21
2.4580077666078054e-21
2.550984443952368e-21
2.647511962994088e-21
2.7476630758502894e-21
2.851510784469756e-21
2.9591282542621383e-21
3.0705887164244278e-21
3.1859653772395395e-21
3.305331352229739e-21
3.4287595858350404e-21
3.5563227932640576e-21
3.68809341531058e-21
3.824143575341161e-21
3.9645450604422484e-21
4.1093692966314e-21
4.258687360237662e-21
4.41256998541079e-21
4.571087594535059e-21
4.734310337004107e-21
4.902308151881839e-21
5.075150831369664e-21
5.252908109866881e-21
5.4356497663567786e-21
5.6234457266776075e-21
5.816366194252668e-21
6.014481792148871e-21
6.2178637032914854e-21
6.4265838263895656e-21
6.640714949921127e-21
6.860330929783811e-21
7.085506865225177e-21
7.316319292801113e-21
7.55284637162273e-21
7.795168098071036e-21
8.043366483532801e-21
8.297525775507994e-21
8.55773264365729e-21
8.82407638902975e-21
9.096649143165455e-21
9.375546065249818e-21
9.660865520283517e-21
9.952709296964252e-21
1.0251182762536708e-20
1.0556395062379087e-20
1.0868459287973126e-20
1.1187492633204953e-20
1.151361658808266e-20
1.1846957055848499e-20
1.2187644512768873e-20
1.2535814186706279e-20
1.2891606133363288e-20
1.3255165439799852e-20
1.3626642256282813e-20
1.4006192031580437e-20
1.4393975518225224e-20
1.479015899122625e-20
1.519491418353809e-20
1.560841861998751e-20
1.6030855557878986e-20
1.6462414074508572e-20
1.690328923722598e-20
1.7353682225677078e-20
1.781380027990238e-20
1.8283856895853448e-20
1.8764071791360044e-20
1.9254671418828643e-20
1.9755888203853547e-20
2.02679617121194e-20
2.0791137454536752e-20
2.1325668643549744e-20
2.187181464267489e-20
2.2429841774128235e-20
2.300002369816107e-20
2.3582641050120572e-20
2.4177981864149608e-20
2.478634098077246e-20
2.5408021432019515e-20
2.6043332959704092e-20
2.6692593648911907e-20
2.73561293693538e-20
2.8034272875780175e-20
2.872736622658451e-20
2.9435758210276664e-20
3.0159807565898195e-20
3.089987913995166e-20
3.165634817618003e-20
3.2429598491814254e-20
3.32200205973159e-20
3.402801667348354e-20
3.4853995608306833e-20
3.569837639359617e-20
3.656158961108938e-20
3.7444069304792814e-20
3.8346265530988916e-20
3.926863344569032e-20
4.021164180167385e-20
4.117576813143292e-20
4.216149510258521e-20
4.316932574876704e-20
4.419976469024565e-20
4.525333342432657e-20
4.6330557525781207e-20
4.743198016767204e-20
4.855815542496288e-20
4.970964150738876e-20
5.088700989975455e-20
5.209085299505615e-20
5.332176657206511e-20
5.458035657830123e-20
5.586724888480029e-20
5.718306987958084e-20
5.852846561497363e-20
5.990409741929839e-20
6.131063354644036e-20
6.274876040885104e-20
6.421915834236751e-20
6.572255026964874e-20
6.725964350721439e-20
6.883117963252605e-20
7.043789623085856e-20
7.208055616282799e-20
7.375991944102215e-20
7.547677857204859e-20
7.723191943242857e-20
7.902617162192966e-20
8.086032261491449e-20
8.273523317863375e-20
8.465173038383081e-20
8.661066949877081e-20
8.861291312003091e-20
9.065935081978268e-20
9.275088165150217e-20
9.488837209081681e-20
9.707274557353519e-20
9.93049480319407e-20
1.0158585808357418e-19
1.0391645716948504e-19
1.0629770216000449e-19
1.0873046542373049e-19
1.1121572964629515e-19
1.1375456812495856e-19
1.163477591707921e-19
1.1899645222601832e-19
1.217014679591974e-19
1.2446388776021496e-19
1.2728481183905853e-19
1.30164835264897e-19
1.3310529422747218e-19
1.3610689702344298e-19
1.391708181274994e-19
1.4229780916284334e-19
1.454889159175699e-19
1.4874509939560962e-19
1.5206726768214725e-19
1.5545616597179807e-19
1.5891290447399854e-19
1.624380757443687e-19
1.6603270794824955e-19
1.6969767536456727e-19
1.7343357372773144e-19
1.7724103444892357e-19
1.8112095774417435e-19
1.8507398167461722e-19
1.8910050562934685e-19
1.9320127204867622e-19
1.9737668936908176e-19
2.0162733261024904e-19
2.059536827819472e-19
2.103560149188381e-19
2.1483381224410442e-19
2.193880553243034e-19
2.24018996431811e-19
2.287269633303766e-19
2.335093730767447e-19
2.3836833665352956e-19
2.433039699579784e-19
2.4831466632604016e-19
2.533989057359002e-19
2.585566940445223e-19
2.6378866328300615e-19
2.6909460807904057e-19
2.744696195212265e-19
