1.7384346932368757e-24
1.7309601285388904e-24
1.724108496149145e-24
1.717829083704904e-24
1.7120749478277375e-24
1.7068026819689343e-24
1.7019721908244482e-24
1.697546472425035e-24
1.6934914087590352e-24
1.6897755655585237e-24
1.6863700016658992e-24
1.683248088231894e-24
1.6803853378388186e-24
1.677759243517889e-24
1.6753491275198986e-24
1.6731359996214488e-24
1.6711024246743332e-24
1.6692323990602603e-24
1.66751123567331e-24
1.665925457025651e-24
1.664462696059097e-24
1.6631116042391583e-24
1.6618617664980157e-24
1.660703622611822e-24
1.6596283945927726e-24
1.6586280197002782e-24
1.6576950886786493e-24
1.656822788855767e-24
1.6560048517509333e-24
1.6552355048515024e-24
1.654509427249626e-24
1.6538217088391376e-24
1.6531678127924047e-24
1.6525435410593298e-24
1.6519450026431304e-24
1.6513685844291986e-24
1.6508109243505417e-24
1.650268886700111e-24
1.649739539406155e-24
1.6492201331018895e-24
1.648708081835676e-24
1.6482009452786154e-24
1.6476964122926153e-24
1.6471922857467115e-24
1.6466864684540152e-24
1.6461769501411886e-24
1.6456617953429252e-24
1.6451391321383811e-24
1.6446071416478566e-24
1.6440640482117915e-24
1.6435081101892486e-24
1.6429376113048455e-24
1.6423508524874172e-24
1.6417461441505522e-24
1.6411217988606992e-24
1.6404761243438477e-24
1.6398074167947536e-24
1.639113954443874e-24
1.6383939913447736e-24
1.6376457513503632e-24
1.6368674222492158e-24
1.6360571500147685e-24
1.6352130331685392e-24
1.6343331172008202e-24
1.6334153890483406e-24
1.6324577715873498e-24
1.6314581181341361e-24
1.630414206930948e-24
1.6293237355757519e-24
1.628184315422065e-24
1.6269934658736116e-24
1.6257486086153806e-24
1.6244470617175855e-24
1.6230860336213981e-24
1.621662616997882e-24
1.6201737824215874e-24
1.6186163719245311e-24
1.6169870923311796e-24
1.6152825084197124e-24
1.6134990358665324e-24
1.6116329339851284e-24
1.6096802982500923e-24
1.6076370525349594e-24
1.6054989411593674e-24
1.6032615206496363e-24
1.6009201512378978e-24
1.5984699880964418e-24
1.5959059722927607e-24
1.5932228214511105e-24
1.5904150201451734e-24
1.58747681001727e-24
1.584402179569999e-24
1.5811848537310858e-24
1.5778182830882936e-24
1.5742956328997586e-24
1.5706097719049473e-24
1.5667532607074558e-24
1.5627183402399386e-24
1.5584969197865121e-24
1.5540805650421606e-24
1.5494604860056837e-24
1.5446275248118425e-24
1.5395721437044709e-24
1.5342844130010273e-24
1.5287539993790777e-24
1.5229701543390463e-24
1.5169217034760107e-24
1.5105970358767749e-24
1.5039840949376176e-24
1.4970703698081473e-24
1.4898428884509497e-24
1.4822882122592433e-24
1.4743924329497414e-24
1.4661411716982699e-24
1.457519581734823e-24
1.4485123545608462e-24
1.439103730510108e-24
1.4292775153257073e-24
1.4190171028086194e-24
1.4083055055243407e-24
1.3971253954001924e-24
1.3854591552742106e-24
1.3732889442915351e-24
1.3605967801483797e-24
1.3473646402428427e-24
1.3335745879797957e-24
1.3192089263824378e-24
1.3042503872318841e-24
1.2886823619960213e-24
1.272489182708635e-24
1.2556564655034133e-24
1.2381715280075271e-24
1.2200238977307342e-24
1.2012059328456051e-24
1.1817135771632619e-24
1.1615472823297206e-24
1.1407131354273107e-24
1.1192242339136229e-24
1.0971023697190895e-24
1.0743800891217674e-24
1.0511032106324011e-24
1.0273338999016285e-24
1.0031544156974594e-24
9.786716503043039e-25
9.540225961721785e-25
9.293808503308146e-25
9.049642293491771e-25
8.810434501443946e-25
8.57951656320463e-25
8.360942185862542e-25
8.159577546025898e-25
7.981166185649467e-25
7.832343149688816e-25
7.720566281761206e-25
7.653931840352862e-25
7.640853223639231e-25
7.689610507159548e-25
7.807822055572167e-25
8.001932948946146e-25
8.276833091178182e-25
8.635693690393523e-25
9.080048182946187e-25
9.61007370247091e-25
1.0224984270104873e-24
1.0923441911591303e-24
1.1703917053192622e-24
1.256496466828947e-24
1.3505411772837975e-24
1.4524469225237292e-24
1.5621786468657363e-24
1.6797468112504276e-24
1.8052067183358484e-24
1.9386565773450823e-24
2.080235064254853e-24
2.2301187716691616e-24
2.388519852472321e-24
2.5556839467544826e-24
2.7318884617839353e-24
2.917441207960278e-24
3.1126793646455877e-24
3.317968778504814e-24
3.533703512710203e-24
3.7603056761785376e-24
3.9982254553497716e-24
4.24794133794352e-24
4.50996053543613e-24
4.784819546458135e-24
5.073084873474306e-24
5.3753538462811246e-24
5.6922556580828775e-24
6.024452341994282e-24
6.372640091438887e-24
6.737550478383532e-24
7.119951902214204e-24
7.520651131697542e-24
7.940494894270683e-24
8.380371619257389e-24
8.84121331080678e-24
9.323997447031749e-24
9.829749100270152e-24
1.0359543113401214e-23
