2.062623431435957e-23
2.0626213804626944e-23
2.0626191928087615e-23
2.0626168621476254e-23
2.0626143819978056e-23
2.0626117456960858e-23
2.0626089463714135e-23
2.0626059769195255e-23
2.0626028299779038e-23
2.0625994979011642e-23
2.06259597273656e-23
2.062592246199669e-23
2.0625883096497983e-23
2.0625841540656595e-23
2.0625797700202874e-23
2.0625751476559262e-23
2.062570276658522e-23
2.0625651462312306e-23
2.0625597450678505e-23
2.0625540613250204e-23
2.0625480825939874e-23
2.0625417958711144e-23
2.062535187527801e-23
2.06252824327876e-23
2.0625209481498022e-23
2.0625132864437256e-23
2.0625052417051984e-23
2.0624967966841745e-23
2.0624879332976915e-23
2.0624786325900438e-23
2.0624688746912574e-23
2.062458638773904e-23
2.0624479030074844e-23
2.062436644511474e-23
2.06242483930557e-23
2.062412462258234e-23
2.062399487032422e-23
2.062385886029092e-23
2.062371630328061e-23
2.0623566896259943e-23
2.062341032171375e-23
2.0623246246970777e-23
2.0623074323491096e-23
2.0622894186121868e-23
2.0622705452317236e-23
2.0622507721327917e-23
2.0622300573344562e-23
2.0622083568603634e-23
2.0621856246448675e-23
2.062161812435785e-23
2.0621368696911374e-23
2.0621107434722086e-23
2.0620833783297778e-23
2.062054716187474e-23
2.062024696218527e-23
2.0619932547146457e-23
2.0619603249528323e-23
2.0619258370524636e-23
2.061889717826279e-23
2.0618518906264246e-23
2.0618122751802245e-23
2.061770787419857e-23
2.061727339303328e-23
2.06168183863045e-23
2.061634188840453e-23
2.0615842888138374e-23
2.0615320326543878e-23
2.0614773094616903e-23
2.0614200030997105e-23
2.0613599919479786e-23
2.061297148641462e-23
2.0612313398046365e-23
2.0611624257612322e-23
2.0610902602433374e-23
2.061014690074892e-23
2.060935554851158e-23
2.0608526865958258e-23
2.0607659094011163e-23
2.0606750390565516e-23
2.060579882650352e-23
2.060480238177446e-23
2.0603758940807823e-23
2.0602666288283305e-23
2.0601522104241916e-23
2.0600323959225978e-23
2.0599069309079554e-23
2.0597755489454154e-23
2.0596379710391178e-23
2.0594939049939753e-23
2.0593430448351987e-23
2.0591850701384743e-23
2.0590196453391602e-23
2.058846419029736e-23
2.0586650232039888e-23
2.058475072465567e-23
2.0582761632227995e-23
2.0580678728018326e-23
2.0578497585713105e-23
2.057621356975359e-23
2.057382182546402e-23
2.0571317268774194e-23
2.0568694575266557e-23
2.056594816870906e-23
2.0563072209286878e-23
2.056006058091388e-23
2.055690687839001e-23
2.0553604393252706e-23
2.055014609972775e-23
2.0546524639615252e-23
2.0542732306286144e-23
2.0538761028199057e-23
2.0534602352032447e-23
2.053024742339338e-23
2.0525686969116502e-23
2.0520911276232743e-23
2.051591017107187e-23
2.0510672998366596e-23
2.0505188597250905e-23
2.04994452768702e-23
2.0493430792208696e-23
2.0487132317324424e-23
2.0480536416120315e-23
2.047362901535804e-23
2.0466395372409334e-23
2.0458820044282755e-23
2.0450886852953843e-23
2.0442578851855855e-23
2.0433878287081014e-23
2.0424766559012537e-23
2.041522418182786e-23
2.0405230741994783e-23
2.039476485199815e-23
2.0383804102504914e-23
2.037232501656348e-23
2.0360302993735596e-23
2.0347712258616402e-23
2.033452580050377e-23
2.0320715321208848e-23
2.030625115938328e-23
2.0291102238132088e-23
2.0275235985889196e-23
2.0258618268505916e-23
2.0241213309346213e-23
2.022298361452895e-23
2.020388988027111e-23
2.018389091188471e-23
2.0162943521714956e-23
2.0141002447128286e-23
2.011802022164677e-23
2.0093947093265674e-23
2.0068730889286798e-23
2.0042316910714176e-23
2.0014647791749544e-23
1.998566338585572e-23
1.995530060376924e-23
1.9923493281902615e-23
1.9890172014001397e-23
1.9855264003879627e-23
1.9818692867949253e-23
1.978037847558537e-23
1.974023675766521e-23
1.9698179468096827e-23
1.9654114018022407e-23
1.9607943227502344e-23
1.95595650579055e-23
1.9508872426384822e-23
1.94557528746219e-23
1.9400088312089194e-23
1.9341754734261143e-23
1.9280621871199702e-23
1.9216552889682877e-23
1.9149404002686508e-23
1.9079024134651438e-23
1.9005254465999426e-23
1.8927928090722712e-23
1.8846869503750823e-23
1.8761894131300574e-23
1.8672807854392064e-23
1.8579406445773605e-23
1.8481475057203863e-23
1.8378787480806712e-23
1.8271105665144452e-23
1.8158178919237054e-23
1.8039743194005136e-23
1.791552033716729e-23
1.778521720811205e-23
1.7648524833427912e-23
1.7505117442153082e-23
1.73546514195501e-23
1.7196764307458307e-23
1.7031073546700423e-23
1.6857175318406887e-23
1.6674643146089506e-23
1.648302662070437e-23
1.6281849786161518e-23
1.6070609524786452e-23
1.5848774142865335e-23
1.5615781133365035e-23
1.53710357230651e-23
1.5113908646425076e-23
1.484373420401852e-23
