1.785866103393339e-24
1.7213308902905394e-24
1.6601434440757005e-24
1.6021631738419676e-24
1.5472553874602196e-24
1.4952909647984886e-24
1.4461460476170244e-24
1.3997017467831099e-24
1.355843867504709e-24
1.3144626532892904e-24
1.2754525493425868e-24
1.2387119861456353e-24
1.2041431837444415e-24
1.1716519772277614e-24
1.141147663596621e-24
1.1125428700746411e-24
1.0857534435242264e-24
1.0606983604053643e-24
1.037299656348536e-24
1.0154823741359904e-24
9.951745285499962e-25
9.763070863086768e-25
9.588139591146147e-25
9.426320076226465e-25
9.277010541518122e-25
9.139639018642157e-25
9.013663582524946e-25
8.898572608092199e-25
8.7938850310738e-25
8.699150594848792e-25
8.61395007030441e-25
8.537895436439917e-25
8.47063001339803e-25
8.41182854131673e-25
8.361197200648466e-25
8.31847357325989e-25
8.283426542437858e-25
8.255856134001047e-25
8.23559329991964e-25
8.222499647142272e-25
8.216467113587722e-25
8.21741759443622e-25
8.225302520548941e-25
8.240102390662968e-25
8.261826258024505e-25
8.29051117209728e-25
8.326221575245756e-25
8.369048653281783e-25
8.419109638878593e-25
8.476547066767992e-25
8.541527979164803e-25
8.614243081382659e-25
8.694905846562403e-25
8.783751569077974e-25
8.881036371196348e-25
8.987036161067753e-25
9.102045550076618e-25
9.22637673116504e-25
9.360358326431066e-25
9.504334211214573e-25
9.658662321625267e-25
9.82371345704551e-25
9.99987008504797e-25
1.0187525159172761e-24
1.0387080961820148e-24
1.0598947976494701e-24
1.0823543802755929e-24
1.1061292118219614e-24
1.1312621695616921e-24
1.157796547775795e-24
1.1857759716149473e-24
1.2152443171104606e-24
1.2462456380590504e-24
1.2788240986545379e-24
1.313023912719786e-24
1.348889288371826e-24
1.3864643783313703e-24
1.4257932354071441e-24
1.466919771808531e-24
1.5098877236759986e-24
1.5547406184109644e-24
1.6015217460788586e-24
1.650274133355015e-24
1.7010405212455003e-24
1.7538633443310835e-24
1.8087847139555935e-24
1.865846403256681e-24
1.925089835676083e-24
1.986556075982646e-24
2.0502858248800143e-24
2.1163194166331893e-24
2.1846968212277764e-24
2.2554576496284564e-24
2.3286411648911217e-24
2.404286296443447e-24
2.482431660601968e-24
2.563115586269267e-24
2.646376145655483e-24
2.7322511917338582e-24
2.8207784006459574e-24
2.9119953212472792e-24
3.005939429549995e-24
3.1026481898403492e-24
3.2021591215025153e-24
3.30450987173643e-24
3.409738293004259e-24
3.517882526335061e-24
3.628981088909283e-24
3.7430729656717956e-24
3.86019770572348e-24
3.980395520237739e-24
4.103707385972623e-24
4.230175146826156e-24
4.359841621741651e-24
4.492750710180954e-24
4.628947499216274e-24
4.768478371016925e-24
4.9113911096319204e-24
5.057735005588384e-24
5.207560961693564e-24
5.36092159268607e-24
5.517871328337049e-24
5.678466506765285e-24
5.842765472907069e-24
6.0108286655956496e-24
6.182718710138875e-24
6.358500496420119e-24
6.538241267886407e-24
6.722010692015831e-24
6.909880936348971e-24
7.10192674005973e-24
7.29822547837654e-24
7.498857227726771e-24
7.703904824252732e-24
7.913453920696787e-24
8.127593041378462e-24
8.346413631600233e-24
8.570010109449958e-24
8.79847990576416e-24
9.031923510793528e-24
9.270444520927674e-24
9.514149673319531e-24
9.763148877016081e-24
1.0017555265571664e-23
1.0277485219950925e-23
1.0543058412196047e-23
1.081439782365311e-23
1.1091629795039811e-23
1.137488404711256e-23
1.166429370948409e-23
1.1959995366953374e-23
1.226212905912067e-23
1.2570838350116832e-23
1.288627031939546e-23
1.3208575611743616e-23
1.3537908453559813e-23
1.3874426688833058e-23
1.421829180467332e-23
1.456966894560963e-23
1.492872695496146e-23
1.529563838571031e-23
1.5670579532596213e-23
1.605373044287352e-23
1.6445274944977227e-23
1.6845400663349075e-23
1.7254299040363177e-23
1.767216533373008e-23
1.8099198657014078e-23
1.8535601952156702e-23
1.8981582026751442e-23
1.9437349535191483e-23
1.990311899582517e-23
2.0379108745942218e-23
2.0865540991582073e-23
2.1362641724144094e-23
2.187064074846969e-23
2.238977162542822e-23
2.292027162950276e-23
2.3462381735227867e-23
2.4016346552038153e-23
2.4582414208878374e-23
2.5160836387545733e-23
2.5751868124933662e-23
2.6355767819755487e-23
2.6972797011308555e-23
2.760322035604604e-23
2.8247305456224775e-23
2.8905322669091835e-23
2.957754498863535e-23
3.026424779260375e-23
3.096570872328089e-23
3.168220731253559e-23
3.2414024866413864e-23
3.316144408455638e-23
3.392474885510988e-23
3.470422372102875e-23
3.550015370233894e-23
3.631282382078562e-23
3.7142518588781706e-23
3.798952162785888e-23
3.885411510129105e-23
