5.24225479559409e-24
5.465460879770009e-24
5.687201809850363e-24
5.907877142570956e-24
6.127868945836957e-24
6.347542682822936e-24
6.567248185965182e-24
6.787320609706532e-24
7.008081424755859e-24
7.229839354173007e-24
7.452891314004315e-24
7.67752330354324e-24
7.904011254425714e-24
8.13262186670632e-24
8.363613374854215e-24
8.597236293266664e-24
8.833734122013413e-24
9.07334401682138e-24
9.31629741386244e-24
9.562820633766596e-24
9.813135449172668e-24
1.0067459617164492e-23
1.0326007394997999e-23
1.058899001488213e-23
1.0856616145346543e-23
1.1129092327742638e-23
1.1406623376506077e-23
1.1689412787907256e-23
1.1977663095021754e-23
1.2271576232538772e-23
1.2571353876702539e-23
1.2877197759750372e-23
1.3189309985608317e-23
1.3507893323434366e-23
1.383315149146006e-23
1.4165289430009388e-23
1.450451356400258e-23
1.485103205515332e-23
1.5205055049215777e-23
1.556679490910531e-23
1.5936466447657132e-23
1.6314287147197244e-23
1.6700477382449557e-23
1.709526062721355e-23
1.7498863664613665e-23
1.79115167898824e-23
1.8333454009767556e-23
1.8764913238070352e-23
1.9206136493520558e-23
1.9657370083627665e-23
2.011886480217931e-23
2.0590876112686998e-23
2.1073664335958047e-23
2.1567494835378873e-23
2.20726382044954e-23
2.258937044853018e-23
2.3117973176638325e-23
2.365873377641964e-23
2.421194561173358e-23
2.4777908202437902e-23
2.5356927417513957e-23
2.5949315658781323e-23
2.655539205963315e-23
2.717548267301491e-23
2.780992066844432e-23
2.845904652986224e-23
2.91232082565385e-23
2.9802761561195406e-23
3.0498070083195114e-23
3.12095055907102e-23
3.1937448194639376e-23
3.268228656758741e-23
3.344441815598504e-23
3.4224249409442123e-23
3.502219600289402e-23
3.5838683068898246e-23
3.667414543510729e-23
3.752902786052607e-23
3.8403785281644877e-23
3.9298883061233026e-23
4.021479724350116e-23
4.115201481102179e-23
4.21110339511906e-23
4.309236432864485e-23
4.4096527352337676e-23
4.5124056471379116e-23
4.6175497448749e-23
4.7251408663862965e-23
4.835236141203474e-23
4.9478940202299507e-23
5.063174308958496e-23
5.1811381972263286e-23
5.301848294347617e-23
5.425368660564333e-23
5.551764842241584e-23
5.681103907076342e-23
5.813454479386633e-23
5.948886776811669e-23
6.087472648586426e-23
6.22928561271569e-23
6.37440089502913e-23
6.522895469637438e-23
6.674848102372954e-23
6.830339386791314e-23
6.989451793047014e-23
7.152269708705369e-23
7.318879484201515e-23
7.489369476649066e-23
7.663830102784223e-23
7.842353881305053e-23
8.025035482401749e-23
8.211971780305464e-23
8.403261903226868e-23
8.599007289528028e-23
8.799311733998553e-23
9.004281452786686e-23
9.21402512868139e-23
9.428653976643426e-23
9.648281806204863e-23
9.87302506627851e-23
1.0103002925641415e-22
1.0338337322897621e-22
1.0579153036666021e-22
1.0825577753585958e-22
1.1077742129123608e-22
1.1335779862234026e-22
1.1599827771047835e-22
1.1870025848927508e-22
1.2146517345741522e-22
1.24294488844529e-22
1.2718970444453878e-22
1.3015235527549452e-22
1.3318401222762183e-22
1.3628628256917487e-22
1.3946081122886733e-22
1.4270928078045687e-22
1.4603341410384818e-22
1.4943497295500686e-22
1.529157610406553e-22
1.5647762372785743e-22
1.6012244951406514e-22
1.6385217041491167e-22
1.6766876367016325e-22
1.7157425276846479e-22
1.7557070863496022e-22
1.7966024951453614e-22
1.838450433159546e-22
1.8812730896102162e-22
1.92509316303164e-22
1.9699338782842885e-22
2.0158190201415548e-22
2.062772903154547e-22
2.1108204212936142e-22
2.1599870276210568e-22
2.210298817000498e-22
2.261782422431516e-22
2.3144651804296304e-22
2.3683750008996527e-22
2.423540417686028e-22
2.479990719316521e-22
2.53775579966859e-22
2.59686631326172e-22
2.657353588742539e-22
2.719249588153048e-22
2.7825872663253003e-22
2.84740011695324e-22
2.9137224964625034e-22
2.981589511768945e-22
3.0510372234959196e-22
3.1221023379891935e-22
3.194822668632014e-22
3.2692366211939364e-22
3.345383659963332e-22
3.4233042094982423e-22
3.50303936357686e-22
3.5846315666350025e-22
3.668124060951043e-22
3.7535608524666365e-22
3.840987340625323e-22
3.9304502211830807e-22
4.021996359838057e-22
4.1156745188315675e-22
4.2115340547068846e-22
4.309625980092371e-22
4.410002493210794e-22
4.512715886811718e-22
4.617821909503797e-22
4.725376019251917e-22
4.835433698853076e-22
4.948054541550874e-22
5.063297519019541e-22
5.181223567264813e-22
5.301895434848084e-22
5.425379456611225e-22
5.551740049075901e-22
5.681033852843987e-22
5.813348210331725e-22
5.94874151687141e-22
6.087279019377028e-22
6.229050583617035e-22
6.374119526350155e-22
