3.0181369538909406e-10
2.960839930490001e-10
2.8832495359398206e-10
2.8256063297622016e-10
2.7548251961672423e-10
2.689352207581096e-10
2.614266844911585e-10
2.579956068075992e-10
2.5164541399414367e-10
2.449019614716283e-10
2.392457273540567e-10
2.3413212993181713e-10
2.2976303762150311e-10
2.2402375856192533e-10
2.1888215406675553e-10
2.1335861956351791e-10
2.0816120079791233e-10
2.04492728598184e-10
1.9872487071251929e-10
1.9496697122981075e-10
1.9005105875313715e-10
1.8553321285513148e-10
1.8099568334222286e-10
1.7780108086559312e-10
1.735839347560806e-10
1.6909673581268166e-10
1.6539926132175242e-10
1.6130352750802125e-10
1.5799086734073364e-10
1.547429353456038e-10
1.5078531628988794e-10
1.4705483694089755e-10
1.439578629844014e-10
1.4034463097628964e-10
1.376128878721694e-10
1.3370647567119902e-10
1.3101113064263182e-10
1.2820049676615692e-10
1.2509589401330787e-10
1.225120978737835e-10
1.1938555622501314e-10
1.1666874180982216e-10
1.1417465996332725e-10
1.112947268333111e-10
1.0867187807266166e-10
1.0627187635363716e-10
1.0408141888896341e-10
1.0145880963273918e-10
9.905715101855817e-11
9.656628427564013e-11
9.465773152726717e-11
9.210708867284189e-11
9.020419947537069e-11
8.795721573102904e-11
8.604125457804607e-11
8.383404853170355e-11
8.200201307525559e-11
8.010510994782919e-11
7.816909177261595e-11
7.6391568661423e-11
7.45499992404032e-11
7.263030600883126e-11
7.096988500036818e-11
6.928524659489746e-11
6.776133074463972e-11
6.60803206256691e-11
6.459440029479855e-11
6.301041698231047e-11
6.143230565637889e-11
6.010051956066231e-11
5.85460601025855e-11
5.712239921837713e-11
5.5719634706968184e-11
5.4429157066447126e-11
5.302835406438912e-11
5.1715835005964305e-11
5.060417463479563e-11
4.9318247264291864e-11
4.808573600755212e-11
4.692810526595516e-11
4.5728791048422475e-11
4.4620184523187705e-11
4.342114422711681e-11
4.236506884460953e-11
4.133872440036825e-11
4.03361155703379e-11
3.9216742831359866e-11
3.8251371307033604e-11
3.728782567269113e-11
3.632426914826385e-11
3.539796319834762e-11
3.4468533383528344e-11
3.358815460763055e-11
3.267991833967326e-11
3.182548921419665e-11
3.101295350588473e-11
3.0141460482761645e-11
2.9363893715900607e-11
2.8557517225707708e-11
2.7805756484637658e-11
2.7051518734191705e-11
2.631824766960489e-11
2.559230976604269e-11
2.4870478215707538e-11
2.4185020797605355e-11
2.349892601006622e-11
2.283241984357687e-11
2.2167309670932402e-11
2.154732612159849e-11
2.090571981434742e-11
2.0303077970430914e-11
1.9713702941729602e-11
1.9129767111300758e-11
1.8567743640166223e-11
1.799300456160531e-11
1.744851043870416e-11
1.6931688592654044e-11
1.6392763432704566e-11
1.5873203213833274e-11
1.5388316282249065e-11
1.4911632625842168e-11
1.443244613863093e-11
1.396657505410931e-11
1.34979753728601e-11
1.3068649848823931e-11
1.2641401212191685e-11
1.221048932695682e-11
1.1791636828757761e-11
1.1405675079142287e-11
1.1008861307095186e-11
1.0629093584445053e-11
1.0257516200582498e-11
9.895752967994676e-12
9.544470028720207e-12
9.203266662355369e-12
8.86958914204929e-12
8.54658576997254e-12
8.23581950734915e-12
7.930289272683806e-12
7.631573429807591e-12
7.344797615282211e-12
7.0612309101400144e-12
6.790512303932191e-12
6.52628972113247e-12
6.271142711928415e-12
6.02576808518255e-12
5.784005249868635e-12
5.553321690269399e-12
5.325714722047721e-12
5.109001307652534e-12
4.898341493428811e-12
4.69639625459636e-12
4.496503103447584e-12
4.306793351931333e-12
4.124047720377528e-12
3.947688688690682e-12
3.775292831786327e-12
3.611060823638815e-12
3.450554231149121e-12
3.2962658257679092e-12
3.1486558986661366e-12
3.0058253842309068e-12
2.8687159633396348e-12
2.7358484838793055e-12
2.6080882969505985e-12
2.485440612222052e-12
2.367250104820824e-12
2.2536137668573547e-12
2.144256918397974e-12
2.0390540826397034e-12
1.9384373188356365e-12
1.8415044817687203e-12
1.7481519498212227e-12
1.6589765289128645e-12
1.5733109251092561e-12
1.4910247988929714e-12
1.4118344806433307e-12
1.3362837146460314e-12
1.2635276156981688e-12
1.1938630986459634e-12
1.1272415007941039e-12
1.0633680699081638e-12
1.0022061071674596e-12
9.436588682201462e-13
8.876343771039462e-13
8.340357251231911e-13
7.82833517421713e-13
7.338233321898687e-13
6.869786452323836e-13
6.422710029348081e-13
5.995789163888749e-13
5.588203483225973e-13
5.200240923188945e-13
4.829484473177694e-13
4.476826763398005e-13
4.1410160993023337e-13
3.821505582226347e-13
3.517875039627631e-13
3.229148255313095e-13
2.9555205600345935e-13
2.6960636551708855e-13
