3.148510829097803e-24
3.1341097498794418e-24
3.12064684448965e-24
3.10808737657114e-24
3.096398921013193e-24
3.085551270009054e-24
3.075516344441272e-24
3.06626811042735e-24
3.0577825008598113e-24
3.0500373418206276e-24
3.0430122836583404e-24
3.0366887366023264e-24
3.0310498107558133e-24
3.0260802602714764e-24
3.0217664316114e-24
3.018096215655138e-24
3.015059003593941e-24
3.012645646361867e-24
3.0108484175139225e-24
3.0096609794050276e-24
3.0090783524592346e-24
3.0090968874610878e-24
3.0097142406885728e-24
3.01092935171977e-24
3.0127424238208086e-24
3.0151549067720413e-24
3.018169481934827e-24
3.021790049493112e-24
3.0260217177159563e-24
3.030870794021323e-24
3.0363447778619226e-24
3.0424523551229348e-24
3.0492033939921866e-24
3.056608942143411e-24
3.0646812250788348e-24
3.0734336454179163e-24
3.0828807831139078e-24
3.093038396374743e-24
3.1039234230172268e-24
3.1155539823232553e-24
3.1279493770696936e-24
3.1411300955599995e-24
3.1551178136188907e-24
3.1699353961964023e-24
3.1856068986007133e-24
3.2021575670443908e-24
3.2196138383504867e-24
3.2380033387545648e-24
3.2573548814978528e-24
3.2776984631081127e-24
3.2990652582616125e-24
3.321487612987524e-24
3.344999036163645e-24
3.369634189075017e-24
3.395428873072276e-24
3.422420015149922e-24
3.450645651347042e-24
3.480144908013881e-24
3.510957980861343e-24
3.543126111824647e-24
3.5766915638857735e-24
3.6116975934921735e-24
3.648188421584989e-24
3.68620920210875e-24
3.7258059893534065e-24
3.767025703770525e-24
3.8099160964828265e-24
3.8545257128141486e-24
3.9009038554183464e-24
3.9491005471178395e-24
3.99916649353795e-24
4.051153046601124e-24
4.105112168891618e-24
4.161096399002493e-24
4.219158819009236e-24
4.2793530239751e-24
4.341733094167607e-24
4.40635357006908e-24
4.473269431317405e-24
4.542536078718523e-24
4.6142093212094185e-24
4.688345366993211e-24
4.765000819225012e-24
4.844232676905855e-24
4.9260983411587006e-24
5.010655626546213e-24
5.097962777868808e-24
5.1880784924976195e-24
5.281061947985572e-24
5.3769728353286595e-24
5.4758713971940326e-24
5.577818471067605e-24
5.682875537969135e-24
5.791104774883135e-24
5.9025691121688615e-24
6.017332295346936e-24
6.1354589483309425e-24
6.257014643535345e-24
6.382065972255355e-24
6.510680618321735e-24
6.642927434007852e-24
6.778876519076796e-24
6.918599298706389e-24
7.06216860476757e-24
7.209658757421865e-24
7.361145646728327e-24
7.51670681482764e-24
7.676421538558713e-24
7.840370911039945e-24
8.008637923453448e-24
8.18130754604562e-24
8.358466808459609e-24
8.540204879734352e-24
8.726613145262972e-24
8.917785286139541e-24
9.113817354995738e-24
9.31480785148843e-24
9.520857797431924e-24
9.73207081019746e-24
9.94855317371402e-24
1.0170413913642148e-23
1.0397764866190952e-23
1.0630720747961213e-23
1.0869399226485347e-23
1.111392099007317e-23
1.1364409815657654e-23
1.1620992637476248e-23
1.1883799614083033e-23
1.2152964197299521e-23
1.2428623200313192e-23
1.2710916868243395e-23
1.299998893974745e-23
1.329598672286506e-23
1.3599061158097615e-23
1.390936689318325e-23
1.4227062346478715e-23
1.455230978271321e-23
1.488527538317044e-23
1.5226129311162935e-23
1.5575045794289447e-23
1.59322031904627e-23
1.6297784063512485e-23
1.6671975257715137e-23
1.705496797609583e-23
1.744695785116433e-23
1.7848145026860245e-23
1.8258734233273044e-23
1.8678934869534028e-23
1.9108961079083786e-23
1.954903183285954e-23
1.99993710062416e-23
2.046020746520183e-23
2.093177515090282e-23
2.141431315210401e-23
2.190806580332254e-23
2.2413282746110167e-23
2.293021905169992e-23
2.3459135255418842e-23
2.4000297487645478e-23
2.455397754060958e-23
2.512045292910489e-23
2.5700007024068605e-23
2.629292910684508e-23
2.689951445482318e-23
2.7520064436220166e-23
2.815488658615018e-23
2.880429471089877e-23
2.94686089362375e-23
3.0148155824152756e-23
3.0843268431887434e-23
3.1554286433648683e-23
3.2281556142378e-23
3.302543065739519e-23
3.378626987324438e-23
3.4564440654623493e-23
3.536031682336179e-23
3.6174279293265696e-23
3.7006716168246766e-23
3.785802273880028e-23
3.872860166819709e-23
3.9618863052407186e-23
4.052922443434828e-23
4.146011098399377e-23
4.2411955524186125e-23
4.3385198735222035e-23
4.43802890422013e-23
4.5397682966021177e-23
4.643784509838797e-23
4.750124823372728e-23
4.8588373646588656e-23
4.9699710907602713e-23
5.083575849257903e-23
5.199702359191966e-23
5.31840224877754e-23
5.439728057294975e-23
5.563733309186113e-23
5.690472484397395e-23
5.82000106848738e-23
5.952375626489885e-23
6.087653741479579e-23
6.225894192980952e-23
