1.3492972176838675e-24
1.2822596311488127e-24
1.2230433447565678e-24
1.1713510918036847e-24
1.1268796337399418e-24
1.0893119964463792e-24
1.0583116237114104e-24
1.033519225674689e-24
1.014552811487822e-24
1.0010109570762605e-24
9.924788714848137e-25
9.885364164431112e-25
9.88767008428321e-25
9.927663312759051e-25
1.0001499803096935e-24
1.010559465681683e-24
1.0236663309847716e-24
1.0391744221521515e-24
1.0568205333581827e-24
1.0763737572672334e-24
1.097633892212318e-24
1.1204292334718597e-24
1.1446140231760367e-24
1.1700657714271272e-24
1.1966826019505552e-24
1.2243807243222982e-24
1.2530920945281047e-24
1.2827622951602607e-24
1.313348645589914e-24
1.344818538054928e-24
1.37714798716792e-24
1.4103203751873884e-24
1.4443253736591173e-24
1.4791580212656525e-24
1.5148179387781757e-24
1.5513086630521285e-24
1.5886370838448372e-24
1.6268129690871417e-24
1.6658485655963766e-24
1.705758264385435e-24
1.7465583206487793e-24
1.7882666205136574e-24
1.830902487112893e-24
1.8744865201694852e-24
1.9190404638594237e-24
1.9645870986129573e-24
2.011150153073827e-24
2.0587542332180748e-24
2.107424765855231e-24
2.157187954359483e-24
2.208070744613219e-24
2.2601007997218433e-24
2.3133064821321242e-24
2.3677168417847878e-24
2.4233616096764792e-24
2.4802711960078835e-24
2.538476691690852e-24
2.598009873519973e-24
2.6589032118788937e-24
2.721189880808957e-24
2.7849037700391184e-24
2.850079498916493e-24
2.916752431536796e-24
2.984958693535208e-24
3.054735189700091e-24
3.1261196228745283e-24
3.1991505135139382e-24
3.2738672202718727e-24
3.3503099611966476e-24
3.428519835543435e-24
3.508538846617247e-24
3.590409924813527e-24
3.674176951199199e-24
3.759884782078567e-24
3.847579273994266e-24
3.937307308652287e-24
4.02911681940334e-24
4.123056817449867e-24
4.219177418940583e-24
4.317529872634766e-24
4.418166588023738e-24
4.521141163880177e-24
4.626508417816483e-24
4.734324415939252e-24
4.844646503337195e-24
4.957533335437395e-24
5.073044909295723e-24
5.191242596213476e-24
5.312189174962526e-24
5.435948864913197e-24
5.562587361176662e-24
5.692171869148156e-24
5.824771140642089e-24
5.960455510504657e-24
6.0992969340800975e-24
6.241369024765698e-24
6.386747094168165e-24
6.5355081909348085e-24
6.687731141406382e-24
6.843496592552458e-24
7.002887052040089e-24
7.165986934160987e-24
7.33288260179499e-24
7.503662413694484e-24
7.678416768770895e-24
7.857238155179643e-24
8.040221196747705e-24
8.227462703808239e-24
8.419061722524203e-24
8.615119586115472e-24
8.8157399690755e-24
9.021028938266666e-24
9.231095009083249e-24
9.446049202551247e-24
9.666005100243125e-24
9.891078903935504e-24
1.0121389494817451e-23
1.0357058494115643e-23
1.059821032634533e-23
1.0844972281883665e-23
1.109747458030058e-23
1.1355850440318289e-23
1.1620236142488896e-23
1.189077110299774e-23
1.2167597939250913e-23
1.245086254543672e-23
1.2740714161988414e-23
1.303730545499772e-23
1.3340792585552176e-23
1.365133529487093e-23
1.3969096978979593e-23
1.4294244767300032e-23
1.4626949610246108e-23
1.4967386361150014e-23
1.5315733857576198e-23
1.567217501329939e-23
1.6036896905422568e-23
1.641009086261653e-23
1.6791952556978095e-23
1.7182682101465778e-23
1.7582484137649337e-23
1.7991567939625197e-23
1.8410147504499713e-23
1.8838441659726306e-23
1.927667415687708e-23
1.972507378282893e-23
2.01838744560921e-23
2.0653315330882243e-23
2.1133640918279686e-23
2.1625101179370275e-23
2.2127951642395502e-23
2.2642453514490762e-23
2.3168873791395167e-23
2.37074853748698e-23
2.4258567185631184e-23
2.482240427395976e-23
2.5399287949654384e-23
2.598951589091117e-23
2.6593392255448166e-23
2.721122782772604e-23
2.7843340099221436e-23
2.849005342237065e-23
2.915169911351141e-23
2.982861557625048e-23
3.0521148427555333e-23
3.122965060389902e-23
3.195448249216579e-23
3.269601205243778e-23
3.345461491404048e-23
3.4230674508094484e-23
3.5024582180840065e-23
3.583673728711943e-23
3.6667547325534845e-23
3.751742801804637e-23
3.838680343771762e-23
3.927610606581627e-23
4.018577694625887e-23
4.11162656979846e-23
4.2068030669520855e-23
4.3041538952918675e-23
4.403726650627285e-23
4.5055698161578395e-23
4.6097327709744865e-23
4.716265792075184e-23
4.825220058115808e-23
4.9366476529827975e-23
5.050601560872724e-23
5.1671356687688883e-23
5.2863047652891746e-23
5.408164531016508e-23
5.532771534625577e-23
5.660183224620388e-23
5.790457916779064e-23
5.923654780629753e-23
6.059833823078774e-23
6.199055869074195e-23
6.341382538209632e-23
6.486876218439301e-23
6.635600033438072e-23
6.787617812255617e-23
6.942994047300001e-23
