8.933140000010131e-23
8.934156147996804e-23
8.93511888208568e-23
8.936030245521923e-23
8.936892172484183e-23
8.937706492196374e-23
8.93847493281601e-23
8.939199125106521e-23
8.939880605904197e-23
8.940520821382823e-23
8.941121130128974e-23
8.941682806026293e-23
8.942207040964206e-23
8.942694947369163e-23
8.943147560568845e-23
8.943565840991753e-23
8.94395067620567e-23
8.944302882807211e-23
8.944623208152082e-23
8.9449123319456e-23
8.94517086768517e-23
8.945399363965218e-23
8.945598305640418e-23
8.945768114856213e-23
8.945909151947761e-23
8.94602171620219e-23
8.946106046497144e-23
8.946162321806943e-23
8.946190661584305e-23
8.946191126012756e-23
8.946163716135874e-23
8.946108373861537e-23
8.946024981835392e-23
8.94591336319586e-23
8.94577328119677e-23
8.945604438706441e-23
8.945406477578324e-23
8.945178977888422e-23
8.944921457046959e-23
8.944633368773151e-23
8.944314101937222e-23
8.943962979262584e-23
8.943579255890072e-23
8.943162117793208e-23
8.942710680056298e-23
8.9422239849938e-23
8.941701000117939e-23
8.9411406159469e-23
8.940541643650356e-23
8.939902812526675e-23
8.93922276730873e-23
8.938500065277416e-23
8.937733173215107e-23
8.936920464136657e-23
8.936060213841479e-23
8.935150597254282e-23
8.934189684552909e-23
8.933175437062095e-23
8.932105702935506e-23
8.930978212585785e-23
8.929790573854048e-23
8.928540266948757e-23
8.927224639083822e-23
8.925840898846657e-23
8.924386110274697e-23
8.922857186608882e-23
8.921250883758704e-23
8.919563793392493e-23
8.917792335705194e-23
8.915932751820883e-23
8.913981095795264e-23
8.911933226239106e-23
8.909784797518332e-23
8.90753125053454e-23
8.905167803004356e-23
8.902689439330479e-23
8.900090899908782e-23
8.897366669995619e-23
8.89451096793158e-23
8.891517732892797e-23
8.888380611984623e-23
8.885092946720392e-23
8.881647758883037e-23
8.8780377356891e-23
8.874255214212956e-23
8.870292165080587e-23
8.866140175374404e-23
8.861790430802702e-23
8.857233696835017e-23
8.852460299107482e-23
8.847460102819596e-23
8.842222491086617e-23
8.836736342423037e-23
8.830990006993383e-23
8.824971281771974e-23
8.818667384507482e-23
8.812064926579604e-23
8.805149884384683e-23
8.797907569325803e-23
8.790322596553216e-23
8.782378852182644e-23
8.774059458817876e-23
8.76534673931742e-23
8.756222179503666e-23
8.746666388091976e-23
8.7366590552814e-23
8.726178909837635e-23
8.715203672523242e-23
8.703710009585307e-23
8.69167348181106e-23
8.679068492402121e-23
8.66586823248478e-23
8.652044622791017e-23
8.637568254016666e-23
8.622408323008795e-23
8.606532566959376e-23
8.589907193567605e-23
8.572496808638776e-23
8.554264338876596e-23
8.535170952872286e-23
8.515175976197533e-23
8.494236803830783e-23
8.472308807885923e-23
8.449345240298189e-23
8.425297131242116e-23
8.400113182867329e-23
8.373739656773589e-23
8.346120256958329e-23
8.317196006861733e-23
8.286905118616232e-23
8.255182857602451e-23
8.22196140094226e-23
8.187169685160814e-23
8.150733249034946e-23
8.112574068637725e-23
8.072610382247217e-23
8.030756504267129e-23
7.986922636479327e-23
7.941014660948934e-23
7.892933924580997e-23
7.842577014087335e-23
7.789835517775608e-23
7.734595769410926e-23
7.676738583633255e-23
7.616138970755734e-23
7.552665838026429e-23
7.486181672302741e-23
7.416542194638688e-23
7.343596005966913e-23
7.267184196601396e-23
7.187139932879814e-23
7.103288015710858e-23
7.015444399771038e-23
6.923415675210912e-23
6.826998500074894e-23
6.725979000269157e-23
6.620132073688642e-23
6.50922065665733e-23
6.39299488152141e-23
6.271191147183025e-23
6.143531044126436e-23
6.009720137347557e-23
5.86944654531622e-23
5.722379251300487e-23
5.568166112165362e-23
5.406431413767268e-23
5.2367728406922005e-23
5.058757681165764e-23
4.8719179234366156e-23
4.6757437913697547e-23
4.469675083088156e-23
4.253089183963549e-23
4.025284109495317e-23
3.7854537836968185e-23
3.532650837240291e-23
3.26572858515864e-23
2.9832469632189613e-23
2.6833125747338786e-23
2.3632915045036223e-23
2.0192584705126807e-23
1.6448503285201493e-23
1.2286280537327963e-23
7.473440189806825e-24
1.6725944244949438e-24
8.717061554048839e-24
4.552751051034727e-23
3.5237591838946313e-23
7.49622542597309e-24
2.7619328304490008e-24
9.638449035271618e-24
1.5910264549561018e-23
2.1967296719702277e-23
2.802297378056924e-23
3.418738611451716e-23
4.05259116088517e-23
4.708258825833636e-23
5.389045179680215e-23
6.097657839381231e-23
6.836475060368656e-23
7.607696945895489e-23
8.413436252301193e-23
