2.054805879746351e-22
2.0550549976311309e-22
2.055292542753104e-22
2.055519019261447e-22
2.0557349078023846e-22
2.0559406665406145e-22
2.056136732133749e-22
2.0563235206593346e-22
2.0565014285000645e-22
2.0566708331852772e-22
2.0568320941941643e-22
2.056985553718287e-22
2.057131537389483e-22
2.057270354971256e-22
2.0574023010167714e-22
2.0575276554948688e-22
2.057646684383959e-22
2.0577596402379097e-22
2.0578667627214097e-22
2.057968279119747e-22
2.0580644048207086e-22
2.058155343772981e-22
2.058241288917989e-22
2.0583224226001695e-22
2.058398916954481e-22
2.0584709342708656e-22
2.0585386273401436e-22
2.0586021397767059e-22
2.0586616063250659e-22
2.0587171531445803e-22
2.0587688980779657e-22
2.0588169509013663e-22
2.0588614135570675e-22
2.0589023803699773e-22
2.058939938248167e-22
2.0589741668666123e-22
2.059005138836999e-22
2.0590329198611763e-22
2.0590575688712226e-22
2.059079138154211e-22
2.0590976734625112e-22
2.059113214111993e-22
2.059125793064798e-22
2.0591354369989735e-22
2.0591421663655341e-22
2.0591459954318206e-22
2.0591469323111091e-22
2.0591449789804037e-22
2.0591401312841955e-22
2.0591323789255789e-22
2.0591217054446615e-22
2.059108088182475e-22
2.059091498234423e-22
2.0590719003868858e-22
2.0590492530439806e-22
2.0590235081380043e-22
2.0589946110278865e-22
2.0589625003826851e-22
2.0589271080508527e-22
2.0588883589162338e-22
2.058846170737755e-22
2.0588004539744867e-22
2.058751111595592e-22
2.0586980388735575e-22
2.058641123162251e-22
2.0585802436564235e-22
2.0585152711355414e-22
2.058446067688617e-22
2.0583724864209026e-22
2.0582943711415272e-22
2.0582115560308581e-22
2.058123865288356e-22
2.058031112757851e-22
2.057933101531709e-22
2.0578296235316733e-22
2.0577204590659319e-22
2.0576053763615103e-22
2.057484131070385e-22
2.0573564657498506e-22
2.0572221093135533e-22
2.0570807764540043e-22
2.0569321670352805e-22
2.056775965452704e-22
2.0566118399606877e-22
2.056439441965089e-22
2.0562584052799426e-22
2.0560683453463482e-22
2.0558688584124936e-22
2.055659520671405e-22
2.055439887356554e-22
2.0552094917924688e-22
2.0549678443973115e-22
2.0547144316375437e-22
2.0544487149299879e-22
2.0541701294906836e-22
2.053878083126669e-22
2.053571954968657e-22
2.0532510941430528e-22
2.0529148183772497e-22
2.0525624125387557e-22
2.052193127101715e-22
2.0518061765403833e-22
2.0514007376435134e-22
2.0509759477473945e-22
2.050530902883001e-22
2.0500646558334351e-22
2.0495762140970698e-22
2.0490645377518563e-22
2.0485285372165929e-22
2.0479670709023774e-22
2.0473789427521076e-22
2.0467628996581975e-22
2.0461176287571567e-22
2.0454417545910112e-22
2.044733836131837e-22
2.043992363660719e-22
2.0432157554952706e-22
2.0424023545569705e-22
2.0415504247719493e-22
2.0406581472949086e-22
2.0397236165482284e-22
2.0387448360676872e-22
2.0377197141442775e-22
2.0366460592505065e-22
2.0355215752436967e-22
2.0343438563292057e-22
2.0331103817785985e-22
2.0318185103835812e-22
2.030465474634828e-22
2.0290483746118893e-22
2.0275641715675432e-22
2.0260096811916508e-22
2.024381566536862e-22
2.0226763305885312e-22
2.0208903084587556e-22
2.0190196591873226e-22
2.0170603571246452e-22
2.015008182873942e-22
2.0128587137722968e-22
2.0106073138817613e-22
2.0082491234645203e-22
2.0057790479077865e-22
2.0031917460821936e-22
2.0004816180775932e-22
1.9976427923052955e-22
1.994669111912888e-22
1.9915541204712324e-22
1.9882910469087783e-22
1.9848727896213757e-22
1.9812918997222945e-22
1.9775405633853234e-22
1.9736105832102677e-22
1.9694933585483895e-22
1.9651798647463255e-22
1.9606606311864117e-22
1.9559257181214727e-22
1.9509646921338758e-22
1.9457666001837276e-22
1.9403199421549787e-22
1.9346126417255202e-22
1.9286320155156522e-22
1.9223647403754856e-22
1.9157968185680213e-22
1.9089135408881698e-22
1.9016994473383023e-22
1.8941382852879026e-22
1.8862129649415089e-22
1.8779055117030638e-22
1.8691970154251713e-22
1.8600675759878559e-22
1.8504962451570173e-22
1.840460964061971e-22
1.8299384962332332e-22
1.8189043551178122e-22
1.8073327264611617e-22
1.795196384067914e-22
1.782466598538259e-22
1.7691130384855763e-22
1.7551036627448566e-22
1.7404046028305974e-22
1.7249800343080796e-22
1.708792035291303e-22
1.6918004307765178e-22
1.67396261994327e-22
1.6552333843106237e-22
1.6355646742125943e-22
1.6149053675293682e-22
1.5932009994909402e-22
1.570393454549195e-22
1.5464206142969381e-22
1.5212159539936902e-22
1.4947080734358066e-22
1.466820149679277e-22
1.4374692930122628e-22
1.406565778414957e-22
1.374012125604678e-22
1.3397019811376653e-22
1.3035187435869384e-22
1.2653338567583267e-22
1.2250046565004063e-22
1.1823716223079e-22
