5.525975204834001e-23
5.525934336837953e-23
5.525891578282823e-23
5.525846836943908e-23
5.525800016527883e-23
5.525751016452913e-23
5.525699731625725e-23
5.525646052208899e-23
5.525589863377647e-23
5.525531045069885e-23
5.525469471722478e-23
5.525405011999892e-23
5.525337528507856e-23
5.525266877496571e-23
5.525192908551347e-23
5.525115464268713e-23
5.525034379916544e-23
5.524949483083948e-23
5.524860593307881e-23
5.524767521691909e-23
5.524670070497593e-23
5.524568032726231e-23
5.524461191675625e-23
5.524349320477676e-23
5.52423218161665e-23
5.52410952642199e-23
5.52398109454057e-23
5.523846613380243e-23
5.523705797533494e-23
5.523558348169672e-23
5.523403952398403e-23
5.523242282603201e-23
5.523072995756388e-23
5.522895732674572e-23
5.522710117268379e-23
5.522515755731085e-23
5.52231223572699e-23
5.522099125480422e-23
5.521875972892262e-23
5.521642304565675e-23
5.521397624795281e-23
5.521141414530779e-23
5.5208731302618e-23
5.520592202872194e-23
5.520298036428342e-23
5.519990006921074e-23
5.519667460940829e-23
5.519329714271502e-23
5.518976050468914e-23
5.518605719327868e-23
5.51821793527523e-23
5.517811875739505e-23
5.517386679367861e-23
5.516941444206053e-23
5.516475225828939e-23
5.515987035260099e-23
5.515475836947745e-23
5.514940546511071e-23
5.514380028485083e-23
5.513793093854111e-23
5.513178497620032e-23
5.512534936063872e-23
5.511861044022126e-23
5.511155392037231e-23
5.510416483196185e-23
5.509642750143133e-23
5.508832551545667e-23
5.507984168768022e-23
5.507095802196811e-23
5.50616556730834e-23
5.505191490843684e-23
5.504171506516224e-23
5.503103450640609e-23
5.501985057528046e-23
5.500813954711273e-23
5.499587657972261e-23
5.498303565871548e-23
5.49695895448599e-23
5.495550971384549e-23
5.494076629796107e-23
5.49253280206474e-23
5.490916213198909e-23
5.489223433764576e-23
5.487450872666316e-23
5.485594769780015e-23
5.483651187238872e-23
5.481616002165168e-23
5.47948489686909e-23
5.477253350267728e-23
5.474916628322699e-23
5.472469773595785e-23
5.469907595146616e-23
5.467224657221033e-23
5.464415267852309e-23
5.461473466762663e-23
5.458393012693486e-23
5.455167370304026e-23
5.451789695762048e-23
5.448252822865782e-23
5.444549247732968e-23
5.44067111249286e-23
5.436610188798325e-23
5.432357860316975e-23
5.427905104494778e-23
5.423242474204629e-23
5.418360075296214e-23
5.413247548420861e-23
5.407894044951915e-23
5.4022882054411e-23
5.396418134713977e-23
5.390271376301103e-23
5.383834886257385e-23
5.377095005959411e-23
5.370037433013816e-23
5.362647189959422e-23
5.354908592050663e-23
5.346805217482713e-23
5.338319867538953e-23
5.329434533240696e-23
5.320130356347628e-23
5.310387589342957e-23
5.300185552590722e-23
5.2895025915067853e-23
5.278316029326387e-23
5.266602121278857e-23
5.2543360006988933e-23
5.241491627731503e-23
5.2280417363300544e-23
5.2139577714764624e-23
5.199209832010257e-23
5.183766605969197e-23
5.1675953051188604e-23
5.150661590289543e-23
5.1329295065420075e-23
5.114361397739153e-23
5.0949178376035395e-23
5.0745575303167664e-23
5.053237238176739e-23
5.0309116799546413e-23
5.007533438331784e-23
4.983052853520617e-23
4.9574179332607196e-23
4.9305742194123046e-23
4.902464690116768e-23
4.873029628945883e-23
4.8422065057627593e-23
4.80992983346664e-23
4.776131037501638e-23
4.740738310928393e-23
4.7036764546732364e-23
4.664866727800308e-23
4.624226664556299e-23
4.581669922163603e-23
4.5371060803493276e-23
4.49044046710874e-23
4.4415739503684864e-23
4.390402708632486e-23
4.336818060116166e-23
4.280706213387716e-23
4.221948017150694e-23
4.160418759854433e-23
4.09598784530726e-23
4.0285185994760506e-23
3.95786797786436e-23
3.88388625394218e-23
3.806416796081117e-23
3.725295653937174e-23
3.640351453749852e-23
3.5514049645354093e-23
3.458268766967878e-23
3.3607471716545696e-23
3.2586358022231253e-23
3.1517214097359236e-23
3.0397818276796823e-23
2.922585853144865e-23
2.799893391439987e-23
2.671455812586534e-23
2.5370167972190312e-23
2.3963136324518297e-23
2.249079713221755e-23
2.0950487432629604e-23
1.9339619994107144e-23
1.7655812524767046e-23
1.589712671427058e-23
1.4062534973141478e-23
1.2152905468409894e-23
1.0173282805753271e-23
8.138933184113497e-24
6.094450304626496e-24
4.189202453518287e-24
2.9960533784914345e-24
3.621096238445576e-24
5.6428677639319555e-24
8.201574185042046e-24
1.1032841947586589e-23
1.406483132675197e-23
1.727571224283703e-23
2.066000969982289e-23
2.4218895568627507e-23
2.7956767231925094e-23
3.1879853467927917e-23
