3.462922419421772e-24
3.4620681344789214e-24
3.461281925777864e-24
3.460558575633671e-24
3.4598933086787516e-24
3.4592817550762956e-24
3.4587199168543244e-24
3.458204137107206e-24
3.457731071812128e-24
3.457297664080144e-24
3.4569011205910566e-24
3.4565388900688756e-24
3.45620864361118e-24
3.455908256718024e-24
3.4556357928819505e-24
3.45538948860194e-24
3.4551677397105736e-24
3.454969088903395e-24
3.4547922143560246e-24
3.454635919360072e-24
3.454499122876121e-24
3.454380850931945e-24
3.454280228806832e-24
3.4541964739109765e-24
3.454128889337653e-24
3.454076858001878e-24
3.454039837331472e-24
3.454017354477793e-24
3.454009001970058e-24
3.4540144338235764e-24
3.454033362025416e-24
3.454065553398736e-24
3.454110826783537e-24
3.4541690505580125e-24
3.4542401404293975e-24
3.454324057490198e-24
3.4544208065312934e-24
3.4545304345979856e-24
3.4546530297410046e-24
3.454788719976462e-24
3.454937672447078e-24
3.455100092750415e-24
3.45527622444328e-24
3.455466348699137e-24
3.4556707841179775e-24
3.4558898867044805e-24
3.456124049941563e-24
3.456373705022803e-24
3.4566393212372336e-24
3.456921406426162e-24
3.457220507595165e-24
3.457537211655424e-24
3.4578721462367596e-24
3.458225980693386e-24
3.458599427113929e-24
3.458993241552456e-24
3.4594082253085395e-24
3.4598452263372655e-24
3.4603051408023386e-24
3.46078891466526e-24
3.4612975454788714e-24
3.461832084266553e-24
3.4623936374817305e-24
3.462983369169686e-24
3.463602503180704e-24
3.464252325529838e-24
3.4649341869037025e-24
3.4656495053449165e-24
3.466399768922378e-24
3.4671865387190856e-24
3.4680114518795e-24
3.46887622479991e-24
3.469782656482829e-24
3.470732632114045e-24
3.471728126665452e-24
3.4727712088492294e-24
3.473864045064288e-24
3.475008903663701e-24
3.4762081593538686e-24
3.477464297732789e-24
3.478779920197926e-24
3.480157748840808e-24
3.481600631680609e-24
3.483111548171197e-24
3.484693614764142e-24
3.486350090852533e-24
3.488084384923043e-24
3.489900060886799e-24
3.491800844724753e-24
3.4937906313814696e-24
3.495873491987561e-24
3.498053681217062e-24
3.500335645059933e-24
3.5027240287919775e-24
3.5052236853617745e-24
3.507839683906009e-24
3.510577318698564e-24
3.513442118359202e-24
3.516439855446435e-24
3.519576556427517e-24
3.522858511714605e-24
3.526292286069295e-24
3.529884730064605e-24
3.533642990548518e-24
3.537574522780264e-24
3.541687101890969e-24
3.545988835503242e-24
3.550488176170434e-24
3.555193934023259e-24
3.560115290697602e-24
3.565261811919982e-24
3.5706434622919024e-24
3.5762706190618465e-24
3.582154086781545e-24
3.588305112326129e-24
3.5947353991404896e-24
3.6014571238408174e-24
3.608482950857701e-24
3.6158260485454254e-24
3.6235001052476214e-24
3.631519345532556e-24
3.639898546336534e-24
3.6486530537728564e-24
3.6577987989110275e-24
3.6673523159194824e-24
3.67733075705244e-24
3.687751909878114e-24
3.6986342141479e-24
3.709996777341917e-24
3.721859392008496e-24
3.7342425517921186e-24
3.747167464979285e-24
3.760656073429655e-24
3.774731065890184e-24
3.789415892301219e-24
3.8047347784938675e-24
3.820712740563346e-24
3.837375598075258e-24
3.8547499855141604e-24
3.872863365362651e-24
3.891744039448997e-24
3.911421158488167e-24
3.931924732504444e-24
3.9532856389389796e-24
3.97553563452975e-24
3.998707356340616e-24
4.022834334602879e-24
4.047950993332089e-24
4.074092660179242e-24
4.101295566385474e-24
4.1295968523192755e-24
4.159034569129855e-24
4.189647681683655e-24
4.221476070860079e-24
4.25456053394088e-24
4.288942784680364e-24
4.3246654535755006e-24
4.3617720861044665e-24
4.400307152699001e-24
4.440316041528743e-24
4.4818450537203756e-24
4.524941421490117e-24
4.569653288155147e-24
4.616029738292145e-24
4.664120775132168e-24
4.713977345143191e-24
4.765651334720118e-24
4.819195587802534e-24
4.874663901566436e-24
4.9321110615446084e-24
4.991592835659672e-24
5.053166012516515e-24
5.1168883977454004e-24
5.182818874438396e-24
5.251017383178794e-24
5.32154500636021e-24
5.3944639691571746e-24
5.469837675740246e-24
5.547730786606575e-24
5.6282092288843896e-24
5.711340289960567e-24
5.797192631926809e-24
5.885836388214318e-24
5.9773432361466e-24
6.071786450377001e-24
6.169240993124114e-24
6.269783638532042e-24
6.373493007489433e-24
6.480449726446927e-24
6.590736533404665e-24
6.704438350602392e-24
6.821642511266213e-24
6.942438809901742e-24
7.066919675008675e-24
7.195180420702885e-24
7.327319301449532e-24
7.463437790315145e-24
7.603640767621743e-24
7.748036712356333e-24
7.896738052497599e-24
8.049861285989654e-24
