1.4749764924624192e-24
1.4620547828817488e-24
1.4502032430957265e-24
1.4393417598390009e-24
1.4293951246311578e-24
1.4202928812373414e-24
1.411969157495242e-24
1.404362484494573e-24
1.3974156060648395e-24
1.3910752814072191e-24
1.385292083516816e-24
1.3800201958113277e-24
1.3752172091164093e-24
1.3708439208838746e-24
1.3668641382377507e-24
1.363244486173891e-24
1.3599542219839102e-24
1.3569650567338602e-24
1.3542509844197792e-24
1.3517881192313052e-24
1.3495545411812618e-24
1.3475301502348935e-24
1.3456965289335493e-24
1.344036813424567e-24
1.3425355727242742e-24
1.341178695972676e-24
1.3399532874022286e-24
1.3388475687001605e-24
1.3378507884167358e-24
1.3369531380700225e-24
1.336145674570969e-24
1.3354202486116223e-24
1.3347694386454498e-24
1.3341864901106537e-24
1.3336652595465252e-24
1.3332001632758008e-24
1.33278613033291e-24
1.3324185593375214e-24
1.3320932790337422e-24
1.331806512214729e-24
1.3315548428026803e-24
1.3313351858258722e-24
1.3311447600939302e-24
1.330981063362948e-24
1.3308418498016488e-24
1.3307251095875236e-24
1.3306290504855434e-24
1.3305520812442858e-24
1.330492796706095e-24
1.3304499644834505e-24
1.3304225131165364e-24
1.3304095216060476e-24
1.3304102102304581e-24
1.3304239325817097e-24
1.3304501687480953e-24
1.3304885195786426e-24
1.330538701994549e-24
1.3306005452958253e-24
1.33067398842902e-24
1.3307590781999029e-24
1.3308559683991751e-24
1.3309649198517782e-24
1.3310863013567732e-24
1.3312205915514579e-24
1.3313683816933615e-24
1.3315303793774852e-24
1.3317074132259323e-24
1.3319004385760278e-24
1.3321105441995688e-24
1.3323389601290168e-24
1.332587066601998e-24
1.3328564042483475e-24
1.3331486855122882e-24
1.3334658075105949e-24
1.3338098662680004e-24
1.3341831725787427e-24
1.3345882695086366e-24
1.3350279516672456e-24
1.33550528648545e-24
1.3360236374587508e-24
1.3365866897169481e-24
1.3371984779030536e-24
1.3378634166961968e-24
1.338586334070558e-24
1.3393725075139022e-24
1.3402277034634306e-24
1.3411582201495588e-24
1.3421709340699184e-24
1.3432733503747944e-24
1.3444736574542115e-24
1.345780785871396e-24
1.3472044720117758e-24
1.3487553267144503e-24
1.3504449090577128e-24
1.352285805656224e-24
1.3542917156146353e-24
1.3564775414602706e-24
1.3588594861202473e-24
1.3614551562904314e-24
1.3642836718240362e-24
1.3673657820689407e-24
1.3707239879991094e-24
1.3743826709673197e-24
1.3783682271243507e-24
1.3827092077557805e-24
1.3874364646098448e-24
1.392583299525515e-24
1.3981856179981828e-24
1.4042820850673814e-24
1.410914282278772e-24
1.4181268653364774e-24
1.4259677188088435e-24
1.4344881082331347e-24
1.4437428252955386e-24
1.4537903258473907e-24
1.4646928566998845e-24
1.4765165696778827e-24
1.489331619881654e-24
1.5032122461464364e-24
1.5182368300813797e-24
1.5344879337853917e-24
1.552052311639018e-24
1.5710208978272633e-24
1.5914887653244142e-24
1.6135550607305769e-24
1.6373229100667175e-24
1.6628993026834377e-24
1.6903949508571207e-24
1.7199241305995525e-24
1.7516045063626293e-24
1.7855569437816142e-24
1.8219053167203868e-24
1.860776309351963e-24
1.9022992252587366e-24
1.9466057974219037e-24
1.9938300169929493e-24
2.044107969862402e-24
2.0975776958826832e-24
2.1543790650743167e-24
2.214653671898961e-24
2.278544750646426e-24
2.346197109043073e-24
2.4177570735349687e-24
2.4933724481457222e-24
2.5731924783570267e-24
2.6573678154133713e-24
2.7460504878702787e-24
2.8393938416003435e-24
2.9375524822740904e-24
3.0406821927591127e-24
3.148939816928547e-24
3.262483111527317e-24
3.381470557633724e-24
3.506061136242819e-24
3.636414031495314e-24
3.772688309271521e-24
3.915042496301363e-24
4.063634144968565e-24
4.218619279151972e-24
4.3801518069256885e-24
4.548382846699936e-24
4.723459973847353e-24
4.9055263676007945e-24
5.094719963879479e-24
5.291172411063918e-24
5.4950080336433926e-24
5.706342668479541e-24
5.925282519860972e-24
6.151922749877237e-24
6.386346255000661e-24
6.628622181662699e-24
6.87880450800392e-24
7.136930519323146e-24
7.40301929132973e-24
7.677070206271035e-24
7.959061328157507e-24
8.248947960501838e-24
8.54666120043771e-24
8.852106376067437e-24
9.165161985735157e-24
9.48567822126737e-24
9.813476128611213e-24
1.014834652178621e-23
1.0490049368660401e-23
1.0838313314621106e-23
1.119283529321987e-23
1.1553280789591609e-23
1.1919283890944198e-23
1.2290447984333996e-23
1.2666346806721974e-23
1.304652538957271e-23
1.3430502156094113e-23
1.3817770310426747e-23
1.4207800241452903e-23
1.4600042284132013e-23
1.4993929213743047e-23
1.5388879601659267e-23
1.5784300793965898e-23
1.6179592632377744e-23
1.6574150893019934e-23
1.6967370859328874e-23
