6.84412426514181e-25
5.080344837817009e-25
3.5201983369317906e-25
2.3263197319446964e-25
1.9527314600778477e-25
2.5782851589036236e-25
3.614510504063976e-25
4.722646444307812e-25
5.803739744531977e-25
6.826268566456196e-25
7.778633168450466e-25
8.65632541520997e-25
9.457748851873128e-25
1.0182614465163275e-24
1.0831242143179122e-24
1.1404225557934166e-24
1.1902258826855351e-24
1.2326041405915303e-24
1.2676223447658694e-24
1.295337329299786e-24
1.3157957673231246e-24
1.329032954995585e-24
1.3350720780054551e-24
1.3339238037783648e-24
1.3255861169779984e-24
1.310044365632832e-24
1.2872715262401175e-24
1.2572287390651407e-24
1.2198662222866381e-24
1.1751247632473206e-24
1.1229381408468414e-24
1.0632371208955083e-24
9.959562325065517e-25
9.210457138453505e-25
8.384936509536737e-25
7.483697040064689e-25
6.5091877731879805e-25
5.467838157818249e-25
4.376129397041733e-25
3.2802467370528913e-25
2.3307851013886367e-25
1.9896315698368853e-25
2.6871914898565486e-25
4.025431403855501e-25
5.657252697273177e-25
7.472781605399824e-25
9.43793400397888e-25
1.1541575934850862e-24
1.378098625744387e-24
1.6157146624617751e-24
1.8672951778944157e-24
2.1332440207287046e-24
2.414043190827536e-24
2.7102346784306592e-24
3.0224110407919817e-24
3.351210523511162e-24
3.6973147007025275e-24
4.0614475941746345e-24
4.4443757116230715e-24
4.846908688486261e-24
5.269900350117311e-24
5.7142500852578056e-24
6.180904463725274e-24
6.670859058474948e-24
7.185160445658531e-24
7.724908369149368e-24
8.291258060873351e-24
8.885422713880876e-24
9.508676107011465e-24
1.0162355383749385e-23
1.0847863987877471e-23
1.1566674762904581e-23
1.2320333218180341e-23
1.3110460971713047e-23
1.393875937612089e-23
1.4807013336265938e-23
1.5717095328013293e-23
1.6670969628852718e-23
1.767069677237162e-23
1.8718438234063878e-23
1.981646136462974e-23
2.0967144588358302e-23
2.2172982867496875e-23
2.343659346260894e-23
2.4760721996900708e-23
2.614824884277892e-23
2.760219585497444e-23
2.912573345496362e-23
3.072218810877552e-23
3.239505020876786e-23
3.414798237298795e-23
3.598482821487896e-23
3.7909621580491877e-23
3.992659631275998e-23
4.2040196549382726e-23
4.4255087590017914e-23
4.6576167398997014e-23
4.900857873980653e-23
5.1557722000861986e-23
5.422926879050528e-23
5.702917627648781e-23
5.996370239548667e-23
6.303942194148645e-23
6.626324362143739e-23
6.964242809335772e-23
7.318460718148652e-23
7.689780413333176e-23
8.079045524334133e-23
8.487143271787109e-23
8.915006905131447e-23
9.363618288270847e-23
9.834010655743136e-23
1.0327271536058181e-22
1.0844545880973534e-22
1.1387039387769972e-22
1.1956022048124065e-22
1.2552831935149415e-22
1.317887924689381e-22
1.3835650624922998e-22
1.4524713791604669e-22
1.5247722477799166e-22
1.600642174717629e-22
1.6802653667400854e-22
1.7638363406642814e-22
1.8515605813045158e-22
1.9436552410447568e-22
2.0403499036780228e-22
2.141887394829012e-22
2.248524667325622e-22
2.3605337463809093e-22
2.478202756329737e-22
2.6018370342026566e-22
2.731760321174281e-22
2.8683160777780993e-22
3.011868878734862e-22
3.162805959431204e-22
3.321538876615533e-22
3.4885053297226155e-22
3.6641711345961737e-22
3.8490323736010246e-22
4.0436177925258682e-22
4.248491325461097e-22
4.464254995451125e-22
4.6915519543739185e-22
4.93106991706228e-22
5.183544980114306e-22
5.449765640587594e-22
5.730577467469862e-22
6.026888157646291e-22
6.339672973965768e-22
6.669981259835037e-22
7.018942918798047e-22
7.3877764706408875e-22
7.777797284399307e-22
8.190427374931403e-22
8.627206068500353e-22
9.089801449294687e-22
9.580025073640295e-22
1.0099845351595746e-21
1.0651405952654625e-21
1.1237043969979932e-21
1.1859314062048316e-21
1.252100929534791e-21
1.3225191724679741e-21
1.397522437951473e-21
1.4774807174004435e-21
1.5628018624311691e-21
1.6539360371530609e-21
1.7513819470506773e-21
1.8556922218394322e-21
1.9674812698153805e-21
2.0874331953799676e-21
2.2163111628753325e-21
2.3549698126245685e-21
2.5043644270521978e-21
2.6655713497557684e-21
2.839799746237425e-21
3.028410761727944e-21
3.232942494149312e-21
3.455133635546705e-21
3.696945262140974e-21
3.9606035902608765e-21
4.248613619826829e-21
4.563791066622845e-21
4.909312759671169e-21
5.288699737706507e-21
5.70578842530463e-21
6.164811898361128e-21
6.670058803665888e-21
7.226031889742558e-21
7.83652380146102e-21
8.504632611322706e-21
9.231006651666093e-21
1.00135700910742e-20
1.0844413758790282e-20
1.1707921240664931e-20
1.2579474555058822e-20
1.3422840479271037e-20
1.4192399737771596e-20
1.4838964474417887e-20
1.531842404949008e-20
