4.284260098288712e-12
4.1880961379192365e-12
4.09561840814094e-12
4.004361700103052e-12
3.915365087814577e-12
3.8277208750015016e-12
3.7435996247693056e-12
3.658485112918849e-12
3.577189546506788e-12
3.4969535341560303e-12
3.4196273130212527e-12
3.3423854207383377e-12
3.267453066887839e-12
3.193505712446944e-12
3.121856453471238e-12
3.0512819785217544e-12
2.982593351854448e-12
2.915526961521143e-12
2.8502947460799223e-12
2.7852431530007154e-12
2.722534760718856e-12
2.6608431475592416e-12
2.600790780361388e-12
2.5416725191248878e-12
2.4842060860439668e-12
2.4281622660873318e-12
2.372798986355329e-12
2.3189591111089043e-12
2.2661962340531796e-12
2.214916485391391e-12
2.1646767198434665e-12
2.115389104886636e-12
2.067117627213447e-12
2.0198595996570937e-12
1.9737229445121444e-12
1.928914705160129e-12
1.884862110750702e-12
1.8418656393148674e-12
1.7996609784916774e-12
1.758549113589997e-12
1.7183886791071866e-12
1.6790960594538441e-12
1.6405739138990015e-12
1.603016717035154e-12
1.566299333197004e-12
1.5303102141431817e-12
1.49498862062129e-12
1.4608017261658588e-12
1.4272270437320208e-12
1.3943028866184655e-12
1.3621069850250288e-12
1.3306525050318647e-12
1.3000988408629577e-12
1.270040168521107e-12
1.240735477001005e-12
1.211928425327007e-12
1.1838978722556001e-12
1.1563915128897555e-12
1.1295618661475478e-12
1.1033612321100525e-12
1.0777248934869345e-12
1.0525930867393963e-12
1.0281259214768036e-12
1.0040582415271771e-12
9.805720450607552e-13
9.57646859458094e-13
9.351774538095244e-13
9.132260876756875e-13
8.917841440384204e-13
8.707706038739522e-13
8.502357974941579e-13
8.301719378730973e-13
8.104966362971604e-13
7.912486278911792e-13
7.724598302836253e-13
7.541023449960554e-13
7.360898776797322e-13
7.184948704402356e-13
7.012750570245326e-13
6.844076015376893e-13
6.679495401670636e-13
6.518186842972473e-13
6.360510647020725e-13
6.206029161264682e-13
6.054755952561342e-13
5.906942001515389e-13
5.762151716802604e-13
5.620541474805073e-13
5.481847321651749e-13
5.346054949907275e-13
5.213132312630426e-13
5.083214937448023e-13
4.95575990361735e-13
4.831142345217244e-13
4.709078160553883e-13
4.589533042994864e-13
4.472461788116401e-13
4.357845089010074e-13
4.2455566793838076e-13
4.1356064907917524e-13
4.0278483718970376e-13
3.922391978195336e-13
3.819074325285359e-13
3.717931621436424e-13
3.6185811599939405e-13
3.521463378183798e-13
3.426196899779129e-13
3.3328893568764034e-13
3.241432649853419e-13
3.151814905102424e-13
3.0639608383572216e-13
2.9779292793297854e-13
2.8935105509889334e-13
2.810807450670216e-13
2.729686639309843e-13
2.650181102356704e-13
2.5723170788360717e-13
2.4958840685850487e-13
2.421034745463051e-13
2.347575319193074e-13
2.275633459619497e-13
2.2050899341919194e-13
2.1358651678175908e-13
2.0680246757335148e-13
2.0015307226628414e-13
1.9363550868593727e-13
1.872437385330064e-13
1.809789334288047e-13
1.748403491126777e-13
1.688217616722639e-13
1.6292550046193283e-13
1.5714354251531167e-13
1.5148198995777038e-13
1.4593435219629602e-13
1.4049930317303722e-13
1.3517720161791601e-13
1.299632830484512e-13
1.2486104245888545e-13
1.1986378555940747e-13
1.1497240592945927e-13
1.1018683568408414e-13
1.0550237569138683e-13
1.0092302350728101e-13
9.644283683117466e-14
9.206415662852757e-14
8.77829904793339e-14
8.360106349672819e-14
7.95158218901342e-14
7.552511144911263e-14
7.163135674921903e-14
6.782877143405963e-14
6.412129899895234e-14
6.050387829807612e-14
5.697814804786787e-14
5.3542043620292105e-14
5.0194906038873985e-14
4.693472520229986e-14
4.376180912474017e-14
4.067369893530832e-14
3.7670345060060916e-14
3.475027706145908e-14
3.1912542878870505e-14
2.915572910663556e-14
2.6478492205314415e-14
2.387971389192746e-14
2.1358537147099065e-14
1.891331138018269e-14
1.6542902675848022e-14
1.4245997466320335e-14
1.2021301188643664e-14
9.867509093657344e-15
7.78327733632697e-15
5.7672034953996556e-15
3.8181798930489735e-15
1.935327358478456e-15
1.5218566389037056e-16
1.6484755914010792e-15
3.3433974423485296e-15
4.979671849864334e-15
6.5578911916455295e-15
8.079319149781534e-15
9.545273263642234e-15
1.0957137535848581e-14
1.2316245381354617e-14
1.3624086945720187e-14
1.4881826253770076e-14
1.609100941197778e-14
1.7252801621967024e-14
1.8368581343226367e-14
1.943948018166377e-14
2.0466994122413853e-14
2.1452195396605884e-14
2.2396279264338182e-14
2.33004636079747e-14
2.416584271505279e-14
2.4993614387160287e-14
2.5784882195206764e-14
2.6540463020433272e-14
2.726144362071331e-14
2.7948936367288998e-14
2.860384547999981e-14
