1.1241375843556447e-23
1.1253503011587949e-23
1.1265026141622552e-23
1.1275969556955061e-23
1.1286356362117276e-23
1.1296208490851416e-23
1.130554675169926e-23
1.1314390871294417e-23
1.1322759535439917e-23
1.1330670428050607e-23
1.1338140268035204e-23
1.1345184844190335e-23
1.1351819048173993e-23
1.1358056905623698e-23
1.1363911605480192e-23
1.136939552757492e-23
1.1374520268535581e-23
1.1379296666061504e-23
1.138373482161705e-23
1.1387844121588168e-23
1.139163325694469e-23
1.1395110241447421e-23
1.1398282428436469e-23
1.1401156526234712e-23
1.1403738612196851e-23
1.1406034145432473e-23
1.1408047978228582e-23
1.140978436619394e-23
1.1411246977146041e-23
1.1412438898757759e-23
1.1413362644978873e-23
1.141402016124516e-23
1.1414412828484645e-23
1.1414541465928613e-23
1.1414406332732508e-23
1.141400712840878e-23
1.1413342992071893e-23
1.1412412500492807e-23
1.141121366495765e-23
1.1409743926923192e-23
1.1408000152458574e-23
1.1405978625460598e-23
1.1403675039626936e-23
1.1401084489169241e-23
1.1398201458244985e-23
1.1395019809084596e-23
1.1391532768786985e-23
1.1387732914754374e-23
1.1383612158733646e-23
1.1379161729428886e-23
1.1374372153646487e-23
1.1369233235930574e-23
1.1363734036643924e-23
1.135786284844549e-23
1.1351607171112097e-23
1.1344953684648661e-23
1.1337888220626775e-23
1.133039573168831e-23
1.1322460259145717e-23
1.1314064898607233e-23
1.1305191763550295e-23
1.129582194676175e-23
1.1285935479559196e-23
1.1275511288702192e-23
1.1264527150897162e-23
1.1252959644794496e-23
1.1240784100370351e-23
1.1227974545580284e-23
1.1214503650165293e-23
1.1200342666484675e-23
1.118546136724373e-23
1.1169827979976996e-23
1.1153409118141175e-23
1.1136169708663864e-23
1.111807291578754e-23
1.1099080061039235e-23
1.1079150539149395e-23
1.1058241729734205e-23
1.103630890454782e-23
1.1013305130101958e-23
1.0989181165441721e-23
1.0963885354857912e-23
1.0937363515306902e-23
1.0909558818301442e-23
1.0880411666026426e-23
1.0849859561426777e-23
1.0817836972007097e-23
1.0784275187076033e-23
1.0749102168164365e-23
1.071224239234122e-23
1.0673616688152598e-23
1.0633142063907454e-23
1.0590731528041322e-23
1.0546293901297992e-23
1.0499733620483751e-23
1.0450950533571708e-23
1.0399839685965113e-23
1.034629109777062e-23
1.0290189531989494e-23
1.0231414253609583e-23
1.0169838779676652e-23
1.010533062054966e-23
1.0037751012704057e-23
9.966954643651301e-24
9.892789369804303e-24
9.815095928450022e-24
9.733707645412465e-24
9.64845014052761e-24
9.559141033735841e-24
9.465589655473798e-24
9.367596766164979e-24
9.264954291046609e-24
9.157445078418986e-24
9.044842691796417e-24
8.926911249544286e-24
8.803405329641482e-24
8.674069962527466e-24
8.538640742016846e-24
8.396844093597682e-24
8.24839775191864e-24
8.093011516109428e-24
7.93038837447118e-24
7.760226121462901e-24
7.582219633357456e-24
7.396064029675176e-24
7.201459033297051e-24
6.998114964710185e-24
6.78576098293732e-24
6.564156444758927e-24
6.333106637532291e-24
6.0924847164415544e-24
5.84226255103392e-24
5.582554528623444e-24
5.313680444823161e-24
5.03625686071935e-24
4.751331368260116e-24
4.460581970604523e-24
4.166615173686945e-24
3.873411245211539e-24
3.586978283897992e-24
3.316266687598024e-24
3.0742979562675337e-24
2.8791370003007605e-24
2.7536499967757345e-24
2.7223478714271444e-24
2.80476792718893e-24
3.00888733458691e-24
3.330135016896855e-24
3.756448133353964e-24
4.274391194797312e-24
4.872723376191628e-24
5.543416373480983e-24
6.281403471130647e-24
7.083977828407274e-24
7.950226092326927e-24
8.880597893740491e-24
9.876607199493567e-24
1.0940636169878542e-23
1.2075813146851832e-23
1.32859433857367e-23
1.4575477868352763e-23
1.59495106533262e-23
1.7413798834834247e-23
1.897480169438709e-23
2.063973740987017e-23
2.2416657007272147e-23
2.4314536296949905e-23
2.6343387464524686e-23
2.8514392887558995e-23
3.084006470490862e-23
3.3334434750777356e-23
3.6013280757322966e-23
3.889439631661281e-23
4.1997914083436423e-23
4.534669423429246e-23
4.8966793458256983e-23
5.28880339880734e-23
5.714469771688217e-23
6.177637774036767e-23
6.682902933582895e-23
7.235627529051033e-23
7.842103779177665e-23
8.509759239369119e-23
9.24741710516535e-23
1.006562837592755e-22
1.0977098562468464e-22
1.199723926364472e-22
1.3144884903992088e-22
1.4443227340440447e-22
1.592103500352202e-22
1.7614234912293262e-22
1.9567933872448004e-22
2.1838909011885137e-22
2.44984306731585e-22
2.7634804869641243e-22
3.1353796237628116e-22
3.577214335308615e-22
4.0992887320297505e-22
4.703933531919413e-22
5.37126795405346e-22
6.036677996595048e-22
