8.829792701662195e-12
8.64649608738158e-12
8.426993606449128e-12
8.210062406466839e-12
8.030177440866237e-12
7.813867589072492e-12
7.619800229324376e-12
7.423631648218786e-12
7.247333645099223e-12
7.052602288980641e-12
6.875118940139102e-12
6.7014279587323855e-12
6.523785643308068e-12
6.3538766195776175e-12
6.184568570967564e-12
6.023341447171609e-12
5.852490133131272e-12
5.699239678466979e-12
5.545562665740111e-12
5.398032077100991e-12
5.239114978678602e-12
5.0948818159615615e-12
4.956741122962061e-12
4.808828725585464e-12
4.678000561010592e-12
4.536485364623039e-12
4.407705691486546e-12
4.275577617661385e-12
4.152209249120052e-12
4.032065355352858e-12
3.907648458958591e-12
3.78636744503016e-12
3.670370614246412e-12
3.55694241266992e-12
3.4479656638690387e-12
3.338282113587361e-12
3.2380431481021145e-12
3.132655634776352e-12
3.030831136454682e-12
2.934612221137588e-12
2.8371261523283877e-12
2.7432541963300004e-12
2.6532475557762358e-12
2.563786804062094e-12
2.476098401588033e-12
2.39296445679427e-12
2.3106061314048047e-12
2.2310273441064146e-12
2.152968967047251e-12
2.077200177992445e-12
2.0048656121777384e-12
1.931000110588003e-12
1.864307209052219e-12
1.7953407106418806e-12
1.7300379646548202e-12
1.6661491355017154e-12
1.60501518915012e-12
1.5458916446271086e-12
1.4873085328194722e-12
1.4306523381216714e-12
1.37679393826223e-12
1.3237930626968352e-12
1.273336869222272e-12
1.2238212311641417e-12
1.1764980325017149e-12
1.130852261786912e-12
1.0859476279512428e-12
1.0429676571591757e-12
1.0011253904277076e-12
9.61688323666485e-13
9.227734902563454e-13
8.854028142993101e-13
8.49228387838618e-13
8.147621832575939e-13
7.813504604318693e-13
7.489620597869624e-13
7.183371021089689e-13
6.882867902427575e-13
6.595548051912286e-13
6.320335004908404e-13
6.052801723988049e-13
5.796593009036544e-13
5.549361028869506e-13
5.313388930844688e-13
5.086592765458872e-13
4.868882621815698e-13
4.658022446593293e-13
4.4565128399417083e-13
4.262900433397466e-13
4.0765712973287635e-13
3.8980980305040665e-13
3.7274189055034394e-13
3.5632293027249937e-13
3.4052283215715133e-13
3.2541978244304604e-13
3.110100370816831e-13
2.970672148887496e-13
2.8376182674530054e-13
2.7096921204160013e-13
2.587648285144181e-13
2.470419381838332e-13
2.358103124051875e-13
2.250542245572719e-13
2.147516221036397e-13
2.0488106095494023e-13
1.9543634959428688e-13
1.8638820466458128e-13
1.777218685746966e-13
1.6943141050178698e-13
1.6148888297758328e-13
1.5389389537052133e-13
1.466319858416136e-13
1.3967612524379621e-13
1.3302697691290996e-13
1.2665484125335875e-13
1.205622780954219e-13
1.1474116731325775e-13
1.0916064042372364e-13
1.038273208071194e-13
9.873355071551293e-14
9.38598618837478e-14
8.919761413321224e-14
8.473820718313347e-14
8.046998898576368e-14
7.639961948285105e-14
7.250079233427411e-14
6.87745181641555e-14
6.521123841203581e-14
6.181099335417177e-14
5.85550387101556e-14
5.544516527505169e-14
5.2472277311180525e-14
4.963151025744122e-14
4.691557536803527e-14
4.4320947248116654e-14
4.184051525550719e-14
3.9471375887179555e-14
3.720817129303604e-14
3.5044194143306495e-14
3.29767268033034e-14
3.1001556208820637e-14
2.911369856442998e-14
2.7311204039346823e-14
2.5588105939124325e-14
2.3942588912801753e-14
2.237050884982501e-14
2.086860930495111e-14
1.9434240465943236e-14
1.8063555620587384e-14
1.6754935203440727e-14
1.5504500443848844e-14
1.4310719369545237e-14
1.3170205980770155e-14
1.2081045685337397e-14
1.1040999405370172e-14
1.0047934826503849e-14
9.09936272736435e-15
8.193776246860423e-15
7.32905332071179e-15
6.503451409266669e-15
5.715283664234105e-15
4.962877191827698e-15
4.244671248206628e-15
3.559124091993298e-15
2.9048532654817815e-15
2.2805095844840938e-15
1.6848267464614922e-15
1.1167369706419555e-15
5.757902466294796e-16
8.244749131627081e-17
4.430295951203355e-16
9.11635226404822e-16
1.3599039604932745e-15
1.7876160984718304e-15
2.1954220813474325e-15
2.5841353336627047e-15
2.9545229956731145e-15
3.3073756124748564e-15
3.643411850362657e-15
3.963317361447906e-15
4.2678055105466414e-15
4.5574718771699386e-15
4.8329362912194045e-15
5.094775547989488e-15
5.343528581003832e-15
5.579739776946589e-15
5.803894013061463e-15
6.0164660823537594e-15
6.217864126772017e-15
6.408533594187656e-15
6.588873409203911e-15
6.7592587482727965e-15
6.920021095665914e-15
7.071514063801663e-15
7.21402960468916e-15
7.347891293770311e-15
7.47333749149904e-15
7.590609618909818e-15
7.699957153381889e-15
7.801611053613211e-15
7.895768035789188e-15
