1.0433800520752616e-22
1.044506117338493e-22
1.0455803162659736e-22
1.0466049286389692e-22
1.0475821289463173e-22
1.0485139910067271e-22
1.0494024923764445e-22
1.0502495185517494e-22
1.0510568669760785e-22
1.0518262508589467e-22
1.0525593028163147e-22
1.0532575783388153e-22
1.0539225590962577e-22
1.054555656084981e-22
1.0551582126248082e-22
1.0557315072122836e-22
1.0562767562355e-22
1.0567951165577364e-22
1.0572876879734677e-22
1.0577555155440079e-22
1.0581995918159944e-22
1.0586208589290476e-22
1.0590202106154025e-22
1.0593984940970078e-22
1.0597565118844844e-22
1.060095023479372e-22
1.0604147469870294e-22
1.0607163606394287e-22
1.0610005042353006e-22
1.06126778049653e-22
1.061518756347434e-22
1.06175396411709e-22
1.061973902668007e-22
1.062179038454246e-22
1.0623698065100438e-22
1.062546611371804e-22
1.0627098279355985e-22
1.0628598022506709e-22
1.0629968522527493e-22
1.0631212684366042e-22
1.0632333144701927e-22
1.0633332277524609e-22
1.0634212199143623e-22
1.0634974772650115e-22
1.0635621611843326e-22
1.0636154084621482e-22
1.0636573315845195e-22
1.0636880189687351e-22
1.0637075351463595e-22
1.0637159208953194e-22
1.063713193321302e-22
1.063699345887679e-22
1.063674348396003e-22
1.0636381469139965e-22
1.0635906636541298e-22
1.0635317967994976e-22
1.063461420278819e-22
1.0633793834883122e-22
1.0632855109610109e-22
1.0631796019822062e-22
1.0630614301497922e-22
1.0629307428788823e-22
1.0627872608496052e-22
1.0626306773961986e-22
1.0624606578368751e-22
1.0622768387414998e-22
1.0620788271367932e-22
1.061866199646392e-22
1.061638501563374e-22
1.061395245854026e-22
1.0611359120893666e-22
1.0608599453029861e-22
1.0605667547712387e-22
1.06025571271367e-22
1.059926152910122e-22
1.0595773692315527e-22
1.0592086140802648e-22
1.0588190967360897e-22
1.0584079816047643e-22
1.0579743863631183e-22
1.0575173799973131e-22
1.0570359807290109e-22
1.056529153823446e-22
1.0559958092746613e-22
1.0554347993615177e-22
1.0548449160676765e-22
1.0542248883594707e-22
1.0535733793142846e-22
1.0528889830904819e-22
1.0521702217327108e-22
1.0514155418020289e-22
1.0506233108225182e-22
1.0497918135334563e-22
1.0489192479375936e-22
1.0480037211330385e-22
1.0470432449168912e-22
1.0460357311476626e-22
1.0449789868531123e-22
1.0438707090666227e-22
1.0427084793788481e-22
1.0414897581845705e-22
1.0402118786087102e-22
1.0388720400898069e-22
1.0374673016005895e-22
1.0359945744821468e-22
1.0344506148668965e-22
1.0328320156635312e-22
1.0311351980746906e-22
1.0293564026162572e-22
1.0274916796032662e-22
1.0255368790668144e-22
1.0234876400598465e-22
1.0213393793095338e-22
1.0190872791672882e-22
1.016726274804148e-22
1.0142510405951617e-22
1.0116559756283643e-22
1.0089351882705491e-22
1.0060824797138e-22
1.0030913264181943e-22
9.999548613586473e-23
9.966658539737912e-23
9.932166887026221e-23
9.895993419827648e-23
9.8580535756962e-23
9.818258200184442e-23
9.776513261549637e-23
9.732719543345891e-23
9.686772312699348e-23
9.638560961744015e-23
9.587968619397031e-23
9.534871730244886e-23
9.479139596893966e-23
9.420633881613083e-23
9.359208062503379e-23
9.294706838725698e-23
9.226965478498938e-23
9.155809102601082e-23
9.081051894976296e-23
9.00249623066735e-23
8.919931709695586e-23
8.833134083552965e-23
8.741864058663462e-23
8.645865958357988e-23
8.544866221538732e-23
8.438571712072619e-23
8.326667807961738e-23
8.208816233168801e-23
8.084652587410573e-23
7.953783519859248e-23
7.815783481009431e-23
7.670190972398858e-23
7.516504195478481e-23
7.354175977715465e-23
7.18260782438623e-23
7.001142906601574e-23
6.8090577471596e-23
6.60555230223412e-23
6.389738053729394e-23
6.16062361757025e-23
5.917097227834118e-23
5.657905262648079e-23
5.381625717576728e-23
5.086635182486275e-23
4.77106740962998e-23
4.432760944347472e-23
4.069192518436591e-23
3.677392082361278e-23
3.253835012700146e-23
2.7943094627060726e-23
2.2937722635779875e-23
1.7462904855488498e-23
1.1457462097635596e-23
4.963788788495745e-24
3.5905936784857775e-24
1.1693617595887729e-23
2.1390103861674518e-23
3.272822312764775e-23
4.619433175301927e-23
6.256802654630505e-23
8.311002511460952e-23
1.0998591205449636e-22
1.4725231564113438e-22
2.0349697004040612e-22
3.005909760202129e-22
5.150613584838987e-22
1.3903864509542796e-21
1.6413850959957257e-21
5.855152565536157e-22
3.500778605158037e-22
2.45891165193096e-22
1.854290540184097e-22
1.4464585110726305e-22
1.1429265964867322e-22
9.005438135266717e-23
6.96451293320955e-23
5.1740486264032266e-23
3.552563094903623e-23
2.0506721191350276e-23
6.80111101809896e-24
8.919855243777304e-24
