5.32482312967199e-24
5.328729554849006e-24
5.332449159781337e-24
5.335988542712666e-24
5.339354036676785e-24
5.342551712186685e-24
5.345587380371326e-24
5.3484665964670555e-24
5.351194663588558e-24
5.353776636707768e-24
5.3562173267778705e-24
5.358521304953281e-24
5.3606929068438304e-24
5.362736236782145e-24
5.364655172042598e-24
5.366453366995306e-24
5.368134257160724e-24
5.369701063133911e-24
5.371156794358639e-24
5.372504252744982e-24
5.373746036078071e-24
5.374884541244217e-24
5.3759219672227636e-24
5.376860317858122e-24
5.377701404383379e-24
5.37844684769941e-24
5.379098080378129e-24
5.379656348411115e-24
5.380122712670361e-24
5.380498050087805e-24
5.380783054533315e-24
5.380978237408092e-24
5.3810839279176535e-24
5.381100273029131e-24
5.381027237135137e-24
5.380864601357247e-24
5.3806119625314774e-24
5.380268731867413e-24
5.379834133236562e-24
5.3793072011116236e-24
5.37868677816033e-24
5.377971512456195e-24
5.377159854291473e-24
5.37625005263898e-24
5.3752401511916425e-24
5.3741279839801046e-24
5.3729111706282326e-24
5.3715871110894454e-24
5.370152980025149e-24
5.368605720665927e-24
5.366942038238732e-24
5.365158392901316e-24
5.363250992158418e-24
5.361215782793414e-24
5.3590484422443585e-24
5.356744369445296e-24
5.354298675094025e-24
5.351706171332613e-24
5.348961360799457e-24
5.3460584251318306e-24
5.342991212703378e-24
5.339753225808495e-24
5.3363376070167024e-24
5.3327371249789146e-24
5.328944159307816e-24
5.3249506848580014e-24
5.3207482550846935e-24
5.3163279846536276e-24
5.3116805311503266e-24
5.3067960760050996e-24
5.301664304425384e-24
5.296274384461107e-24
5.290614945115549e-24
5.284674053464424e-24
5.278439190770153e-24
5.2718972276817896e-24
5.265034398271586e-24
5.257836273173384e-24
5.25028773151159e-24
5.242372931977747e-24
5.234075282669544e-24
5.225377410143308e-24
5.216261127195554e-24
5.206707399939218e-24
5.196696313902459e-24
5.1862070392556206e-24
5.175217795473181e-24
5.163705815279085e-24
5.151647308424673e-24
5.13901742495476e-24
5.125790218937006e-24
5.1119386124929674e-24
5.0974343605012216e-24
5.08224801694681e-24
5.066348903137342e-24
5.049705078470295e-24
5.03228331514181e-24
5.0140490775146914e-24
4.99496650738383e-24
4.974998417322487e-24
4.954106293655124e-24
4.932250311429069e-24
4.909389364834392e-24
4.885481115954519e-24
4.8604820669210254e-24
4.834347660003822e-24
4.807032412771137e-24
4.7784900959379e-24
4.748673963317733e-24
4.71753704619468e-24
4.685032526293872e-24
4.651114205066948e-24
4.615737091928619e-24
4.578858137968278e-24
4.540437148567399e-24
4.500437917572736e-24
4.458829633361553e-24
4.415588621512226e-24
4.370700503975046e-24
4.324162873690317e-24
4.275988608053166e-24
4.226209975772612e-24
4.174883726890411e-24
4.1220974034902824e-24
4.067977161247032e-24
4.012697459210657e-24
3.9564930471011885e-24
3.8996737619746286e-24
3.842642727190729e-24
3.785918614790163e-24
3.7301626606491055e-24
3.676211077131273e-24
3.625113316895795e-24
3.5781762232245165e-24
3.537013340689602e-24
3.503597446454075e-24
3.48031263914624e-24
3.4700002341616324e-24
3.475990723017685e-24
3.502113179425324e-24
3.552675202991668e-24
3.632412283739013e-24
3.7464157391285276e-24
3.900061194207723e-24
4.098970462419199e-24
4.3490435615809724e-24
4.6565924019463426e-24
5.0285967948428344e-24
5.4730943709115575e-24
5.999716243008338e-24
6.620393953431447e-24
7.350291282609702e-24
8.20905799469243e-24
9.222565710644127e-24
1.0425379314727043e-23
1.186435621659673e-23
1.3603966988182093e-23
1.5734179115009657e-23
1.8381866581272833e-23
2.1725860991925794e-23
2.6010544217825215e-23
3.153078104976029e-23
3.8483749753385007e-23
4.6402769036134606e-23
5.301604909397295e-23
5.462354291074496e-23
5.0550127822666335e-23
4.4036241439553313e-23
3.775321576755052e-23
3.25415568886553e-23
2.8391963618445455e-23
2.5093632572655568e-23
2.2441027954131694e-23
2.0274894025465678e-23
1.8479432730979905e-23
1.6971884128083805e-23
1.5693248400995816e-23
1.460146389875384e-23
1.366666056763344e-23
1.2867891046717247e-23
1.21908483878311e-23
1.1626215841690491e-23
1.1168402785666496e-23
1.0814502717025503e-23
1.0563375462429009e-23
1.0414815209153061e-23
1.0368817958582089e-23
1.042499697855425e-23
1.058220189983553e-23
1.0838371317140261e-23
1.1190602778738277e-23
1.1635380682608892e-23
1.2168880918227183e-23
1.2787277165672644e-23
1.3486997556885478e-23
1.4264908873702388e-23
1.5118427696885405e-23
1.6045570660910398e-23
1.704496052672842e-23
1.811580402013135e-23
1.9257853865302114e-23
