1.1001708397760585e-23
1.100161496157267e-23
1.1001520542841104e-23
1.1001424794227582e-23
1.1001327378516348e-23
1.1001227966759036e-23
1.1001126236538733e-23
1.1001021870337747e-23
1.1000914554000708e-23
1.1000803975279806e-23
1.1000689822453864e-23
1.1000571783012051e-23
1.1000449542392662e-23
1.1000322782771002e-23
1.1000191181888721e-23
1.1000054411916077e-23
1.0999912138343228e-23
1.0999764018893857e-23
1.0999609702455176e-23
1.0999448828019503e-23
1.0999281023632385e-23
1.0999105905343202e-23
1.099892307615216e-23
1.0998732124951632e-23
1.0998532625456223e-23
1.0998324135118661e-23
1.099810619402501e-23
1.0997878323770397e-23
1.0997640026307995e-23
1.0997390782764164e-23
1.0997130052229043e-23
1.0996857270501097e-23
1.0996571848798052e-23
1.0996273172420739e-23
1.0995960599370746e-23
1.0995633458915483e-23
1.0995291050103227e-23
1.0994932640212506e-23
1.0994557463144232e-23
1.0994164717750844e-23
1.0993753566085806e-23
1.0993323131587556e-23
1.0992872497185346e-23
1.0992400703313632e-23
1.0991906745847721e-23
1.0991389573946893e-23
1.0990848087799498e-23
1.0990281136258565e-23
1.0989687514393148e-23
1.0989065960891106e-23
1.0988415155390411e-23
1.0987733715640752e-23
1.0987020194568438e-23
1.0986273077187603e-23
1.0985490777376502e-23
1.0984671634497491e-23
1.0983813909867408e-23
1.0982915783065896e-23
1.0981975348046532e-23
1.0980990609100671e-23
1.0979959476621661e-23
1.0978879762642438e-23
1.0977749176207532e-23
1.0976565318503192e-23
1.097532567775744e-23
1.0974027623913387e-23
1.09726684030486e-23
1.0971245131512698e-23
1.0969754789813191e-23
1.0968194216229111e-23
1.096656010006201e-23
1.096484897463346e-23
1.0963057209919178e-23
1.096118100486328e-23
1.095921637926409e-23
1.0957159165391139e-23
1.0955004999095817e-23
1.0952749310553139e-23
1.0950387314588778e-23
1.0947914000496865e-23
1.0945324121440777e-23
1.094261218327209e-23
1.0939772432896666e-23
1.0936798846087204e-23
1.0933685114667107e-23
1.0930424633132926e-23
1.092701048458348e-23
1.0923435426238218e-23
1.0919691873722725e-23
1.0915771885373598e-23
1.0911667145005519e-23
1.0907368944506965e-23
1.0902868165345432e-23
1.0898155259029745e-23
1.0893220227104788e-23
1.0888052599694498e-23
1.0882641413359445e-23
1.0876975187937086e-23
1.0871041901973916e-23
1.0864828967326478e-23
1.0858323202436026e-23
1.0851510804401176e-23
1.0844377319477514e-23
1.0836907612454887e-23
1.0829085834771667e-23
1.0820895390525972e-23
1.081231890135537e-23
1.080333816968294e-23
1.0793934139819937e-23
1.078408685759675e-23
1.077377542810153e-23
1.0762977971104292e-23
1.0751671574856437e-23
1.0739832246980801e-23
1.0727434864100252e-23
1.0714453117924756e-23
1.0700859459382547e-23
1.0686625040720426e-23
1.0671719653617509e-23
1.0656111664744195e-23
1.0639767949743662e-23
1.0622653821161197e-23
1.060473295630713e-23
1.0585967319037404e-23
1.0566317079180535e-23
1.0545740528352928e-23
1.0524193990090841e-23
1.0501631728637562e-23
1.047800585050131e-23
1.0453266202712138e-23
1.0427360267329224e-23
1.0400233048107348e-23
1.0371826954666561e-23
1.0342081681129085e-23
1.0310934073524063e-23
1.0278318001875122e-23
1.0244164214551896e-23
1.0208400194938593e-23
1.0170950001686148e-23
1.0131734113541383e-23
1.0090669257474216e-23
1.0047668232474028e-23
1.0002639721537089e-23
9.955488103179896e-24
9.906113245780154e-24
9.854410290955699e-24
9.800269440411198e-24
9.743575714376169e-24
9.684208713170378e-24
9.622042363376487e-24
9.556944648202088e-24
9.48877732873057e-24
9.417395659536682e-24
9.342648073005023e-24
9.264375871883553e-24
9.182412894735946e-24
9.096585162886368e-24
9.006710528182039e-24
8.912598296308372e-24
8.814048822050574e-24
8.71085311532046e-24
8.602792413324236e-24
8.489637743614957e-24
8.371149462252142e-24
8.247076788398676e-24
8.117157338053583e-24
7.98111661072813e-24
7.838667507609243e-24
7.689509809119369e-24
7.533329682677845e-24
7.369799206269353e-24
7.19857587892879e-24
7.019302197571542e-24
6.831605295258728e-24
6.635096664815578e-24
6.429372032598298e-24
6.214011439670382e-24
5.9885796648195925e-24
5.752627095779734e-24
5.505691298588782e-24
5.247299797501831e-24
4.9769743796665836e-24
4.6942382782434336e-24
4.398627723914093e-24
4.08971101535204e-24
3.767120926751053e-24
3.4306114200398464e-24
3.0801621443287546e-24
2.7161822780376104e-24
2.339939480997591e-24
1.954550796213151e-24
1.567551387157509e-24
1.1984414710696389e-24
9.019264787360252e-25
8.071738083965722e-25
1.010173250436349e-24
1.4136358513127633e-24
1.9163523509792737e-24
2.477833756710844e-24
3.083545096091287e-24
3.728071750848814e-24
