3.3026653198956403e-24
3.1856502078343723e-24
3.0748458937551073e-24
2.970005905559801e-24
2.870895555206876e-24
2.777291387750773e-24
2.688980653929883e-24
2.605760805644544e-24
2.527439013726054e-24
2.4538317074545482e-24
2.3847641355282545e-24
2.3200699479011876e-24
2.2595907983405667e-24
2.20317596721959e-24
2.1506820042850354e-24
2.101972391024624e-24
2.0569172220995315e-24
2.015392905444253e-24
1.9772818803761927e-24
1.942472352881709e-24
1.910858047454925e-24
1.8823379743379207e-24
1.8568162112265345e-24
1.8342016982710852e-24
1.8144080452215667e-24
1.7973533494668834e-24
1.7829600238406235e-24
1.7711546329557967e-24
1.7618677371186033e-24
1.755033742831518e-24
1.750590759069419e-24
1.748480458657628e-24
1.748647944463065e-24
1.751041619734426e-24
1.755613062844442e-24
1.7623169060529056e-24
1.771110718720248e-24
1.781954894726102e-24
1.7948125448785883e-24
1.809649394057566e-24
1.8264336837326345e-24
1.8451360799213214e-24
1.8657295868691668e-24
1.888189466566177e-24
1.9124931642496675e-24
1.9386202397171223e-24
1.9665523046840377e-24
1.9962729659051167e-24
2.0277677737000153e-24
2.0610241758748507e-24
2.0960314767294035e-24
2.1327808005783783e-24
2.1712650598007483e-24
2.211478926576878e-24
2.253418808495853e-24
2.2970828270899445e-24
2.3424707993615534e-24
2.3895842217189117e-24
2.438426256219116e-24
2.489001718358308e-24
2.5413170669841083e-24
2.595380394984557e-24
2.6512014216806896e-24
2.7087914856978803e-24
2.768163539136252e-24
2.8293321421194357e-24
2.892313458126167e-24
2.9571252498226395e-24
3.0237868753977983e-24
3.0923192853282856e-24
3.1627450198461536e-24
3.2350882064540826e-24
3.309374558276119e-24
3.385631372726353e-24
3.463887530816727e-24
3.5441734971150204e-24
3.626521319933468e-24
3.710964632914509e-24
3.797538656203701e-24
3.8862801999561104e-24
3.977227667315874e-24
4.070421058789821e-24
4.165901977651832e-24
4.2637136361154265e-24
4.363900862825424e-24
4.4665101109191155e-24
4.57158946778276e-24
4.679188665537719e-24
4.7893590926136744e-24
4.902153807316281e-24
5.0176275514116945e-24
5.135836766042314e-24
5.256839608545156e-24
5.380695970178038e-24
5.507467495904287e-24
5.637217605198133e-24
5.770011514091679e-24
5.905916258212822e-24
6.045000718816025e-24
6.187335647987162e-24
6.3329936970393854e-24
6.482049445089807e-24
6.634579430121936e-24
6.790662181110049e-24
6.950378250360196e-24
7.113810249973209e-24
7.281042887004637e-24
7.452163001178477e-24
7.627259606389344e-24
7.806423927703333e-24
7.989749447109037e-24
8.177331945145957e-24
8.369269547348392e-24
8.565662770903332e-24
8.766614572539346e-24
8.972230398381835e-24
9.182618236829146e-24
9.39788866895027e-24
9.618154927462839e-24
9.843532947803826e-24
1.007414143026744e-23
1.0310101897333572e-23
1.0551538756340639e-23
1.079857936156244e-23
1.1051354079166506e-23
1.1309996353906029e-23
1.1574642777391867e-23
1.1845433157800382e-23
1.2122510593233373e-23
1.2406021541860677e-23
1.2696115901800117e-23
1.2992947087504723e-23
1.3296672107049615e-23
1.3607451647426342e-23
1.3925450154433987e-23
1.4250835922377233e-23
1.4583781178366172e-23
1.492446217184182e-23
1.5273059273212522e-23
1.5629757060739085e-23
1.5994744419799328e-23
1.636821464166363e-23
1.6750365528940157e-23
1.7141399495429554e-23
1.7541523667756234e-23
1.7950950007140498e-23
1.8369895409733994e-23
1.8798581822798334e-23
1.9237236369377684e-23
1.9686091450785217e-23
2.0145384893065353e-23
2.0615360049689633e-23
2.109626594338798e-23
2.1588357392279726e-23
2.2091895145611427e-23
2.260714601695729e-23
2.3134383036500695e-23
2.3673885581219478e-23
2.4225939531482453e-23
2.4790837415373506e-23
2.5368878566454783e-23
2.5960369286566543e-23
2.656562299523038e-23
2.718496040668963e-23
2.7818709683812426e-23
2.8467206643016237e-23
2.913079488616438e-23
2.980982601824745e-23
3.050465981546278e-23
3.1215664421839244e-23
3.194321652252471e-23
3.268770158586464e-23
3.344951402257638e-23
3.422905741959071e-23
3.502674472792306e-23
3.584299851504794e-23
3.667825116481836e-23
3.753294507548138e-23
3.8407532987169637e-23
3.9302478074851285e-23
4.0218254350737707e-23
4.1155346745804125e-23
4.211425157361325e-23
4.3095476518225026e-23
4.4099541202418553e-23
4.5126977185951937e-23
4.6178328460930865e-23
4.725415157020145e-23
4.8355016040051026e-23
4.948150445607165e-23
5.063421308913028e-23
5.181375196850105e-23
5.302074525373064e-23
5.425583148375542e-23
5.551966427938532e-23
5.681291205528731e-23
5.813625874225452e-23
5.949040447047407e-23
6.087606509336282e-23
6.229397321383494e-23
6.374487831216518e-23
