3.1486113474137963e-24
3.1342220792989096e-24
3.1207714607675965e-24
3.1082247708533194e-24
3.096549599965452e-24
3.085715755917214e-24
3.0756951752486533e-24
3.0664618397110254e-24
3.0579916977287675e-24
3.0502625907373088e-24
3.0432541841781817e-24
3.0369479030044503e-24
3.031326871559825e-24
3.0263758576471545e-24
3.0220812206280377e-24
3.0184308634145346e-24
3.0154141881672234e-24
3.013022055566272e-24
3.0112467474821243e-24
3.0100819329297592e-24
3.009522637138094e-24
3.00956521355406e-24
3.0102073186767733e-24
3.011447889612197e-24
3.0132871241138936e-24
3.0157264630298595e-24
3.0187685750403667e-24
3.0224173434339343e-24
3.026677854976971e-24
3.031556390483658e-24
3.0370604172203174e-24
3.0431985827381983e-24
3.049980710216743e-24
3.0574177950151544e-24
3.0655220023838368e-24
3.074306666123493e-24
3.083786288050672e-24
3.09397653821424e-24
3.104894255470884e-24
3.1165574485565452e-24
3.1289852972993312e-24
3.142198153783569e-24
3.1562175434929267e-24
3.1710661660598968e-24
3.186767895531854e-24
3.203347780031487e-24
3.2208320406436162e-24
3.2392480691941993e-24
3.258624425060334e-24
3.2789908305365105e-24
3.300378164864198e-24
3.3228184567107965e-24
3.346344874880978e-24
3.370991717250197e-24
3.3967943978112736e-24
3.423789431798398e-24
3.452014418705874e-24
3.481508023204109e-24
3.512309954214912e-24
3.544460941680396e-24
3.578002711517368e-24
3.612977958638691e-24
3.649430318037598e-24
3.687404334595076e-24
3.7269454308688306e-24
3.768099874345168e-24
3.810914743134001e-24
3.855437891093384e-24
3.901717912843664e-24
3.949804108358868e-24
3.9997464480370374e-24
4.051595538487403e-24
4.105402589437608e-24
4.161219381877597e-24
4.2190982384734915e-24
4.279091995938964e-24
4.341253980602207e-24
4.405637986612077e-24
4.472298257756234e-24
4.5412894735937054e-24
4.61266673877619e-24
4.686485578169888e-24
4.762801935330108e-24
4.841672176536576e-24
4.923153100325879e-24
5.0073019511360656e-24
5.094176438964142e-24
5.183834764326261e-24
5.27633564758738e-24
5.37173836470922e-24
5.470102786357378e-24
5.5714894237648076e-24
5.675959476911017e-24
5.783574889505525e-24
5.894398405930396e-24
6.008493633156823e-24
6.1259251061027225e-24
6.2467583552368056e-24
6.371059977437355e-24
6.498897709870693e-24
6.630340505261983e-24
6.765458608177297e-24
6.904323635807434e-24
7.047008654589764e-24
7.193588263580745e-24
7.344138673289102e-24
7.498737789492525e-24
7.657465291575044e-24
7.820402717133653e-24
7.987633540792785e-24
8.159243256082659e-24
8.335319455882199e-24
8.515951912036188e-24
8.701232651793454e-24
8.89125604156336e-24
9.086118859644042e-24
9.285920376685183e-24
9.490762429829374e-24
9.700749500000609e-24
9.915988788101158e-24
1.0136590287526948e-23
1.0362666862010822e-23
1.0594334318101619e-23
1.0831711478762944e-23
1.1074920261659448e-23
1.1324085751097349e-23
1.1579336274346479e-23
1.184080347295003e-23
1.2108622383099421e-23
1.2382931512878086e-23
1.2663872915916985e-23
1.2951592269965883e-23
1.324623895992376e-23
1.3547966156172515e-23
1.3856930892479208e-23
1.4173294159133742e-23
1.4497220976467686e-23
1.4828880490292693e-23
1.5168446049850557e-23
1.551609531258642e-23
1.5872010321989695e-23
1.623637760691754e-23
1.6609388285071053e-23
1.6991238146116735e-23
1.7382127765289862e-23
1.7782262601489274e-23
1.819185310636958e-23
1.861111482331139e-23
1.9040268508064016e-23
1.9479540243811053e-23
1.9929161547942283e-23
2.0389369497021854e-23
2.086040685162689e-23
2.134252217377792e-23
2.1835969969035314e-23
2.2341010803417503e-23
2.2857911446257736e-23
2.338694500228965e-23
2.3928391072930154e-23
2.4482535871633757e-23
2.504967240482437e-23
2.563010059185124e-23
2.6224127439872222e-23
2.683206721281461e-23
2.745424158035898e-23
2.809097978228937e-23
2.874261881822024e-23
2.940950360936393e-23
3.0091987186818084e-23
3.0790430881891305e-23
3.150520447191111e-23
3.2236686470839707e-23
3.2985264229027605e-23
3.375133414220181e-23
3.453530196693495e-23
3.5337582918160504e-23
3.615860190739479e-23
3.6998793816423886e-23
3.78586037270464e-23
3.873848704723792e-23
3.963890985072524e-23
4.0560349165113564e-23
4.150329309468477e-23
4.246824117024284e-23
4.345570453558331e-23
4.446620625630184e-23
4.550028170416872e-23
4.655847862073579e-23
4.7641357607917624e-23
4.87494922518091e-23
4.988346955309833e-23
5.104389018116772e-23
5.2231368835108086e-23
5.344653444284094e-23
5.469003063272082e-23
5.596251601994301e-23
5.726466461288434e-23
5.859716584393482e-23
5.996072557457791e-23
6.135606580490533e-23
6.278392531750743e-23
