1.0180616904467754e-23
1.0179350294876189e-23
1.017813877918113e-23
1.0176979646624833e-23
1.0175870309914469e-23
1.0174808298693201e-23
1.0173791253291832e-23
1.0172816918825964e-23
1.0171883139604601e-23
1.0170987853803701e-23
1.0170129088396842e-23
1.0169304954372634e-23
1.0168513642138804e-23
1.0167753417168634e-23
1.0167022615863727e-23
1.0166319641570547e-23
1.0165642960838427e-23
1.0164991099766731e-23
1.0164362640571824e-23
1.0163756218305417e-23
1.0163170517645448e-23
1.0162604269900556e-23
1.0162056250084086e-23
1.016152527409787e-23
1.0161010196061214e-23
1.0160509905694352e-23
1.0160023325835126e-23
1.015954941000301e-23
1.0159087140059475e-23
1.01586355239335e-23
1.0158193593444645e-23
1.015776040216954e-23
1.0157335023255729e-23
1.0156916547551895e-23
1.0156504081482238e-23
1.0156096745194036e-23
1.0155693670585565e-23
1.0155293999473016e-23
1.015489688169884e-23
1.0154501473379415e-23
1.015410693502603e-23
1.0153712429789847e-23
1.0153317121707606e-23
1.0152920173891799e-23
1.0152520746827628e-23
1.0152117996532312e-23
1.0151711072902023e-23
1.0151299117822763e-23
1.0150881263518448e-23
1.0150456630631138e-23
1.0150024326526674e-23
1.0149583443406564e-23
1.014913305650724e-23
1.0148672222163663e-23
1.0148199975979827e-23
1.0147715330835488e-23
1.0147217274959659e-23
1.0146704769931498e-23
1.0146176748578284e-23
1.0145632112993981e-23
1.0145069732115039e-23
1.0144488440042479e-23
1.0143887033204642e-23
1.0143264268569453e-23
1.0142618860994853e-23
1.0141949480884455e-23
1.0141254751697442e-23
1.0140533247452304e-23
1.0139783490166766e-23
1.013900394685408e-23
1.0138193027361001e-23
1.0137349080929231e-23
1.0136470393699627e-23
1.0135555185552799e-23
1.013460160719358e-23
1.0133607736959171e-23
1.013257157754049e-23
1.0131491052993659e-23
1.0130364005123423e-23
1.0129188190134841e-23
1.012796127541115e-23
1.0126680835870282e-23
1.0125344349934435e-23
1.0123949196660941e-23
1.0122492651688969e-23
1.0120971883669375e-23
1.0119383950363937e-23
1.01177257951184e-23
1.0115994243417767e-23
1.0114185998353271e-23
1.0112297638683174e-23
1.0110325613003591e-23
1.0108266238930667e-23
1.0106115697563756e-23
1.0103870032035778e-23
1.0101525143640712e-23
1.0099076789829011e-23
1.0096520581972393e-23
1.009385198324868e-23
1.0091066307378113e-23
1.0088158717648488e-23
1.0085124226608487e-23
1.008195769798895e-23
1.007865384629916e-23
1.0075207239726582e-23
1.0071612304758833e-23
1.0067863329591979e-23
1.006395447179637e-23
1.0059879766063563e-23
1.0055633133498458e-23
1.0051208395679165e-23
1.0046599288565121e-23
1.0041799480527256e-23
1.0036802592655584e-23
1.0031602226422115e-23
1.0026191990143147e-23
1.0020565534611373e-23
1.0014716593493143e-23
1.0008639026381492e-23
1.0002326875653706e-23
9.995774426027079e-24
9.988976273831933e-24
9.981927410500749e-24
9.974623312251584e-24
9.967060045746247e-24
9.959234396033806e-24
9.951143992683938e-24
9.942787479966654e-24
9.934164690183098e-24
9.925276848208872e-24
9.916126812607274e-24
9.906719337001478e-24
9.897061373980734e-24
9.887162423051855e-24
9.877034932940046e-24
9.866694738793343e-24
9.856161591469876e-24
9.845459729774028e-24
9.834618559340505e-24
9.823673414708855e-24
9.81266643152471e-24
9.801647535383121e-24
9.790675601584914e-24
9.779819735686259e-24
9.76916078831032e-24
9.758793037691132e-24
9.748826184788086e-24
9.739387561411041e-24
9.730624740595697e-24
9.722708460614351e-24
9.715836056854947e-24
9.710235339452598e-24
9.70616909009571e-24
9.703940207529808e-24
9.703897642897197e-24
9.706443209676121e-24
9.712039422071893e-24
9.721218486003835e-24
9.734592642587397e-24
9.752866041327277e-24
9.776848334569958e-24
9.807470289184067e-24
9.845801610370702e-24
9.893071329469107e-24
9.950691058607719e-24
1.0020281505484061e-23
1.010370263593426e-23
1.0203087879201063e-23
1.0320883208037108e-23
1.0459891226301801e-23
1.0623321686152855e-23
1.0814848962704931e-23
1.103867782024528e-23
1.1299619543908131e-23
1.1603179652794077e-23
1.1955660507601434e-23
1.2364281355609614e-23
1.2837318630637315e-23
1.338426895026809e-23
1.40160353135535e-23
1.4745130803017015e-23
1.5585885212499886e-23
1.6554618430680755e-23
1.7669708649092382e-23
1.895141495984529e-23
2.0421202865628105e-23
2.210012990408116e-23
2.400557287985551e-23
2.61452278702884e-23
2.8507083335365684e-23
3.1044519236109843e-23
3.3658055412965543e-23
3.618104356126511e-23
3.838486069664151e-23
4.00212303186957e-23
4.09002235601522e-23
4.0965006137041666e-23
4.0310201210668264e-23
3.913189057880487e-23
3.765066188246885e-23
3.60547952814597e-23
