6.4843686732458705e-24
6.5101866575388525e-24
6.534801316663136e-24
6.558264028582738e-24
6.58062381235764e-24
6.601927422946616e-24
6.622219442247245e-24
6.641542366461729e-24
6.659936689844682e-24
6.677440984913609e-24
6.69409197920499e-24
6.709924628670445e-24
6.72497218779575e-24
6.739266276533787e-24
6.752836944150906e-24
6.765712730075e-24
6.777920721821605e-24
6.789486610115367e-24
6.800434741266248e-24
6.810788166902058e-24
6.820568691128774e-24
6.829796915204404e-24
6.838492279801346e-24
6.846673104921277e-24
6.854356627543968e-24
6.861559037080649e-24
6.868295508662416e-24
6.87458023436721e-24
6.880426452408376e-24
6.88584647435505e-24
6.890851710409849e-24
6.895452692844155e-24
6.89965909754422e-24
6.903479763787758e-24
6.906922712255784e-24
6.909995161285925e-24
6.912703541441092e-24
6.915053508383985e-24
6.9170499540826e-24
6.918697016375282e-24
6.919998086902216e-24
6.92095581740282e-24
6.921572124405296e-24
6.921848192275074e-24
6.921784474680178e-24
6.921380694387181e-24
6.920635841427252e-24
6.919548169640075e-24
6.918115191521785e-24
6.916333671340011e-24
6.91419961660672e-24
6.911708267711566e-24
6.908854085794718e-24
6.905630738785126e-24
6.902031085515691e-24
6.89804715791912e-24
6.893670141192995e-24
6.888890351916242e-24
6.883697213966841e-24
6.878079232234498e-24
6.87202396397005e-24
6.865517987800793e-24
6.858546869998724e-24
6.851095128386291e-24
6.843146193159397e-24
6.83468236499469e-24
6.825684769953515e-24
6.816133311170204e-24
6.806006617128111e-24
6.795281986287726e-24
6.783935327846226e-24
6.77194109847767e-24
6.759272234668382e-24
6.745900080515554e-24
6.731794310565543e-24
6.71692284740611e-24
6.701251773830484e-24
6.684745238708492e-24
6.667365356748928e-24
6.649072101291569e-24
6.629823189746724e-24
6.609573960956276e-24
6.5882772444000024e-24
6.565883219806137e-24
6.542339267189114e-24
6.517589805865689e-24
6.491576122263389e-24
6.4642361848808e-24
6.435504445781279e-24
6.4053116272858455e-24
6.373584492927581e-24
6.340245600268129e-24
6.305213035588321e-24
6.2684001271246824e-24
6.229715136036551e-24
6.189060922589159e-24
6.146334585405512e-24
6.1014270706101925e-24
6.054222749267116e-24
6.004598958508595e-24
5.95242550439869e-24
5.897564121077288e-24
5.839867884029839e-24
5.779180570946567e-24
5.715335966959597e-24
5.648157107874206e-24
5.577455456432286e-24
5.503030006440307e-24
5.42466630674455e-24
5.342135403382979e-24
5.2551926911349725e-24
5.163576674933419e-24
5.067007637501165e-24
4.965186220700375e-24
4.8577919285900465e-24
4.744481578589596e-24
4.6248877419236764e-24
4.4986172455687216e-24
4.3652498577637836e-24
4.224337356235676e-24
4.0754033031588826e-24
3.917944065663578e-24
3.751431973687038e-24
3.575322116894292e-24
3.389065378441725e-24
3.192132280306005e-24
2.9840559776807302e-24
2.7645101426687815e-24
2.533452683520301e-24
2.291399068859571e-24
2.0399631774280593e-24
1.7829772932107276e-24
1.5289057300503146e-24
1.2960346114870413e-24
1.1218488092595468e-24
1.0679420763891852e-24
1.1870995721305368e-24
1.4733197360563703e-24
1.886883316871733e-24
2.398487749385336e-24
2.9958654593382923e-24
3.677919135822687e-24
4.450596784645917e-24
5.3252449938094766e-24
6.318471980091324e-24
7.453029328658755e-24
8.759658879585712e-24
1.0280184798124837e-23
1.2072517656298113e-23
1.421887645485151e-23
1.6839784266054245e-23
2.0119075406626844e-23
2.435140211916084e-23
3.003970607973842e-23
3.811586655850142e-23
5.0508841814441495e-23
7.188239056159495e-23
1.1621267005977499e-22
2.258762866150965e-22
2.2290905370497756e-22
1.207487784912415e-22
7.89447888301075e-23
5.838163551790301e-23
4.626987143066779e-23
3.8255102835553354e-23
3.251159706288933e-23
2.8149039193371505e-23
2.468360343460818e-23
2.1830312282134828e-23
1.9410592421851524e-23
1.730696394438225e-23
1.543910567659074e-23
1.3750456307429818e-23
1.22003969930412e-23
1.075961456156049e-23
9.407469541862805e-24
8.130883051998122e-24
6.924809278503367e-24
5.795106283313549e-24
4.765989731325524e-24
3.896167419425911e-24
3.302929296705909e-24
3.148443514656904e-24
3.5029094516361214e-24
4.257376969673429e-24
5.2610402898858514e-24
6.417744241406882e-24
7.67883361497998e-24
9.020985627364612e-24
1.0433347261881317e-23
1.191137110532818e-23
1.3453879515834197e-23
1.5061610108609057e-23
1.6736460519331627e-23
1.8481078725930458e-23
2.0298633159757003e-23
2.2192680438101444e-23
2.416708844867037e-23
2.622599205492884e-23
2.8373768550925954e-23
3.06150256918092e-23
