3.618388981685559e-24
3.418048372704612e-24
3.2281685278714672e-24
3.0482723703107384e-24
2.8779038236128145e-24
2.7166270403527105e-24
2.5640256808740003e-24
2.4197022399110395e-24
2.283277417958596e-24
2.1543895348523227e-24
2.0326939820853e-24
1.9178627105140737e-24
1.809583749322014e-24
1.7075607516754222e-24
1.6115125616122545e-24
1.5211727954924004e-24
1.4362894303918329e-24
1.356624390052263e-24
1.281953117172597e-24
1.2120641193907254e-24
1.146758473513507e-24
1.0858492718586318e-24
1.0291609919301603e-24
9.76528771588052e-25
9.277975718385688e-25
8.828212132328402e-25
8.414612781056035e-25
8.035858799355873e-25
7.690683151788693e-25
7.377856293286175e-25
7.096171480428628e-25
6.844430431847118e-25
6.621430190452403e-25
6.425952120897035e-25
6.256753954390539e-25
6.112565628552652e-25
5.992089389583692e-25
5.8940042312511615e-25
5.816974320046657e-25
5.759660657028868e-25
5.720734926728948e-25
5.698894333690084e-25
5.692876235309139e-25
5.701471531058562e-25
5.723536022735871e-25
5.757999257479371e-25
5.803870654908805e-25
5.8602429753587605e-25
5.9262933665242425e-25
6.001282346160127e-25
6.08455113302186e-25
6.175517740541375e-25
6.273672221877087e-25
6.37857140138275e-25
6.489833371193745e-25
6.607131969571678e-25
6.73019140372021e-25
6.858781130132442e-25
6.99271106648465e-25
7.131827177632042e-25
7.276007453369345e-25
7.4251582780233935e-25
7.579211180931356e-25
7.738119946896987e-25
7.901858062289541e-25
8.070416467877429e-25
8.243801592720329e-25
8.422033637721254e-25
8.605145085141156e-25
8.793179407310532e-25
8.986189951704764e-25
9.184238981048175e-25
9.387396851309354e-25
9.595741306606049e-25
9.809356880927321e-25
1.0028334388789893e-24
1.0252770495971765e-24
1.0482767359287133e-24
1.0718432325426774e-24
1.0959877681496636e-24
1.1207220452349297e-24
1.1460582235476e-24
1.1720089069970097e-24
1.1985871336551848e-24
1.2258063681589658e-24
1.2536804965217643e-24
1.2822238227500706e-24
1.3114510674034574e-24
1.3413773673424336e-24
1.372018277127889e-24
1.4033897714207914e-24
1.435508248577374e-24
1.4683905348258202e-24
1.5020538897986424e-24
1.5365160123954952e-24
1.57179504753298e-24
1.6079095935448945e-24
1.6448787099984429e-24
1.682721926240229e-24
1.7214592504546712e-24
1.761111178861842e-24
1.801698705810902e-24
1.843243334159175e-24
1.885767086060338e-24
1.9292925139983156e-24
1.9738427123363034e-24
2.019441329601489e-24
2.066112580676798e-24
2.1138812595631728e-24
2.1627727524985658e-24
2.2128130519136065e-24
2.2640287696174086e-24
2.316447152066102e-24
2.3700960945102154e-24
2.425004156268665e-24
2.4812005765563512e-24
2.538715290525878e-24
2.597578945379397e-24
2.6578229178544717e-24
2.7194793308512687e-24
2.782581072230619e-24
2.8471618126046313e-24
2.9132560237313814e-24
2.980898999014682e-24
3.0501268725203188e-24
3.1209766396644686e-24
3.193486177967507e-24
3.267694269214073e-24
3.343640621023376e-24
3.421365889195073e-24
3.500911703945959e-24
3.582320688321872e-24
3.665636488775657e-24
3.750903798259876e-24
3.838168380673308e-24
3.9274771016168915e-24
4.0188779514348e-24
4.112420076591023e-24
4.20815381073374e-24
4.306130701888848e-24
4.406403541574394e-24
4.5090264014590265e-24
4.6140546647844186e-24
4.7215450613454814e-24
4.831555696552445e-24
4.944146098239378e-24
5.059377242850519e-24
5.177311599664098e-24
5.298013172223198e-24
5.421547534185844e-24
5.547981877552846e-24
5.677385044787313e-24
5.809827592974622e-24
5.945381822293869e-24
6.084121824471728e-24
6.226123557361328e-24
6.371464867248174e-24
6.520225556715852e-24
6.672487421914326e-24
6.828334354627064e-24
6.987852354333677e-24
7.15112960436549e-24
7.318256538703998e-24
7.489325909879916e-24
7.664432873028789e-24
7.84367500632776e-24
8.027152451759834e-24
8.214967938418916e-24
8.407226897761863e-24
8.60403751506411e-24
8.805510867459964e-24
9.011760924319022e-24
9.22290476667674e-24
9.439062575262597e-24
9.660357778169984e-24
9.886917186882876e-24
1.0118870995142998e-23
1.0356353099320729e-23
1.0599500953384083e-23
1.0848455980844247e-23
1.1103363440052966e-23
1.1364372820810128e-23
1.1631637769328e-23
1.1905316245352453e-23
1.2185571047804214e-23
1.2472569414636771e-23
1.2766483623623969e-23
1.3067490979551257e-23
1.3375774286961614e-23
1.3691521444420706e-23
1.4014926305681368e-23
1.4346188756972287e-23
1.4685514519756745e-23
1.5033116074480287e-23
1.5389212149362432e-23
1.575402886186502e-23
1.6127799408825708e-23
1.6510764306077242e-23
1.6903172422989378e-23
1.730528014671786e-23
1.771735293683648e-23
