1.3327925297814847e-21
1.3327935388414835e-21
1.3327942845271628e-21
1.3327947684238762e-21
1.3327949915614834e-21
1.3327949544162582e-21
1.332794656912416e-21
1.3327940984212227e-21
1.3327932777604119e-21
1.3327921931910985e-21
1.3327908424148705e-21
1.3327892225679753e-21
1.3327873302159968e-21
1.332785161346295e-21
1.3327827113594511e-21
1.3327799750598488e-21
1.332776946644071e-21
1.3327736196893207e-21
1.3327699871390791e-21
1.3327660412888261e-21
1.3327617737689768e-21
1.332757175528036e-21
1.3327522368124825e-21
1.332746947146564e-21
1.3327412953102088e-21
1.3327352693146631e-21
1.3327288563779041e-21
1.332722042896445e-21
1.3327148144176459e-21
1.332707155608035e-21
1.3326990502213492e-21
1.3326904810640859e-21
1.3326814299586496e-21
1.3326718777051631e-21
1.3326618040406248e-21
1.332651187595564e-21
1.332640005849338e-21
1.3326282350817342e-21
1.3326158503231952e-21
1.3326028253013413e-21
1.3325891323853574e-21
1.332574742527787e-21
1.3325596252022856e-21
1.3325437483391523e-21
1.3325270782570319e-21
1.33250957959194e-21
1.3324912152217893e-21
1.3324719461877105e-21
1.3324517316111157e-21
1.332430528607427e-21
1.3324082921950766e-21
1.3323849751990669e-21
1.3323605281524112e-21
1.3323348991891334e-21
1.3323080339366668e-21
1.3322798753979357e-21
1.33225036383201e-21
1.3322194366271328e-21
1.332187028165688e-21
1.3321530696888792e-21
1.3321174891471853e-21
1.3320802110490011e-21
1.3320411562994558e-21
1.3320002420338466e-21
1.3319573814395654e-21
1.331912483574871e-21
1.331865453171456e-21
1.331816190435778e-21
1.3317645908369413e-21
1.3317105448808893e-21
1.3316539378819084e-21
1.3315946497168095e-21
1.3315325545708906e-21
1.331467520669421e-21
1.3313994099989643e-21
1.3313280780123892e-21
1.3312533733219376e-21
1.33117513737956e-21
1.331093204137251e-21
1.331007399695327e-21
1.3309175419307663e-21
1.3308234401166254e-21
1.3307248945036317e-21
1.3306216959081071e-21
1.3305136252587142e-21
1.3304004531362135e-21
1.330281939279199e-21
1.330157832080751e-21
1.3300278680373567e-21
1.3298917712138489e-21
1.3297492526257544e-21
1.3296000096444091e-21
1.3294437253509897e-21
1.3292800678459362e-21
1.3291086895591036e-21
1.3289292265024657e-21
1.328741297487675e-21
1.3285445033270267e-21
1.3283384259650547e-21
1.3281226276003574e-21
1.3278966497444294e-21
1.3276600122397323e-21
1.3274122122471475e-21
1.3271527231575634e-21
1.3268809934721897e-21
1.326596445626123e-21
1.32629847474594e-21
1.3259864473631028e-21
1.3256597000490852e-21
1.3253175380169291e-21
1.3249592336081035e-21
1.324584024700615e-21
1.3241911131918388e-21
1.3237796631589563e-21
1.3233487991164962e-21
1.3228976041560022e-21
1.3224251179441756e-21
1.3219303346397656e-21
1.3214122008089804e-21
1.3208696130823085e-21
1.3203014157981942e-21
1.3197063984807454e-21
1.3190832933377403e-21
1.3184307723543736e-21
1.3177474446053377e-21
1.3170318530206703e-21
1.316282471528872e-21
1.3154977014712354e-21
1.314675868219873e-21
1.3138152176613295e-21
1.3129139122368752e-21
1.3119700269543538e-21
1.3109815453179368e-21
1.3099463546619313e-21
1.3088622419601244e-21
1.307726888491721e-21
1.3065378650676618e-21
1.305292626696256e-21
1.3039885067780213e-21
1.3026227115419385e-21
1.3011923135737477e-21
1.299694245468738e-21
1.2981252929925865e-21
1.2964820882939827e-21
1.2947611017494572e-21
1.2929586346859654e-21
1.2910708107306008e-21
1.2890935673000212e-21
1.2870226467841798e-21
1.284853585957372e-21
1.2825817070713477e-21
1.2802021068286747e-21
1.2777096446059042e-21
1.275098932016659e-21
1.2723643190769427e-21
1.2694998828675404e-21
1.2664994121548599e-21
1.2633563946422203e-21
1.2600640001296576e-21
1.2566150665602175e-21
1.2530020818611765e-21
1.2492171661349493e-21
1.245252053454999e-21
1.2410980734920949e-21
1.2367461273244889e-21
1.2321866698729121e-21
1.2274096823381853e-21
1.2224046520346073e-21
1.217160544044872e-21
1.2116657732913232e-21
1.2059081793265545e-21
1.1998749912776745e-21
1.1935527981794872e-21
1.186927515605043e-21
1.1799843470648621e-21
1.1727077479520122e-21
1.1650813812748197e-21
1.1570880785529927e-21
1.1487097930394902e-21
1.1399275490755653e-21
1.1307213896825095e-21
1.1210703226690165e-21
1.1109522638380675e-21
1.1003439701639882e-21
1.0892209717161522e-21
1.0775575096068258e-21
1.0653264463318261e-21
1.052499186175663e-21
1.0390455969099303e-21
1.0249339052838395e-21
1.0101305963920676e-21
9.946003026412583e-22
9.783056923848945e-22
9.61207334873801e-22
9.432635562135794e-22
9.244303045071993e-22
9.046609675429852e-22
8.839062021087287e-22
8.621137265243633e-22
8.392281192982498e-22
8.151905551793733e-22
