1.6765999108592587e-24
1.686092590947303e-24
1.695416006732517e-24
1.704541940829069e-24
1.713446845873872e-24
1.722111248049611e-24
1.7305192160755104e-24
1.738657889555834e-24
1.7465170608287637e-24
1.7540888048303362e-24
1.761367151874944e-24
1.7683477986880813e-24
1.775027853436251e-24
1.7814056109157653e-24
1.7874803544400034e-24
1.7932521813367592e-24
1.7987218492769094e-24
1.8038906409926322e-24
1.8087602451751856e-24
1.8133326516300465e-24
1.817610058957786e-24
1.821594793241101e-24
1.8252892363966623e-24
1.8286957629947502e-24
1.8318166845063037e-24
1.8346542000299114e-24
1.837210352715036e-24
1.8394869911164047e-24
1.8414857348878716e-24
1.8432079442163454e-24
1.844654692543849e-24
1.845826742099946e-24
1.84672452192144e-24
1.8473481079779284e-24
1.847697205156313e-24
1.847771130838084e-24
1.8475687998717654e-24
1.847088710760419e-24
1.846328932911969e-24
1.845287094864753e-24
1.8439603733874303e-24
1.842345483386133e-24
1.840438668638969e-24
1.8382356933082305e-24
1.835731834321142e-24
1.832921874655991e-24
1.829800097672753e-24
1.8263602826257306e-24
1.822595701547407e-24
1.8184991178357394e-24
1.8140627867407558e-24
1.8092784582663835e-24
1.8041373829121687e-24
1.798630320815469e-24
1.7927475550517297e-24
1.7864789098975973e-24
1.7798137750666994e-24
1.772741137171833e-24
1.7652496198030013e-24
1.757327534015912e-24
1.748962941308254e-24
1.7401437315490225e-24
1.7308577189364694e-24
1.7210927595251666e-24
1.7108368947213393e-24
1.700078525951657e-24
1.6888066268288727e-24
1.677011000391289e-24
1.6646825906775677e-24
1.6518138596582816e-24
1.6383992429892067e-24
1.6244357008653778e-24
1.6099233835363243e-24
1.5948664352011387e-24
1.5792739648507406e-24
1.5631612184821341e-24
1.546550993687032e-24
1.5294753457300272e-24
1.5119776427654747e-24
1.4941150379077199e-24
1.475961435244942e-24
1.4576110368794922e-24
1.439182564548696e-24
1.4208242516601692e-24
1.4027196943730115e-24
1.3850946272481106e-24
1.3682246425225589e-24
1.3524437893028225e-24
1.338153858526387e-24
1.3258339702304602e-24
1.3160498255313845e-24
1.3094616843609556e-24
1.3068298245633897e-24
1.3090160256532601e-24
1.3169796445980822e-24
1.3317672832614695e-24
1.354496014850741e-24
1.3863316116544415e-24
1.428464917451112e-24
1.4820909061040226e-24
1.548395470597217e-24
1.6285542595853485e-24
1.7237460951158395e-24
1.8351813260837484e-24
1.9641437215625453e-24
2.1120437621516245e-24
2.2804815731608207e-24
2.4713190241720956e-24
2.6867623079231095e-24
2.929458348070346e-24
3.202610588736133e-24
3.510122220157642e-24
3.856778026583027e-24
4.2484802443413976e-24
4.692559748677162e-24
5.198192385780451e-24
5.776962425352585e-24
6.443632188587992e-24
7.217199779681262e-24
8.122354009202097e-24
9.19145692333776e-24
1.0467162538599889e-23
1.2005596278530831e-23
1.3879318266496016e-23
1.6177069349263875e-23
1.8990965942111617e-23
2.2366339138175332e-23
2.6164840550912356e-23
2.981580933868127e-23
3.221005580963708e-23
3.2365981959465905e-23
3.0458161813580305e-23
2.7544273414065915e-23
2.4528645358391407e-23
2.1824039557459776e-23
1.952819315498469e-23
1.7612313918405398e-23
1.601397549708953e-23
1.467119966661249e-23
1.35319471881045e-23
1.2555019292035576e-23
1.1708491370735604e-23
1.0967773360792777e-23
1.0313915973635102e-23
9.732280537106817e-24
9.211537643056819e-24
8.742926686277988e-24
8.319712075558543e-24
7.936784706136792e-24
7.59036942641888e-24
7.277808985844142e-24
6.997401993152137e-24
6.748276834887513e-24
6.530286655534312e-24
6.34391242984808e-24
6.190162831403756e-24
6.070462167586982e-24
5.9865211838304005e-24
5.9401911379723715e-24
5.933308330460036e-24
5.967542899898368e-24
6.0442699289599886e-24
6.164480226157187e-24
6.3287423875673364e-24
6.537217995654595e-24
6.789721705804376e-24
7.085811018823698e-24
7.424888328736407e-24
7.806300021229145e-24
8.229422237604806e-24
8.693728215460127e-24
9.198836426952657e-24
9.744541553524276e-24
1.0330831563086973e-23
1.0957894624670918e-23
1.1626118991821646e-23
1.2336088564430005e-23
1.3088576194545941e-23
1.3884535952073243e-23
1.4725095555996375e-23
1.5611549285692062e-23
1.6545351883872578e-23
1.752811365223268e-23
1.8561596511147677e-23
1.9647711399577532e-23
2.0788516747876022e-23
2.198621785961601e-23
2.324316737752169e-23
2.4561866611159708e-23
2.594496760324545e-23
2.7395276133427556e-23
2.891575519688404e-23
3.0509529146226376e-23
3.217988892236913e-23
3.393029704037363e-23
3.5764393961228775e-23
3.768600450514071e-23
3.9699144807220944e-23
4.180803040772685e-23
4.401708389772439e-23
4.633094384060966e-23
