1.0246783938113922e-23
1.0253323179841883e-23
1.0259450602329381e-23
1.0265178939030666e-23
1.0270520100683943e-23
1.0275485198379019e-23
1.0280084565130801e-23
1.0284327775986708e-23
1.0288223666698371e-23
1.0291780350971089e-23
1.0295005236320182e-23
1.0297905038554315e-23
1.0300485794901382e-23
1.0302752875797715e-23
1.0304710995351889e-23
1.0306364220502425e-23
1.0307715978872634e-23
1.0308769065342017e-23
1.0309525647331447e-23
1.0309987268815676e-23
1.031015485306139e-23
1.0310028704093312e-23
1.0309608506885855e-23
1.0308893326279115e-23
1.0307881604610412e-23
1.0306571158053681e-23
1.0304959171656448e-23
1.0303042193059185e-23
1.030081612488448e-23
1.0298276215771454e-23
1.0295417050039453e-23
1.0292232535954238e-23
1.0288715892570067e-23
1.0284859635116485e-23
1.0280655558898323e-23
1.0276094721671775e-23
1.0271167424457917e-23
1.0265863190750079e-23
1.0260170744068716e-23
1.025407798381746e-23
1.0247571959378473e-23
1.0240638842401814e-23
1.0233263897218578e-23
1.0225431449313888e-23
1.0217124851796664e-23
1.0208326449782736e-23
1.0199017542618513e-23
1.018917834386221e-23
1.0178787938932065e-23
1.0167824240325539e-23
1.0156263940317418e-23
1.0144082461021523e-23
1.0131253901715333e-23
1.0117750983300814e-23
1.0103544989784574e-23
1.0088605706637851e-23
1.0072901355906496e-23
1.005639852791515e-23
1.0039062109417552e-23
1.0020855208023946e-23
1.0001739072735824e-23
9.981673010401754e-24
9.960614297901663e-24
9.938518089855765e-24
9.91533732163895e-24
9.89102260747152e-24
9.865522133340813e-24
9.838781544501733e-24
9.810743827270652e-24
9.781349184834009e-24
9.750534906748929e-24
9.718235231817578e-24
9.684381203971593e-24
9.64890052080026e-24
9.611717374312098e-24
9.572752283501381e-24
9.531921918257704e-24
9.489138914110348e-24
9.44431167727901e-24
9.397344179433818e-24
9.348135741538788e-24
9.296580806078723e-24
9.242568696908786e-24
9.18598336590126e-24
9.126703125452237e-24
9.0646003658339e-24
8.99954125624661e-24
8.93138542828475e-24
8.859985640363158e-24
8.785187421463412e-24
8.706828692301545e-24
8.62473936174759e-24
8.538740895961892e-24
8.448645857287887e-24
8.354257409407573e-24
8.25536878458406e-24
8.151762708002169e-24
8.043210773149983e-24
7.929472760815906e-24
7.810295892592436e-24
7.685414007468683e-24
7.554546647224875e-24
7.417398032416278e-24
7.273655905628059e-24
7.122990211711552e-24
6.965051575364351e-24
6.799469523420931e-24
6.625850381340065e-24
6.4437747480790115e-24
6.252794417607282e-24
6.052428563330408e-24
5.84215892556811e-24
5.621423628870242e-24
5.38960908448362e-24
5.146039169575178e-24
4.889960462114681e-24
4.620521654360767e-24
4.33674421040056e-24
4.037479618351124e-24
3.721345837256566e-24
3.386631392043613e-24
3.0311507590702156e-24
2.6520371366705507e-24
2.245518215971279e-24
1.8071521373362114e-24
1.3361926494788902e-24
8.782139795040743e-25
8.615936767490276e-25
2.133210541055971e-24
7.550543580049922e-24
3.9581118205838635e-24
1.4173508477945832e-24
8.525261095880406e-25
1.2976422195318896e-24
1.9549624535117796e-24
2.6410230487769374e-24
3.341619449487751e-24
4.059959463781242e-24
4.800513454334924e-24
5.5671779601874394e-24
6.363247698807904e-24
7.19159521457311e-24
8.054826258325184e-24
8.955390010065346e-24
9.895654570384667e-24
1.0877959063640799e-23
1.1904650475644428e-23
1.2978110549384732e-23
1.410077615923407e-23
1.527515536822766e-23
1.6503840606992228e-23
1.7789519927981275e-23
1.9134986979670408e-23
2.0543150142068757e-23
2.2017041136363687e-23
2.3559823329379326e-23
2.517479989648308e-23
2.686542196334591e-23
2.8635296821008e-23
3.0488196286608015e-23
3.2428065270235794e-23
3.445903059286093e-23
3.6585410108710084e-23
3.881172215419843e-23
4.1142695365961777e-23
4.358327890561357e-23
4.613865310536575e-23
4.881424058116761e-23
5.1615717819878724e-23
5.454902730094475e-23
5.762039015222453e-23
6.083631937845638e-23
6.420363369405172e-23
6.772947200338924e-23
7.142130854729875e-23
7.528696870247466e-23
7.933464562183878e-23
8.35729175006257e-23
8.801076579151148e-23
9.265759417600717e-23
9.752324843837581e-23
1.0261803727599922e-22
1.0795275410113058e-22
1.1353869982928647e-22
1.1938770676979966e-22
1.255121635510848e-22
1.319250413352289e-22
1.386399212122719e-22
1.4567102260703912e-22
1.5303323387587785e-22
1.6074214287394088e-22
1.6881407060436209e-22
1.7726610516425842e-22
1.8611613801019658e-22
1.9538290132710946e-22
2.0508600822900579e-22
2.1524599322922453e-22
2.258843559224634e-22
2.3702360659558025e-22
2.486873134956499e-22
2.609001515591647e-22
