2.5292396085799828e-23
2.5299465929072753e-23
2.5306211436225142e-23
2.5312646910546116e-23
2.5318785998140947e-23
2.532464171683176e-23
2.5330226483737456e-23
2.5335552141575087e-23
2.5340629983755294e-23
2.5345470778306197e-23
2.535008479068739e-23
2.5354481805545144e-23
2.5358671147444765e-23
2.536266170063451e-23
2.5366461927861518e-23
2.5370079888322872e-23
2.5373523254733836e-23
2.5376799329598518e-23
2.5379915060674255e-23
2.5382877055716823e-23
2.5385691596472793e-23
2.5388364651997516e-23
2.5390901891308916e-23
2.539330869540281e-23
2.5395590168663328e-23
2.5397751149682018e-23
2.539979622151162e-23
2.5401729721379823e-23
2.5403555749898578e-23
2.5405278179736158e-23
2.5406900663834043e-23
2.5408426643162107e-23
2.5409859353988347e-23
2.5411201834775464e-23
2.5412456932584015e-23
2.5413627309113374e-23
2.5414715446375679e-23
2.5415723651915226e-23
2.541665406372169e-23
2.5417508654759161e-23
2.541828923712186e-23
2.5418997465926555e-23
2.5419634842753176e-23
2.5420202718859488e-23
2.542070229805447e-23
2.542113463920964e-23
2.5421500658519596e-23
2.5421801131447227e-23
2.5422036694333548e-23
2.5422207845762022e-23
2.542231494759412e-23
2.5422358225736888e-23
2.5422337770589433e-23
2.5422253537272263e-23
2.5422105345457306e-23
2.5421892879007844e-23
2.5421615685292462e-23
2.5421273174183216e-23
2.5420864616838708e-23
2.5420389144057723e-23
2.5419845744488738e-23
2.5419233262413458e-23
2.5418550395314062e-23
2.5417795691038072e-23
2.5416967544687796e-23
2.541606419518158e-23
2.5415083721574667e-23
2.5414024038770624e-23
2.541288289319436e-23
2.5411657857951895e-23
2.5410346327473054e-23
2.5408945512154388e-23
2.5407452432208573e-23
2.5405863911330027e-23
2.540417656990917e-23
2.5402386817705496e-23
2.5400490846169778e-23
2.539848462030382e-23
2.5396363869960457e-23
2.539412408056885e-23
2.5391760483589235e-23
2.5389268046104574e-23
2.5386641460046473e-23
2.5383875130776818e-23
2.5380963164945972e-23
2.5377899357843666e-23
2.537467717994272e-23
2.5371289762804207e-23
2.5367729884306678e-23
2.536398995278112e-23
2.536006199095293e-23
2.5355937618038194e-23
2.535160803239227e-23
2.534706399133356e-23
2.5342295792129766e-23
2.533729324993751e-23
2.5332045676193584e-23
2.532654185505971e-23
2.5320770018722428e-23
2.5314717822138734e-23
2.530837231535535e-23
2.5301719915599875e-23
2.5294746376827982e-23
2.5287436759029064e-23
2.5279775394938918e-23
2.5271745855037966e-23
2.526333091186109e-23
2.5254512500915425e-23
2.5245271681687226e-23
2.5235588593995852e-23
2.5225442415047975e-23
2.521481131135634e-23
2.520367239099548e-23
2.5192001651489348e-23
2.5179773925358664e-23
2.516696282378116e-23
2.5153540675860403e-23
2.513947846696918e-23
2.512474577056542e-23
2.5109310680098642e-23
2.5093139734365393e-23
2.5076197840805018e-23
2.505844819356178e-23
2.5039852188934868e-23
2.5020369334035054e-23
2.499995715041191e-23
2.4978571077834566e-23
2.4956164362710022e-23
2.4932687951769713e-23
2.4908090371140036e-23
2.4882317603498192e-23
2.485531295663169e-23
2.4827016924919054e-23
2.4797367042278367e-23
2.4766297729581156e-23
2.4733740129588785e-23
2.4699621932431022e-23
2.46638671961129e-23
2.4626396149729042e-23
2.45871249882931e-23
2.4545965657527534e-23
2.4502825619783828e-23
2.4457607610480017e-23
2.4410209377602741e-23
2.4360523404531054e-23
2.4308436617626312e-23
2.4253830070865347e-23
2.4196578616728826e-23
2.4136550545781706e-23
2.407360721141237e-23
2.400760262446245e-23
2.393838302527876e-23
2.386578641536306e-23
2.3789642065549722e-23
2.3709769994208286e-23
2.3625980387350906e-23
2.3538072995914394e-23
2.344583647996112e-23
2.3349047706710132e-23
2.3247470982623004e-23
2.3140857244069437e-23
2.3028943159978374e-23
2.2911450196188912e-23
2.2788083549899736e-23
2.2658531050599913e-23
2.2522461918746872e-23
2.2379525459590087e-23
2.2229349586716592e-23
2.2071539261117261e-23
2.1905674747147525e-23
2.1731309737266153e-23
2.1547969248344577e-23
2.1355147336805074e-23
2.1152304607499923e-23
2.093886538723838e-23
2.0714214681616996e-23
2.0477694751093224e-23
2.0228601317576113e-23
1.99661793316833e-23
1.9689618324287363e-23
1.9398047109232605e-23
1.9090527915822795e-23
1.876604979187076e-23
1.8423521302291846e-23
1.8061762135681526e-23
1.767949389605717e-23
1.7275329662157464e-23
1.6847762365715623e-23
1.6395151879608498e-23
1.5915710855488693e-23
1.540748937939756e-23
1.4868358757283387e-23
1.4295995579833552e-23
1.3687867291469992e-23
1.3041223066711309e-23
1.2353096044896257e-23
1.162032944671862e-23
1.0839651115922971e-23
1.0007846611640982e-23
9.12213816479132e-24
8.181012053641235e-24
