4.760269189404295e-23
4.7602693868307105e-23
4.760268614272901e-23
4.760266869965037e-23
4.7602641500912323e-23
4.760260448776412e-23
4.760255758072994e-23
4.760250067943178e-23
4.760243366236926e-23
4.7602356386654644e-23
4.7602268687704516e-23
4.760217037888362e-23
4.7602061251104763e-23
4.760194107238016e-23
4.760180958732509e-23
4.760166651661206e-23
4.760151155637487e-23
4.7601344377560796e-23
4.760116462522899e-23
4.760097191779549e-23
4.7600765846220647e-23
4.760054597313988e-23
4.7600311831932766e-23
4.760006292573186e-23
4.759979872636699e-23
4.7599518673242634e-23
4.759922217214799e-23
4.7598908593993755e-23
4.75985772734781e-23
4.7598227507672153e-23
4.7597858554529244e-23
4.759746963130882e-23
4.75970599129154e-23
4.759662853014688e-23
4.759617456784998e-23
4.7595697062977715e-23
4.7595195002546086e-23
4.7594667321483224e-23
4.759411290037034e-23
4.75935305630652e-23
4.759291907420661e-23
4.7592277136592624e-23
4.759160338842792e-23
4.7590896400433553e-23
4.75901546728142e-23
4.7589376632075324e-23
4.758856062768354e-23
4.7587704928564386e-23
4.7586807719428436e-23
4.7585867096918553e-23
4.758488106557123e-23
4.7583847533580293e-23
4.75827643083588e-23
4.7581629091884196e-23
4.75804394758218e-23
4.7579192936412765e-23
4.7577886829117063e-23
4.7576518383000523e-23
4.7575084694852506e-23
4.7573582723023754e-23
4.7572009280968914e-23
4.757036103048224e-23
4.756863447461048e-23
4.756682595022838e-23
4.756493162026211e-23
4.7562947465541315e-23
4.756086927626542e-23
4.75586926430649e-23
4.7556412947636693e-23
4.755402535293784e-23
4.7551524792911155e-23
4.75489059617268e-23
4.7546163302511895e-23
4.754329099554691e-23
4.7540282945902753e-23
4.7537132770492474e-23
4.753383378450995e-23
4.7530378987225356e-23
4.752676104710999e-23
4.752297228625552e-23
4.7519004664055477e-23
4.751484976011601e-23
4.751049875635555e-23
4.750594241825861e-23
4.7501171075242026e-23
4.749617460009091e-23
4.749094238742195e-23
4.7485463331127515e-23
4.747972580074976e-23
4.747371761673854e-23
4.7467426024535646e-23
4.746083766743266e-23
4.7453938558142036e-23
4.7446714049022423e-23
4.7439148800892254e-23
4.743122675036536e-23
4.7422931075637704e-23
4.741424416065328e-23
4.7405147557568094e-23
4.739562194743576e-23
4.7385647099025863e-23
4.737520182568851e-23
4.736426394017045e-23
4.7352810207285145e-23
4.734081629433391e-23
4.732825671917135e-23
4.7315104795800486e-23
4.730133257738092e-23
4.7286910796524587e-23
4.7271808802749476e-23
4.7255994496954547e-23
4.7239434262771607e-23
4.722209289464557e-23
4.720393352248326e-23
4.7184917532706295e-23
4.716500448553431e-23
4.714415202831487e-23
4.712231580470983e-23
4.709944935953715e-23
4.707550403905546e-23
4.705042888647126e-23
4.7024170532436196e-23
4.6996673080287446e-23
4.696787798577793e-23
4.693772393102357e-23
4.690614669238434e-23
4.6873079001983437e-23
4.6838450402547576e-23
4.680218709524236e-23
4.6764211780153576e-23
4.6724443489052215e-23
4.668279741005844e-23
4.663918470380194e-23
4.659351231065391e-23
4.6545682748583847e-23
4.649559390117085e-23
4.644313879527359e-23
4.638820536783711e-23
4.6330676221286013e-23
4.6270428366924717e-23
4.620733295573276e-23
4.614125499590992e-23
4.6072053056491826e-23
4.5999578956316086e-23
4.5923677437582555e-23
4.584418582320434e-23
4.5760933657105035e-23
4.567374232656641e-23
4.5582424665680066e-23
4.5486784538902444e-23
4.538661640365217e-23
4.5281704850828486e-23
4.5171824122059336e-23
4.50567376024214e-23
4.493619728728966e-23
4.4809943221900596e-23
4.4677702912119686e-23
4.4539190704810205e-23
4.4394107136099257e-23
4.4242138245728805e-23
4.4082954855559113e-23
4.391621181016704e-23
4.3741547177344767e-23
4.3558581406154814e-23
4.336691644003919e-23
4.3166134782306657e-23
4.295579851113214e-23
4.2735448241001545e-23
4.250460202730953e-23
4.2262754210580245e-23
4.2009374196511786e-23
4.174390516776311e-23
4.146576272308223e-23
4.117433343903247e-23
4.086897334919067e-23
4.0549006335279385e-23
4.0213722424231076e-23
3.9862375984677815e-23
3.949418381579598e-23
3.910832312081973e-23
3.870392935683675e-23
3.8280093951717296e-23
3.783586187816683e-23
3.737022907392624e-23
3.6882139696070225e-23
3.637048319613643e-23
3.5834091201446904e-23
3.527173418643681e-23
3.4682117916043224e-23
3.406387964121356e-23
3.3415584024319707e-23
3.273571876967947e-23
3.2022689931458967e-23
3.127481686792471e-23
3.0490326807353036e-23
2.966734898694963e-23
2.8803908322132875e-23
2.7897918560036166e-23
2.69471748693395e-23
2.5949345821230523e-23
2.490196472921646e-23
