1.525984541513498e-24
1.4492891144071297e-24
1.38015623909777e-24
1.3182515287260021e-24
1.2632532737402512e-24
1.2148472137260719e-24
1.1727217975244448e-24
1.1365642726556234e-24
1.1060579274729043e-24
1.0808807314945819e-24
1.0607054869163062e-24
1.045201436862147e-24
1.0340371062466745e-24
1.0268840150522409e-24
1.0234208280457878e-24
1.0233375005228236e-24
1.026339039799915e-24
1.0321486049620899e-24
1.040509787573405e-24
1.0511880294474325e-24
1.0639712239619795e-24
1.0786696085903429e-24
1.0951150878172964e-24
1.1131601337540224e-24
1.1326764026217553e-24
1.1535531868097358e-24
1.1756957990410085e-24
1.1990239622012663e-24
1.22347025716252e-24
1.2489786633798378e-24
1.275503212737392e-24
1.3030067665225132e-24
1.3314599175151131e-24
1.3608400141102075e-24
1.3911302998230837e-24
1.4223191593276766e-24
1.4543994618148922e-24
1.4873679915510698e-24
1.521224955987658e-24
1.5559735625628075e-24
1.5916196555491985e-24
1.6281714053823056e-24
1.665639043641493e-24
1.704034637449041e-24
1.743371898176272e-24
1.7836660194347545e-24
1.8249335405153808e-24
1.8671922315646092e-24
1.910460997547639e-24
1.9547597981373916e-24
2.0001095815432173e-24
2.0465322301934168e-24
2.094050516360162e-24
2.1426880666617636e-24
2.1924693341320456e-24
2.243419576483816e-24
2.295564840142797e-24
2.3489319489281928e-24
2.403548496960467e-24
2.459442845060678e-24
2.5166441202623467e-24
2.5751822180461414e-24
2.6350878071795837e-24
2.6963923359881973e-24
2.7591280412924787e-24
2.8233279582973367e-24
2.8890259323207995e-24
2.9562566316939295e-24
3.0250555617581925e-24
3.0954590802348587e-24
3.167504413187662e-24
3.2412296722282717e-24
3.316673872508882e-24
3.39387695136503e-24
3.472879787945438e-24
3.5537242234792786e-24
3.636453082255029e-24
3.7211101932410604e-24
3.807740412669335e-24
3.8963896468503415e-24
3.987104875932719e-24
4.079934178470242e-24
4.1749267562241305e-24
4.272132959862214e-24
4.3716043154649276e-24
4.47339355150144e-24
4.577554626321251e-24
4.684142757004819e-24
4.793214447836269e-24
4.904827520935282e-24
5.019041145476275e-24
5.135915870646528e-24
5.255513655974195e-24
5.377897905154426e-24
5.5031334992898624e-24
5.631286830826217e-24
5.7624258393623765e-24
5.896620046786435e-24
6.0339405949271664e-24
6.174460282627044e-24
6.3182536043444916e-24
6.46539678983052e-24
6.6159678438017326e-24
6.770046588776082e-24
6.927714705234514e-24
7.089055776428788e-24
7.254155331429335e-24
7.423100892389473e-24
7.595982018294646e-24
7.772890354038779e-24
7.953919678720739e-24
8.139165954422696e-24
8.328727378326106e-24
8.522704433250493e-24
8.721199942017855e-24
8.924319120592563e-24
9.132169635728121e-24
9.34486165919812e-24
9.562507928239401e-24
9.785223804428912e-24
1.0013127333799783e-23
1.024633931163772e-23
1.0484983343542452e-23
1.0729185912089542e-23
1.0979076443461828e-23
1.1234787376255163e-23
1.1496454231873216e-23
1.176421568322466e-23
1.2038213631472086e-23
1.2318593278495256e-23
1.2605503205843142e-23
1.2899095450478781e-23
1.3199525587071349e-23
1.3506952809073687e-23
1.382154001175815e-23
1.4143453880726333e-23
1.447286497685665e-23
1.4809947827666372e-23
1.5154881020648343e-23
1.5507847293440016e-23
1.5869033632412914e-23
1.6238631372683987e-23
1.661683629483198e-23
1.7003848730787456e-23
1.739987366884079e-23
1.780512085869261e-23
1.8219804924080203e-23
1.8644145477949046e-23
1.907836723024531e-23
1.9522700112059967e-23
1.9977379393270355e-23
2.0442645807667228e-23
2.0918745677301155e-23
2.1405931040017827e-23
2.190445978592062e-23
2.2414595787655548e-23
2.2936609037529786e-23
2.347077579445834e-23
2.4017378721103253e-23
2.4576707030991733e-23
2.5149056648719533e-23
2.5734730352402466e-23
2.6334037930311216e-23
2.694729635761347e-23
2.7574829938403433e-23
2.821697049190469e-23
2.887405750777161e-23
2.9546438342462467e-23
3.023446837247911e-23
3.0938511203353556e-23
3.165893883085795e-23
3.2396131852845475e-23
3.315047965654802e-23
3.392238061151377e-23
3.471224227971271e-23
3.5520481630949334e-23
3.6347525237985027e-23
3.7193809494175964e-23
3.805978085954059e-23
3.894589605434781e-23
3.9852622292782346e-23
4.078043756003671e-23
4.1729830777237013e-23
4.270130212516375e-23
4.369536323281115e-23
4.4712537445329637e-23
4.575336012311486e-23
4.681837883785609e-23
4.7908153689870813e-23
4.902325758421529e-23
5.016427645827019e-23
5.133180961832342e-23
5.252646999330319e-23
5.374888447006554e-23
5.499969414245034e-23
5.627955460569814e-23
5.758913634837475e-23
5.892912496940013e-23
6.03002215265027e-23
6.170314290165793e-23
6.313862203411622e-23
