3.7528206823062153e-23
3.6271680475132274e-23
3.512639496627386e-23
3.408992723568636e-23
3.3160086028492606e-23
3.2334907309874195e-23
3.1612650170403824e-23
3.099179321455672e-23
3.0471031425439134e-23
3.004927349984952e-23
2.9725639648990224e-23
2.94994598609083e-23
2.937027262222867e-23
2.933782409752741e-23
2.9402067765744725e-23
2.9563164514554077e-23
2.982148319419862e-23
3.017760163388245e-23
3.063230812481682e-23
3.1186603375315703e-23
3.184170294441708e-23
3.25990401619672e-23
3.3460269544993356e-23
3.4427270719371536e-23
3.5502152861161404e-23
3.66872596683117e-23
3.798517488008516e-23
3.9398728360277205e-23
4.0931002759881813e-23
4.258534078407262e-23
4.4365353080133673e-23
4.627492677451781e-23
4.8318234681115275e-23
5.049974521294519e-23
5.282423302205732e-23
5.529679040816527e-23
5.792283952266158e-23
6.070814541567162e-23
6.365882995807699e-23
6.678138669457834e-23
7.008269666232321e-23
7.357004524000172e-23
7.725114007694955e-23
8.113413016303876e-23
8.522762610552936e-23
8.954072168148294e-23
9.408301674702514e-23
9.886464158117562e-23
1.03896282744118e-22
1.091892105701624e-22
1.147553083700202e-22
1.2060710346780986e-22
1.2675780019610143e-22
1.3322131497464585e-22
1.4001231360919014e-22
1.4714625098392059e-22
1.546394132743353e-22
1.6250896291436666e-22
1.707729864607793e-22
1.7945054561145343e-22
1.8856173157099845e-22
1.9812772306337748e-22
2.081708482112797e-22
2.187146506237689e-22
2.29783960013733e-22
2.414049677006096e-22
2.5360530737698176e-22
2.664141415741441e-22
2.7986225438344123e-22
2.9398215075582768e-22
3.0880816318779675e-22
3.2437656624679604e-22
3.407256997135211e-22
3.5789610104652413e-22
3.7593064815190857e-22
3.948747131811766e-22
4.1477632853374063e-22
4.356863662601079e-22
4.576587319335259e-22
4.807505746876058e-22
5.050225147631881e-22
5.305388904425571e-22
5.573680262903e-22
5.855825250881355e-22
6.152595855636409e-22
6.464813490887917e-22
6.793352781536964e-22
7.139145704949106e-22
7.503186122732846e-22
7.886534755898256e-22
8.290324645548239e-22
8.715767161351147e-22
9.1641586295821e-22
9.636887636845042e-22
1.0135443118834589e-21
1.0661423312218834e-21
1.1216545695134656e-21
1.1802658035607888e-21
1.2421750699912225e-21
1.3075970402936265e-21
1.3767635575683821e-21
1.4499253608263875e-21
1.5273540226214739e-21
1.6093441303270505e-21
1.6962157504569694e-21
1.788317218847978e-21
1.8860283053668136e-21
1.9897638183867842e-21
2.0999777188082088e-21
2.2171678290295306e-21
2.3418812422161138e-21
2.474720555933124e-21
2.616351079434105e-21
2.7675091982817915e-21
2.9290121143820104e-21
3.1017692469451895e-21
3.2867956093869667e-21
3.485227598478313e-21
3.698341708334346e-21
3.927576813427273e-21
4.174560854123257e-21
4.441142958930993e-21
4.729432369449358e-21
5.04184583305773e-21
5.381165828896724e-21
5.750612441334937e-21
6.153932933931947e-21
6.595514214727826e-21
7.080525302292034e-21
7.615099647985029e-21
8.206570770471135e-21
8.863780394348974e-21
9.597486454872393e-21
1.0420910587322999e-20
1.1350484080887102e-20
1.2406881237938172e-20
1.3616477093042347e-20
1.5013447360831327e-20
1.6642863547735225e-20
1.856537593517012e-20
2.0864514357698594e-20
2.365846387661858e-20
2.7119823477768233e-20
3.151031138043579e-20
3.724504962054487e-20
4.501913665526732e-20
5.607404085313355e-20
7.279157664172841e-20
9.997635358764444e-20
1.457143346858747e-19
1.9812393643255898e-19
1.7895452372107582e-19
1.2825275687762047e-19
9.491782022709864e-20
7.474956891578135e-20
6.176073967551131e-20
5.28300965963405e-20
4.6358403873415405e-20
4.147266007933254e-20
3.766364460086371e-20
3.461674489869927e-20
3.2127993219005686e-20
3.005972589554631e-20
2.831583299943891e-20
2.6827260897437302e-20
2.5543158275304686e-20
2.4425271842329168e-20
2.3444284723553555e-20
2.2577357832905848e-20
2.180643854210372e-20
2.1117071440895744e-20
2.0497546375365868e-20
1.993827684228595e-20
1.9431339949212352e-20
1.8970130568937052e-20
1.8549098344689274e-20
1.8163545041168214e-20
1.780946697208617e-20
1.7483430973915103e-20
1.7182476010786548e-20
1.6904034515787476e-20
1.664586881403655e-20
1.6406019662231603e-20
1.618276381112795e-20
1.5974579354645966e-20
1.5780116894216965e-20
1.5598175529226184e-20
1.5427682545677006e-20
1.526767680537617e-20
1.511729405614792e-20
1.497575489338864e-20
1.484235434126885e-20
1.471645292084248e-20
1.4597468834542895e-20
1.4484871491793937e-20
1.4378175653597863e-20
1.4276936362956787e-20
1.4180744691032798e-20
1.4089223704313766e-20
1.4002025350589884e-20
1.391882716778688e-20
