3.10946549621666e-23
3.110094700806436e-23
3.110693541896381e-23
3.111263289855993e-23
3.1118051533293017e-23
3.112320281800042e-23
3.112809768030799e-23
3.113274650382486e-23
3.1137159150141505e-23
3.114134497981897e-23
3.1145312872175755e-23
3.114907124418157e-23
3.115262806829198e-23
3.115599088936474e-23
3.115916684066057e-23
3.116216265899409e-23
3.116498469900941e-23
3.116763894665934e-23
3.1170131031914194e-23
3.1172466240684805e-23
3.117464952606589e-23
3.1176685518792e-23
3.117857853711965e-23
3.1180332595897674e-23
3.1181951415187643e-23
3.118343842804176e-23
3.118479678787387e-23
3.1186029375060576e-23
3.118713880311134e-23
3.118812742413682e-23
3.118899733390803e-23
3.11897503762121e-23
3.1190388146800084e-23
3.1190911996749e-23
3.119132303530329e-23
3.119162213220762e-23
3.119180991959165e-23
3.11918867931558e-23
3.119185291316266e-23
3.119170820461408e-23
3.119145235714384e-23
3.119108482428157e-23
3.119060482231344e-23
3.119001132850582e-23
3.1189303078978266e-23
3.118847856598177e-23
3.1187536034551084e-23
3.1186473478848654e-23
3.1185288637790535e-23
3.118397899019385e-23
3.118254174939214e-23
3.118097385718552e-23
3.1179271977354616e-23
3.1177432488485834e-23
3.117545147603974e-23
3.1173324724265953e-23
3.117104770665172e-23
3.116861557674019e-23
3.116602315728659e-23
3.116326492934873e-23
3.116033502039121e-23
3.115722719140189e-23
3.115393482379468e-23
3.1150450905007395e-23
3.114676801321069e-23
3.114287830157066e-23
3.1138773481190523e-23
3.113444480303543e-23
3.112988303945373e-23
3.1125078463527246e-23
3.112002082878561e-23
3.111469934642431e-23
3.110910266205873e-23
3.1103218831268775e-23
3.109703529328991e-23
3.1090538843943947e-23
3.1083715606864567e-23
3.1076551003136474e-23
3.106902971930429e-23
3.1061135674384536e-23
3.1052851984148065e-23
3.104416092451285e-23
3.1035043892064634e-23
3.102548136417365e-23
3.1015452854549596e-23
3.1004936869551915e-23
3.099391085951213e-23
3.098235116960808e-23
3.097023298691579e-23
3.0957530285097376e-23
3.094421576709127e-23
3.0930260803817954e-23
3.0915635369671493e-23
3.090030797580199e-23
3.0884245599020445e-23
3.0867413607335614e-23
3.084977568118093e-23
3.083129373260265e-23
3.081192781604131e-23
3.07916360387855e-23
3.0770374465981915e-23
3.0748097016692745e-23
3.0724755360944737e-23
3.0700298804724004e-23
3.067467417481826e-23
3.064782569193095e-23
3.061969484175962e-23
3.059022023720617e-23
3.055933747207628e-23
3.0526978968151164e-23
3.049307381177766e-23
3.0457547588273114e-23
3.0420322195922816e-23
3.0381315659104844e-23
3.034044192758087e-23
3.029761066317981e-23
3.0252727015629767e-23
3.0205691387503703e-23
3.015639917943959e-23
3.0104740528472176e-23
3.0050600023924944e-23
2.999385641427759e-23
2.993438228348002e-23
2.987204372402471e-23
2.980669997752862e-23
2.973820305975749e-23
2.9666397357132387e-23
2.9591119202227006e-23
2.951219642402713e-23
2.9429447861045416e-23
2.9342682846890916e-23
2.9251700670784174e-23
2.9156289984876534e-23
2.9056228183532284e-23
2.895128074045629e-23
2.8841200491090176e-23
2.872572687673357e-23
2.860458512257612e-23
2.8477485363466176e-23
2.834412170716094e-23
2.820417122034126e-23
2.8057292846006836e-23
2.7903126236576567e-23
2.774129049009723e-23
2.757138279341841e-23
2.739297695932412e-23
2.7205621829387687e-23
2.700883956768733e-23
2.680212379317799e-23
2.6584937554098094e-23
2.6356711146029456e-23
2.6116839711454013e-23
2.586468064652473e-23
2.5599550762686483e-23
2.5320723194236175e-23
2.5027424018264566e-23
2.4718828553853184e-23
2.439405731054012e-23
2.4052171584164056e-23
2.3692168579742894e-23
2.331297609526008e-23
2.2913446726329405e-23
2.2492351496224116e-23
2.2048372957539108e-23
2.158009763202838e-23
2.1086007934422133e-23
2.0564473501001093e-23
2.0013742063950088e-23
1.943193010795829e-23
1.8817013643879458e-23
1.8166819844610743e-23
1.747902064869391e-23
1.6751130465580528e-23
1.598051144008715e-23
1.5164392502272103e-23
1.4299913353106775e-23
1.3384213773157075e-23
1.241460734087697e-23
1.1388917410453128e-23
1.0306138732996173e-23
9.167789875538216e-24
7.980831849981174e-24
6.764413312691781e-24
5.5666028172071606e-24
4.506778566110811e-24
3.858242110984972e-24
4.0201531596439876e-24
5.095664719321911e-24
6.827895092252116e-24
9.00542166043689e-24
1.1543003058887727e-23
1.442463113272736e-23
1.7669801864481035e-23
2.1321170141102552e-23
2.5441895389248954e-23
3.0117960552605396e-23
3.5464277136326274e-23
4.163512591161991e-23
4.8840894697331585e-23
5.737506727676755e-23
6.765905784121547e-23
