1.3552572958012479e-24
1.3188678597481925e-24
1.284781444816804e-24
1.2528849044929729e-24
1.2230682575006784e-24
1.1952246297912453e-24
1.169250223950606e-24
1.1450443124984473e-24
1.1225092510270529e-24
1.1015505067342687e-24
1.0820766977567856e-24
1.063999638619878e-24
1.0472343873268958e-24
1.0316992899218496e-24
1.0173160188000974e-24
1.0040096016331265e-24
9.917084384027976e-25
9.803443046996062e-25
9.69852340116502e-25
9.601710212242144e-25
9.512421191561554e-25
9.430106423458444e-25
9.354247653920363e-25
9.284357453134212e-25
9.219978267252146e-25
9.160681375494826e-25
9.106065770374219e-25
9.05575697762247e-25
9.009405833080928e-25
8.966687231777007e-25
8.927298864161753e-25
8.890959952076257e-25
8.857409996373614e-25
8.826407545749419e-25
8.797728995059425e-25
8.771167420416597e-25
8.746531455728699e-25
8.723644215385993e-25
8.702342265734897e-25
8.68247464740367e-25
8.663901949585336e-25
8.646495436536689e-25
8.630136226123687e-25
8.614714519448818e-25
8.600128880750977e-25
8.586285565683157e-25
8.573097896541293e-25
8.560485682607325e-25
8.548374683432038e-25
8.53669611336776e-25
8.52538618518415e-25
8.514385690753574e-25
8.503639617223821e-25
8.493096796688125e-25
8.482709587402944e-25
8.472433585831485e-25
8.462227367071574e-25
8.452052253408585e-25
8.44187210904949e-25
8.431653160813643e-25
8.421363843792256e-25
8.41097467150957e-25
8.400458130022652e-25
8.389788596592035e-25
8.378942282168439e-25
8.367897198744745e-25
8.356633152436597e-25
8.345131761870557e-25
8.333376505303692e-25
8.321352796090611e-25
8.309048089693448e-25
8.29645202419654e-25
8.283556596740961e-25
8.270356380284396e-25
8.256848782648889e-25
8.24303435471468e-25
8.228917150544003e-25
8.214505145708958e-25
8.199810721668555e-25
8.184851221805127e-25
8.169649587720604e-25
8.154235085861173e-25
8.1386441324206465e-25
8.122921231622425e-25
8.107120034331393e-25
8.091304535474862e-25
8.075550418571741e-25
8.059946571006376e-25
8.044596774428763e-25
8.029621594774806e-25
8.015160483758703e-25
8.001374105990663e-25
7.988446899137979e-25
7.9765898851692085e-25
7.966043720007348e-25
7.957081983933206e-25
7.950014692609834e-25
7.945191985996302e-25
7.943007945687678e-25
7.94390444989641e-25
7.948374944027617e-25
7.956967972961826e-25
7.970290239450572e-25
7.989008928983917e-25
8.013852944729079e-25
8.04561262182447e-25
8.0851374368712e-25
8.133331121514417e-25
8.191143552528427e-25
8.259558752139583e-25
8.339578319168096e-25
8.432199713870968e-25
8.538388942904247e-25
8.65904740829692e-25
8.794973119502833e-25
8.946816930818016e-25
9.11503505890344e-25
9.299840102047619e-25
9.501153461002273e-25
9.718563179471288e-25
9.951292086658977e-25
1.0198181833869835e-24
1.0457698709856469e-24
1.0727966570969728e-24
1.100683113080283e-24
1.1291956971307042e-24
1.1580955359859956e-24
1.1871536413277023e-24
1.2161674844341108e-24
1.2449774949655618e-24
1.273481863835791e-24
1.3016481296560872e-24
1.3295203488419152e-24
1.3572212077385698e-24
1.3849490642240074e-24
1.4129705343306896e-24
1.441609688862542e-24
1.4712351455032995e-24
1.5022463841641566e-24
1.5350604684357943e-24
1.5701000512542803e-24
1.6077832590530374e-24
1.6485157676931914e-24
1.692685118334685e-24
1.74065718022532e-24
1.7927744884050883e-24
1.849356218391551e-24
1.9106994115271574e-24
1.9770811819068558e-24
2.0487615801895048e-24
2.1259868823653887e-24
2.2089930531384925e-24
2.298009241769133e-24
2.393261175680274e-24
2.4949743759362732e-24
2.6033770804601763e-24
2.7187029669140088e-24
2.841193529636334e-24
2.97110024240247e-24
3.1086864545697622e-24
3.2542290821130025e-24
3.408020096889515e-24
3.570367896998031e-24
3.741598508820435e-24
3.922056743588983e-24
4.1121072442791534e-24
4.3121354919229125e-24
4.5225488089745094e-24
4.7437773370362365e-24
4.9762750079262106e-24
5.220520521845514e-24
5.477018415382907e-24
5.74630006963056e-24
6.028924828152878e-24
6.3254811635318e-24
6.63658784638682e-24
6.962895217971358e-24
7.305086564031e-24
7.663879418988873e-24
8.04002708853796e-24
8.43432025360586e-24
8.847588440383368e-24
9.280701896174263e-24
9.734573266558187e-24
1.0210159548889414e-23
1.070846409458617e-23
1.1230538547762662e-23
1.1777485287608478e-23
1.2350459448903627e-23
1.2950671565785228e-23
1.3579389957094972e-23
1.423794337287788e-23
1.4927723980117935e-23
1.565018984637619e-23
1.6406868583640225e-23
1.7199360092566944e-23
1.802934011101598e-23
1.889856361350739e-23
1.9808868713183503e-23
2.076218025048602e-23
2.1760513987488787e-23
