1.2404956997929985e-22
1.2405793693865167e-22
1.2406589742906478e-22
1.2407346834551624e-22
1.2408066575577862e-22
1.2408750493457386e-22
1.240940003960441e-22
1.2410016592459588e-22
1.2410601460420032e-22
1.2411155884619416e-22
1.241168104156539e-22
1.2412178045639297e-22
1.241264795146384e-22
1.2413091756143459e-22
1.2413510401382598e-22
1.2413904775485959e-22
1.241427571524525e-22
1.2414624007716617e-22
1.2414950391891786e-22
1.2415255560267872e-22
1.2415540160317445e-22
1.2415804795863776e-22
1.2416050028362634e-22
1.2416276378094117e-22
1.2416484325267682e-22
1.2416674311040964e-22
1.2416846738456639e-22
1.241700197329726e-22
1.2417140344862248e-22
1.2417262146665693e-22
1.2417367637059673e-22
1.2417457039782068e-22
1.241753054443083e-22
1.2417588306865868e-22
1.241763044953924e-22
1.2417657061754208e-22
1.241766819985407e-22
1.241766388734067e-22
1.2417644114923184e-22
1.2417608840497424e-22
1.2417557989054618e-22
1.2417491452521343e-22
1.241740908952813e-22
1.241731072510756e-22
1.2417196150321036e-22
1.24170651218132e-22
1.2416917361292538e-22
1.2416752554938475e-22
1.241657035273208e-22
1.2416370367709903e-22
1.2416152175139008e-22
1.241591531161152e-22
1.2415659274056632e-22
1.2415383518667987e-22
1.241508745974408e-22
1.2414770468439271e-22
1.2414431871422383e-22
1.241407094944084e-22
1.2413686935785464e-22
1.2413279014655118e-22
1.2412846319415314e-22
1.24123879307481e-22
1.2411902874689438e-22
1.2411390120548937e-22
1.241084857870846e-22
1.241027709829351e-22
1.2409674464713557e-22
1.2409039397065502e-22
1.2408370545393896e-22
1.24076664878032e-22
1.2406925727414462e-22
1.240614668916083e-22
1.2405327716414114e-22
1.2404467067435146e-22
1.2403562911640118e-22
1.2402613325675105e-22
1.240161628928917e-22
1.240056968099729e-22
1.2399471273524364e-22
1.2398318729018409e-22
1.2397109594023489e-22
1.2395841294201367e-22
1.2394511128788638e-22
1.2393116264778315e-22
1.239165373081218e-22
1.2390120410769696e-22
1.2388513037039805e-22
1.2386828183459958e-22
1.2385062257905433e-22
1.2383211494513646e-22
1.2381271945524383e-22
1.237923947271714e-22
1.2377109738426806e-22
1.2374878196115637e-22
1.2372540080480298e-22
1.2370090397070755e-22
1.2367523911395993e-22
1.2364835137492285e-22
1.2362018325924668e-22
1.2359067451195795e-22
1.2355976198529178e-22
1.2352737949997377e-22
1.234934576995997e-22
1.2345792389776533e-22
1.2342070191757014e-22
1.2338171192309978e-22
1.2334087024246618e-22
1.2329808918196813e-22
1.2325327683090008e-22
1.2320633685651252e-22
1.231571682886103e-22
1.2310566529321763e-22
1.2305171693473805e-22
1.2299520692597566e-22
1.2293601336535882e-22
1.2287400846066867e-22
1.2280905823852425e-22
1.227410222388333e-22
1.2266975319337314e-22
1.2259509668760165e-22
1.2251689080474964e-22
1.2243496575118724e-22
1.2234914346197856e-22
1.2225923718547756e-22
1.2216505104574344e-22
1.2206637958145388e-22
1.2196300725993476e-22
1.2185470796479681e-22
1.2174124445558352e-22
1.2162236779771678e-22
1.2149781676091159e-22
1.213673171840756e-22
1.2123058130459426e-22
1.2108730704972198e-22
1.209371772876385e-22
1.2077985903554407e-22
1.2061500262195787e-22
1.204422408001639e-22
1.2026118780950777e-22
1.200714383809829e-22
1.1987256668323743e-22
1.196641252048424e-22
1.1944564356827457e-22
1.192166272707089e-22
1.1897655634627426e-22
1.1872488394395226e-22
1.1846103481479152e-22
1.1818440370152502e-22
1.178943536230348e-22
1.1759021404542135e-22
1.1727127893061404e-22
1.169368046526343e-22
1.1658600777058073e-22
1.1621806264638895e-22
1.1583209889413699e-22
1.1542719864634856e-22
1.1500239362118784e-22
1.1455666197273798e-22
1.1408892490459202e-22
1.135980430248395e-22
1.130828124180166e-22
1.1254196040682095e-22
1.1197414097320942e-22
1.1137792980487965e-22
1.1075181892903967e-22
1.1009421089065313e-22
1.0940341242699296e-22
1.0867762758416126e-22
1.0791495021414552e-22
1.0711335578282107e-22
1.062706924098583e-22
1.0538467105057806e-22
1.044528547170893e-22
1.034726466212633e-22
1.0244127710482839e-22
1.0135578920165461e-22
1.0021302265352922e-22
9.900959617274871e-23
9.774188771175173e-23
9.640601246082272e-23
9.499779824818838e-23
9.351275796115771e-23
9.19460585402278e-23
9.029248601789045e-23
8.854640597717658e-23
8.670171868795687e-23
8.4751808036946e-23
8.26894831943677e-23
8.050691174901081e-23
7.819554278507041e-23
7.574601805791775e-23
7.3148069039407e-23
7.039039713308549e-23
6.746053379397355e-23
6.43446766227289e-23
6.102749676048568e-23
5.749191217283183e-23
5.37188209268085e-23
4.96867890051825e-23
4.537169038942204e-23
4.0746308245765534e-23
