2.0628783009888283e-23
2.0628754898959137e-23
2.0628724031358668e-23
2.0628690324770128e-23
2.0628653692337385e-23
2.062861404234969e-23
2.0628571277928458e-23
2.0628525296713197e-23
2.0628475990545443e-23
2.0628423245148653e-23
2.062836693980392e-23
2.0628306947018858e-23
2.062824313218845e-23
2.0628175353246688e-23
2.06281034603093e-23
2.062802729530331e-23
2.062794669158381e-23
2.062786147353838e-23
2.062777145617405e-23
2.062767644468975e-23
2.0627576234030107e-23
2.06274706084204e-23
2.062735934088206e-23
2.062724219272526e-23
2.062711891302128e-23
2.0626989238047508e-23
2.0626852890712e-23
2.062670957994626e-23
2.0626559000072094e-23
2.0626400830140376e-23
2.06262347332355e-23
2.0626060355749048e-23
2.0625877326620587e-23
2.0625685256536647e-23
2.0625483737100516e-23
2.0625272339953033e-23
2.062505061585967e-23
2.0624818093749165e-23
2.0624574279708653e-23
2.062431865592656e-23
2.062405067959498e-23
2.0623769781748617e-23
2.062347536605185e-23
2.062316680753678e-23
2.062284345126369e-23
2.0622504610938136e-23
2.0622149567443346e-23
2.0621777567316194e-23
2.0621387821144087e-23
2.0620979501888493e-23
2.0620551743130165e-23
2.0620103637218916e-23
2.0619634233361225e-23
2.0619142535585025e-23
2.0618627500638657e-23
2.0618088035761194e-23
2.0617522996376465e-23
2.0616931183653017e-23
2.0616311341961396e-23
2.061566215620715e-23
2.0614982249040624e-23
2.0614270177931744e-23
2.061352443210189e-23
2.061274342933825e-23
2.061192551258541e-23
2.0611068946496774e-23
2.0610171913682865e-23
2.0609232510892166e-23
2.0608248744965747e-23
2.0607218528571227e-23
2.0606139675828193e-23
2.0605009897631316e-23
2.060382679675334e-23
2.060258786284056e-23
2.0601290467001914e-23
2.0599931856270053e-23
2.059850914772525e-23
2.059701932237632e-23
2.0595459218806623e-23
2.059382552631913e-23
2.0592114778061936e-23
2.059032334355551e-23
2.0588447420993373e-23
2.058648302919552e-23
2.0584425999110834e-23
2.0582271964997984e-23
2.0580016355089315e-23
2.057765438188476e-23
2.0575181032037682e-23
2.0572591055562026e-23
2.0569878954774995e-23
2.056703897259453e-23
2.0564065080281693e-23
2.0560950964479988e-23
2.0557690013955853e-23
2.0554275305528622e-23
2.0550699589211635e-23
2.0546955272807218e-23
2.0543034405770358e-23
2.0538928662322157e-23
2.0534629323599478e-23
2.0530127259134724e-23
2.05254129074113e-23
2.0520476255437404e-23
2.0515306817457217e-23
2.0509893612451755e-23
2.0504225141022877e-23
2.049828936046278e-23
2.0492073659083642e-23
2.0485564829765338e-23
2.047874904124504e-23
2.0471611808635615e-23
2.046413796277095e-23
2.0456311617420225e-23
2.044811613532869e-23
2.043953409324871e-23
2.0430547243324564e-23
2.042113647572115e-23
2.041128177613515e-23
2.0400962183640222e-23
2.0390155746053706e-23
2.0378839471968145e-23
2.0366989282476772e-23
2.0354579957686592e-23
2.0341585084849266e-23
2.0327976999769168e-23
2.0313726727836137e-23
2.029880392210099e-23
2.0283176797073826e-23
2.0266812060613997e-23
2.0249674842198095e-23
2.023172861703264e-23
2.0212935127957746e-23
2.0193254302169206e-23
2.017264416364601e-23
2.015106074549494e-23
2.0128457988791047e-23
2.0104787647421038e-23
2.007999918218568e-23
2.005403964789477e-23
2.0026853584407645e-23
1.9998382886698022e-23
1.9968566685241127e-23
1.9937341210749794e-23
1.990463965168048e-23
1.987039201291381e-23
1.9834524955514272e-23
1.9796961640212715e-23
1.975762155769578e-23
1.9716420349744862e-23
1.9673269617609842e-23
1.9628076736403082e-23
1.9580744641112858e-23
1.953117161513828e-23
1.9479251058845484e-23
1.9424871256210094e-23
1.9367915120112727e-23
1.9308259932643876e-23
1.9245777071492528e-23
1.9180331708123873e-23
1.9111782516111482e-23
1.9039981347600257e-23
1.8964772884835493e-23
1.888599430209359e-23
1.880347488519172e-23
1.8717035636970515e-23
1.8626488874499353e-23
1.8531637781401905e-23
1.843227597615906e-23
1.8328186999352163e-23
1.8219143840854144e-23
1.8104908406418802e-23
1.7985230931816608e-23
1.7859849429967916e-23
1.772848905937129e-23
1.759086146523062e-23
1.7446664150010253e-23
1.729557967501004e-23
1.7137275004266284e-23
1.6971400654843882e-23
1.6797589889699428e-23
1.66154578687586e-23
1.6424600785847414e-23
1.622459484204348e-23
1.601499541088642e-23
1.5795335963789436e-23
1.5565127082021094e-23
1.5323855457665503e-23
1.5070982834873054e-23
1.480594510469875e-23
1.452815123899659e-23
1.4236982632291396e-23
1.3931792334565608e-23
1.3611904744944854e-23
1.3276615608626375e-23
1.2925192774768698e-23
1.2556877807142705e-23
1.2170889104906217e-23
1.1766427373919524e-23
1.134268439421325e-23
1.089885753428308e-23
