7.887464564820661e-25
1.2205795242746556e-24
1.6510583036980154e-24
2.0766657533740273e-24
2.496779257295656e-24
2.911514624519134e-24
3.321234594431298e-24
3.7263953081580056e-24
4.127488130678473e-24
4.5250146166961426e-24
4.9194748091300114e-24
5.311361508264228e-24
5.701157448552556e-24
6.0893339817349825e-24
6.476350581873435e-24
6.862654818883533e-24
7.248682597103426e-24
7.634858560867849e-24
8.02159658793005e-24
8.409300340456375e-24
8.79836384530182e-24
9.189172087489642e-24
9.582101607813602e-24
9.977521095622838e-24
1.0375791977375356e-23
1.0777268991792074e-23
1.118230075472753e-23
1.1591230309756266e-23
1.2004395665854596e-23
1.2422130320780272e-23
1.284476376783914e-23
1.327262199261786e-23
1.3706027951641654e-23
1.4145302039438697e-23
1.4590762542935853e-23
1.5042726080443028e-23
1.5501508030132378e-23
1.5967422945584906e-23
1.64407849609796e-23
1.6921908182619095e-23
1.7411107074870038e-23
1.790869682910478e-23
1.8414993729739857e-23
1.8930315507608623e-23
1.945498168591045e-23
1.9989313919003372e-23
2.0533636321986208e-23
2.1088275794235928e-23
2.1653562337941895e-23
2.222982936789928e-23
2.2817414018881995e-23
2.3416657444030145e-23
2.4027905114901684e-23
2.4651507110011707e-23
2.5287818406054066e-23
2.5937199160556923e-23
2.660001499763422e-23
2.727663728649795e-23
2.796744341727877e-23
2.8672817084342137e-23
2.9393148553355295e-23
3.012883494141912e-23
3.088028048929576e-23
3.164789683416265e-23
3.2432103286388154e-23
3.323332710085943e-23
3.4052003753503136e-23
3.4888577219719606e-23
3.5743500248596566e-23
3.6617234646611656e-23
3.7510251554362287e-23
3.8423031735787197e-23
3.935606585996686e-23
4.030985479698756e-23
4.1284909901459003e-23
4.2281753315126e-23
4.330091826448162e-23
4.434294936332849e-23
4.540840292477612e-23
4.649784726338909e-23
4.7611863019318474e-23
4.87510434788807e-23
4.991599489641208e-23
5.1107336832459017e-23
5.2325702477879685e-23
5.357173901346933e-23
5.48461079442693e-23
5.61494854589425e-23
5.748256278762869e-23
5.884604657362929e-23
6.02406592471335e-23
6.166713939270253e-23
6.312624215743259e-23
6.461873962722467e-23
6.614542123204508e-23
6.770709416808845e-23
6.930458379791419e-23
7.093873408445824e-23
7.261040801997546e-23
7.432048807798449e-23
7.60698766360461e-23
7.78594964565422e-23
7.969029116530949e-23
8.1563225675339e-23
8.347928673945765e-23
8.543948337157426e-23
8.744484742779254e-23
8.949643402281966e-23
9.159532215680298e-23
9.374261514400673e-23
9.593944122355636e-23
9.81869540802933e-23
1.0048633340775474e-22
1.0283878547540967e-22
1.0524554371000988e-22
1.0770786928299122e-22
1.102270516674292e-22
1.1280440936464924e-22
1.154412903694602e-22
1.1813907287635356e-22
1.2089916594051115e-22
1.2372301002332194e-22
1.2661207780311337e-22
1.2956787466051537e-22
1.3259193950876265e-22
1.3568584530144989e-22
1.3885119993202141e-22
1.4208964674252235e-22
1.45402865393942e-22
1.4879257235178943e-22
1.52260521941747e-22
1.5580850666533944e-22
1.5943835824241555e-22
1.6315194827314306e-22
1.6695118887526472e-22
1.708380335727401e-22
1.7481447793501863e-22
1.7888256030257202e-22
1.8304436267404142e-22
1.873020112849834e-22
1.9165767766641188e-22
1.9611357863428665e-22
2.0067197811819844e-22
2.0533518693450839e-22
2.1010556400520403e-22
2.149855171586166e-22
2.1997750316496944e-22
2.250840292069577e-22
2.303076529275546e-22
2.356509836212242e-22
2.4111668263118576e-22
2.4670746360682095e-22
2.5242609316824745e-22
2.582753922913414e-22
2.642582352674053e-22
2.703775516726598e-22
2.766363259408009e-22
2.8303759686679437e-22
2.895844607382967e-22
2.962800677195178e-22
3.0312762520392265e-22
3.101303963729999e-22
3.1729170009801847e-22
3.246149113892908e-22
3.3210346005494267e-22
3.3976083346553855e-22
3.4759057071262647e-22
3.555962686360279e-22
3.6378157324135758e-22
3.7215018719704584e-22
3.8070586314756995e-22
3.89452402850269e-22
3.983936593792691e-22
4.0753353085549436e-22
4.1687596044126553e-22
4.26424932381819e-22
4.361844782108455e-22
4.461586581422664e-22
4.563515737762957e-22
4.667673537692261e-22
4.774101531526711e-22
4.882841498083072e-22
4.993935482250764e-22
5.107425492132056e-22
5.223353744399378e-22
5.341762426144192e-22
5.46269355513078e-22
5.586189114484317e-22
5.71229089292857e-22
5.841040363116962e-22
5.97247835431939e-22
6.106645510606766e-22
6.24358172736376e-22
6.383325510626998e-22
6.525915724350236e-22
6.671389043750275e-22
6.819781362374574e-22
6.971127072781981e-22
7.125459505378856e-22
7.282808434531118e-22
7.443204229604733e-22
