4.869959939336739e-22
4.871235542373499e-22
4.872449827231174e-22
4.873605371046109e-22
4.874704626222474e-22
4.875749925644858e-22
4.876743487642049e-22
4.877687420693812e-22
4.878583727918257e-22
4.879434311326296e-22
4.880240975863978e-22
4.881005433243073e-22
4.881729305584793e-22
4.882414128859031e-22
4.883061356152103e-22
4.883672360746736e-22
4.884248439047485e-22
4.884790813323916e-22
4.885300634314167e-22
4.885778983664284e-22
4.886226876223823e-22
4.886645262204351e-22
4.88703502919119e-22
4.887397004031979e-22
4.887731954588922e-22
4.888040591368146e-22
4.888323569023834e-22
4.888581487755638e-22
4.888814894577534e-22
4.88902428446638e-22
4.889210101431039e-22
4.889372739438732e-22
4.889512543248417e-22
4.889629809153393e-22
4.889724785595917e-22
4.889797673689785e-22
4.889848627659912e-22
4.889877755141445e-22
4.889885117427374e-22
4.889870729589711e-22
4.889834560492787e-22
4.889776532726539e-22
4.889696522461924e-22
4.889594359144849e-22
4.88946982515153e-22
4.88932265529895e-22
4.889152536305568e-22
4.888959106076314e-22
4.888741952967647e-22
4.888500614857358e-22
4.88823457819084e-22
4.8879432768572225e-22
4.887626090971698e-22
4.887282345563838e-22
4.886911309089522e-22
4.886512191899802e-22
4.886084144521074e-22
4.885626255830025e-22
4.8851375511034465e-22
4.884616989899824e-22
4.884063463844159e-22
4.883475794239274e-22
4.882852729495275e-22
4.882192942454229e-22
4.881495027565155e-22
4.88075749777052e-22
4.879978781346444e-22
4.879157218495873e-22
4.878291057783171e-22
4.877378452281866e-22
4.87641745561387e-22
4.875406017758503e-22
4.874341980565141e-22
4.873223073012572e-22
4.8720469064158e-22
4.870810969073243e-22
4.8695126208991e-22
4.868149087607513e-22
4.866717454669882e-22
4.865214660932463e-22
4.863637491926996e-22
4.86198257280245e-22
4.860246360914473e-22
4.858425138042285e-22
4.856515002153999e-22
4.854511858818461e-22
4.852411412146767e-22
4.850209155252089e-22
4.847900360310811e-22
4.845480067901641e-22
4.842943075985258e-22
4.840283928392336e-22
4.837496902435783e-22
4.8345759960608485e-22
4.831514914416932e-22
4.828307055493964e-22
4.824945495212172e-22
4.821422971700115e-22
4.817731868643315e-22
4.8138641978223695e-22
4.809811580844592e-22
4.805565229574677e-22
4.801115926207955e-22
4.796454001132789e-22
4.79156931092982e-22
4.786451214141056e-22
4.781088546297717e-22
4.775469593379395e-22
4.769582063691441e-22
4.763413058677633e-22
4.756949041280233e-22
4.750175803264424e-22
4.743078430408517e-22
4.735641265805623e-22
4.727847870410202e-22
4.71968098250471e-22
4.711122473700557e-22
4.70215330267023e-22
4.692753466326541e-22
4.682901947867459e-22
4.672576661167466e-22
4.661754392700566e-22
4.650410738946466e-22
4.638520040053014e-22
4.626055309012751e-22
4.612988157088218e-22
4.599288712560068e-22
4.58492553570802e-22
4.569865526935783e-22
4.554073828474495e-22
4.537513719297067e-22
4.520146502442012e-22
4.501931384024266e-22
4.482825342205246e-22
4.462782987722455e-22
4.441756411489779e-22
4.419695021423895e-22
4.396545365087458e-22
4.372250936735052e-22
4.346751969877175e-22
4.319985208459301e-22
4.291883659099513e-22
4.262376319446242e-22
4.2313878812872986e-22
4.1988384039949784e-22
4.1646429522993613e-22
4.128711200902422e-22
4.090946993015229e-22
4.0512478502114474e-22
4.009504428288205e-22
3.9655999046598286e-22
3.919409297931092e-22
3.870798692049589e-22
3.8196243705078525e-22
3.7657318236292943e-22
3.7089546245332955e-22
3.6491131407873133e-22
3.586013054107499e-22
3.5194436481883077e-22
3.449175826292001e-22
3.374959797793633e-22
3.296522360132702e-22
3.213563704887016e-22
3.1257536155835977e-22
3.032726937653609e-22
2.9340781321853403e-22
2.8293546893909613e-22
2.7180490904906353e-22
2.599588953250596e-22
2.473324800820885e-22
2.3385148069560624e-22
2.19430552502469e-22
2.0397073633345993e-22
1.8735629756865526e-22
1.694506081069047e-22
1.5009071371659982e-22
1.2908007473264524e-22
1.0617874242238974e-22
8.108998109617789e-23
5.344260390848299e-23
2.2780340812630382e-23
1.1782083239755321e-23
5.0555857677018086e-23
9.505941639624746e-23
1.4682722542910019e-22
2.082054632356826e-22
2.827766905077704e-22
3.762966579063283e-22
4.986513341537162e-22
6.683988393795528e-22
9.249992963387236e-22
1.3698753445463461e-21
2.366848833338485e-21
6.938073029186511e-21
8.438637904830698e-21
2.6870107988979784e-21
1.5909393217306685e-21
1.1135308934752194e-21
8.376316456275342e-22
6.517281700188869e-22
5.133363132528679e-22
