2.1193070386977062e-23
2.119331031143079e-23
2.119353701973161e-23
2.1193750977505642e-23
2.119395262467658e-23
2.1194142376280245e-23
2.119432062323732e-23
2.1194487733083824e-23
2.1194644050661265e-23
2.1194789898766046e-23
2.1194925578759732e-23
2.1195051371140087e-23
2.119516753607411e-23
2.1195274313893238e-23
2.1195371925551554e-23
2.1195460573047353e-23
2.1195540439808754e-23
2.1195611691043626e-23
2.11956744740542e-23
2.1195728918517147e-23
2.119577513672876e-23
2.1195813223816174e-23
2.1195843257914492e-23
2.1195865300309724e-23
2.119587939554851e-23
2.1195885571513658e-23
2.11958838394663e-23
2.1195874194054e-23
2.1195856613285316e-23
2.1195831058469938e-23
2.1195797474124983e-23
2.1195755787846204e-23
2.1195705910144645e-23
2.11956477342478e-23
2.119558113586464e-23
2.119550597291461e-23
2.1195422085219287e-23
2.1195329294156163e-23
2.1195227402274007e-23
2.1195116192868728e-23
2.119499542951883e-23
2.1194864855579304e-23
2.1194724193633235e-23
2.1194573144899367e-23
2.1194411388594927e-23
2.1194238581251893e-23
2.1194054355985303e-23
2.1193858321712256e-23
2.1193650062319646e-23
2.1193429135779028e-23
2.1193195073206657e-23
2.1192947377866453e-23
2.1192685524114496e-23
2.1192408956281644e-23
2.119211708749299e-23
2.1191809298420976e-23
2.1191484935969698e-23
2.119114331188777e-23
2.1190783701306156e-23
2.1190405341198976e-23
2.119000742876265e-23
2.1189589119711135e-23
2.118914952648277e-23
2.1188687716355344e-23
2.1188202709465354e-23
2.1187693476726964e-23
2.118715893764626e-23
2.1186597958027002e-23
2.11860093475612e-23
2.118539185730138e-23
2.1184744177007595e-23
2.118406493236442e-23
2.1183352682061655e-23
2.1182605914732656e-23
2.118182304574346e-23
2.118100241382613e-23
2.1180142277549426e-23
2.11792408116184e-23
2.117829610299567e-23
2.1177306146836275e-23
2.1176268842226557e-23
2.117518198771934e-23
2.117404327665362e-23
2.1172850292251776e-23
2.1171600502480786e-23
2.117029125466937e-23
2.1168919769866584e-23
2.1167483136931864e-23
2.116597830634322e-23
2.1164402083710794e-23
2.1162751122979862e-23
2.1161021919312733e-23
2.1159210801629106e-23
2.115731392479384e-23
2.1155327261430407e-23
2.1153246593349106e-23
2.1151067502562226e-23
2.1148785361878538e-23
2.114639532504393e-23
2.1143892316418463e-23
2.1141271020161898e-23
2.1138525868901333e-23
2.1135651031866976e-23
2.1132640402458127e-23
2.1129487585216958e-23
2.112618588219687e-23
2.112272827865638e-23
2.1119107428107684e-23
2.1115315636614407e-23
2.1111344846377883e-23
2.1107186618527923e-23
2.1102832115084986e-23
2.1098272080073058e-23
2.109349681975522e-23
2.108849618188018e-23
2.1083259533975317e-23
2.1077775740611303e-23
2.1072033139560142e-23
2.1066019516816567e-23
2.105972208045989e-23
2.105312743323269e-23
2.1046221543838984e-23
2.1038989716853186e-23
2.1031416561213894e-23
2.1023485957212226e-23
2.1015181021861264e-23
2.100648407267837e-23
2.0997376589728144e-23
2.09878391757882e-23
2.0977851514710714e-23
2.096739232768156e-23
2.0956439327584345e-23
2.0944969170902827e-23
2.0932957407652207e-23
2.092037842865637e-23
2.0907205410461262e-23
2.0893410257648793e-23
2.0878963542214578e-23
2.0863834440465817e-23
2.0847990666317395e-23
2.083139840217486e-23
2.081402222581684e-23
2.07958250345407e-23
2.0776767965081632e-23
2.0756810310406355e-23
2.0735909432033026e-23
2.071402066884907e-23
2.069109724136472e-23
2.0667090151515673e-23
2.0641948078467928e-23
2.0615617269105194e-23
2.058804142337591e-23
2.055916157642674e-23
2.0528915972895606e-23
2.049723993749056e-23
2.046406574070512e-23
2.0429322456893938e-23
2.0392935818907104e-23
2.035482806571925e-23
2.0314917785319862e-23
2.0273119750581225e-23
2.0229344752139285e-23
2.018349942281179e-23
2.0135486061357938e-23
2.0085202445541188e-23
2.003254165024451e-23
1.997739185442215e-23
1.991963615036975e-23
1.9859152353647537e-23
1.979581281099124e-23
1.972948421608646e-23
1.9660027425441845e-23
1.9587297299667514e-23
1.9511142543916044e-23
1.9431405568227286e-23
1.934792240176087e-23
1.9260522609093337e-23
1.9169029281339135e-23
1.9073259078603315e-23
1.897302235640643e-23
1.8868123391167394e-23
1.8758360743237245e-23
1.8643527763964117e-23
1.8523413355792143e-23
1.8397802922721275e-23
1.8266479738312232e-23
1.812922666014313e-23
1.7985828430282643e-23
1.7836074606133904e-23
1.7679763394364505e-23
1.751670655548481e-23
1.7346735716221345e-23
1.7169710404688347e-23
1.6985528601433785e-23
1.6794140030364937e-23
1.6595563437622037e-23
1.63899088421972e-23
1.6177406519902936e-23
1.5958444265807594e-23
1.5733616281888755e-23
1.5503786659190014e-23
