1.7144691212743087e-24
1.70850935733499e-24
1.70312035102686e-24
1.698252284918707e-24
1.6938592632757257e-24
1.6898990563619735e-24
1.6863328532090962e-24
1.683125024010229e-24
1.6802428929919926e-24
1.6776565223459113e-24
1.6753385075675647e-24
1.6732637843521677e-24
1.671409447029941e-24
1.669754578388773e-24
1.6682800906232993e-24
1.6669685770645896e-24
1.6658041742816082e-24
1.6647724340989904e-24
1.6638602050457285e-24
1.663055522730756e-24
1.6623475086340398e-24
1.6617262768022175e-24
1.6611828479452755e-24
1.66070907044319e-24
1.660297547787969e-24
1.6599415720056045e-24
1.659635062623994e-24
1.659372510775016e-24
1.6591489280426386e-24
1.6589597996920074e-24
1.6588010419377376e-24
1.6586689629328146e-24
1.658560227181257e-24
1.6584718230993577e-24
1.6584010334707877e-24
1.6583454085602986e-24
1.6583027416691197e-24
1.658271046932865e-24
1.6582485391791093e-24
1.6582336156768568e-24
1.6582248396253674e-24
1.658220925242365e-24
1.658220724325401e-24
1.658223214170632e-24
1.658227486745879e-24
1.658232739023763e-24
1.6582382643910943e-24
1.6582434450600265e-24
1.658247745414042e-24
1.6582507062309417e-24
1.6582519397316996e-24
1.6582511254121974e-24
1.658248006620492e-24
1.6582423878501657e-24
1.658234132725706e-24
1.6582231626625827e-24
1.6582094561903246e-24
1.6581930489334077e-24
1.658174034249893e-24
1.658152564534578e-24
1.658128853198679e-24
1.6581031773445197e-24
1.658075881159738e-24
1.6580473800623543e-24
1.6580181656340493e-24
1.6579888113866917e-24
1.6579599794141232e-24
1.6579324279889896e-24
1.6579070201728056e-24
1.657884733516026e-24
1.657866670934323e-24
1.6578540728572533e-24
1.657848330756159e-24
1.657851002169591e-24
1.6578638273569664e-24
1.657888747724165e-24
1.657927926179059e-24
1.6579837695900622e-24
1.658058953536964e-24
1.658156449560951e-24
1.658279555138331e-24
1.6584319266234747e-24
1.6586176154256514e-24
1.6588411077078173e-24
1.6591073679173507e-24
1.6594218864833233e-24
1.6597907320394017e-24
1.660220608557135e-24
1.6607189178003378e-24
1.661293827536757e-24
1.6619543459692735e-24
1.662710402872733e-24
1.6635729379459578e-24
1.6645539969078204e-24
1.66566683588332e-24
1.6669260346367367e-24
1.6683476192139946e-24
1.669949194553149e-24
1.6717500876075207e-24
1.673771501500565e-24
1.6760366811886576e-24
1.678571091047877e-24
1.681402604719406e-24
1.6845617074402868e-24
1.688081710951236e-24
1.691998980905996e-24
1.6963531765030453e-24
1.7011875018208044e-24
1.7065489680569865e-24
1.712488665552297e-24
1.7190620441197242e-24
1.7263291998060474e-24
1.734355165789983e-24
1.7432102046791867e-24
1.752970099024773e-24
1.7637164364419194e-24
1.775536885335785e-24
1.7885254569111557e-24
1.802782748925044e-24
1.8184161665609047e-24
1.835540115898473e-24
1.854276165759786e-24
1.874753174262673e-24
1.8971073772277417e-24
1.9214824366745867e-24
1.948029448997485e-24
1.976906914001857e-24
2.0082806677577298e-24
2.042323784107026e-24
2.079216451557059e-24
2.1191458340835963e-24
2.162305925942237e-24
2.20889741182396e-24
2.259127544490211e-24
2.3132100523083773e-24
2.3713650888326297e-24
2.4338192357396952e-24
2.5008055690674255e-24
2.5725637968970593e-24
2.649340474470841e-24
2.7313893003764862e-24
2.8189714949911377e-24
2.912356259985384e-24
3.0118213154586937e-24
3.117653509285817e-24
3.2301494915577747e-24
3.34961644561094e-24
3.476372866043204e-24
3.6107493732693976e-24
3.753089553510249e-24
3.9037508125520365e-24
4.063105231079562e-24
4.231540408770494e-24
4.409460283565377e-24
4.5972859114957564e-24
4.795456191094094e-24
5.0044285146357284e-24
5.224679326216026e-24
5.456704563870142e-24
5.7010199595466135e-24
5.9581611666863196e-24
6.22868368038768e-24
6.5131625096133416e-24
6.812191554575975e-24
7.126382635311928e-24
7.456364109527437e-24
7.802779009092161e-24
8.16628261518457e-24
8.547539382165699e-24
8.947219110048526e-24
9.365992255265958e-24
9.80452425981404e-24
1.0263468770462337e-23
1.0743459613444562e-23
1.124510138707542e-23
1.1768958536522399e-23
1.2315542783345642e-23
1.2885298799534165e-23
1.3478588044160125e-23
1.4095670723220482e-23
1.4736685892704532e-23
1.540162980432326e-23
1.6090332695217917e-23
1.680243434899729e-23
1.7537358905972006e-23
1.8294289573498843e-23
1.9072144078050824e-23
1.9869551900183192e-23
2.068483452863767e-23
2.151599014200503e-23
2.2360684252549263e-23
2.3216247900038183e-23
2.4079684935269443e-23
2.4947689756810895e-23
2.5816676540075522e-23
2.668282051675272e-23
2.7542111233322947e-23
2.839041696938416e-23
2.9223558681748753e-23
3.0037391031020083e-23
3.082788732943986e-23
