6.0636944143090105e-24
5.898577674189384e-24
5.7350779991363925e-24
5.572853583320596e-24
5.411565972312969e-24
5.250879431611868e-24
5.090460336537501e-24
4.929976586817118e-24
4.769097049827798e-24
4.607491038031938e-24
4.444827830648195e-24
4.2807762492917786e-24
4.1150043090065965e-24
3.9471789670781524e-24
3.776966011277457e-24
3.604030142551394e-24
3.428035340267865e-24
3.248645645377956e-24
3.0655265762648667e-24
2.878347527635413e-24
2.6867857456974954e-24
2.4905329134559314e-24
2.289306228577053e-24
2.0828675787880943e-24
1.8710581019172567e-24
1.6538639165682137e-24
1.431550095715562e-24
1.2049590282453826e-24
9.762545221923117e-25
7.510603126301279e-25
5.456123892689618e-25
4.1000759581668943e-25
4.372825739027878e-25
6.202499628493561e-25
8.764934087918914e-25
1.1677334649013199e-24
1.481525441886031e-24
1.8135198658941228e-24
2.1621381613375693e-24
2.526918688340179e-24
2.90791963755134e-24
3.305472552100799e-24
3.720069139011582e-24
4.152304762247542e-24
4.6028483172612894e-24
5.072425333737653e-24
5.561808116149971e-24
6.071809826652355e-24
6.6032808648296285e-24
7.157106629771403e-24
7.734206143175166e-24
8.335531208692136e-24
8.962065903432913e-24
9.614826291299978e-24
1.0294860259174257e-23
1.1003247417668292e-23
1.1741099038641207e-23
1.2509557981281082e-23
1.3309798603122227e-23
1.4143026624914642e-23
1.5010478935520207e-23
1.591342333757988e-23
1.6853158213189168e-23
1.783101210864738e-23
1.884834321992835e-23
1.9906538789534045e-23
2.100701440405385e-23
2.215121318423877e-23
2.3340604857462914e-23
2.45766847465146e-23
2.5860972629973487e-23
2.719501149771367e-23
2.8580366210715966e-23
3.001862204578068e-23
3.1511383155247796e-23
3.3060270914221776e-23
3.466692221315148e-23
3.6332987659260263e-23
3.806012969545553e-23
3.9850020705784687e-23
4.170434103916493e-23
4.3624777062081286e-23
4.5613019119505976e-23
4.767075963039856e-23
4.979969105153343e-23
5.200150405522363e-23
5.427788566699372e-23
5.663051747835826e-23
5.906107410750128e-23
6.157122162434084e-23
6.416261624098354e-23
6.683690313038987e-23
6.959571550507332e-23
7.244067377244886e-23
7.537338509364299e-23
7.839544305673259e-23
8.150842775660821e-23
8.471390592740792e-23
8.801343163984319e-23
9.140854702545494e-23
9.490078355688561e-23
9.849166335662462e-23
1.0218270104847403e-22
1.0597540572102877e-22
1.098712833447181e-22
1.138718392368868e-22
1.1797858107235755e-22
1.221930219227847e-22
1.265166835090084e-22
1.3095109996391404e-22
1.354978214156995e-22
1.401584180096124e-22
1.4493448375508106e-22
1.4982764092814707e-22
1.548395442149774e-22
1.599718851944764e-22
1.6522639642087141e-22
1.7060485615553326e-22
1.7610909248230979e-22
1.8174098801302395e-22
1.8750248385888256e-22
1.9339558404935753e-22
1.9942235998562854e-22
2.0558495401944019e-22
2.1188558423468115e-22
2.1832654710951616e-22
2.249102226488418e-22
2.316390772061294e-22
2.3851566683982266e-22
2.4554264173855046e-22
2.5272274845256355e-22
2.60058832388041e-22
2.675538434269878e-22
2.75210835186379e-22
2.8303297077920913e-22
2.9102352455973755e-22
2.991858822432802e-22
3.075235478784309e-22
3.1604014205324475e-22
3.2473940692974755e-22
3.336252050465336e-22
3.4270152623166893e-22
3.519724868708314e-22
3.61442330158615e-22
3.711154294328077e-22
3.809962965459325e-22
3.910895701543922e-22
4.014000306615372e-22
4.119326018060294e-22
4.226923319855846e-22
4.336844318940424e-22
4.449142445021994e-22
4.563872664141007e-22
4.681091282780652e-22
4.800856379016219e-22
4.923227427931668e-22
5.048265262381525e-22
5.176032769008102e-22
5.306594066555241e-22
5.440015091496886e-22
5.576363365586584e-22
5.715707711110078e-22
5.8581195875844e-22
6.003671118094207e-22
6.152437624090533e-22
6.304494539549875e-22
6.459920248796263e-22
6.6187947398639e-22
6.781199862650492e-22
6.947219852908591e-22
7.116939707386207e-22
7.29044744630622e-22
7.467833517259943e-22
7.6491895360560255e-22
7.834609441217282e-22
8.0241898729138345e-22
8.2180285026454e-22
8.416227147864553e-22
8.618888319407323e-22
8.826116734816794e-22
9.038021965733467e-22
9.254713142975388e-22
9.47630246133131e-22
9.702905646407233e-22
9.93464157894008e-22
1.0171629345296662e-21
1.0413992512751499e-21
1.0661857683447063e-21
1.0915351895613113e-21
1.1174609384126185e-21
1.1439763255734072e-21
1.1710949905099305e-21
1.1988311411289198e-21
1.2271988655918665e-21
1.2562134668878416e-21
1.285889172444596e-21
1.316241612628455e-21
1.3472865475532011e-21
1.379039445417097e-21
1.4115173675983018e-21
1.4447362738183957e-21
