1.0910983366951259e-22
1.102337552173216e-22
1.1129215860145936e-22
1.1228728999399875e-22
1.132212612010748e-22
1.1409605415077123e-22
1.1491352510427732e-22
1.1567540859925746e-22
1.16383321133899e-22
1.1703876459945523e-22
1.1764312946862483e-22
1.1819769774651797e-22
1.1870364569053215e-22
1.1916204630485476e-22
1.195738716149248e-22
1.1993999472664707e-22
1.202611916746905e-22
1.2053814306379298e-22
1.207714355064784e-22
1.209615628602152e-22
1.2110892726655103e-22
1.2121383999438941e-22
1.2127652208907606e-22
1.2129710482860249e-22
1.212756299877946e-22
1.2121204991088424e-22
1.2110622739253417e-22
1.2095793536686109e-22
1.207668564036692e-22
1.205325820106042e-22
1.2025461173956132e-22
1.199323520952097e-22
1.1956511524306363e-22
1.1915211751407077e-22
1.1869247770225962e-22
1.1818521515145892e-22
1.1762924762668226e-22
1.1702338896522824e-22
1.1636634650207491e-22
1.1565671826359456e-22
1.1489298992308528e-22
1.1407353151107217e-22
1.131965938727215e-22
1.122603048641241e-22
1.112626652785931e-22
1.1020154449345384e-22
1.0907467582710074e-22
1.0787965159546775e-22
1.0661391785621006e-22
1.0527476882821857e-22
1.0385934097321045e-22
1.0236460672529846e-22
1.0078736785360605e-22
9.912424844194266e-23
9.737168746868346e-23
9.552593096886604e-23
9.358302375947908e-23
9.15388007077212e-23
8.938887752083705e-23
8.712864103480211e-23
8.475323897784468e-23
8.225756918333226e-23
7.96362682251086e-23
7.688369944684338e-23
7.39939403553928e-23
7.096076934662424e-23
6.777765173070181e-23
6.443772502257934e-23
6.093378346266323e-23
5.725826173290976e-23
5.340321783602278e-23
4.936031511234389e-23
4.5120803386223924e-23
4.067549927471676e-23
3.6014765794120466e-23
3.112849167703606e-23
2.600607165661182e-23
2.0636392025604e-23
1.5007840019533413e-23
9.108457803662318e-24
2.9284746477327804e-24
3.565467968923127e-24
1.0355990797720026e-23
1.7476078675937706e-23
2.4939044975343404e-23
3.2761032213273694e-23
4.095920312808177e-23
4.9551629176198783e-23
5.85573037143313e-23
6.799617982435187e-23
7.788921673590592e-23
8.825843111191616e-23
9.91269521854613e-23
1.1051908051666644e-22
1.2246035041082984e-22
1.3497759615437214e-22
1.480990222850785e-22
1.6185427815266224e-22
1.762745370572618e-22
1.9139258028292972e-22
2.0724288637272825e-22
2.2386172602309085e-22
2.412872630085568e-22
2.5955966158419563e-22
2.787212008527496e-22
2.988163966271135e-22
3.1989213136651848e-22
3.419977928179683e-22
3.651854220523917e-22
3.8950987164999534e-22
4.1502897486028176e-22
4.418037266418841e-22
4.6989847757498515e-22
4.993811417370793e-22
5.303234197413229e-22
5.628010382586915e-22
5.968940074793242e-22
6.326868981208353e-22
6.702691397596925e-22
7.097353424514975e-22
7.511856438189945e-22
7.947260840250831e-22
8.404690113176108e-22
8.885335211356613e-22
9.390459321090171e-22
9.921403026706798e-22
1.0479589924392836e-21
1.1066532730272503e-21
1.1683839934951486e-21
1.2333223063178313e-21
1.3016504604620764e-21
1.3735626690159904e-21
1.4492660597742901e-21
1.528981718285808e-21
1.6129458341447138e-21
1.7014109627678572e-21
1.794647416598938e-21
1.8929448016377146e-21
1.996613717471927e-21
2.1059876416422097e-21
2.2214250222590958e-21
2.3433116064185716e-21
2.4720630362052286e-21
2.6081277490746726e-21
2.751990225311725e-21
2.9041746322414273e-21
3.065248923182258e-21
3.2358294590190094e-21
3.4165862321128666e-21
3.608248786474426e-21
3.811612945251565e-21
4.0275484772963966e-21
4.2570078597495375e-21
4.501036324280133e-21
4.7607834122652514e-21
5.0375163105275085e-21
5.3326352966144555e-21
5.6476916939399084e-21
5.984408826359904e-21
6.3447065739967424e-21
6.7307302742152756e-21
7.144884892588211e-21
7.589875620703839e-21
8.068756357295315e-21
8.584987918983726e-21
9.142508338211941e-21
9.745818282172279e-21
1.0400085529177036e-20
1.1111273655178896e-20
1.1886301739360593e-20
1.2733244177691268e-20
1.3661582869787056e-20
1.4682528526666144e-20
1.5809434260166568e-20
1.7058333929435787e-20
1.844865147157241e-20
2.0004148112099913e-20
2.1754206029897327e-20
2.3735596667698602e-20
2.5994961474102286e-20
2.859236400802748e-20
3.1606494997360877e-20
3.514250303014652e-20
3.934413757901414e-20
4.441325415630548e-20
5.0642472581854474e-20
5.847264185877823e-20
6.860026767000508e-20
8.219412728706865e-20
1.0137678313869328e-19
1.3044487775867068e-19
1.7959952187005834e-19
2.8028677593335716e-19
5.96952367471174e-19
2.1959865019510585e-18
4.992299752789357e-19
2.7321001693661527e-19
1.9026464288234266e-19
1.4738762623688407e-19
1.212328807818704e-19
1.0363073728548835e-19
