1.3387793179910867e-22
1.3388087878734704e-22
1.3388367407491805e-22
1.3388632359431607e-22
1.3388883296854944e-22
1.3389120752308853e-22
1.338934522971995e-22
1.3389557205462833e-22
1.3389757129375042e-22
1.338994542571081e-22
1.3390122494045624e-22
1.3390288710121295e-22
1.3390444426647634e-22
1.3390589974049804e-22
1.3390725661171248e-22
1.3390851775930083e-22
1.3390968585928738e-22
1.3391076339025536e-22
1.3391175263858165e-22
1.339126557033135e-22
1.3391347450061088e-22
1.3391421076784196e-22
1.3391486606724337e-22
1.3391544178924774e-22
1.3391593915545716e-22
1.3391635922120199e-22
1.3391670287782536e-22
1.339169708545241e-22
1.3391716371995229e-22
1.3391728188338658e-22
1.339173255956198e-22
1.3391729494949219e-22
1.3391718988007518e-22
1.339170101645452e-22
1.339167554217213e-22
1.339164251112298e-22
1.3391601853238466e-22
1.339155348226767e-22
1.3391497295597252e-22
1.3391433174031634e-22
1.3391360981538866e-22
1.3391280564965147e-22
1.339119175370872e-22
1.339109435935472e-22
1.3390988175279331e-22
1.339087297620934e-22
1.3390748517744428e-22
1.3390614535836592e-22
1.339047074623221e-22
1.339031684386844e-22
1.3390152502222867e-22
1.3389977372621244e-22
1.338979108350199e-22
1.338959323961768e-22
1.3389383421205786e-22
1.338916118308929e-22
1.338892605374091e-22
1.3388677534270822e-22
1.3388415097371394e-22
1.3388138186201256e-22
1.3387846213199904e-22
1.3387538558838306e-22
1.338721457030407e-22
1.3386873560113291e-22
1.3386514804652725e-22
1.3386137542643513e-22
1.3385740973520656e-22
1.3385324255729763e-22
1.338488650494648e-22
1.3384426792185563e-22
1.3383944141844117e-22
1.3383437529611668e-22
1.3382905880297146e-22
1.3382348065542533e-22
1.3381762901439273e-22
1.3381149145987314e-22
1.3380505496460062e-22
1.3379830586648546e-22
1.337912298393693e-22
1.3378381186269109e-22
1.3377603618951609e-22
1.3376788631283832e-22
1.3375934493069004e-22
1.3375039390915797e-22
1.3374101424397425e-22
1.3373118601974458e-22
1.3372088836779761e-22
1.3371009942166389e-22
1.3369879627040685e-22
1.3368695490996836e-22
1.3367455019196063e-22
1.3366155576973863e-22
1.3364794404265976e-22
1.336336860972842e-22
1.3361875164494583e-22
1.3360310895796237e-22
1.3358672480169197e-22
1.3356956436319838e-22
1.335515911774633e-22
1.3353276704872855e-22
1.3351305196977712e-22
1.3349240403568626e-22
1.3347077935474696e-22
1.3344813195349127e-22
1.3342441368070868e-22
1.3339957410061528e-22
1.3337356038764756e-22
1.3334631721402412e-22
1.3331778662683262e-22
1.332879079293516e-22
1.332566175452115e-22
1.3322384888557767e-22
1.331895322054689e-22
1.3315359445258792e-22
1.331159591110206e-22
1.3307654603507045e-22
1.330352712797744e-22
1.32992046917893e-22
1.329467808461347e-22
1.328993765971294e-22
1.328497331163703e-22
1.3279774455606095e-22
1.3274330004061327e-22
1.3268628342500838e-22
1.3262657304625326e-22
1.325640414565906e-22
1.324985551453988e-22
1.3242997425284675e-22
1.3235815226084208e-22
1.3228293567612344e-22
1.3220416369300408e-22
1.3212166783994526e-22
1.3203527161309697e-22
1.3194479008876418e-22
1.3185002951636478e-22
1.3175078688976928e-22
1.3164684949671516e-22
1.3153799446370068e-22
1.3142398824078792e-22
1.3130458609476295e-22
1.3117953157133296e-22
1.3104855590682881e-22
1.3091137743570655e-22
1.3076770096859353e-22
1.3061721711658654e-22
1.3045960159912016e-22
1.3029451451586931e-22
1.301215995589571e-22
1.2994048322720275e-22
1.2975077397367534e-22
1.2955206127579728e-22
1.2934391474789164e-22
1.2912588308675982e-22
1.2889749309615266e-22
1.2865824852791905e-22
1.2840762895458143e-22
1.2814508855511941e-22
1.2787005479869237e-22
1.2758192711554712e-22
1.27280075507581e-22
1.2696383892425104e-22
1.2663252379264723e-22
1.2628540230157023e-22
1.2592171061333142e-22
1.2554064695974869e-22
1.2514136977483617e-22
1.247229955208075e-22
1.2428459641720257e-22
1.2382519826304625e-22
1.2334377784906013e-22
1.2283926030644259e-22
1.223105164175435e-22
1.2175635953360218e-22
1.2117554262378537e-22
1.2056675477566528e-22
1.199286177031171e-22
1.1925968202714752e-22
1.1855842329118324e-22
1.1782323742495445e-22
1.1705243682970944e-22
1.1624424459447426e-22
1.1539679004692382e-22
1.145081029456495e-22
1.1357610750334532e-22
1.1259861603650727e-22
1.1157332203676803e-22
1.1049779287475472e-22
1.0936946189312705e-22
1.0818561975208743e-22
1.0694340515159277e-22
1.0563979495632746e-22
1.04271592963154e-22
1.0283541864211623e-22
1.0132769337457337e-22
9.974462696670259e-23
9.808220185879449e-23
9.633615583442788e-23
9.450196305061708e-23
9.257481284572385e-23
9.054958605696806e-23
8.842082824415898e-23
