1.5810461471654451e-24
1.6081986724564851e-24
1.638132727023436e-24
1.670563688356793e-24
1.7052479158444695e-24
1.7419789336695245e-24
1.7805834991003517e-24
1.8209177541023877e-24
1.862863590413836e-24
1.906325304174005e-24
1.951226576228214e-24
1.997507786854655e-24
2.0451236561088474e-24
2.094041188648538e-24
2.14423789745695e-24
2.1957002778198457e-24
2.2484225021982137e-24
2.3024053093919584e-24
2.357655061690863e-24
2.4141829476447336e-24
2.4720043095240682e-24
2.5311380777085154e-24
2.5916062962385052e-24
2.653433725949518e-24
2.716647513603462e-24
2.7812769168009924e-24
2.8473530765240503e-24
2.9149088296419718e-24
2.9839785554485914e-24
3.054598050979954e-24
3.1268044305447488e-24
3.2006360459486216e-24
3.2761324237897267e-24
3.3533342178770176e-24
3.4322831736987655e-24
3.513022103624883e-24
3.595594870949923e-24
3.680046381452496e-24
3.766422581518374e-24
3.854770461454831e-24
3.945138063778489e-24
4.03757449512841e-24
4.132129941943291e-24
4.228855688708527e-24
4.327804139020045e-24
4.429028838643989e-24
4.532584500674657e-24
4.638527032264212e-24
4.746913562835856e-24
4.857802473993555e-24
4.971253429992292e-24
5.0873274101385495e-24
5.20608674157253e-24
5.327595133694417e-24
5.4519177126082616e-24
5.579121057440785e-24
5.709273237096861e-24
5.842443847742319e-24
5.978704051420062e-24
6.11812661521271e-24
6.260785951625795e-24
6.406758159564807e-24
6.556121066211807e-24
6.708954269778599e-24
6.865339183208604e-24
7.025359078708992e-24
7.189099133567975e-24
7.35664647606565e-24
7.528090233278718e-24
7.703521579564504e-24
7.883033785916943e-24
8.066722270376053e-24
8.254684649717426e-24
8.447020792433101e-24
8.643832872047277e-24
8.845225422735556e-24
9.051305394959765e-24
9.262182213418725e-24
9.477967835627018e-24
9.698776811414407e-24
9.924726345592794e-24
1.0155936358996192e-23
1.0392529554242396e-23
1.0634631479683475e-23
1.088237059806782e-23
1.1135878353793649e-23
1.1395289243802034e-23
1.1660740889112325e-23
1.1932374107841109e-23
1.2210332990308504e-23
1.2494764976390392e-23
1.2785820933018472e-23
1.3083655234775413e-23
1.3388425846764148e-23
1.3700294407219732e-23
1.4019426314425288e-23
1.4345990814191418e-23
1.4680161090158195e-23
1.5022114355561546e-23
1.5372031946456387e-23
1.573009942008362e-23
1.6096506651338253e-23
1.647144793469999e-23
1.6855122086601457e-23
1.7247732551538823e-23
1.764948750983983e-23
1.8060599988357568e-23
1.8481287972626716e-23
1.8911774523302796e-23
1.935228789421089e-23
1.98030616530813e-23
2.0264334806227824e-23
2.0736351923869328e-23
2.1219363271947728e-23
2.1713624942735536e-23
2.2219398990466038e-23
2.273695357251999e-23
2.326656309094497e-23
2.3808508332654405e-23
2.4363076629226487e-23
2.4930561997794668e-23
2.5511265302620117e-23
2.610549441481975e-23
2.671356437253144e-23
2.733579755064623e-23
2.7972523831407076e-23
2.862408077442214e-23
2.929081380343658e-23
2.997307638243821e-23
3.0671230205722163e-23
3.138564539001881e-23
3.2116700670031573e-23
3.2864783594695297e-23
3.363029074329514e-23
3.441362792104251e-23
3.5215210385267223e-23
3.6035463061424993e-23
3.687482076463583e-23
3.7733728434720976e-23
3.861264136967551e-23
3.951202546707233e-23
4.0432357468574786e-23
4.137412521671225e-23
4.233782790521788e-23
4.3323976351206726e-23
4.433309326220824e-23
4.5365713508949375e-23
4.642238441041012e-23
4.7503666032333244e-23
4.861013146479428e-23
4.974236714170752e-23
5.090097313962872e-23
5.2086563500050444e-23
5.32997665565167e-23
5.454122525655583e-23
5.581159751522853e-23
5.711155654478264e-23
5.844179122994357e-23
5.980300646802224e-23
6.119592356861103e-23
6.26212806053068e-23
6.407983283002341e-23
6.557235304851373e-23
6.709963204861007e-23
6.866247900614031e-23
7.026172189381809e-23
7.189820796883581e-23
7.357280414668291e-23
7.528639752701945e-23
7.703989580789115e-23
7.883422779098556e-23
8.067034386240372e-23
8.254921649339537e-23
8.447184074060678e-23
8.643923479738137e-23
8.845244047341925e-23
9.051252379474778e-23
9.262057555161289e-23
9.477771183575279e-23
9.698507465846321e-23
9.924383254665564e-23
1.0155518113270484e-22
1.0392034379412184e-22
1.0634057228632187e-22
1.0881714740176358e-22
1.1135137962758702e-22
1.1394460983545072e-22
1.1659820997369974e-22
1.193135837811287e-22
1.2209216751971323e-22
1.249354307322106e-22
1.2784487694046234e-22
1.3082204453146788e-22
1.338685074360248e-22
1.369858760233665e-22
1.4017579789226902e-22
1.4343995877030603e-22
1.467800832556453e-22
1.5019793586624155e-22
1.5369532180671412e-22
1.5727408796643967e-22
