6.37797895638591e-23
6.387783969574319e-23
6.397127424059452e-23
6.406029149728747e-23
6.414508038503349e-23
6.422582084496597e-23
6.430268422260644e-23
6.437583363202267e-23
6.444542430246497e-23
6.451160390821943e-23
6.457451288238029e-23
6.46342847152107e-23
6.469104623773613e-23
6.474491789116773e-23
6.479601398273295e-23
6.484444292846349e-23
6.489030748344693e-23
6.493370496005159e-23
6.497472743456603e-23
6.501346194271699e-23
6.504999066446477e-23
6.508439109847921e-23
6.511673622666179e-23
6.514709466906798e-23
6.517553082956475e-23
6.520210503251e-23
6.522687365078455e-23
6.524988922539951e-23
6.527120057698464e-23
6.529085290934574e-23
6.530888790535034e-23
6.532534381532028e-23
6.534025553813068e-23
6.535365469517884e-23
6.536556969738855e-23
6.537602580538225e-23
6.538504518295768e-23
6.539264694396702e-23
6.539884719271894e-23
6.540365905796289e-23
6.540709272054075e-23
6.540915543477009e-23
6.540985154357904e-23
6.540918248744629e-23
6.540714680714889e-23
6.540374014032679e-23
6.539895521185241e-23
6.539278181798116e-23
6.538520680424627e-23
6.537621403704826e-23
6.536578436887236e-23
6.53538955970531e-23
6.534052241600622e-23
6.532563636279703e-23
6.530920575595121e-23
6.529119562734704e-23
6.527156764705411e-23
6.52502800409393e-23
6.522728750086085e-23
6.520254108725658e-23
6.517598812389005e-23
6.514757208453831e-23
6.511723247135833e-23
6.50849046846554e-23
6.505051988377506e-23
6.50140048387874e-23
6.497528177264283e-23
6.493426819344215e-23
6.489087671643167e-23
6.484501487533247e-23
6.479658492256248e-23
6.474548361791272e-23
6.469160200517673e-23
6.463482517623723e-23
6.457503202205747e-23
6.451209497001114e-23
6.444587970694246e-23
6.437624488730801e-23
6.430304182573503e-23
6.422611417326279e-23
6.414529757651819e-23
6.406041931902648e-23
6.397129794379297e-23
6.387774285628342e-23
6.377955390683402e-23
6.367652095150392e-23
6.356842339031092e-23
6.345502968173136e-23
6.333609683227107e-23
6.321136985988136e-23
6.308058122987742e-23
6.294345026196839e-23
6.279968250692139e-23
6.264896909129402e-23
6.249098602857563e-23
6.232539349498093e-23
6.215183506804362e-23
6.196993692603739e-23
6.177930700612885e-23
6.157953411906303e-23
6.137018701801931e-23
6.115081341914988e-23
6.092093897115523e-23
6.068006617108119e-23
6.042767322335197e-23
6.016321283885647e-23
5.988611097071161e-23
5.959576548310337e-23
5.929154474936625e-23
5.897278617521929e-23
5.863879464280892e-23
5.828884087089858e-23
5.792215968625007e-23
5.75379482009006e-23
5.71353638896499e-23
5.671352256172522e-23
5.627149622010428e-23
5.580831080156345e-23
5.532294379000628e-23
5.481432169505698e-23
5.428131738736884e-23
5.372274728141073e-23
5.31373683558399e-23
5.252387500079882e-23
5.188089568067487e-23
5.1206989399957363e-23
5.0500641958888397e-23
4.9760261984547565e-23
4.898417672186921e-23
4.8170627567880036e-23
4.731776533110089e-23
4.642364519661745e-23
4.54862213757869e-23
4.4503341417877696e-23
4.3472740159198445e-23
4.2392033283430256e-23
4.1258710465001447e-23
4.0070128065511346e-23
3.882350135151781e-23
3.7515896200716996e-23
3.614422026299436e-23
3.4705213543773297e-23
3.3195438380656704e-23
3.1611268792843996e-23
2.994887920043178e-23
2.8204232545597645e-23
2.6373067916701882e-23
2.445088791522317e-23
2.243294629549543e-23
2.0314237045907947e-23
1.8089487589589112e-23
1.575316269245884e-23
1.3299497086958146e-23
1.0722614043608214e-23
8.016956967012074e-24
5.179326066617903e-24
2.2282082142887474e-24
1.151047701169359e-24
4.345655217905176e-24
7.811007654101427e-24
1.1467846998166084e-23
1.5319363690848237e-23
1.9374800559560597e-23
2.364526722441685e-23
2.814303226546146e-23
3.2881375878948726e-23
3.7874587689352276e-23
4.313801689652091e-23
4.868814827269427e-23
5.454269552795968e-23
6.072070953111786e-23
6.724270123293824e-23
7.413078027242453e-23
8.140881093597388e-23
8.9102587676338e-23
9.724003290744568e-23
1.0585142033542603e-22
1.1496962770580082e-22
1.2463042357472507e-22
1.3487279358201957e-22
1.4573931275366004e-22
1.572765716378132e-22
1.6953566563951728e-22
1.825727588383346e-22
1.964497359457003e-22
2.1123495900664192e-22
2.2700414913449166e-22
2.438414181966993e-22
2.6184048122385435e-22
2.8110608776224075e-22
3.0175571993167627e-22
3.2392161725880605e-22
3.4775320435408637e-22
3.7342001845881927e-22
4.0111526157772496e-22
4.310601388236445e-22
4.635091942777666e-22
4.98756923214724e-22
5.3714603239514635e-22
5.790778492841091e-22
6.250255629988521e-22
