1.6749268378629777e-23
1.6739682451388188e-23
1.677216304109329e-23
1.6846739352035235e-23
1.696352624450242e-23
1.712272412935655e-23
1.7324619013439547e-23
1.756958269092032e-23
1.7858073080104426e-23
1.819063470089583e-23
1.8567899292699853e-23
1.899058656841773e-23
1.9459505102228895e-23
1.997555335026558e-23
2.0539720798751267e-23
2.1153089238351806e-23
2.181683416241519e-23
2.2532226284060565e-23
2.3300633169670942e-23
2.412352098539135e-23
2.5002456351594215e-23
2.5939108302178105e-23
2.693525034232748e-23
2.799276260167248e-23
2.911363407419883e-23
3.0299964942060303e-23
3.155396897457683e-23
3.2877975992230974e-23
3.4274434397690185e-23
3.574591374791863e-23
3.729510737609924e-23
3.892483504063692e-23
4.0638045596347466e-23
4.2437819669873265e-23
4.4327372331144076e-23
4.631005574711279e-23
4.838936179617449e-23
5.0568924636954e-23
5.28525232054659e-23
5.524408362489544e-23
5.774768151171076e-23
6.036754415438824e-23
6.310805254546673e-23
6.597374323848895e-23
6.896931002349977e-23
7.209960536601875e-23
7.536964162128713e-23
7.878459196769337e-23
8.234979105914211e-23
8.607073534272913e-23
8.995308303515867e-23
9.400265373444893e-23
9.822542761714785e-23
1.0262754423633177e-22
1.0721530083703507e-22
1.119951502402207e-22
1.1697369820903311e-22
1.221577003093535e-22
1.2755405827561985e-22
1.331698157522946e-22
1.3901215363839512e-22
1.4508838469959257e-22
1.5140594777880248e-22
1.579724013605343e-22
1.6479541664060105e-22
1.718827700495993e-22
1.7924233530421821e-22
1.868820749293905e-22
1.9481003138961065e-22
2.0303431780849907e-22
2.1156310831959732e-22
2.2040462816002704e-22
2.2956714350836e-22
2.3905895117713263e-22
2.4888836814909954e-22
2.5906372137751575e-22
2.695933372865927e-22
2.8048553176146797e-22
2.917486002540837e-22
3.033908084910089e-22
3.154203833221344e-22
3.2784550453517653e-22
3.4067429699612614e-22
3.53914824054353e-22
3.675750811772638e-22
3.8166299132758093e-22
3.9618640065245537e-22
4.1115307585626355e-22
4.265707028259443e-22
4.424468857690734e-22
4.587891485534883e-22
4.756049367831256e-22
4.929016217164863e-22
5.106865048785097e-22
5.289668247278503e-22
5.477497638502697e-22
5.670424582673183e-22
5.868520071154038e-22
6.071854845091789e-22
6.280499507536813e-22
6.494524663320755e-22
6.714001057635237e-22
6.938999721800561e-22
7.169592129528027e-22
7.405850344722811e-22
7.647847202463989e-22
7.895656446297742e-22
8.149352913632869e-22
8.409012691345248e-22
8.674713259766314e-22
8.946533670821382e-22
9.224554692766481e-22
9.508858941297216e-22
9.799531028945397e-22
1.009665770291055e-21
1.0400327934692899e-21
1.07106330533961e-21
1.102766683702694e-21
1.1351525578978417e-21
1.1682308183467943e-21
1.2020116213110618e-21
1.2365053918704445e-21
1.2717228284916506e-21
1.3076749047007564e-21
1.3443728657498106e-21
1.381828230094059e-21
1.4200527846211624e-21
1.4590585768866394e-21
1.4988579161587592e-21
1.5394633513809377e-21
1.5808876762429017e-21
1.6231439024213708e-21
1.6662452591521462e-21
1.7102051664770285e-21
1.755037220765231e-21
1.8007551834776518e-21
1.847372942979798e-21
1.8949045006427527e-21
1.9433639587019086e-21
1.9927654532608078e-21
2.0431231735023725e-21
2.0944512870136202e-21
2.146763931956199e-21
2.2000751683057865e-21
2.254398941872087e-21
2.3097490348365446e-21
2.3661390392386574e-21
2.4235822822988413e-21
2.4820918010849322e-21
2.5416802669923573e-21
2.602359951014266e-21
2.664142650326915e-21
2.7270396281809163e-21
2.7910615355314707e-21
2.856218376347086e-21
2.922519379145579e-21
2.9899729849418803e-21
3.058586716028448e-21
3.1283671098848366e-21
3.1993196306435603e-21
3.271448589999082e-21
3.344757001585566e-21
3.419246575735964e-21
3.4949175059401715e-21
3.571768436147412e-21
3.649796376269093e-21
3.728996453362639e-21
3.8093619509318274e-21
3.8908840925698825e-21
3.973552015021312e-21
4.057352484231333e-21
4.142269898008185e-21
4.228286132691798e-21
4.315380463954959e-21
4.403529201468302e-21
4.492705927586496e-21
4.582881005818277e-21
4.6740218008047e-21
4.766092177042998e-21
4.859052605944996e-21
4.952859999944759e-21
5.047467670501389e-21
5.142824982190096e-21
5.2388775915780406e-21
5.335566970134863e-21
5.432830407199687e-21
5.530601501070142e-21
5.628808407244378e-21
5.727377119171228e-21
5.826226152889903e-21
5.925272345524086e-21
6.024426625977719e-21
6.123596622198518e-21
6.222683362655921e-21
6.321584602894751e-21
6.420194953661395e-21
6.5184025479020635e-21
6.6160914934572114e-21
6.713143047244467e-21
6.809432686605285e-21
6.904832089152808e-21
