5.288434984879252e-23
5.296898653249594e-23
5.304874236391184e-23
5.312378657831292e-23
5.31942784062124e-23
5.326036741150542e-23
5.33221938090647e-23
5.337988876234747e-23
5.343357466181092e-23
5.348336538455829e-23
5.35293665359151e-23
5.357167567330484e-23
5.361038251303658e-23
5.364556912033977e-23
5.367731008308224e-23
5.370567266956196e-23
5.373071697063548e-23
5.375249602657072e-23
5.377105593878911e-23
5.378643596680964e-23
5.379866861053716e-23
5.38077796781076e-23
5.38137883393512e-23
5.381670716505565e-23
5.381654215206946e-23
5.38132927342302e-23
5.380695177924262e-23
5.379750557131575e-23
5.378493377969669e-23
5.376920941281739e-23
5.375029875808295e-23
5.372816130705007e-23
5.3702749665833e-23
5.367400945052953e-23
5.364187916737942e-23
5.360629007734187e-23
5.356716604480199e-23
5.352442336997533e-23
5.347797060462337e-23
5.342770835061366e-23
5.33735290407662e-23
5.331531670155018e-23
5.32529466968861e-23
5.318628545247089e-23
5.311519015993154e-23
5.303950845999471e-23
5.295907810383279e-23
5.287372659174267e-23
5.278327078812521e-23
5.2687516511761234e-23
5.2586258100233593e-23
5.247927794726602e-23
5.23663460117364e-23
5.224721929680427e-23
5.2121641297799586e-23
5.198934141704792e-23
5.1850034343954835e-23
5.170341939833248e-23
5.1549179834881745e-23
5.13869821065398e-23
5.1216475084146465e-23
5.1037289229702586e-23
5.0849035720232694e-23
5.0651305518915266e-23
5.04436683898646e-23
5.0225671852527036e-23
4.9996840071233274e-23
4.975667267494549e-23
4.950464350163347e-23
4.9240199261070685e-23
4.896275810902996e-23
4.8671708124940873e-23
4.836640568398943e-23
4.804617371335295e-23
4.771029982076259e-23
4.7358034281697244e-23
4.698858786943538e-23
4.660112950943158e-23
4.619478373640948e-23
4.5768627928534816e-23
4.532168928836013e-23
4.485294153425003e-23
4.436130125869299e-23
4.384562390077857e-23
4.330469926852914e-23
4.2737246532344047e-23
4.2141908592158823e-23
4.151724569719958e-23
4.0861728166364086e-23
4.017372801724588e-23
3.945150925904975e-23
3.8693216534671487e-23
3.789686170376172e-23
3.706030783185303e-23
3.618124987776635e-23
3.525719113222329e-23
3.428541412596619e-23
3.326294425079513e-23
3.2186503654082735e-23
3.105245196956513e-23
2.9856708964764875e-23
2.85946519425106e-23
2.7260977271610235e-23
2.584950995768451e-23
2.435293633227374e-23
2.2762420270896887e-23
2.1067038271440751e-23
1.9252924433890825e-23
1.7301935433384785e-23
1.518949248310647e-23
1.2880960561117322e-23
1.0325365606529545e-23
7.444570968119621e-24
4.1227018821468485e-24
9.851121920267135e-25
5.629900447994042e-24
1.381603570016569e-23
3.0382660739424955e-23
1.0405593996586657e-22
8.409921491552445e-23
2.915234089063566e-23
1.39784910411684e-23
5.631392781912162e-24
1.3664961760804246e-24
5.976240191776728e-24
1.0664505101839466e-23
1.5179371377675956e-23
1.9631963996715443e-23
2.409917447053692e-23
2.863361518327348e-23
3.327333856317457e-23
3.804756877944047e-23
4.2980048407757163e-23
4.80910563582886e-23
5.33986710116702e-23
5.891959017489327e-23
6.466968201059817e-23
7.066436761027487e-23
7.691889533813086e-23
8.34485439573434e-23
9.026877795889237e-23
9.739537028719597e-23
1.0484450254912906e-22
1.126328495468667e-22
1.2077765286494468e-22
1.292967868416133e-22
1.3820881932455222e-22
1.4753306895064606e-22
1.57289660245759e-22
1.6749957754922223e-22
1.7818471849098632e-22
1.8936794765500606e-22
2.0107315087180583e-22
2.133252905825995e-22
2.261504625672203e-22
2.3957595433444473e-22
2.536303054693112e-22
2.6834337008445593e-22
2.8374638169369725e-22
2.998720206089664e-22
3.167544841088285e-22
3.34429559575865e-22
3.5293470073887725e-22
3.7230910725390553e-22
3.9259380776865213e-22
4.1383174674091724e-22
4.360678749815679e-22
4.593492445732132e-22
4.83725107686941e-22
5.092470203724742e-22
5.359689504847681e-22
5.639473909884362e-22
5.932414786038895e-22
6.239131168957961e-22
6.560271063544051e-22
6.89651279511645e-22
7.248566420603593e-22
7.617175215411405e-22
8.003117216425126e-22
8.40720684377175e-22
8.83029659126407e-22
9.273278794812521e-22
9.737087486388652e-22
1.0222700325503497e-21
1.0731140626010158e-21
1.1263479460719454e-21
1.1820837901593574e-21
1.2404389264567961e-21
1.3015361614325478e-21
1.3655040216529924e-21
1.432477019886826e-21
1.5025959332933799e-21
1.576008086599055e-21
1.6528676580921266e-21
1.7333359878214904e-21
1.817581910936988e-21
1.9057821059369103e-21
1.998121431871306e-21
2.0947933342993156e-21
2.1960002066254594e-21
2.3019538088364223e-21
