4.022427526808985e-21
4.130085237200372e-21
4.246354957840582e-21
4.371461350144203e-21
4.505645785709711e-21
4.649166672321485e-21
4.8022997997309496e-21
4.9653387046471714e-21
5.13859505419571e-21
5.3223990470729926e-21
5.5170998315715565e-21
5.723065939587343e-21
5.940685735477505e-21
6.170367878767265e-21
6.412541799527371e-21
6.667658184230599e-21
6.936189473219e-21
7.218630363255132e-21
7.515498319102139e-21
7.827334088539487e-21
8.154702218954683e-21
8.498191574934319e-21
8.858415853040094e-21
9.236014091446669e-21
9.631651171767241e-21
1.0046018310008343e-20
1.0479833533441667e-20
1.0933842139792128e-20
1.1408817135397613e-20
1.190555964846144e-20
1.2424899313103931e-20
1.2967694620865769e-20
1.3534833234075643e-20
1.4127232258074865e-20
1.4745838466247363e-20
1.5391628474413113e-20
1.6065608858820772e-20
1.6768816213684842e-20
1.7502317143050125e-20
1.8267208181551237e-20
1.906461564241592e-20
1.9895695382697332e-20
2.076163248704741e-20
2.1663640863682063e-20
2.2602962747388148e-20
2.358086810885546e-20
2.459865396707631e-20
2.5657643601730775e-20
2.6759185664519835e-20
2.790465318937277e-20
2.9095442502175755e-20
3.033297202948756e-20
3.1618681009014677e-20
3.2954028108654137e-20
3.434048995290723e-20
3.5779559563854657e-20
3.727274473153586e-20
3.8821566308585e-20
4.0427556450513356e-20
4.209225680712108e-20
4.381721667924434e-20
4.5603991153171967e-20
4.7454139229864075e-20
4.9369221962004135e-20
5.135080061992567e-20
5.3400434903489705e-20
5.551968121090748e-20
5.771009099594492e-20
5.997320922486083e-20
6.231057295770434e-20
6.472371006494907e-20
6.721413809939137e-20
6.97833633639056e-20
7.243288014952076e-20
7.516417019345252e-20
7.797870236664036e-20
8.087793258658777e-20
8.386330397578544e-20
8.693624728048972e-20
9.009818153978931e-20
9.335051502567025e-20
9.669464642387376e-20
1.0013196630452611e-19
1.036638588051145e-19
1.0729170359553061e-19
1.1101687805668277e-19
1.1484075967710203e-19
1.187647286558014e-19
1.2279017071330758e-19
1.2691848002867402e-19
1.311510623664966e-19
1.3548933828140033e-19
1.3993474647348152e-19
1.4448874717993174e-19
1.4915282562512876e-19
1.5392849552919116e-19
1.588173025761272e-19
1.638208278847295e-19
1.6894069144168786e-19
1.741785554549419e-19
1.7953612763251856e-19
1.8501516435740735e-19
1.9061747373351686e-19
1.9634491849232885e-19
2.0219941877083298e-19
2.0818295467850068e-19
2.1429756874636796e-19
2.205453681656605e-19
2.269285267903695e-19
2.334492870221467e-19
2.4010996143390817e-19
2.469129342022426e-19
2.5386066232113174e-19
2.6095567662046625e-19
2.6820058258447083e-19
2.755980608200069e-19
2.831508676000803e-19
2.9086183486052317e-19
2.9873387019821616e-19
3.067699565718641e-19
3.149731518348191e-19
3.2334658795998694e-19
3.3189347019059286e-19
3.406170758305625e-19
3.4952075290936917e-19
3.5860791855657487e-19
3.678820572175692e-19
3.7734671855381406e-19
3.87005515200348e-19
3.9686212017996144e-19
4.0692026415447013e-19
4.1718373229662476e-19
4.276563610713744e-19
4.383420344892544e-19
4.492446803115965e-19
4.603682657480399e-19
4.717167929496802e-19
4.832942941334744e-19
4.951048262842085e-19
5.07152465594739e-19
5.1944130146080025e-19
5.319754300159487e-19
5.44758947297934e-19
5.577959419734259e-19
5.710904875203394e-19
5.846466340015849e-19
5.9846839928163215e-19
6.125597596838225e-19
6.269246401588982e-19
6.415669038417656e-19
6.564903409045126e-19
6.716986571574008e-19
6.871954614251992e-19
7.029842528911553e-19
7.190684072633053e-19
7.354511627754071e-19
7.521356050150394e-19
7.6912465128663275e-19
7.864210343812052e-19
8.040272854350021e-19
8.219457163123921e-19
8.401784010142916e-19
8.587271569174492e-19
8.775935246980855e-19
8.967787483245088e-19
9.162837540662782e-19
9.361091289620523e-19
9.562550991681725e-19
9.767215073793823e-19
9.975077903772356e-19
1.0186129559199634e-18
1.0400355598540526e-18
1.0617736827520048e-18
1.083824906994733e-18
1.106186293513057e-18
1.1288543595375768e-18
1.1518250560649297e-18
1.1750937465072457e-18
1.198655185804442e-18
1.22250350065555e-18
1.24663217085156e-18
1.2710340119761787e-18
1.2957011596532078e-18
1.3206250557216327e-18
1.345796436123895e-18
1.3712053212952123e-18
1.3968410087890298e-18
1.4226920687657959e-18
1.4487463419578285e-18
1.4749909411292884e-18
1.5014122555824606e-18
1.527995958951251e-18
1.5547270207105772e-18
1.5815897215452676e-18
1.6085676720771876e-18
1.6356438358047941e-18
1.6628005558196621e-18
1.6900195856067114e-18
1.7172821231859155e-18
1.7445688495706646e-18
1.771859970643023e-18
