2.0833156642446797e-24
2.0793479634151737e-24
2.0757188706085016e-24
2.0723999492484138e-24
2.0693650875179945e-24
2.0665903212532753e-24
2.0640536682673995e-24
2.0617349737074873e-24
2.059615766009337e-24
2.057679122970078e-24
2.0559095474428043e-24
2.0542928521365373e-24
2.052816053005535e-24
2.0514672707168684e-24
2.050235639684431e-24
2.0491112241869835e-24
2.0480849410836563e-24
2.0471484886795554e-24
2.046294281305094e-24
2.0455153891861647e-24
2.0448054832287264e-24
2.044158784337496e-24
2.0435700169280665e-24
2.043034366307801e-24
2.0425474396225108e-24
2.0421052300894252e-24
2.04170408424821e-24
2.0413406719973934e-24
2.041011959179728e-24
2.0407151825158665e-24
2.0404478266914564e-24
2.0402076034191262e-24
2.039992432313009e-24
2.0398004234248498e-24
2.039629861302772e-24
2.03947919044435e-24
2.039347002031453e-24
2.0392320218304764e-24
2.039133099170056e-24
2.0390491968998095e-24
2.0389793822453724e-24
2.0389228184917168e-24
2.0388787574184053e-24
2.0388465324258558e-24
2.0388255522957363e-24
2.038815295531541e-24
2.03881530523053e-24
2.0388251844431364e-24
2.038844591980629e-24
2.038873238634213e-24
2.038910883769683e-24
2.0389573322681024e-24
2.0390124317908517e-24
2.0390760703319726e-24
2.03914817404528e-24
2.0392287053195154e-24
2.0393176610881268e-24
2.039415071347549e-24
2.039520997878552e-24
2.0396355331512354e-24
2.039758799397304e-24
2.0398909478531047e-24
2.0400321581403627e-24
2.0401826377942975e-24
2.0403426219312184e-24
2.040512373022407e-24
2.0406921808099797e-24
2.0408823623191333e-24
2.0410832619873664e-24
2.0412952518924998e-24
2.0415187320846946e-24
2.0417541310177008e-24
2.042001906063785e-24
2.0422625441315368e-24
2.0425365623732208e-24
2.042824508975932e-24
2.043126964043223e-24
2.043444540565584e-24
2.043777885483169e-24
2.0441276808227162e-24
2.0444946449337247e-24
2.044879533822336e-24
2.0452831425530355e-24
2.0457063067490673e-24
2.046149904207899e-24
2.0466148565819575e-24
2.0471021311722054e-24
2.04761274281946e-24
2.0481477558952763e-24
2.048708286408007e-24
2.0492955041990997e-24
2.0499106352686755e-24
2.050554964202602e-24
2.0512298367262004e-24
2.051936662389008e-24
2.0526769173507477e-24
2.05345214732773e-24
2.0542639706649508e-24
2.0551140815165996e-24
2.056004253245681e-24
2.0569363418879424e-24
2.0579122898373333e-24
2.058934129681379e-24
2.060003988144192e-24
2.061124090280946e-24
2.0622967638284218e-24
2.0635244436724657e-24
2.064809676654578e-24
2.066155126387286e-24
2.06756357840114e-24
2.0690379455256763e-24
2.070581273305694e-24
2.072196745875121e-24
2.07388769181835e-24
2.0756575905648497e-24
2.0775100786330188e-24
2.0794489565108124e-24
2.0814781955480814e-24
2.08360194514719e-24
2.0858245401438017e-24
2.088150508871246e-24
2.0905845807631724e-24
2.0931316949483007e-24
2.0957970086596466e-24
2.098585905998957e-24
2.1015040074369652e-24
2.1045571788173622e-24
2.107751541149166e-24
2.111093480735132e-24
2.114589659383676e-24
2.1182470247976238e-24
2.1220728215803534e-24
2.1260746022711066e-24
2.1302602383745916e-24
2.1346379325413565e-24
2.1392162298128174e-24
2.144004029837721e-24
2.1490105996484666e-24
2.1542455849966044e-24
2.159719023838893e-24
2.1654413590685522e-24
2.171423450674417e-24
2.1776765896868867e-24
2.1842125100058364e-24
2.1910434025513582e-24
2.198181927591739e-24
2.205641227955796e-24
2.2134349417196776e-24
2.221577215287298e-24
2.2300827154988438e-24
2.2389666421182085e-24
2.2482447401098e-24
2.257933310747531e-24
2.2680492236920333e-24
2.2786099276707332e-24
2.289633460089168e-24
2.3011384583140383e-24
2.3131441672384606e-24
2.3256704508176968e-24
2.3387377967746462e-24
2.352367327124109e-24
2.3665808031084957e-24
2.3814006320977945e-24
2.3968498721964813e-24
2.41295223997917e-24
2.429732110333484e-24
2.4472145236391103e-24
2.4654251864367084e-24
2.4843904774624936e-24
2.5041374453582948e-24
2.5246938165171362e-24
2.546087990659121e-24
2.5683490488481122e-24
2.591506753468943e-24
2.6155915511484762e-24
2.6406345746375002e-24
2.666667652205014e-24
2.693723309166276e-24
2.7218347755472173e-24
2.7510359972884707e-24
2.7813616462238865e-24
2.8128471342681948e-24
2.845528628787785e-24
2.8794430710089466e-24
2.9146282080196444e-24
2.9511226090015407e-24
2.988965697371831e-24
3.0281978074818643e-24
3.068860195125371e-24
3.1109951129371635e-24
3.1546458567590527e-24
3.1998568168113424e-24
3.2466735648864414e-24
3.2951429226584023e-24
3.345313046949631e-24
3.397233537137112e-24
3.450955535085904e-24
3.5065318434863664e-24
3.5640170608121326e-24
3.623467740926953e-24
3.684942534638666e-24
