8.21981164841256e-24
8.310096847081584e-24
8.395764628965155e-24
8.476995959384665e-24
8.553962433696971e-24
8.626826629072982e-24
8.695742438471555e-24
8.760855387203245e-24
8.822302932512243e-24
8.88021474659222e-24
8.934712983452674e-24
8.985912530044966e-24
9.033921242038196e-24
9.07884016461491e-24
9.120763738635761e-24
9.159779992497197e-24
9.195970719976897e-24
9.229411644337602e-24
9.260172568920434e-24
9.288317514439034e-24
9.313904843140815e-24
9.336987369971482e-24
9.357612460848564e-24
9.375822118095208e-24
9.39165305306285e-24
9.405136745918967e-24
9.41629949253331e-24
9.425162438347826e-24
9.431741599068216e-24
9.436047867959657e-24
9.438087009465319e-24
9.437859638813031e-24
9.435361187204408e-24
9.430581852098282e-24
9.423506532034717e-24
9.414114745344518e-24
9.402380531998454e-24
9.388272337737173e-24
9.371752879510772e-24
9.352778991112678e-24
9.331301447754735e-24
9.307264768155315e-24
9.280606992529213e-24
9.251259434648645e-24
9.219146405918276e-24
9.184184909121066e-24
9.146284299187693e-24
9.10534590799797e-24
9.061262629797639e-24
9.01391846337147e-24
8.963188006569736e-24
8.908935898166491e-24
8.851016201323311e-24
8.789271722094781e-24
8.723533255465435e-24
8.653618750259976e-24
8.579332382978977e-24
8.500463529043192e-24
8.416785618130264e-24
8.32805485811992e-24
8.234008809624938e-24
8.134364790048144e-24
8.028818082491693e-24
7.917039920509301e-24
7.798675214495323e-24
7.673339979232631e-24
7.540618414535348e-24
7.400059581736219e-24
7.251173607560567e-24
7.093427333279452e-24
6.926239310323537e-24
6.748974023067968e-24
6.560935194414685e-24
6.361357999116889e-24
6.149399972434087e-24
5.924130356753197e-24
5.684517575895956e-24
5.4294144672868396e-24
5.157540841725916e-24
4.867462895543363e-24
4.5575690129989065e-24
4.2260416765685124e-24
3.870825833536805e-24
3.489595934286336e-24
3.0797293190881975e-24
2.638310648190746e-24
2.1622522613205884e-24
1.64887694458634e-24
1.098903922026672e-24
5.420062172193889e-25
4.217338103228321e-25
1.0618751348837168e-24
1.8723019289317758e-24
2.7947969956696168e-24
3.839827252229776e-24
5.030974421953389e-24
6.402306072072158e-24
8.001549959175666e-24
9.896686433120226e-24
1.2187596976772955e-23
1.5027165673550818e-23
1.8661876598161887e-23
2.351657863229484e-23
3.039171858459299e-23
4.0996027229367e-23
5.973961748284715e-23
1.0246475928912644e-22
2.9202246720853026e-22
2.9572934051405857e-22
1.0927709065537264e-22
6.678618824745967e-23
4.7999968141645533e-23
3.725439553395401e-23
3.0173842522744055e-23
2.5059620158650645e-23
2.1114773737694738e-23
1.791564471728782e-23
1.5215960023906596e-23
1.2862568559158316e-23
1.075507794829011e-23
8.824911925910913e-24
7.02386512539807e-24
5.317981488357398e-24
3.6860165454764715e-24
2.131047415604343e-24
8.53622494218074e-25
1.3957150994423497e-24
2.857266218644113e-24
4.41291523582109e-24
6.007231449095094e-24
7.636179640150293e-24
9.303049079158697e-24
1.1012752037747698e-23
1.2770575960017394e-23
1.4581848812537972e-23
1.645185387609457e-23
1.8385823736233146e-23
2.038896069134904e-23
2.2466465224873116e-23
2.4623565801024582e-23
2.686554754884483e-23
2.9197779088661515e-23
3.162573743018612e-23
3.415503113116977e-23
3.6791421990177153e-23
3.954084555803136e-23
4.240943073404056e-23
4.5403518684853705e-23
4.8529681294197695e-23
5.1794739324460405e-23
5.520578044718328e-23
5.877017727936035e-23
6.24956055455845e-23
6.639006247236328e-23
7.04618855095897e-23
7.471977146517424e-23
7.917279613149708e-23
8.383043447660639e-23
8.870258146853132e-23
9.379957359759736e-23
9.913221115897065e-23
1.0471178135574287e-22
1.1055008228156695e-22
1.1665944784098866e-22
1.230527736652934e-22
1.2974354408159502e-22
1.3674586019323996e-22
1.4407446913008515e-22
1.5174479452805509e-22
1.5977296829825188e-22
1.6817586374714134e-22
1.7697113011051178e-22
1.8617722856539047e-22
1.9581346978555555e-22
2.059000531078425e-22
2.164581073782344e-22
2.275097335482858e-22
2.3907804909427424e-22
2.511872343331895e-22
2.63862580711613e-22
2.7713054114499284e-22
2.9101878248697347e-22
3.0555624020976194e-22
3.207731753784134e-22
3.3670123400335554e-22
3.5337350885684266e-22
3.708246038404289e-22
3.8909070099172525e-22
4.0820963021935627e-22
4.282209418560939e-22
4.4916598212021905e-22
4.710879715755797e-22
4.940320866802724e-22
5.180455445133847e-22
5.4317769076807725e-22
5.694800910975611e-22
5.970066258982124e-22
6.258135886115378e-22
6.559597876222057e-22
6.875066518260115e-22
7.2051833993497535e-22
