7.1480615800679715e-22
7.158311903278559e-22
7.168054178776583e-22
7.177309083242287e-22
7.186096258485978e-22
7.194434353189254e-22
7.2023410625676895e-22
7.209833165954396e-22
7.216926562496466e-22
7.223636304894934e-22
7.2299766314387955e-22
7.235960996219667e-22
7.241602097728999e-22
7.246911905853433e-22
7.251901687265984e-22
7.256582029385751e-22
7.260962862847947e-22
7.265053482598271e-22
7.268862567642665e-22
7.272398199445967e-22
7.2756678791186865e-22
7.278678543339206e-22
7.281436579057141e-22
7.283947837080093e-22
7.286217644431169e-22
7.288250815742468e-22
7.290051663377146e-22
7.291624006641179e-22
7.292971179830075e-22
7.294096039330681e-22
7.295000969645693e-22
7.2956878884489e-22
7.296158250657625e-22
7.296413051452991e-22
7.296452828411347e-22
7.296277662606298e-22
7.295887178762117e-22
7.295280544408933e-22
7.294456468062839e-22
7.293413196511998e-22
7.292148511015007e-22
7.290659722451485e-22
7.288943665826071e-22
7.286996693145265e-22
7.284814665903184e-22
7.282392946076683e-22
7.279726386246385e-22
7.276809318628087e-22
7.273635542816337e-22
7.270198312650522e-22
7.26649032185812e-22
7.262503688136234e-22
7.258229936638048e-22
7.2536599815335355e-22
7.248784106774278e-22
7.243591945211928e-22
7.238072456340239e-22
7.232213902817244e-22
7.226003825020272e-22
7.2194290147204e-22
7.212475486419229e-22
7.205128447587053e-22
7.197372266758505e-22
7.189190440065139e-22
7.180565555729219e-22
7.171479256753871e-22
7.1619122012078505e-22
7.151844020964171e-22
7.141253277519283e-22
7.130117416094582e-22
7.118412716885472e-22
7.106114243756419e-22
7.093195790769349e-22
7.079629825348572e-22
7.065387428709819e-22
7.050438233446364e-22
7.034750357686533e-22
7.018290336290831e-22
7.001023047566943e-22
6.982911637741609e-22
6.963917440276094e-22
6.943999892434499e-22
6.9231164458224e-22
6.901222474586924e-22
6.878271177353041e-22
6.854213475220977e-22
6.828997904197883e-22
6.802570501636963e-22
6.774874689197688e-22
6.745851146581741e-22
6.715437682148438e-22
6.683569094927386e-22
6.650177030766173e-22
6.615189830600829e-22
6.578532371132354e-22
6.5401258984605855e-22
6.49988785128006e-22
6.457731677665758e-22
6.41356664020216e-22
6.3672976120822595e-22
6.31882486369464e-22
6.268043836611799e-22
6.214844907556103e-22
6.159113138306241e-22
6.1007280148739235e-22
6.0395631712726875e-22
5.97548610010988e-22
5.908357847309295e-22
5.838032691166543e-22
5.764357804338881e-22
5.687172896811315e-22
5.606309843107961e-22
5.521592286500182e-22
5.432835220833032e-22
5.3398445550190225e-22
5.242416647767396e-22
5.140337821397735e-22
5.033383846771356e-22
4.92131939886977e-22
4.803897484629739e-22
4.680858837311681e-22
4.551931276092222e-22
4.416829029760514e-22
4.275252022564134e-22
4.1268851183504066e-22
3.9713973187880724e-22
3.8084409200494386e-22
3.637650612459646e-22
3.4586425343628956e-22
3.2710132629860875e-22
3.074338750494611e-22
2.86817319200168e-22
2.652047830477427e-22
2.4254696883206587e-22
2.187920230674402e-22
1.938853966107871e-22
1.6776970026173648e-22
1.4038456407179548e-22
1.1166652536628781e-22
8.154905785205273e-23
4.9963456781131523e-23
1.685296632182623e-23
1.7981893086490103e-23
5.442432525021367e-23
9.267999384392186e-23
1.3282446743028949e-22
1.7495305981750435e-22
2.1916787488288275e-22
2.655771099051427e-22
3.1429521840187366e-22
3.6544324910303305e-22
4.1914925523471773e-22
4.755487519270637e-22
5.347852150655037e-22
5.970106242704838e-22
6.6238605248900165e-22
7.310823050915474e-22
8.032806153125782e-22
8.791733992037687e-22
9.58965078641535e-22
1.0428729778695505e-21
1.1311283030037924e-21
1.22397721361083e-21
1.321681992088989e-21
1.424522331852358e-21
1.5327967483012596e-21
1.6468241326299171e-21
1.7669454645152515e-21
1.8935257058805477e-21
2.0269558881784792e-21
2.16765543542645e-21
2.3160747323404915e-21
2.472698003398055e-21
2.638046491309536e-21
2.8126820376523775e-21
2.9972110954230775e-21
3.1922891937781694e-21
3.398626017352129e-21
3.616991104483976e-21
3.848220307805962e-21
4.0932231058727944e-21
4.352990962319783e-21
4.628606813071125e-21
4.921255992110547e-21
5.232238700638023e-21
5.5629844510348025e-21
5.915068744221851e-21
6.290232471838666e-21
6.69040437975155e-21
7.117727690903832e-21
7.574590921170743e-21
8.063664870703998e-21
8.587945883946705e-21
9.150808044599761e-21
9.756065475776501e-21
1.0408047488184393e-20
1.1111689957951953e-20
1.1872647137289854e-20
1.2697428680123482e-20
1.3593570547357876e-20
1.456984745879011e-20
