1.703942277039757e-23
1.7039376779814675e-23
1.7039329502575984e-23
1.703928080052818e-23
1.70392305358287e-23
1.7039178570360426e-23
1.7039124765170402e-23
1.7039068979932022e-23
1.703901107242401e-23
1.703895089802578e-23
1.703888830922648e-23
1.7038823155141893e-23
1.7038755281041807e-23
1.703868452788027e-23
1.7038610731830944e-23
1.7038533723822838e-23
1.7038453329074205e-23
1.70383693666259e-23
1.7038281648868458e-23
1.7038189981062682e-23
1.70380941608546e-23
1.703799397777699e-23
1.7037889212742968e-23
1.7037779637523836e-23
1.7037665014218362e-23
1.703754509469429e-23
1.7037419620026393e-23
1.7037288319904432e-23
1.7037150912026136e-23
1.7037007101466448e-23
1.7036856580020954e-23
1.703669902552689e-23
1.703653410115481e-23
1.7036361454670682e-23
1.703618071766941e-23
1.7035991504775114e-23
1.7035793412805683e-23
1.7035586019901903e-23
1.7035368884620126e-23
1.703514154497979e-23
1.7034903517474864e-23
1.7034654296035113e-23
1.703439335094098e-23
1.7034120127700057e-23
1.7033834045846175e-23
1.703353449771742e-23
1.7033220847148588e-23
1.703289242811533e-23
1.7032548543328107e-23
1.703218846273134e-23
1.703181142195493e-23
1.7031416620692902e-23
1.7031003221003186e-23
1.7030570345500788e-23
1.7030117075533756e-23
1.7029642449197145e-23
1.7029145459302672e-23
1.702862505123728e-23
1.702808012071443e-23
1.7027509511446346e-23
1.7026912012669736e-23
1.7026286356584746e-23
1.7025631215651082e-23
1.702494519978349e-23
1.702422685339075e-23
1.7023474652281798e-23
1.702268700043015e-23
1.702186222658553e-23
1.7020998580736122e-23
1.7020094230374963e-23
1.7019147256602552e-23
1.7018155650074212e-23
1.7017117306713778e-23
1.7016030023253772e-23
1.7014891492549346e-23
1.701369929868205e-23
1.7012450911828986e-23
1.7011143682860417e-23
1.7009774837776795e-23
1.700834147173328e-23
1.7006840542934603e-23
1.7005268866095317e-23
1.7003623105786567e-23
1.7001899769225193e-23
1.7000095198918907e-23
1.6998205564846927e-23
1.6996226856359677e-23
1.699415487369475e-23
1.699198521884218e-23
1.698971328648488e-23
1.698733425394702e-23
1.6984843071058227e-23
1.6982234449387595e-23
1.697950285102227e-23
1.6976642476740743e-23
1.697364725363497e-23
1.6970510822230244e-23
1.696722652296115e-23
1.6963787381974e-23
1.6960186096110124e-23
1.6956415017687764e-23
1.6952466137984258e-23
1.694833107017611e-23
1.694400103121899e-23
1.693946682367383e-23
1.693471881592247e-23
1.692974692095336e-23
1.6924540575801373e-23
1.691908871833698e-23
1.6913379763981505e-23
1.6907401580767408e-23
1.6901141463615707e-23
1.6894586106860964e-23
1.6887721576008249e-23
1.6880533277928732e-23
1.687300592983033e-23
1.6865123525834962e-23
1.6856869303583718e-23
1.6848225708031253e-23
1.683917435256677e-23
1.6829695982512878e-23
1.681977043010352e-23
1.6809376574013934e-23
1.6798492293670508e-23
1.6787094419955397e-23
1.677515868606931e-23
1.6762659677114843e-23
1.674957077236428e-23
1.6735864090646002e-23
1.672151042877084e-23
1.6706479198005958e-23
1.6690738359349847e-23
1.6674254352769152e-23
1.6656992025734987e-23
1.6638914556907608e-23
1.661998337457325e-23
1.6600158077092402e-23
1.657939633989888e-23
1.6557653826876667e-23
1.6534884091037348e-23
1.651103847805282e-23
1.6486066013804996e-23
1.64599132958208e-23
1.6432524379557935e-23
1.6403840649509347e-23
1.6373800692987532e-23
1.6342340168921273e-23
1.6309391658022808e-23
1.6274884521850873e-23
1.623874473978766e-23
1.6200894752871787e-23
1.616125327977759e-23
1.611973514892773e-23
1.6076251100848738e-23
1.6030707587463054e-23
1.598300656942157e-23
1.5933045285984443e-23
1.5880716033252836e-23
1.5825905911793056e-23
1.5768496581096456e-23
1.5708363986668385e-23
1.564537806124721e-23
1.5579402453981856e-23
1.5510294199784004e-23
1.543790340475375e-23
1.5362072874455634e-23
1.5282637771555127e-23
1.5199425221718406e-23
1.511225392883278e-23
1.502093371165174e-23
1.4925265084675926e-23
1.4825038785283715e-23
1.472003525335604e-23
1.461002413078057e-23
1.4494763693439276e-23
1.4374000273215334e-23
1.4247467647384957e-23
1.411488638660407e-23
1.3975963156184314e-23
1.38303900215818e-23
1.367784368449741e-23
1.3517984632453517e-23
1.3350456392355663e-23
1.3174884541247737e-23
1.2990875820026558e-23
1.2798017200008887e-23
1.2595874708067017e-23
1.2383992500781419e-23
1.2161891682364093e-23
1.192906912746306e-23
1.1684996278596322e-23
1.1429117874926418e-23
1.116085077665527e-23
1.0879582704035065e-23
1.0584670997142076e-23
1.0275441538736073e-23
9.951187730356274e-24
9.611169975355913e-24
9.254615402189505e-24
8.880718396941368e-24
8.488642344413293e-24
