8.70332280128699e-24
9.016954548737792e-24
9.311823624289188e-24
9.588555386680196e-24
9.847736780911997e-24
1.0089917562977295e-23
1.031561145161733e-23
1.0525297207713417e-23
1.0719419642368571e-23
1.08983905549786e-23
1.1062589602697428e-23
1.1212365102731016e-23
1.1348034768868393e-23
1.1469886383600429e-23
1.157817840709681e-23
1.1673140524218863e-23
1.1754974130641299e-23
1.182385275905053e-23
1.1879922446271246e-23
1.1923302042062397e-23
1.1954083460205408e-23
1.197233187239217e-23
1.1978085845304022e-23
1.1971357421154126e-23
1.1952132141851404e-23
1.1920369016823886e-23
1.1876000434424887e-23
1.1818932016726102e-23
1.174904241738641e-23
1.1666183062165786e-23
1.1570177831539561e-23
1.1460822684749068e-23
1.1337885224511538e-23
1.1201104201496574e-23
1.1050188957568176e-23
1.0884818806682922e-23
1.0704642352237232e-23
1.0509276739569966e-23
1.0298306842257524e-23
1.0071284380796651e-23
9.827726972269085e-24
9.567117109652748e-24
9.28890106961169e-24
8.99248774793479e-24
8.677247422400333e-24
8.342510443891669e-24
7.987565858406048e-24
7.61165996572611e-24
7.213994826053524e-24
6.793726735892238e-24
6.349964713203887e-24
5.881769068525794e-24
5.388150214448014e-24
4.868068032638757e-24
4.320432515494451e-24
3.7441074482324356e-24
3.1379220408482603e-24
2.5007066280912617e-24
1.831419944886733e-24
1.1297921554831584e-24
4.0433294095295137e-25
4.178071041089951e-25
1.2194364848571211e-24
2.073208065433615e-24
2.971097714497145e-24
3.913873929809764e-24
4.90323415192557e-24
5.941169316548043e-24
7.029839283905949e-24
8.171539529823498e-24
9.368692136228175e-24
1.0623845073794398e-23
1.1939674901543963e-23
1.331899113427509e-23
1.4764741573027333e-23
1.6280018290889534e-23
1.7868064133629098e-23
1.9532279671147445e-23
2.1276230573471233e-23
2.310365540484982e-23
2.5018473840755002e-23
2.702479531939178e-23
2.9126928143828874e-23
3.1329389054106214e-23
3.3636913291235746e-23
3.6054465177216754e-23
3.8587249237200367e-23
4.124072189189147e-23
4.4020603750215316e-23
4.693289253428306e-23
4.998387667074923e-23
5.318014958484319e-23
5.652862473565473e-23
6.003655143370881e-23
6.371153148445739e-23
6.756153670413695e-23
7.159492735738436e-23
7.58204715692447e-23
8.024736576761119e-23
8.48852562158436e-23
8.974426169928767e-23
9.483499743367223e-23
1.0016860026799105e-22
1.0575675525943864e-22
1.1161172370332664e-22
1.17746372706714e-22
1.2417420640072995e-22
1.3090939889339454e-22
1.3796682907202222e-22
1.4536211737232784e-22
1.53111664639925e-22
1.6123269321936614e-22
1.6974329041598777e-22
1.7866245448700342e-22
1.8801014333030992e-22
1.978073260526547e-22
2.0807603761320497e-22
2.1883943675422347e-22
2.3012186744768907e-22
2.4194892410547175e-22
2.543475208212663e-22
2.6734596493486566e-22
2.809740352342448e-22
2.9526306513792557e-22
3.102460312299991e-22
3.259576475530166e-22
3.4243446610018176e-22
3.5971498398811094e-22
3.7783975783569137e-22
3.9685152592307866e-22
4.1679533875903972e-22
4.377186987445358e-22
4.596717096866609e-22
4.827072369909143e-22
5.068810794416506e-22
5.322521535714978e-22
5.588826917227876e-22
5.868384550171011e-22
6.161889625761722e-22
6.470077384795459e-22
6.793725781036753e-22
7.133658356658189e-22
7.49074734997513e-22
7.865917057985236e-22
8.26014747877738e-22
8.67447826175919e-22
9.110012996912417e-22
9.567923877993763e-22
1.0049456778782004e-21
1.055593678626903e-21
1.1088774240114543e-21
1.1649471333907969e-21
1.2239629340880325e-21
1.2860956534857871e-21
1.3515276886587505e-21
1.4204539626331948e-21
1.4930829776046862e-21
1.5696379768778277e-21
1.6503582289558535e-21
1.7355004491352183e-21
1.825340376209237e-21
1.9201745245060326e-21
2.0203221345536385e-21
2.1261273492659996e-21
2.2379616467829873e-21
2.3562265660905008e-21
2.4813567674704866e-21
2.6138234768566103e-21
2.7541383715358102e-21
2.9028579746383356e-21
3.0605886378683597e-21
3.2279922063419975e-21
3.405792476859299e-21
3.594782582084713e-21
3.795833458861189e-21
4.0099035903819134e-21
4.238050250607711e-21
4.481442527028603e-21
4.741376456979886e-21
5.019292686360385e-21
5.316797151739963e-21
5.6356854028242996e-21
5.977971328946659e-21
6.345921239947996e-21
6.74209449074245e-21
7.169392146610206e-21
7.631115585070241e-21
8.131037450467975e-21
8.673488060809238e-21
9.26346127008907e-21
9.906744993097247e-21
1.0610083214329162e-20
1.1381378483682462e-20
1.2229946868159523e-20
1.3166841389005527e-20
1.420526556135516e-20
1.5361106372803534e-20
1.6653626715698064e-20
1.8106372011442926e-20
1.974836584216426e-20
2.161569607329737e-20
