6.041457721092028e-22
6.043736460224627e-22
6.045883043257193e-22
6.0479020262182275e-22
6.049797694208701e-22
6.051574070512763e-22
6.053234925151864e-22
6.054783782898776e-22
6.056223930770223e-22
6.0575584250133345e-22
6.058790097601333e-22
6.05992156225134e-22
6.06095521997891e-22
6.0618932641993445e-22
6.062737685387725e-22
6.063490275307722e-22
6.064152630817089e-22
6.064726157259698e-22
6.065212071449351e-22
6.0656114042535525e-22
6.065925002781351e-22
6.066153532181397e-22
6.066297477051749e-22
6.066357142466801e-22
6.066332654622664e-22
6.066223961101002e-22
6.066030830754635e-22
6.065752853211453e-22
6.065389437998469e-22
6.064939813281713e-22
6.064403024220967e-22
6.063777930934886e-22
6.063063206072224e-22
6.062257331983969e-22
6.061358597490567e-22
6.060365094236766e-22
6.059274712626855e-22
6.058085137330424e-22
6.056793842350566e-22
6.055398085642412e-22
6.053894903270853e-22
6.052281103095545e-22
6.050553257968601e-22
6.04870769843007e-22
6.046740504887346e-22
6.044647499258983e-22
6.042424236066497e-22
6.040065992954718e-22
6.037567760619433e-22
6.034924232121305e-22
6.032129791562556e-22
6.029178502100973e-22
6.026064093277598e-22
6.02277994762714e-22
6.019319086545228e-22
6.015674155379295e-22
6.011837407712063e-22
6.007800688802359e-22
6.003555418147693e-22
5.999092571130051e-22
5.994402659704937e-22
5.989475712090612e-22
5.984301251414004e-22
5.978868273264904e-22
5.973165222110573e-22
5.967179966516502e-22
5.960899773120707e-22
5.954311279302658e-22
5.947400464485579e-22
5.940152620010052e-22
5.932552317509399e-22
5.924583375718441e-22
5.916228825639423e-22
5.907470873987797e-22
5.898290864835124e-22
5.8886692393627645e-22
5.878585493635334e-22
5.868018134296687e-22
5.856944632090169e-22
5.845341373093826e-22
5.8331836075609355e-22
5.82044539624729e-22
5.807099554101362e-22
5.793117591186924e-22
5.778469650700526e-22
5.763124443939006e-22
5.747049182064609e-22
5.730209504506976e-22
5.712569403831444e-22
5.694091146896684e-22
5.674735192111277e-22
5.654460102591699e-22
5.633222455010876e-22
5.610976743916573e-22
5.5876752812846875e-22
5.563268091061314e-22
5.537702798431415e-22
5.510924513539724e-22
5.482875709369767e-22
5.453496093474723e-22
5.422722473231757e-22
5.390488614274896e-22
5.356725091740183e-22
5.321359133934931e-22
5.284314458019901e-22
5.245511097268567e-22
5.204865219439989e-22
5.162288935775289e-22
5.117690100094863e-22
5.070972097442545e-22
5.022033621687555e-22
4.970768441456604e-22
4.917065153729007e-22
4.860806924384534e-22
4.80187121494501e-22
4.740129494703974e-22
4.675446937379948e-22
4.60768210137479e-22
4.53668659265321e-22
4.462304709191123e-22
4.384373065868672e-22
4.302720198602879e-22
4.2171661464291647e-22
4.1275220101473816e-22
4.033589486047331e-22
3.935160373118088e-22
3.8320160520282544e-22
3.7239269340316915e-22
3.610651877816513e-22
3.491937572159757e-22
3.367517882086935e-22
3.237113156054654e-22
3.100429491484181e-22
2.957157955765073e-22
2.806973759632605e-22
2.6495353795991636e-22
2.484483625905453e-22
2.3114406522836643e-22
2.1300089037598595e-22
1.939769998943464e-22
1.7402835441943286e-22
1.5310858799671425e-22
1.3116887683978821e-22
1.081578060057303e-22
8.402124907247725e-23
5.870233474863914e-23
3.2142094566201555e-23
4.313111773183999e-24
2.4985666421006344e-23
5.566940595482997e-23
8.787565059316271e-23
1.2168094877695996e-22
1.5716834355913793e-22
1.9442594914514542e-22
2.335470536588832e-22
2.746304100928945e-22
3.177805889473855e-22
3.6310837103266507e-22
4.1073117708404707e-22
4.607735354901763e-22
5.133675911259552e-22
5.68653659190231e-22
6.26780828647781e-22
6.87907620547761e-22
7.522027072082696e-22
8.198456990559957e-22
8.910280068170246e-22
9.659537877950442e-22
1.04484098616854e-21
1.1279224786227716e-21
1.2154473382342907e-21
1.3076822313899539e-21
1.4049129646932797e-21
1.5074462013504854e-21
1.6156113695040885e-21
1.729762788479644e-21
1.850282043037297e-21
1.9775806405979036e-21
2.1121029922047917e-21
2.254329764875778e-21
2.4047816612382074e-21
2.5640236922178047e-21
2.732670020445359e-21
2.9113894664142555e-21
3.10091178686429e-21
3.3020348561179607e-21
3.515632907119716e-21
3.742666020926627e-21
3.9841910929628925e-21
4.241374553493668e-21
4.515507181169994e-21
4.808021425627999e-21
5.12051175260151e-21
5.4547586489900315e-21
5.812757084051916e-21
6.1967504275643805e-21
6.609271091644029e-21
7.05318951101809e-21
7.531773536129828e-21
8.04876092570848e-21
8.608448448873255e-21
