3.2548998173540934e-12
3.164651444782577e-12
3.038523720486695e-12
2.9168787728318054e-12
2.799576103425266e-12
2.6618498642764608e-12
2.565712137417834e-12
2.462104387488408e-12
2.371071880626917e-12
2.255722269593293e-12
2.170763822865886e-12
2.080770573816466e-12
1.9942629354030225e-12
1.910180415866578e-12
1.8267973502788123e-12
1.7535284077593572e-12
1.673960534561752e-12
1.6083436337125246e-12
1.5394746120631842e-12
1.4774444732099421e-12
1.4070592615064994e-12
1.3488673246448505e-12
1.2947165483131047e-12
1.2353824907504149e-12
1.1843316649059481e-12
1.1292886170310754e-12
1.083400738887243e-12
1.0330771820470516e-12
9.91413302669341e-13
9.4795437316889e-13
9.049783941004201e-13
8.643934850759343e-13
8.259456080876963e-13
7.901561337738063e-13
7.556263986249119e-13
7.21255161208495e-13
6.903803584121756e-13
6.595049523719653e-13
6.294094253567323e-13
6.026206201287148e-13
5.751407601570631e-13
5.488924488036897e-13
5.248443039404143e-13
5.012498252647977e-13
4.783539952910597e-13
4.571511371622942e-13
4.3655717763697873e-13
4.168602288238298e-13
3.980037918189313e-13
3.7974040680919907e-13
3.629608373083266e-13
3.460447300657851e-13
3.3068444616187237e-13
3.1544134218296937e-13
3.0101902783626e-13
2.871037215175099e-13
2.7404505401278315e-13
2.616044775169331e-13
2.494582936588897e-13
2.3798165366795063e-13
2.2695813281683778e-13
2.16443618125173e-13
2.064604240014424e-13
1.9681900271357674e-13
1.8769975925562397e-13
1.7896817194317255e-13
1.7055932868257734e-13
1.625720436317262e-13
1.5488680817101263e-13
1.4765785561286057e-13
1.4064147601733783e-13
1.3395438600862227e-13
1.2758803011206942e-13
1.2152726074142598e-13
1.1571540243646888e-13
1.1014167076850274e-13
1.0487760205111119e-13
9.978992511066959e-14
9.495051009448641e-14
9.03379093951804e-14
8.590513153010488e-14
8.168520729811267e-14
7.76429081626769e-14
7.379352096725505e-14
7.012524148142394e-14
6.66195559249267e-14
6.324826722882917e-14
6.005043792668403e-14
5.699012751966805e-14
5.406604320898033e-14
5.127064010086953e-14
4.860819579707267e-14
4.606168674894419e-14
4.3628008009220924e-14
4.1304504326453477e-14
3.909164868314215e-14
3.696894368632617e-14
3.4948508065291905e-14
3.301653553853489e-14
3.117348058057677e-14
2.94128115427724e-14
2.77328148777359e-14
2.6127752302127794e-14
2.45954578797209e-14
2.313261571598446e-14
2.1736969885703203e-14
2.0403726744091627e-14
1.9131598149375532e-14
1.7918192429562198e-14
1.6759432356992718e-14
1.5654093822539277e-14
1.4599383321940402e-14
1.3592505113790431e-14
1.2632778457102213e-14
1.1716516860707552e-14
1.0842956416940485e-14
1.0010243315013675e-14
9.215529793271825e-15
8.45828273842797e-15
7.73669031478795e-15
7.048923370238948e-15
6.393578458411414e-15
5.769223274296797e-15
5.174696326273312e-15
4.608858815582103e-15
4.070334270619355e-15
3.557908712356352e-15
3.070772397339904e-15
2.6078651932950136e-15
2.168118163236184e-15
1.7508555496231846e-15
1.3553865924289033e-15
9.813971257367346e-16
6.297970098765052e-16
3.0839590415708545e-16
1.4259941523466292e-16
3.714076164509667e-16
6.457897094236648e-16
9.109702658721122e-16
1.1625370149786425e-15
1.3998583029540874e-15
1.62298704141251e-15
1.8322708981225693e-15
2.0280117600125792e-15
2.2105887853174823e-15
2.3803467252480982e-15
2.5376294764499937e-15
2.682779331300021e-15
2.8160578519535015e-15
2.9377605664213255e-15
3.0481316703555106e-15
3.1473967205894156e-15
3.235800714283787e-15
3.3134775072106316e-15
3.3806004870109075e-15
3.4373527271414016e-15
3.4837847414801365e-15
3.5200624623793735e-15
3.546217474193591e-15
3.562340952447521e-15
3.568386962002022e-15
3.56446366970203e-15
3.5505161598275012e-15
3.5265185919394877e-15
3.492402067769587e-15
3.4481399999822728e-15
3.3936010105821237e-15
3.3286524233426266e-15
3.253203289175349e-15
3.1670768192179836e-15
3.0700514442592584e-15
2.961957236401333e-15
2.842600883387395e-15
2.7116653528390814e-15
2.568899515991972e-15
2.414013943823436e-15
2.2467071218784138e-15
2.0665995496746534e-15
1.8733630900051264e-15
1.666623788632828e-15
1.446010405461549e-15
1.2112189395785861e-15
9.620905759428607e-16
6.990193344980757e-16
4.2499577100008194e-16
1.7015486605567062e-16
2.531943178271531e-16
5.657095865348178e-16
9.13497704631999e-16
1.2843093421540359e-15
1.6767756977767762e-15
2.091110232981794e-15
2.5279019388097505e-15
2.98804466898177e-15
3.4723736719311968e-15
3.98193971191856e-15
4.517837555775159e-15
5.081154112252495e-15
5.673199798365315e-15
6.295144315692448e-15
6.9484085210500645e-15
