2.2469125106821e-24
2.1991842694957355e-24
2.155568570988269e-24
2.115950061025822e-24
2.0802213353513367e-24
2.0482828171527553e-24
2.020042652587289e-24
1.9954166196674304e-24
1.974328045558827e-24
1.9567077271620676e-24
1.9424938498269198e-24
1.9316318992766048e-24
1.924074562162022e-24
1.919781611399101e-24
1.918719773018851e-24
1.9208625723286397e-24
1.9261901580215562e-24
1.934689103941519e-24
1.946352189130636e-24
1.9611781576569893e-24
1.979171460579535e-24
2.0003419828710555e-24
2.024704758663472e-24
2.0522796784063274e-24
2.0830911915311458e-24
2.117168008218866e-24
2.1545428035069908e-24
2.1952519267245245e-24
2.2393351187158855e-24
2.2868352388572494e-24
2.3377980034494776e-24
2.3922717364307046e-24
2.4503071330301664e-24
2.5119570366611383e-24
2.5772762287561896e-24
2.646321231390794e-24
2.7191501220639026e-24
2.7958223600842422e-24
2.8763986238988233e-24
2.9609406588052413e-24
3.0495111344504373e-24
3.142173511758845e-24
3.2389919189712302e-24
3.34003103662154e-24
3.445355991400695e-24
3.555032259226137e-24
3.669125577364667e-24
3.7877018665530046e-24
3.910827162855e-24
4.038567560529986e-24
4.170989165615466e-24
4.308158061802176e-24
4.4501402880954126e-24
4.597001829527769e-24
4.748808621057923e-24
4.905626565216225e-24
5.0675215638227826e-24
5.234559563465687e-24
5.406806615394212e-24
5.584328949935833e-24
5.7671930642796506e-24
5.955465824240026e-24
6.149214579174963e-24
6.348507289889127e-24
6.5534126673276796e-24
6.764000324156475e-24
6.980340934510137e-24
7.202506405199117e-24
7.430570052840876e-24
7.664606789741212e-24
7.904693314946382e-24
8.150908310278006e-24
8.40333263944773e-24
8.662049550480103e-24
8.92714487857079e-24
9.198707250339823e-24
9.476828285683609e-24
9.761602799174377e-24
1.0053128999074399e-23
1.0351508681531909e-23
1.0656847422564797e-23
1.0969254763990886e-23
1.1288844394658573e-23
1.1615734326887112e-23
1.1950047066418643e-23
1.2291909776006254e-23
1.2641454433905358e-23
1.299881798605358e-23
1.3364142491528013e-23
1.3737575261868214e-23
1.411926899713111e-23
1.4509381913338892e-23
1.4908077867042237e-23
1.5315526474562583e-23
1.5731903225270384e-23
1.615738959562654e-23
1.6592173151424798e-23
1.7036447657745442e-23
1.7490413178028496e-23
1.7954276173385924e-23
1.842824960336538e-23
1.8912553021306515e-23
1.9407412670140953e-23
1.9913061580912993e-23
2.0429739671697974e-23
2.095769383804954e-23
2.149717806095393e-23
2.204845349625954e-23
2.26117885870784e-23
2.3187459161215183e-23
2.3775748538957052e-23
2.4376947646975672e-23
2.4991355123163502e-23
2.5619277435971986e-23
2.6261029010392147e-23
2.6916932338532117e-23
2.7587318113450615e-23
2.8272525360503835e-23
2.897290157695045e-23
2.968880285451658e-23
3.0420594040691585e-23
3.116864888483184e-23
3.1933350185642213e-23
3.271508994504475e-23
3.3514269547323043e-23
3.433129991170828e-23
3.5166601664858237e-23
3.602060532997715e-23
3.6893751501111254e-23
3.778649101146903e-23
3.8699285182579316e-23
3.963260593934137e-23
4.058693608083777e-23
4.156276944712323e-23
4.2560611164407356e-23
4.3580977794930035e-23
4.4624397655392204e-23
4.569141093865527e-23
4.67825700171887e-23
4.789843965531979e-23
4.9039597217066625e-23
5.020663295296302e-23
5.140015021406298e-23
5.2620765738244235e-23
5.386910983207049e-23
5.514582670775095e-23
5.645157469571182e-23
5.778702653085188e-23
5.915286958754925e-23
6.054980618332371e-23
6.197855382103629e-23
6.343984548593572e-23
6.493442990342256e-23
6.64630717953698e-23
6.802655222278917e-23
6.962566875797339e-23
7.126123586399843e-23
7.293408513373877e-23
7.464506549079342e-23
7.639504360234347e-23
7.818490402881923e-23
8.001554956291959e-23
8.188790142707879e-23
8.380289960172122e-23
8.576150302889896e-23
8.776468990786485e-23
8.981345783488028e-23
9.190882417778641e-23
9.405182615614778e-23
9.624352111054e-23
9.848498664708791e-23
1.0077732103546457e-22
1.0312164302670592e-22
1.0551909226199353e-22
1.0797082929509742e-22
1.104780357491357e-22
1.130419142528097e-22
1.1566368884746197e-22
1.1834460456370055e-22
1.2108592770733508e-22
1.2388894590836727e-22
1.267549676123582e-22
1.2968532245235447e-22
1.3268136085325634e-22
1.3574445386286343e-22
1.3887599296286448e-22
1.4207738959789378e-22
1.453500748788019e-22
1.4869549946463187e-22
1.5211513242953066e-22
1.5561046109937399e-22
1.5918299068542197e-22
1.6283424280992134e-22
1.6656575510139002e-22
1.7037908039354175e-22
1.7427578515815668e-22
1.782574491324514e-22
1.8232566319225074e-22
1.864820285064235e-22
1.9072815521414876e-22
1.9506565932863244e-22
