4.371164509754274e-24
4.3782260189233645e-24
4.384966396170951e-24
4.3913972181962564e-24
4.39752965975533e-24
4.403374492908833e-24
4.408942087839246e-24
4.4142424149886564e-24
4.419285048300468e-24
4.4240791693712005e-24
4.428633572341719e-24
4.432956669385676e-24
4.437056496654609e-24
4.4409407205734035e-24
4.444616644381564e-24
4.448091214832108e-24
4.45137102896961e-24
4.454462340925127e-24
4.4573710686563605e-24
4.460102800595124e-24
4.462662802146093e-24
4.465056022001031e-24
4.4672870982340016e-24
4.469360364141291e-24
4.471279853808018e-24
4.473049307371296e-24
4.4746721759594465e-24
4.4761516262906856e-24
4.477490544913605e-24
4.478691542077658e-24
4.479756955212411e-24
4.480688852016669e-24
4.481489033132812e-24
4.4821590344020974e-24
4.482700128693776e-24
4.483113327293332e-24
4.4833993808463544e-24
4.483558779839873e-24
4.483591754619743e-24
4.483498274937698e-24
4.4832780490083684e-24
4.482930522068883e-24
4.482454874440223e-24
4.481850019069627e-24
4.481114598535555e-24
4.480246981535199e-24
4.47924525878699e-24
4.478107238396016e-24
4.476830440604742e-24
4.4754120919761395e-24
4.4738491189373174e-24
4.47213814069157e-24
4.470275461485316e-24
4.468257062178133e-24
4.466078591138386e-24
4.463735354376616e-24
4.461222304970729e-24
4.458534031680543e-24
4.455664746757014e-24
4.4526082729213546e-24
4.449358029464853e-24
4.445907017389384e-24
4.4422478036995124e-24
4.438372504585385e-24
4.434272767620641e-24
4.429939752881867e-24
4.4253641129051144e-24
4.42053597145379e-24
4.41544490102905e-24
4.410079899089139e-24
4.404429362889017e-24
4.398481062787802e-24
4.3922221141570835e-24
4.385638947581754e-24
4.3787172774150875e-24
4.371442068511411e-24
4.363797501105843e-24
4.355766933641075e-24
4.3473328635968796e-24
4.338476885968993e-24
4.329179649406281e-24
4.3194208099167354e-24
4.3091789819009504e-24
4.298431686245493e-24
4.287155295625254e-24
4.275324976415478e-24
4.262914627461852e-24
4.249896814973841e-24
4.2362427038349415e-24
4.221921984671152e-24
4.2069027966203835e-24
4.191151645474157e-24
4.174633316773437e-24
4.157310783797864e-24
4.139145109520235e-24
4.1200953432023604e-24
4.1001184096474985e-24
4.079168992455388e-24
4.057199409314781e-24
4.0341594798370594e-24
4.009996385115062e-24
3.98465451830866e-24
3.958075326144931e-24
3.930197140895417e-24
3.900955001890421e-24
3.870280467368452e-24
3.838101414980696e-24
3.804341832941917e-24
3.768921600903404e-24
3.731756261830149e-24
3.692756787733533e-24
3.651829340407318e-24
3.608875033775686e-24
3.563789702828241e-24
3.516463690245442e-24
3.4667816660608764e-24
3.414622499753037e-24
3.359859218246588e-24
3.3023590954498836e-24
3.2419839354842073e-24
3.1785906523116117e-24
3.112032281252357e-24
3.0421596350625555e-24
2.968823914636536e-24
2.891880739906174e-24
2.8111963095560694e-24
2.726656770639538e-24
2.6381824757913863e-24
2.5457497430270425e-24
2.449424273128639e-24
2.349412826434078e-24
2.246143786780814e-24
2.1403936223823094e-24
2.0334861712594177e-24
1.9276056471960527e-24
1.826279610396698e-24
1.7350903946581878e-24
1.6626177183482486e-24
1.6214096952258502e-24
1.6283687084569093e-24
1.703687542576763e-24
1.868455051398132e-24
2.1433950470559807e-24
2.551962269460227e-24
3.128879998451071e-24
3.934787880830836e-24
5.082537686808793e-24
6.790971439960832e-24
9.490171046555166e-24
1.3825893600908023e-23
1.8484132673358922e-23
1.6852707538470617e-23
1.2203772033367295e-23
8.940266616042502e-24
6.872359465443529e-24
5.4913987306906544e-24
4.518475797166392e-24
3.813237075198362e-24
3.3058568993826052e-24
2.9631163425035895e-24
2.7693571910636186e-24
2.7133441182591024e-24
2.7802180673661172e-24
2.9502988625909414e-24
3.2028074528705175e-24
3.519774224236459e-24
3.887651776003172e-24
4.2970813839704324e-24
4.74196574530483e-24
5.218530591421979e-24
5.724595770981597e-24
6.259064983417717e-24
6.821584237511043e-24
7.412317037667597e-24
8.031797201294849e-24
8.680832127808203e-24
9.360439196357439e-24
1.007180375797103e-23
1.0816251419485693e-23
1.1595230101628639e-23
1.2410298504739606e-23
1.326311920043747e-23
1.415545488915964e-23
1.5089166873139614e-23
1.6066215333991266e-23
1.708866066327698e-23
1.8158666006567866e-23
1.9278500274423252e-23
2.0450542000094622e-23
2.1677283697961048e-23
2.2961336459444728e-23
2.4305435357140736e-23
2.5712444923920696e-23
2.718536511088166e-23
2.872733749558348e-23
3.0341652320129176e-23
3.203175514936162e-23
3.380125462971194e-23
3.565393014851613e-23
3.759374022639842e-23
3.9624831053065127e-23
