3.477955049079532e-24
3.325566159134981e-24
3.1729450707071057e-24
3.0198394631495184e-24
2.8660085486636053e-24
2.711225959885356e-24
2.5552840069233937e-24
2.3979999942652217e-24
2.2392257234395248e-24
2.078862055218947e-24
1.916881769387606e-24
1.753366500978041e-24
1.5885684748702617e-24
1.423017753070652e-24
1.2577166709113828e-24
1.0945082292702532e-24
9.368008295809853e-25
7.910052805523305e-25
6.691230858138761e-25
5.914692418296024e-25
5.820827536063621e-25
6.497587664731598e-25
7.798640331739526e-25
9.517700662430896e-25
1.1511274915248061e-24
1.3698987497635658e-24
1.6037845137378904e-24
1.8504725804017593e-24
2.1087120750795865e-24
2.377840829253174e-24
2.6575381863242562e-24
2.947690317428079e-24
3.2483135728584176e-24
3.5595090034456274e-24
3.881434321872924e-24
4.214285988999899e-24
4.558287396885135e-24
4.913680835815414e-24
5.280721881239009e-24
5.659675365140014e-24
6.050812419140304e-24
6.454408253692442e-24
6.870740457978467e-24
7.30008767806782e-24
7.742728578590287e-24
8.198941014731335e-24
8.669001382379373e-24
9.153184105194267e-24
9.651761230240172e-24
1.0165002140135093e-23
1.069317335114671e-23
1.1236538384199041e-23
1.1795357735670089e-23
1.2369888896734288e-23
1.2960386464230476e-23
1.356710231010703e-23
1.4190285809709358e-23
1.4830184146332858e-23
1.548704266424982e-23
1.616110528529489e-23
1.6852614975683855e-23
1.7561814265123635e-23
1.8288945812426126e-23
1.9034253017850767e-23
1.9797980663257966e-23
2.0580375609448544e-23
2.138168749428203e-23
2.2202169476785036e-23
2.304207900358531e-23
2.3901678581110582e-23
2.4781236552882858e-23
2.568102791404123e-23
2.6601335080700706e-23
2.7542448715470244e-23
2.850466849528015e-23
2.948830389561439e-23
3.0493674962067984e-23
3.152111305504714e-23
3.257096158313757e-23
3.3643576739418687e-23
3.473932813973569e-23
3.5858599527423647e-23
3.700178942608483e-23
3.8169311706809305e-23
3.9361596212065747e-23
4.057908933023996e-23
4.182225450212294e-23
4.3091572728286976e-23
4.438754310675375e-23
4.571068324897401e-23
4.706152974191063e-23
4.844063858240314e-23
4.984858555014903e-23
5.128596665711626e-23
5.275339842981866e-23
5.42515183620026e-23
5.578098519378791e-23
5.734247928342183e-23
5.893670294302861e-23
6.05643807403865e-23
6.222625984363636e-23
6.392311031142068e-23
6.565572548816955e-23
6.742492218877122e-23
6.923154119421385e-23
7.107644743634324e-23
7.296053040062221e-23
7.488470447738036e-23
7.684990925060786e-23
7.885710998441415e-23
8.090729784956916e-23
8.300149038706262e-23
8.514073190117696e-23
8.732609390031611e-23
8.955867543479711e-23
9.183960361365573e-23
9.417003406015891e-23
9.655115136853228e-23
9.898416957130706e-23
1.014703327062647e-22
1.040109153494672e-22
1.066072230750832e-22
1.092605931268346e-22
1.1197239495279375e-22
1.147440307454219e-22
1.1757693630220574e-22
1.2047258142077095e-22
1.234324706359058e-22
1.264581440538878e-22
1.2955117785563887e-22
1.3271318517364282e-22
1.359458167486282e-22
1.3925076182558663e-22
1.4262974891929927e-22
1.4608454657042311e-22
1.4961696417354258e-22
1.5322885295981618e-22
1.5692210694462334e-22
1.6069866351395073e-22
1.6456050485830017e-22
1.6850965831715659e-22
1.7254819809722708e-22
1.7667824572290153e-22
1.809019710179405e-22
1.8522159407795484e-22
1.8963938493185788e-22
1.9415766596320213e-22
1.9877881216827193e-22
2.0350525283077972e-22
2.08339472439519e-22
2.1328401213560714e-22
2.1834147049191056e-22
2.2351450560598187e-22
2.288058355032643e-22
2.342182400241436e-22
2.3975456222522455e-22
2.454177085838875e-22
2.512106528175469e-22
2.5713643481373724e-22
2.6319816347135637e-22
2.6939901775029573e-22
2.757422484409665e-22
2.8223117947871705e-22
2.88869209605329e-22
2.956598135310098e-22
3.026065453229134e-22
3.097130365824512e-22
3.16983001995337e-22
3.2442023866901345e-22
3.320286282356097e-22
3.3981213918322765e-22
3.477748280998436e-22
3.559208418656718e-22
3.6425441893350804e-22
3.727798913223192e-22
3.8150168741769284e-22
3.904243325144247e-22
3.995524511136382e-22
4.088907690676432e-22
4.184441159466783e-22
4.282174247000135e-22
4.382157386009616e-22
4.484442057104962e-22
4.589080886484798e-22
4.69612760631895e-22
4.80563709722854e-22
4.917665414244462e-22
5.032269793406743e-22
5.149508679890713e-22
5.269441732787227e-22
5.3921298553351445e-22
5.517635206627592e-22
5.646021217312667e-22
5.777352614146526e-22
5.911695406032883e-22
6.049116970803379e-22
6.189685973116006e-22
6.333472425816305e-22
6.480547697501255e-22
6.630984558593905e-22
6.7848570889290125e-22
