1.2079347540215877e-24
1.142133488078683e-24
1.0850630986167725e-24
1.036499954602685e-24
9.961858801320801e-25
9.63811334601703e-25
9.390036976109243e-25
9.21323189438991e-25
9.10267696716259e-25
9.052859512068215e-25
9.057967526675205e-25
9.112108650900407e-25
9.209521513120863e-25
9.34475299953981e-25
9.512787046020967e-25
9.709122206111904e-25
9.929803614038413e-25
1.0171419280244339e-24
1.043107163323037e-24
1.0706334094215321e-24
1.0995200406458923e-24
1.1296032227327176e-24
1.1607508552383844e-24
1.1928579041764451e-24
1.2258422245680573e-24
1.2596409018768906e-24
1.2942070986030092e-24
1.329507367676595e-24
1.365519383663855e-24
1.40223003961215e-24
1.4396338585951565e-24
1.47773167333374e-24
1.5165295322964383e-24
1.5560377956992066e-24
1.596270390582291e-24
1.6372441981768085e-24
1.678978551574288e-24
1.7214948247126383e-24
1.7648160973492455e-24
1.8089668828389977e-24
1.8539729081049054e-24
1.89986093671218e-24
1.9466586277427746e-24
1.994394424231941e-24
2.0430974660566075e-24
2.092797523185301e-24
2.14352494566749e-24
2.1953106273976165e-24
2.2481859814330073e-24
2.302182924767251e-24
2.3573338708765666e-24
2.4136717286705697e-24
2.471229906838034e-24
2.5300423224416986e-24
2.5901434133051907e-24
2.6515681529645905e-24
2.7143520685172958e-24
2.7785312600721887e-24
2.8441424221013828e-24
2.9112228657631252e-24
2.979810542906932e-24
3.0499440703429433e-24
3.121662755395973e-24
3.1950066216675995e-24
3.2700164357479796e-24
3.3467337340875296e-24
3.425200850319144e-24
3.505460943044018e-24
3.587558024128985e-24
3.671536986687416e-24
3.757443634155059e-24
3.845324709045968e-24
3.9352279224300694e-24
4.02720198366754e-24
4.1212966299596764e-24
4.217562656950905e-24
4.3160519495207305e-24
4.4168175123555106e-24
4.5199135016852814e-24
4.625395256966248e-24
4.733319333154462e-24
4.8437435334662736e-24
4.956726942479132e-24
5.072329959868852e-24
5.190614334624403e-24
5.3116431997927354e-24
5.43548110774345e-24
5.5621940664473715e-24
5.691849575364315e-24
5.824516663514183e-24
5.960265926723501e-24
6.0991695664919914e-24
6.2413014291178806e-24
6.3867370459276736e-24
6.535553674193395e-24
6.68783033849719e-24
6.843647873274262e-24
7.003088966110129e-24
7.166238201972046e-24
7.33318210829355e-24
7.504009200635974e-24
7.67881003044222e-24
7.857677231572605e-24
8.040705570245673e-24
8.2279919948638e-24
8.419635686488239e-24
8.615738110763797e-24
8.81640307242992e-24
9.021736766981e-24
9.231847838390123e-24
9.446847434820589e-24
9.666849265664236e-24
9.89196966099504e-24
1.0122327632479695e-23
1.0358044933469225e-23
1.0599246122604752e-23
1.0846058627285441e-23
1.1098612809138101e-23
1.1357042032111284e-23
1.162148272820678e-23
1.189207446841757e-23
1.2168960033402647e-23
1.2452285486043229e-23
1.2742200246039847e-23
1.3038857162798093e-23
1.334241259539444e-23
1.3653026489241934e-23
1.39708624555326e-23
1.4296087856439184e-23
1.4628873882944144e-23
1.496939564254098e-23
1.5317832247700902e-23
1.5674366900070807e-23
1.6039186981866747e-23
1.6412484148075534e-23
1.6794454419128995e-23
1.7185298275060274e-23
1.7585220753165957e-23
1.7994431543696313e-23
1.8413145092805172e-23
1.8841580703847385e-23
1.927996263955184e-23
1.972852022621207e-23
2.0187487963507474e-23
2.0657105630528568e-23
2.1137618393899295e-23
2.162927692578366e-23
2.213233751234055e-23
2.2647062166943218e-23
2.3173718754261348e-23
2.3712581098318695e-23
2.4263929107112525e-23
2.4828048896293856e-23
2.5405232906941196e-23
2.599578002502195e-23
2.6599995714166325e-23
2.721819213588056e-23
2.7850688279239224e-23
2.849781008081504e-23
2.9159890562339146e-23
2.983726994925576e-23
3.053029581189203e-23
3.1239323175509194e-23
3.196471467087034e-23
3.270684064679317e-23
3.3466079305427024e-23
3.424281681992382e-23
3.5037447484413585e-23
3.5850373805546655e-23
3.668200665677809e-23
3.753276538211986e-23
3.840307791970895e-23
3.9293380915141145e-23
4.0204119839063766e-23
4.113574908777376e-23
4.2088732105804136e-23
4.306354145647974e-23
4.4060658944037225e-23
4.5080575686819345e-23
4.6123792186981625e-23
4.7190818432944886e-23
4.828217393225773e-23
4.9398387765281e-23
5.053999866659299e-23
5.170755501295077e-23
5.290161485050114e-23
5.412274590275864e-23
5.537152556607959e-23
5.664854084888955e-23
5.795438835061967e-23
5.928967417728838e-23
6.065501384788644e-23
6.205103215511173e-23
6.347836307180398e-23
6.493764948002954e-23
6.642954306241902e-23
6.795470399572125e-23
6.951380066127587e-23
7.110750935363722e-23
7.273651385676214e-23
7.440150509107327e-23
