2.0627957345976455e-23
2.0627890323142138e-23
2.062781870979545e-23
2.0627742337193005e-23
2.0627661027978998e-23
2.0627574595677967e-23
2.0627482844180555e-23
2.062738556721896e-23
2.062728254783045e-23
2.0627173557806526e-23
2.06270583571272e-23
2.062693669337613e-23
2.062680830113724e-23
2.0626672901369005e-23
2.0626530200755742e-23
2.062637989103348e-23
2.0626221648288554e-23
2.0626055132227547e-23
2.062587998541652e-23
2.0625695832485532e-23
2.0625502279301096e-23
2.062529891209967e-23
2.0625085296582967e-23
2.0624860976970723e-23
2.0624625475013495e-23
2.0624378288955023e-23
2.0624118892451152e-23
2.0623846733434686e-23
2.0623561232929617e-23
2.0623261783807475e-23
2.0622947749488148e-23
2.0622618462576084e-23
2.0622273223435138e-23
2.0621911298692083e-23
2.0621531919676252e-23
2.0621134280775344e-23
2.0620717537723227e-23
2.062028080580094e-23
2.061982315795352e-23
2.0619343622815763e-23
2.061884118265083e-23
2.0618314771183558e-23
2.0617763271334368e-23
2.0617185512846034e-23
2.0616580269795595e-23
2.0615946257997498e-23
2.061528213226936e-23
2.0614586483573202e-23
2.061385783603471e-23
2.061309464379938e-23
2.061229528775777e-23
2.0611458072101446e-23
2.0610581220736948e-23
2.0609662873501746e-23
2.0608701082222887e-23
2.0607693806586355e-23
2.0606638909799186e-23
2.0605534154061513e-23
2.060437719581507e-23
2.0603165580774434e-23
2.060189673871299e-23
2.0600567978013688e-23
2.05991764799496e-23
2.0597719292721895e-23
2.0596193325173898e-23
2.0594595340249827e-23
2.0592921948115863e-23
2.059116959896459e-23
2.0589334575502334e-23
2.0587412985038063e-23
2.058540075122392e-23
2.058329360544215e-23
2.0581087077690674e-23
2.057877648714934e-23
2.0576356932202157e-23
2.0573823280081563e-23
2.0571170155934105e-23
2.0568391931449765e-23
2.0565482712885372e-23
2.056243632858024e-23
2.0559246315856815e-23
2.0555905907294187e-23
2.055240801635709e-23
2.0548745222397934e-23
2.0544909754822536e-23
2.0540893476723575e-23
2.0536687867515995e-23
2.053228400479504e-23
2.0527672545569637e-23
2.052284370633561e-23
2.0517787242192937e-23
2.0512492425334593e-23
2.0506948022059967e-23
2.0501142269069783e-23
2.0495062848316202e-23
2.0488696861141256e-23
2.0482030800544143e-23
2.047505052276115e-23
2.0467741217046942e-23
2.04600873743396e-23
2.0452072754333284e-23
2.044368035087177e-23
2.0434892355855148e-23
2.042569012159945e-23
2.0416054120863535e-23
2.040596390572498e-23
2.0395398063987058e-23
2.0384334173516904e-23
2.0372748754758656e-23
2.0360617221029368e-23
2.0347913825899822e-23
2.0334611608680548e-23
2.0320682336977162e-23
2.0306096447019293e-23
2.029082297993862e-23
2.027482951714351e-23
2.0258082110491885e-23
2.0240545210487218e-23
2.022218159034207e-23
2.0202952266867952e-23
2.0182816418001423e-23
2.0161731295619624e-23
2.0139652133707272e-23
2.0116532054712465e-23
2.0092321968547453e-23
2.0066970468266734e-23
2.0040423721027466e-23
2.0012625353121242e-23
1.9983516329838006e-23
1.995303482950504e-23
1.9921116111899927e-23
1.988769238065761e-23
1.985269263899339e-23
1.981604253612423e-23
1.9777664211338293e-23
1.973747612721796e-23
1.9695392894105415e-23
1.9651325090692254e-23
1.960517906962494e-23
1.95568567598637e-23
1.9506255459480866e-23
1.9453267609196636e-23
1.9397780571488214e-23
1.9339676381026227e-23
1.9278831500461677e-23
1.9215116551933038e-23
1.9148396040450893e-23
1.907852806521967e-23
1.900536401766461e-23
1.8928748258802596e-23
1.8848517792642167e-23
1.8764501909346482e-23
1.8676521833332176e-23
1.858439032266792e-23
1.848791128271366e-23
1.8386879348924853e-23
1.8281079427800096e-23
1.8170286260807283e-23
1.8054263933327567e-23
1.793276536303027e-23
1.7805531795826358e-23
1.7672292231992102e-23
1.7532762863925218e-23
1.7386646462054706e-23
1.7233631769558807e-23
1.7073392823523485e-23
1.6905588275139108e-23
1.6729860692485445e-23
1.6545835803634648e-23
1.6353121719486493e-23
1.6151308172936858e-23
1.5939965637458544e-23
1.571864452966574e-23
1.5486874285781608e-23
1.5244162525786236e-23
1.498999407790323e-23
1.4723830173201136e-23
1.4445107441779202e-23
1.415323716368503e-23
1.3847604386556168e-23
1.3527567259751764e-23
1.319245654586816e-23
1.2841575263358466e-23
1.2474198811980664e-23
1.2089575692186182e-23
1.1686928949381972e-23
1.1265459137495173e-23
1.082434928287932e-23
1.0362773019167585e-23
9.879908421238525e-24
9.374960440550937e-24
8.847199060878925e-24
8.296025095671064e-24
7.721088196239578e-24
7.122507902424271e-24
6.5013110330706605e-24
5.8603554392463736e-24
5.206434804171997e-24
4.555492080683328e-24
3.946561560406333e-24
3.4794914907263155e-24
