1.9085428477183513e-23
1.9301758365080015e-23
1.9507794665400092e-23
1.9703974527441043e-23
1.9890714183240248e-23
2.006840983021208e-23
2.0237438471465875e-23
2.0398158715447524e-23
2.0550911536586207e-23
2.069602099862263e-23
2.0833794941977096e-23
2.0964525636754874e-23
2.108849040266336e-23
2.1205952197194012e-23
2.1317160173265488e-23
2.142235020754202e-23
2.1521745400505023e-23
2.161555654940884e-23
2.1703982595001745e-23
2.178721104298796e-23
2.186541836125763e-23
2.1938770353495025e-23
2.2007422510061274e-23
2.2071520336997765e-23
2.213119966358396e-23
2.2186586929316536e-23
2.223779945082595e-23
2.2284945669284586e-23
2.232812537872615e-23
2.2367429936057564e-23
2.240294245269245e-23
2.24347379686972e-23
2.2462883609523752e-23
2.248743872558107e-23
2.2508455015238392e-23
2.2525976631144506e-23
2.2540040270112624e-23
2.255067524722663e-23
2.2557903553305845e-23
2.2561739896929557e-23
2.2562191730148276e-23
2.2559259258499056e-23
2.2552935435029505e-23
2.2543205938191968e-23
2.253004913375395e-23
2.2513436020356453e-23
2.2493330158526896e-23
2.2469687583367345e-23
2.2442456699691263e-23
2.24115781602959e-23
2.237698472656781e-23
2.2338601110700814e-23
2.2296343799891404e-23
2.225012086080152e-23
2.219983172505927e-23
2.2145366954208032e-23
2.2086607983556133e-23
2.202342684474721e-23
2.1955685865543048e-23
2.1883237346054806e-23
2.1805923211067854e-23
2.1723574636711523e-23
2.1636011650567728e-23
2.1543042703827207e-23
2.1444464215290763e-23
2.134006008340869e-23
2.122960116803961e-23
2.111284473721401e-23
2.098953387918434e-23
2.0859396876851624e-23
2.072214654361094e-23
2.0577479516370068e-23
2.042507550618607e-23
2.026459650126397e-23
2.0095685921848257e-23
1.9917967721815198e-23
1.9731045436333014e-23
1.9534501170503627e-23
1.9327894525175026e-23
1.911076145719899e-23
1.888261306939126e-23
1.8642934325557586e-23
1.8391182685252122e-23
1.8126786654686796e-23
1.7849144246556395e-23
1.7557621343896446e-23
1.72515499618729e-23
1.6930226399914638e-23
1.6592909278216085e-23
1.623881745246789e-23
1.586712779752843e-23
1.5476972855334876e-23
1.5067438339887852e-23
1.46375604937297e-23
1.418632329625865e-23
1.37126555192131e-23
1.3215427644573987e-23
1.2693448657615947e-23
1.2145462755273207e-23
1.1570146040982955e-23
1.096610332810618e-23
1.0331865281549648e-23
9.665886305466123e-24
8.966543955529842e-24
8.232141376369423e-24
7.460915867620367e-24
6.651060387145522e-24
5.800774319514925e-24
4.908387299787027e-24
3.972692638821708e-24
2.994017449336368e-24
1.978864787813928e-24
9.761428278616577e-25
6.574323912525296e-25
1.6608977498218755e-24
2.89655295467264e-24
4.2243396863647685e-24
5.631210743279078e-24
7.116932487290266e-24
8.684326005531975e-24
1.0337416681359092e-23
1.2080927848766787e-23
1.3920118961222522e-23
1.5860738067622518e-23
1.790902057214994e-23
2.0071710614706184e-23
2.2356095926662663e-23
2.4770052543438657e-23
2.7322098074494025e-23
3.0021453343540667e-23
3.287811288741848e-23
3.590292519140701e-23
3.9107683844442506e-23
4.250523128398421e-23
4.6109576850212353e-23
4.9936031629940706e-23
5.400136274908046e-23
5.832397041147231e-23
6.292409181363337e-23
6.782403663074536e-23
7.30484600097886e-23
7.862468028662517e-23
8.458305009617288e-23
9.095739155529453e-23
9.77855094457444e-23
1.0510979821963221e-22
1.129779641001376e-22
1.2144388904463514e-22
1.3056866884785286e-22
1.4042186900994294e-22
1.5108305355986915e-22
1.626436572301858e-22
1.7520929656581886e-22
1.8890264314410193e-22
2.0386702628848771e-22
2.202709898622119e-22
2.383141118861656e-22
2.582345151958297e-22
2.803186708933904e-22
3.049143515598391e-22
3.324479879427086e-22
3.634482685716332e-22
3.9857876900255104e-22
4.386839185737028e-22
4.848550957577212e-22
5.3852794416912775e-22
6.016295092171753e-22
6.768076641249173e-22
7.678017356189182e-22
8.800667995413203e-22
1.0218787483175162e-21
1.2064113695018042e-21
1.4559396254131635e-21
1.8111724183158883e-21
2.3545866864681774e-21
3.2783070432827972e-21
5.115858050073942e-21
9.224208631639131e-21
9.96912683328396e-21
5.7780013215625774e-21
3.817234091502169e-21
2.844057206623985e-21
2.2774053289317356e-21
1.9094514023052658e-21
1.6520663338245858e-21
1.4621761434741615e-21
1.3163877299856656e-21
1.2009456330389296e-21
1.1072474783582565e-21
1.0296432768858599e-21
9.642710051026605e-22
9.084019519477801e-22
8.600535623928195e-22
8.177505078245419e-22
7.80371998504515e-22
7.470509139651623e-22
7.171055509221172e-22
6.899921845602832e-22
6.652714413415727e-22
6.425840654198573e-22
6.216330325954659e-22
