5.813428628984258e-23
5.814137168239231e-23
5.814812430195267e-23
5.815455847854758e-23
5.816068786614228e-23
5.816652547165199e-23
5.817208368258431e-23
5.817737429335467e-23
5.818240853034603e-23
5.818719707575699e-23
5.819175009029538e-23
5.819607723475741e-23
5.820018769054525e-23
5.820409017917769e-23
5.820779298079632e-23
5.821130395176796e-23
5.821463054134811e-23
5.821777980751569e-23
5.822075843195019e-23
5.822357273422218e-23
5.822622868520576e-23
5.822873191976681e-23
5.823108774870916e-23
5.823330117006768e-23
5.823537687969853e-23
5.823731928126182e-23
5.823913249556645e-23
5.824082036930975e-23
5.824238648325242e-23
5.824383415981339e-23
5.824516647011544e-23
5.824638624050982e-23
5.824749605858951e-23
5.824849827864406e-23
5.82493950266746e-23
5.825018820491659e-23
5.825087949586536e-23
5.825147036583548e-23
5.825196206808406e-23
5.825235564545908e-23
5.825265193263348e-23
5.825285155783017e-23
5.825295494419894e-23
5.825296231068381e-23
5.825287367249192e-23
5.825268884112914e-23
5.825240742397543e-23
5.825202882348412e-23
5.825155223585801e-23
5.825097664938011e-23
5.82503008422652e-23
5.824952338000079e-23
5.824864261238636e-23
5.824765666992937e-23
5.824656345994652e-23
5.824536066206356e-23
5.824404572332068e-23
5.824261585266606e-23
5.824106801513513e-23
5.823939892534038e-23
5.823760504039282e-23
5.823568255256244e-23
5.823362738094015e-23
5.823143516302532e-23
5.822910124519345e-23
5.822662067296122e-23
5.822398818034482e-23
5.822119817874041e-23
5.821824474488293e-23
5.821512160851323e-23
5.821182213870714e-23
5.820833932993802e-23
5.820466578714854e-23
5.820079370998591e-23
5.819671487609479e-23
5.819242062375184e-23
5.818790183334524e-23
5.818314890788478e-23
5.817815175254514e-23
5.817289975329488e-23
5.816738175402059e-23
5.816158603301323e-23
5.815550027762578e-23
5.81491115581811e-23
5.814240630053212e-23
5.813537025664613e-23
5.81279884744932e-23
5.812024526611844e-23
5.811212417390057e-23
5.810360793552837e-23
5.809467844674095e-23
5.808531672321568e-23
5.807550285945306e-23
5.806521598594652e-23
5.805443422503189e-23
5.804313464369861e-23
5.803129320437825e-23
5.801888471333221e-23
5.800588276672358e-23
5.799225969358179e-23
5.797798649656718e-23
5.796303278938122e-23
5.794736673180773e-23
5.793095496103232e-23
5.791376251904652e-23
5.789575277759439e-23
5.787688735960965e-23
5.785712605547079e-23
5.783642673634437e-23
5.781474526359447e-23
5.779203539246691e-23
5.776824867127113e-23
5.77433343376771e-23
5.771723920639838e-23
5.768990755458052e-23
5.766128100168341e-23
5.763129837837185e-23
5.75998955975599e-23
5.75670055079294e-23
5.753255775531262e-23
5.749647861936528e-23
5.745869085615426e-23
5.741911352933008e-23
5.737766182653832e-23
5.733424687643506e-23
5.72887755485021e-23
5.724115024766751e-23
5.719126869917303e-23
5.713902371501529e-23
5.708430295822161e-23
5.702698868834158e-23
5.696695750174592e-23
5.690408004248251e-23
5.683822072160727e-23
5.676923740066117e-23
5.669698107003676e-23
5.662129551060171e-23
5.654201693132908e-23
5.64589735939703e-23
5.637198541114602e-23
5.62808635329359e-23
5.618540989318301e-23
5.608541675810402e-23
5.598066624004752e-23
5.587092975301519e-23
5.575596747965773e-23
5.563552780825424e-23
5.550934669537819e-23
5.537714704900174e-23
5.523863800729057e-23
5.509351427806661e-23
5.494145526799863e-23
5.478212443509425e-23
5.46151682453895e-23
5.44402153825435e-23
5.425687576612202e-23
5.406473944304601e-23
5.386337561073531e-23
5.365233130642113e-23
5.34311302972797e-23
5.319927164355808e-23
5.295622834096264e-23
5.270144576501564e-23
5.2434340009637724e-23
5.2154296168426414e-23
5.1860666452786864e-23
5.15527680573161e-23
5.122988107164109e-23
5.089124602696469e-23
5.053606131555347e-23
5.016348028642384e-23
4.9772608293344336e-23
4.936249924866149e-23
4.893215184131455e-23
4.8480505652019005e-23
4.800643631504063e-23
4.750875071989559e-23
4.6986181386727475e-23
4.643738002780448e-23
4.5860910513244767e-23
4.5255240953131835e-23
4.461873435276014e-23
4.3949638158223244e-23
4.3246072172107e-23
4.2506014527880696e-23
4.1727285100398103e-23
4.0907526246770153e-23
4.004417954137415e-23
3.9134457954132793e-23
3.817531294932648e-23
3.7163392519885166e-23
3.609499146460874e-23
3.4965987503771474e-23
3.3771761793808615e-23
3.2507096488012566e-23
3.116604232407913e-23
2.974174463435966e-23
2.82262108748208e-23
2.660999496524416e-23
2.4881763965147678e-23
2.3027686622781736e-23
