3.8152064230619554e-24
4.030532129385862e-24
4.242621635737705e-24
4.451921146019651e-24
4.658859051437538e-24
4.863845627139306e-24
5.067273250310009e-24
5.26951693750335e-24
5.470935073534468e-24
5.671870250216123e-24
5.872650161609168e-24
6.073588521021998e-24
6.274985977050584e-24
6.477131013769347e-24
6.68030082560926e-24
6.884762161079954e-24
7.09077213192221e-24
7.29857898594922e-24
7.508422843120737e-24
7.720536395078438e-24
7.935145568846016e-24
8.152470156031833e-24
8.372724408722204e-24
8.596117603729538e-24
8.822854576734277e-24
9.05313622788998e-24
9.287160000665617e-24
9.52512033537183e-24
9.767209098960962e-24
1.0013615992678963e-23
1.0264528938945996e-23
1.052013444877872e-23
1.0780617971273076e-23
1.1046164226156196e-23
1.1316957520764576e-23
1.1593182052529477e-23
1.1875022197992018e-23
1.2162662789362185e-23
1.2456289379661645e-23
1.2756088497157706e-23
1.3062247890166332e-23
1.3374956762753545e-23
1.3694406002377205e-23
1.4020788399845888e-23
1.4354298862640305e-23
1.4695134621819305e-23
1.5043495433403297e-23
1.539958377467987e-23
1.5763605035972436e-23
1.6135767708250197e-23
1.6516283567307417e-23
1.6905367854772253e-23
1.7303239456223157e-23
1.7710121077297547e-23
1.812623941744996e-23
1.8551825342473616e-23
1.8987114055624694e-23
1.9432345267636768e-23
1.9887763366417864e-23
2.0353617586209735e-23
2.0830162176642575e-23
2.1317656572196803e-23
2.1816365561800537e-23
2.2326559459457957e-23
2.2848514275566267e-23
2.3382511889566148e-23
2.3928840223588294e-23
2.4487793418365338e-23
2.5059672009988003e-23
2.564478310967898e-23
2.6243440584724458e-23
2.685596524244456e-23
2.748268501656158e-23
2.812393515580646e-23
2.8780058416210264e-23
2.9451405255534746e-23
3.013833403178266e-23
3.0841211204226335e-23
3.1560411538771354e-23
3.229631831651744e-23
3.3049323546187535e-23
3.381982818064228e-23
3.460824233781648e-23
3.541498552564509e-23
3.6240486871114443e-23
3.708518535521101e-23
3.794953005098981e-23
3.883398036845847e-23
3.9739006301926214e-23
4.066508868548288e-23
4.161271945299805e-23
4.258240190114816e-23
4.3574650963738115e-23
4.458999348337344e-23
4.562896850202859e-23
4.6692127541817955e-23
4.7780034904994895e-23
4.889326797624437e-23
5.0032417529923006e-23
5.1198088047401985e-23
5.2390898037754836e-23
5.361148036987513e-23
5.486048260759604e-23
5.613856736150643e-23
5.744641262899132e-23
5.878471216913349e-23
6.01541758696706e-23
6.155553011221355e-23
6.298951817270528e-23
6.445690061955847e-23
6.595845569505314e-23
6.749497975985763e-23
6.906728769000511e-23
7.067621332630312e-23
7.232260991209989e-23
7.400735054959999e-23
7.573132864106442e-23
7.749545841409968e-23
7.930067536069732e-23
8.114793671723512e-23
8.303822206466194e-23
8.49725337473441e-23
8.695189744031925e-23
8.897736272235576e-23
9.105000359966756e-23
9.317091910331865e-23
9.534123378659498e-23
9.75620984706773e-23
9.983469072091285e-23
1.0216021556365472e-22
1.0453990606750654e-22
1.0697502399560044e-22
1.094668604749853e-22
1.1201673681649341e-22
1.1462600495177556e-22
1.1729604840905675e-22
1.2002828282745854e-22
1.2282415705105788e-22
1.2568515327163177e-22
1.2861278852109345e-22
1.3160861513832619e-22
1.346742215263599e-22
1.3781123291711362e-22
1.4102131285033256e-22
1.4430616314801963e-22
1.4766752553114135e-22
1.5110718215156856e-22
1.546269566644733e-22
1.5822871523807026e-22
1.619143681859542e-22
1.6568586872365052e-22
1.6954521645138624e-22
1.7349445828608543e-22
1.7753568827901084e-22
1.816710478892257e-22
1.8590273084829377e-22
1.9023298016910912e-22
1.9466409184018568e-22
1.9919841487152802e-22
2.0383835355332296e-22
2.0858636909420407e-22
2.134449764085544e-22
2.1841675323545377e-22
2.235043337423747e-22
2.2871041925827955e-22
2.3403776417640765e-22
2.394891981344581e-22
2.4506760933885465e-22
2.507759561760589e-22
2.5661725863750826e-22
2.625946241414569e-22
2.68711213941773e-22
2.749702739414213e-22
2.8137512254491583e-22
2.879291530759149e-22
2.9463584732410947e-22
3.014987416932993e-22
3.085215067330306e-22
3.1570783692528476e-22
3.230615573002633e-22
3.305865480664884e-22
3.3828682856539764e-22
3.4616646846474775e-22
3.5422962198631906e-22
3.624805574663527e-22
3.709237233553301e-22
3.795635158438617e-22
3.884045677714648e-22
3.9745152646273697e-22
4.06709207271845e-22
4.1618253066552277e-22
4.258764792646049e-22
4.3579622354466615e-22
4.4594702239595095e-22
4.563342134506143e-22
4.669633722037162e-22
4.7784009964959555e-22
4.889701207751266e-22
5.003593973045046e-22
5.120138981609575e-22
5.239397623334184e-22
