1.647690382035152e-24
1.614482086872909e-24
1.5835212688470848e-24
1.554707956631531e-24
1.5279468298239323e-24
1.5031471978555307e-24
1.4802229898039953e-24
1.4590927526626405e-24
1.4396796557373686e-24
1.421911499007771e-24
1.4057207235133367e-24
1.3910444220690173e-24
1.3778243488896094e-24
1.3660069269802115e-24
1.3555432524170727e-24
1.3463890949030666e-24
1.338504894203047e-24
1.3318557522609455e-24
1.326411420951742e-24
1.32214628553565e-24
1.3190393439531116e-24
1.3170741821325742e-24
1.3162389454825893e-24
1.3165263067088634e-24
1.317933430045645e-24
1.3204619319207504e-24
1.3241178380002731e-24
1.3289115364807484e-24
1.3348577274294249e-24
1.3419753679159654e-24
1.3502876126458464e-24
1.359821749791484e-24
1.3706091317376066e-24
1.3826851005007323e-24
1.3960889076631915e-24
1.4108636287668674e-24
1.4270560722444461e-24
1.4447166831197143e-24
1.4638994418747946e-24
1.484661759055862e-24
1.5070643663588492e-24
1.531171205094497e-24
1.5570493130669715e-24
1.584768711005938e-24
1.6144022897566483e-24
1.6460256994557209e-24
1.6797172418937635e-24
1.7155577671903016e-24
1.753630575787088e-24
1.7940213265993837e-24
1.836817951965187e-24
1.8821105798052685e-24
1.9299914631607615e-24
1.980554917023809e-24
2.033897262127605e-24
2.09011677512804e-24
2.1493136443972655e-24
2.2115899304680154e-24
2.2770495300195412e-24
2.345798142193314e-24
2.417943235956099e-24
2.4935940172074487e-24
2.5728613943443127e-24
2.6558579410439756e-24
2.742697855117521e-24
2.8334969124004297e-24
2.9283724147808087e-24
3.0274431316363586e-24
3.1308292341163157e-24
3.2386522218967107e-24
3.351034842228491e-24
3.468101001295293e-24
3.589975668095488e-24
3.716784771254503e-24
3.848655089367026e-24
3.9857141356440714e-24
4.1280900378177196e-24
4.275911414410283e-24
4.429307248625619e-24
4.588406761246674e-24
4.753339284043675e-24
4.924234135284763e-24
5.1012204990216525e-24
5.2844273098784794e-24
5.47398314509606e-24
5.6700161255969045e-24
5.872653827820647e-24
6.082023208032842e-24
6.298250540745599e-24
6.521461372800848e-24
6.751780494542243e-24
6.98933192937421e-24
7.234238942835078e-24
7.486624072146653e-24
7.746609176985056e-24
8.014315512034113e-24
8.28986382163864e-24
8.57337445666095e-24
8.864967513409233e-24
9.164762994274181e-24
9.47288098949293e-24
9.789441879226736e-24
1.0114566554952338e-23
1.044837665896717e-23
1.0790994840640407e-23
1.1142545027892405e-23
1.1503152712270321e-23
1.1872945245866539e-23
1.225205214829076e-23
1.2640605421814036e-23
1.303873987283022e-23
1.3446593437766775e-23
1.3864307511600257e-23
1.4292027277222753e-23
1.4729902033954638e-23
1.5178085523603298e-23
1.5636736252606402e-23
1.6106017808889782e-23
1.6586099172244163e-23
1.7077155017156052e-23
1.757936600717132e-23
1.8092919080066667e-23
1.8618007723188255e-23
1.9154832238555677e-23
1.970359999737972e-23
2.0264525683884618e-23
2.0837831528347162e-23
2.14237475294873e-23
2.2022511666369773e-23
2.263437010013307e-23
2.3259577365907073e-23
2.3898396555386583e-23
2.4551099490546058e-23
2.5217966889070923e-23
2.5899288522094166e-23
2.659536336484487e-23
2.730649974084948e-23
2.8033015460307143e-23
2.8775237953283676e-23
2.953350439831916e-23
3.030816184705203e-23
3.109956734544954e-23
3.190808805211063e-23
3.27341013542163e-23
3.357799498153e-23
3.4440167118864253e-23
3.532102651738503e-23
3.6220992605032265e-23
3.7140495596357747e-23
3.8079976601921814e-23
3.9039887737442785e-23
4.002069223275705e-23
4.1022864540623337e-23
4.204689044536632e-23
4.3093267171241e-23
4.4162503490395473e-23
4.525511983019796e-23
4.6371648379746547e-23
4.751263319509151e-23
4.867863030295812e-23
4.9870207802350585e-23
5.1087945963695155e-23
5.233243732478866e-23
5.360428678302661e-23
5.490411168311328e-23
5.623254189957376e-23
5.759021991307462e-23
5.897780087975518e-23
6.039595269245755e-23
6.184535603281938e-23
6.332670441299581e-23
6.484070420578992e-23
6.638807466176102e-23
6.796954791182589e-23
6.958586895386966e-23
7.123779562149569e-23
7.292609853321391e-23
7.46515610200437e-23
7.641497902950696e-23
7.821716100360471e-23
8.00589277285781e-23
8.194111215369455e-23
8.386455917639668e-23
8.583012539088444e-23
8.783867879683776e-23
8.989109846506079e-23
9.19882741563388e-23
9.413110588959828e-23
9.632050345535193e-23
9.85573858697931e-23
1.0084268076498648e-22
1.0317732370982216e-22
1.0556225745643351e-22
1.0799843110605736e-22
1.1048679918810093e-22
1.1302832064544427e-22
1.1562395771885995e-22
1.1827467472234952e-22
1.2098143670109055e-22
1.237452079624201e-22
1.26566950470028e-22
