6.4885628346323246e-24
6.514563746154336e-24
6.539369956965148e-24
6.563033253777079e-24
6.5856030837517365e-24
6.60712665023126e-24
6.627649004756557e-24
6.647213135458611e-24
6.665860051871134e-24
6.68362886627452e-24
6.700556871626878e-24
6.716679616197e-24
6.732030974982041e-24
6.746643217999846e-24
6.760547075562789e-24
6.773771800624801e-24
6.786345228277536e-24
6.798293832520971e-24
6.809642780377187e-24
6.820415983428862e-24
6.830636146895185e-24
6.840324816309824e-24
6.84950242187786e-24
6.858188320613013e-24
6.866400836297679e-24
6.874157297373692e-24
6.881474072800432e-24
6.888366605967358e-24
6.894849446711968e-24
6.900936281519564e-24
6.906639961929517e-24
6.91197253123999e-24
6.916945249546414e-24
6.921568617133147e-24
6.925852396323626e-24
6.929805631761947e-24
6.933436669227329e-24
6.936753172973222e-24
6.939762141645026e-24
6.942469922801368e-24
6.944882226067134e-24
6.947004134926366e-24
6.94884011725288e-24
6.950394034445625e-24
6.951669149378887e-24
6.952668132995026e-24
6.953393069694622e-24
6.953845461471347e-24
6.954026230778047e-24
6.953935722142765e-24
6.953573702627732e-24
6.952939360919367e-24
6.952031305274492e-24
6.950847560171179e-24
6.94938556168923e-24
6.947642151644498e-24
6.945613570370218e-24
6.943295448254397e-24
6.940682795894229e-24
6.937769992908296e-24
6.934550775344199e-24
6.931018221695854e-24
6.927164737365437e-24
6.92298203783957e-24
6.91846113003889e-24
6.913592292291608e-24
6.908365052646757e-24
6.902768165393479e-24
6.896789585864338e-24
6.890416443533098e-24
6.88363501302689e-24
6.876430683389693e-24
6.868787925126717e-24
6.860690255200594e-24
6.852120199895505e-24
6.843059255172923e-24
6.833487844832965e-24
6.823385275866223e-24
6.812729691575148e-24
6.801498021547497e-24
6.78966592882112e-24
6.777207754200083e-24
6.764096457082576e-24
6.750303553193358e-24
6.73579904869794e-24
6.720551370422102e-24
6.704527292637796e-24
6.68769185923227e-24
6.670008301973652e-24
6.651437954030884e-24
6.631940158640202e-24
6.6114721731632854e-24
6.5899890673655385e-24
6.5674436162194835e-24
6.543786187340092e-24
6.5189646213571055e-24
6.4929241066363734e-24
6.4656070467784254e-24
6.436952920766124e-24
6.4068981359520304e-24
6.375375873035052e-24
6.342315922568682e-24
6.307644512784773e-24
6.271284129240468e-24
6.233153323593348e-24
6.1931665139239385e-24
6.151233774501856e-24
6.107260615842878e-24
6.0611477535676405e-24
6.012790867032074e-24
5.9620803485081244e-24
5.908901041403854e-24
5.853131968560962e-24
5.794646053672456e-24
5.733309834817099e-24
5.668983171618151e-24
5.601518953475829e-24
5.5307628072120186e-24
5.456552813160823e-24
5.378719237338233e-24
5.297084289503689e-24
5.211461920141485e-24
5.121657679534039e-24
5.027468658149978e-24
4.9286835542559e-24
4.825082907915609e-24
4.7164395748457096e-24
4.60251953493438e-24
4.483083162889397e-24
4.357887155367762e-24
4.2266873755532575e-24
4.089243010618313e-24
3.94532260676663e-24
3.7947128412991675e-24
3.637231314804973e-24
3.472745362465818e-24
3.301200007148828e-24
3.122660072350579e-24
2.937374639663272e-24
2.7458774752251963e-24
2.5491464083614633e-24
2.3488606551452052e-24
2.1478211701724014e-24
1.9506355426550863e-24
1.7647935767846036e-24
1.6021602157318276e-24
1.4803404154463067e-24
1.421859609304453e-24
1.4480114114533639e-24
1.5689708742539027e-24
1.780083590932593e-24
2.068409802055344e-24
2.4208888992704266e-24
2.8279563057653526e-24
3.2837462313072812e-24
3.78524201849929e-24
4.331440979302441e-24
4.922767301635445e-24
5.560705542294742e-24
6.2475877933972564e-24
6.986481730922496e-24
7.781145771535844e-24
8.636031405418077e-24
9.556321811251235e-24
1.0548001722213088e-23
1.1617957470261305e-23
1.2774109007710058e-23
1.4025578506025908e-23
1.5382902789888907e-23
1.6858299768861976e-23
1.8466003292589838e-23
2.02226860422408e-23
2.2147997184723746e-23
2.4265251570873468e-23
2.6602321995123504e-23
2.919280749295265e-23
3.207758028200887e-23
3.530686361463117e-23
3.89430628060797e-23
4.306468658070876e-23
4.777187887284893e-23
5.319437952055869e-23
5.950324599432775e-23
6.692855356883946e-23
7.57869022223053e-23
8.652557355708989e-23
9.979606601289696e-23
1.1658171528515985e-22
1.3842947933473988e-22
1.6789096144813679e-22
2.0939211565843398e-22
2.709087135172694e-22
3.6612884144088617e-22
5.05823711046784e-22
6.16862725743579e-22
5.483063825675436e-22
4.1685179435312927e-22
3.2101503620731908e-22
2.582238472555515e-22
2.157281320608331e-22
1.8552000163975777e-22
