3.99922578671513e-24
3.8472386202233955e-24
3.705014147480747e-24
3.5721344193799555e-24
3.44819945315555e-24
3.332826494708173e-24
3.225649321538917e-24
3.1263175848373807e-24
3.0344961891228232e-24
2.9498647080267693e-24
2.8721168348279544e-24
2.800959866096667e-24
2.7361142169583534e-24
2.6773129659786654e-24
2.6243014279809753e-24
2.5768367523529086e-24
2.534687544840496e-24
2.4976335098510717e-24
2.465465111320299e-24
2.4379832490654807e-24
2.4149989481434048e-24
2.3963330591207673e-24
2.3818159665378915e-24
2.371287304078361e-24
2.364595674605819e-24
2.3615983738767618e-24
2.3621611169885632e-24
2.3661577672363194e-24
2.3734700667783425e-24
2.3839873697501877e-24
2.3976063776314336e-24
2.4142308776017053e-24
2.4337714846872064e-24
2.4561453878322628e-24
2.4812761012694613e-24
2.5090932214225782e-24
2.5395321900940115e-24
2.572534064603494e-24
2.608045295237444e-24
2.646017510493566e-24
2.686407310348562e-24
2.7291760677909333e-24
2.774289738830461e-24
2.82171868078875e-24
2.87143747924768e-24
2.923424783126844e-24
2.9776631482866856e-24
3.0341388889620247e-24
3.092841937375743e-24
3.1537657109231058e-24
3.2169069870031066e-24
3.2822657849135303e-24
3.349845255326423e-24
3.419651575862472e-24
3.491693853967411e-24
3.565984035785626e-24
3.6425368211852866e-24
3.7213695849458766e-24
3.8025023033679605e-24
3.885957486606523e-24
3.971760116177633e-24
4.05993758772919e-24
4.150519658434527e-24
4.243538399304072e-24
4.339028152174767e-24
4.437025490774992e-24
4.5375691864036594e-24
4.6407001769652125e-24
4.746461541043395e-24
4.8548984745560464e-24
4.9660582718539195e-24
5.079990309846766e-24
5.196746036104006e-24
5.3163789594816886e-24
5.438944644231507e-24
5.564500707346725e-24
5.693106818710778e-24
5.824824703772891e-24
5.959718149528222e-24
6.0978530128830305e-24
6.239297231416338e-24
6.3841208368732184e-24
6.532395971586788e-24
6.684196906214511e-24
6.839600060617235e-24
6.998684026862841e-24
7.161529594134575e-24
7.328219776472615e-24
7.498839841669268e-24
7.673477342846577e-24
7.85222215254976e-24
8.03516649785398e-24
8.222404998175852e-24
8.414034704330097e-24
8.610155141232004e-24
8.810868349894564e-24
9.016278933586341e-24
9.226494105418237e-24
9.441623736452538e-24
9.661780407703692e-24
9.887079462933374e-24
1.0117639062899739e-23
1.0353580242949744e-23
1.0595026971256811e-23
1.08421062091441e-23
1.1094947973733287e-23
1.1353685402342253e-23
1.1618454819745695e-23
1.1889395804254024e-23
1.2166651260228774e-23
1.2450367489273901e-23
1.274069426510338e-23
1.303778490935068e-23
1.3341796369602172e-23
1.3652889301596663e-23
1.3971228150626135e-23
1.4296981236726892e-23
1.4630320840807066e-23
1.4971423296368503e-23
1.5320469078564382e-23
1.567764289889609e-23
1.6043133803389265e-23
1.641713526708193e-23
1.6799845299799027e-23
1.719146654555441e-23
1.7592206392535934e-23
1.8002277079706365e-23
1.8421895808180582e-23
1.885128485534259e-23
1.9290671693356847e-23
1.9740289106149014e-23
2.0200375315433737e-23
2.0671174101932895e-23
2.1152934939149678e-23
2.1645913116125827e-23
2.2150369885384447e-23
2.2666572587001797e-23
2.31947948013746e-23
2.3735316483293354e-23
2.4288424118961942e-23
2.4854410872790352e-23
2.543357674081154e-23
2.602622871097352e-23
2.6632680930856205e-23
2.725325486321181e-23
2.7888279467469457e-23
2.853809136043063e-23
2.920303500913527e-23
2.988346290417293e-23
3.057973574063706e-23
3.12922226317968e-23
3.2021301271780883e-23
3.276735816484391e-23
3.353078881470631e-23
3.431199793643538e-23
3.511139966612126e-23
3.592941779878352e-23
3.676648598686429e-23
3.7623047990965427e-23
3.849955789895039e-23
3.939648037468258e-23
4.03142909135198e-23
4.125347607277532e-23
4.221453373488655e-23
4.319797340008441e-23
4.420431639899573e-23
4.523409623469658e-23
4.6287858810992864e-23
4.7366162751289824e-23
4.846957968094792e-23
4.9598694536454594e-23
5.0754105882115595e-23
5.193642620565067e-23
5.314628226025127e-23
5.438431539406227e-23
5.565118186870995e-23
5.694755326458946e-23
5.827411674756938e-23
5.963157550490521e-23
6.102064909057011e-23
6.244207382414187e-23
6.38966031187668e-23
6.538500798222324e-23
6.690807732374711e-23
6.84666184345247e-23
7.006145738912003e-23
7.169343946814486e-23
7.336342969105048e-23
7.507231313346139e-23
7.682099546469836e-23
7.861040347819407e-23
8.044148551931747e-23
8.231521198405149e-23
8.423257580934099e-23
8.619459314320268e-23
8.820230361896312e-23
9.025677116510837e-23
9.235908443830173e-23
9.451035737054985e-23
9.671172984215518e-23
9.896436813933412e-23
