4.767916749977378e-22
4.767948450967145e-22
4.7679719323042475e-22
4.767987243915236e-22
4.767994418387403e-22
4.767993471038177e-22
4.76798439994971e-22
4.767967185963369e-22
4.767941792641916e-22
4.767908166191253e-22
4.76786623534911e-22
4.767815911231625e-22
4.767757087147231e-22
4.767689638370248e-22
4.767613421876514e-22
4.767528276041277e-22
4.767434020294772e-22
4.767330454742297e-22
4.767217359737657e-22
4.76709449541974e-22
4.76696160120197e-22
4.7668183952228685e-22
4.766664573744372e-22
4.76649981051064e-22
4.766323756055818e-22
4.7661360369612545e-22
4.765936255066718e-22
4.765723986621493e-22
4.765498781390644e-22
4.765260161696115e-22
4.765007621405584e-22
4.764740624859389e-22
4.764458605732724e-22
4.764160965835865e-22
4.7638470738449545e-22
4.763516263962404e-22
4.76316783450649e-22
4.762801046420295e-22
4.762415121707054e-22
4.762009241778976e-22
4.761582545718492e-22
4.761134128456802e-22
4.7606630388511585e-22
4.760168277667012e-22
4.759648795461371e-22
4.759103490353793e-22
4.758531205691215e-22
4.757930727594569e-22
4.757300782382025e-22
4.756640033870478e-22
4.755947080540289e-22
4.755220452559858e-22
4.754458608673875e-22
4.753659932927706e-22
4.752822731246213e-22
4.75194522783387e-22
4.751025561414752e-22
4.750061781281641e-22
4.749051843154205e-22
4.747993604855949e-22
4.746884821753515e-22
4.745723142009517e-22
4.744506101589551e-22
4.743231119030793e-22
4.741895489979915e-22
4.740496381441854e-22
4.739030825778885e-22
4.7374957144192535e-22
4.7358877912590385e-22
4.734203645754528e-22
4.732439705695971e-22
4.730592229622364e-22
4.728657298897789e-22
4.726630809378291e-22
4.724508462741755e-22
4.722285757332879e-22
4.719957978650029e-22
4.717520189317307e-22
4.714967218635969e-22
4.712293651600694e-22
4.709493817426784e-22
4.706561777524513e-22
4.703491312882228e-22
4.700275910918444e-22
4.696908751616826e-22
4.693382693100558e-22
4.689690256490861e-22
4.685823610008499e-22
4.6817745523994e-22
4.677534495515476e-22
4.673094446111573e-22
4.6684449867859245e-22
4.663576256011092e-22
4.65847792716496e-22
4.653139186711086e-22
4.647548711178814e-22
4.641694643244534e-22
4.635564566520381e-22
4.629145479192429e-22
4.622423766584834e-22
4.61538517211768e-22
4.608014767152383e-22
4.600296919388417e-22
4.592215259555108e-22
4.583752646880803e-22
4.574891132593203e-22
4.56561192190518e-22
4.555895334190963e-22
4.545720761175053e-22
4.535066623296883e-22
4.523910323823463e-22
4.512228201054784e-22
4.499995478066863e-22
4.487186210100626e-22
4.473773229647062e-22
4.459728088595776e-22
4.445020998313854e-22
4.429620765777207e-22
4.413494727904453e-22
4.39660868207486e-22
4.37892681362837e-22
4.360411619500088e-22
4.341023828833668e-22
4.320722319801855e-22
4.299464031685001e-22
4.277203874014962e-22
4.253894630259153e-22
4.2294868574163597e-22
4.2039287815413273e-22
4.1771661864156427e-22
4.149142299204638e-22
4.1197976690557527e-22
4.0890700402684875e-22
4.0568942192795873e-22
4.0232019362957885e-22
3.9879216980003885e-22
3.950978636076448e-22
3.912294344666551e-22
3.8717867140501163e-22
3.829369752765028e-22
3.7849534018954843e-22
3.7384433411883444e-22
3.6897407821739943e-22
3.6387422552295137e-22
3.585339381250437e-22
3.529418632421974e-22
3.470861081417734e-22
3.4095421337978394e-22
3.3453312451087014e-22
3.278091623465857e-22
3.2076799082128494e-22
3.1339458294017686e-22
3.0567318399045183e-22
2.975872721710179e-22
2.8911951476017424e-22
2.802517206912659e-22
2.7096478717466426e-22
2.612386388617898e-22
2.510521574395721e-22
2.4038309763423044e-22
2.2920798374472015e-22
2.1750197858298384e-22
2.0523870703282108e-22
1.9239001105242184e-22
1.789255898851187e-22
1.6481243698121593e-22
1.5001390990962727e-22
1.3448807725538672e-22
1.1818454141882836e-22
1.0103772139983796e-22
8.295080668940276e-23
6.375048429200183e-23
4.3022816112625894e-23
1.918484116444742e-23
3.1892223942114956e-23
1.9669100052748613e-24
3.3008576897870447e-23
5.95495565088129e-23
8.602952877090204e-23
1.1326457566298135e-22
1.4154085383657623e-22
1.7101020545096427e-22
2.0177885409134113e-22
2.339352201914711e-22
2.6756066064800923e-22
3.0273428372192546e-22
3.395353651328895e-22
3.780447127163933e-22
4.1834549229029186e-22
4.6052379458390625e-22
5.046690497356313e-22
5.508743661492636e-22
5.992368159326028e-22
6.49857697060901e-22
7.028427870605478e-22
7.583025844860256e-22
8.163525488636902e-22
8.77113352562874e-22
9.407111318100135e-22
1.0072777360047619e-21
1.0769510090092412e-21
