2.6726886961358352e-24
2.5850968813604867e-24
2.5027175392308737e-24
2.4253654921370397e-24
2.3528654266718114e-24
2.285051495554173e-24
2.221766945053072e-24
2.1628637678645804e-24
2.108202381205713e-24
2.0576513297582573e-24
2.0110870128913747e-24
1.9683934351957226e-24
1.9294619791393796e-24
1.894191198170326e-24
1.8624866282705634e-24
1.8342606154569907e-24
1.8094321565538473e-24
1.7879267500243893e-24
1.769676253673403e-24
1.7546187457669566e-24
1.742698386285255e-24
1.733865275076063e-24
1.728075304128896e-24
1.7252900015309586e-24
1.7254763652309526e-24
1.7286066854093605e-24
1.7346583548343948e-24
1.7436136673074068e-24
1.755459604849997e-24
1.7701876149751373e-24
1.787793379585321e-24
1.8082765777072424e-24
1.8316406442167207e-24
1.8578925268939206e-24
1.8870424442353855e-24
1.91910364616153e-24
1.9540921796077547e-24
1.9920266609042548e-24
2.0329280562384964e-24
2.0768194716055873e-24
2.123725952933716e-24
2.1736742972462026e-24
2.226692875084009e-24
2.282811464568633e-24
2.3420610970817508e-24
2.404473914595106e-24
2.4700830385264694e-24
2.538922450088079e-24
2.61102688178136e-24
2.6864317202197684e-24
2.7651729199202634e-24
2.847286928174337e-24
2.9328106208423235e-24
3.02178124921834e-24
3.1142363978182755e-24
3.2102139532544338e-24
3.3097520841657455e-24
3.412889232279824e-24
3.5196641144374954e-24
3.630115735723345e-24
3.7442834136411285e-24
3.862206812716558e-24
3.9839259902321924e-24
4.109481451621952e-24
4.238914216074792e-24
4.372265891761885e-24
4.509578759642135e-24
4.6508958661070006e-24
4.7962611228992135e-24
4.945719414552657e-24
5.099316711859536e-24
5.257100190867861e-24
5.4191183568925835e-24
5.585421172288643e-24
5.756060187336568e-24
5.931088673072696e-24
6.110561756651848e-24
6.294536556012313e-24
6.483072315948961e-24
6.676230542263192e-24
6.874075135625405e-24
7.076672522545972e-24
7.28409178493927e-24
7.496404786127837e-24
7.713686293706187e-24
7.936014098876594e-24
8.163469132644966e-24
8.39613557646791e-24
8.63410097122711e-24
8.877456318956684e-24
9.126296183417369e-24
9.380718785218755e-24
9.640826092883746e-24
9.906723911046704e-24
1.0178521963622886e-23
1.045633397486719e-23
1.0740277747865207e-23
1.1030475238172342e-23
1.1327052626598078e-23
1.1630140388514907e-23
1.1939873365448014e-23
1.2256390827846005e-23
1.2579836543459373e-23
1.291035883964608e-23
1.3248110670829276e-23
1.3593249678955907e-23
1.394593826065725e-23
1.4306343628249117e-23
1.467463787863401e-23
1.5050998057732942e-23
1.5435606226071684e-23
1.5828649528601964e-23
1.6230320263104288e-23
1.664081595614492e-23
1.7060339434897147e-23
1.7489098900539237e-23
1.7927308008504915e-23
1.8375185954523443e-23
1.8832957545261e-23
1.9300853298948065e-23
1.9779109524944297e-23
2.0267968421283868e-23
2.0767678160021282e-23
2.127849299882561e-23
2.1800673368538158e-23
2.2334485986449623e-23
2.2880203954197618e-23
2.3438106880896534e-23
2.4008480984666788e-23
2.4591619213462278e-23
2.518782136251175e-23
2.5797394202632632e-23
2.64206515992746e-23
2.705791464431822e-23
2.770951179251961e-23
2.8375778984666816e-23
2.9057059797589735e-23
2.975370558588813e-23
3.0466075603112696e-23
3.1194537174539e-23
3.193946584033212e-23
3.270124548956653e-23
3.3480268547475513e-23
3.427693607752411e-23
3.5091658001726967e-23
3.5924853229008414e-23
3.6776949806313685e-23
3.764838510758321e-23
3.853960597085418e-23
3.94510689081614e-23
4.0383240234935344e-23
4.1336596226216467e-23
4.2311623349958166e-23
4.3308818372950726e-23
4.4328688539060386e-23
4.537175179937989e-23
4.643853686560242e-23
4.752958350731662e-23
4.864544262916607e-23
4.9786676425554126e-23
5.095385863577035e-23
5.214757460305883e-23
5.336842150009458e-23
5.461700838626599e-23
5.58939564931439e-23
5.719989921133691e-23
5.85354823520423e-23
5.990136421632357e-23
6.129821570385698e-23
6.272672040327158e-23
6.418757480234971e-23
6.568148821534949e-23
6.720918302499809e-23
6.877139459338236e-23
7.036887143596783e-23
7.200237516836138e-23
7.367268056988174e-23
7.53805755321229e-23
7.712686112073409e-23
7.891235139131599e-23
8.073787347450753e-23
8.26042673240989e-23
8.45123857133336e-23
8.646309395261594e-23
8.845726978123396e-23
9.049580321991868e-23
9.257959601254983e-23
9.47095616229599e-23
9.688662469121244e-23
9.91117205966848e-23
1.013857952782583e-22
1.0370980422627938e-22
1.0608471239591657e-22
1.0851149320220972e-22
1.109911280863677e-22
1.1352460535231541e-22
1.1611291976748795e-22
1.1875707108387257e-22
1.2145806348699521e-22
1.242169040337657e-22
1.2703460149099318e-22
