9.252056427020013e-21
9.499726954298085e-21
9.767210721180123e-21
1.0055025035493794e-20
1.0363725697611069e-20
1.069390774766739e-20
1.104620627130784e-20
1.1421297234385877e-20
1.1819898385037524e-20
1.224277017346604e-20
1.2690716728864736e-20
1.3164586846073774e-20
1.366527506247441e-20
1.4193722686981053e-20
1.4750918932312416e-20
1.533790203893693e-20
1.5955760419652662e-20
1.6605633845465587e-20
1.7288714611993312e-20
1.800624875177803e-20
1.8759537237099664e-20
1.9549937181715427e-20
2.0378863045623536e-20
2.1247787817156603e-20
2.2158244198219742e-20
2.3111825727902928e-20
2.4110187944170633e-20
2.5155049412608375e-20
2.6248192801330905e-20
2.739146580953079e-20
2.85867821187257e-20
2.9836122218168733e-20
3.11415341428595e-20
3.2505134113776654e-20
3.392910712319672e-20
3.541570735625603e-20
3.6967258480282275e-20
3.8586153797862275e-20
4.027485631738245e-20
4.203589855223408e-20
4.3871882237733977e-20
4.578547777704052e-20
4.777942361626379e-20
4.985652535190649e-20
5.2019654503126636e-20
5.427174736282203e-20
5.66158033280272e-20
5.905488313402104e-20
6.159210691972006e-20
6.423065182476315e-20
6.697374969911595e-20
6.982468423789443e-20
7.278678811676204e-20
7.586343973493457e-20
7.905805993004092e-20
8.237410836562433e-20
8.581507984467056e-20
8.938450017646876e-20
9.308592237111458e-20
9.692292230156276e-20
1.008990944413588e-19
1.0501804767631891e-19
1.0928340070516784e-19
1.1369877794849358e-19
1.1826780530901335e-19
1.2299410556816588e-19
1.2788129465674226e-19
1.3293297804913462e-19
1.3815274664460341e-19
1.4354417342791528e-19
1.4911081085710463e-19
1.5485618774231374e-19
1.6078380684114592e-19
1.6689714397859656e-19
1.7319964521023538e-19
1.7969472715956236e-19
1.863857763775654e-19
1.9327614847516442e-19
2.0036917166545756e-19
2.07668145037835e-19
2.1517634209350656e-19
2.228970153634452e-19
2.308333949955152e-19
2.389886948263167e-19
2.473661209704175e-19
2.559688691212331e-19
2.648001353774326e-19
2.738631199728459e-19
2.831610375543354e-19
2.9269711087048126e-19
3.0247460415399293e-19
3.124967998250426e-19
3.227670269182445e-19
3.332886572359045e-19
3.4406512718154774e-19
3.5509992909017997e-19
3.663966358498755e-19
3.779588925341686e-19
3.8979043461820804e-19
4.018950989322914e-19
4.1427681589079836e-19
4.26939637171327e-19
4.39887725774908e-19
4.531253639228278e-19
4.666569929466437e-19
4.804871515472806e-19
4.94620556398021e-19
5.090620495266565e-19
5.238166242218112e-19
5.388894682686439e-19
5.542858888146572e-19
5.70011365447317e-19
5.860715840518433e-19
6.024723335806662e-19
6.192196026590779e-19
6.363195838084177e-19
6.537786476298239e-19
6.716032622886146e-19
6.898001582008937e-19
7.083761463887767e-19
7.273383331769034e-19
7.466938701980629e-19
7.664501790086292e-19
7.86614795895548e-19
8.071953707400833e-19
8.28199859831801e-19
8.496361716191022e-19
8.715126250970464e-19
8.938374053430265e-19
9.166190625976391e-19
9.398661323533533e-19
9.635873557793004e-19
9.877913584114531e-19
1.0124874420505377e-18
1.0376844416406308e-18
1.0633913909145753e-18
1.0896175615296194e-18
1.1163723928287808e-18
1.1436650882955118e-18
1.1715050737587993e-18
1.1999015538457479e-18
1.2288640756796355e-18
1.258401994090703e-18
1.2885247701719183e-18
1.3192416415950113e-18
1.3505623355138188e-18
1.382495395229012e-18
1.4150505507578476e-18
1.4482364278440917e-18
1.482061702979381e-18
1.5165350528568798e-18
1.5516660390724844e-18
1.5874617728890806e-18
1.6239302139455691e-18
1.6610796208374164e-18
1.6989173519346854e-18
1.7374499795681296e-18
1.776684362591404e-18
1.8166258339828605e-18
1.857283201655582e-18
1.8986569142502853e-18
1.9407548606807062e-18
1.9835814149237046e-18
2.027137798825516e-18
2.0714295875860487e-18
2.1164556681285573e-18
2.1622183584933868e-18
2.208718128500307e-18
2.2559554066477423e-18
2.3039287163337792e-18
2.3526309562626082e-18
2.402067122274924e-18
2.45222368748905e-18
2.503101600668322e-18
2.5546887484189583e-18
2.6069803452711438e-18
2.6599670290738146e-18
2.713634189901734e-18
2.767973280367028e-18
2.822969365870819e-18
2.878607785725208e-18
2.934867843317244e-18
2.991739341139507e-18
3.0491844159061204e-18
3.1072057929959394e-18
3.1657691069933354e-18
3.224838943247707e-18
3.284406848302016e-18
3.3444371702796417e-18
3.4048907667987477e-18
3.4657513132043874e-18
3.5269684287301695e-18
3.5885332519124355e-18
3.650376431381234e-18
3.7124771759750715e-18
3.774815940280203e-18
3.837310225856707e-18
3.899946053807212e-18
3.962677120800055e-18
4.025437869217662e-18
4.08821793472522e-18
