5.827210319996645e-24
5.755946274180189e-24
5.6989423238722134e-24
5.6558954970314625e-24
5.626521742665005e-24
5.610554917927262e-24
5.607745814232685e-24
5.617861221601008e-24
5.64068303150897e-24
5.676007378215857e-24
5.723643819106313e-24
5.7834145551547126e-24
5.8551536921872694e-24
5.9387065441855316e-24
6.033928979677875e-24
6.140686812338488e-24
6.2588552363369925e-24
6.388318307722812e-24
6.528968471579317e-24
6.680706135714687e-24
6.84343929035746e-24
7.017083173656763e-24
7.201559982386871e-24
7.396798626621443e-24
7.60273452747369e-24
7.819309456164405e-24
8.046471412956608e-24
8.284174543969528e-24
8.532379093799393e-24
8.791051391616861e-24
9.06016386864649e-24
9.33969510428463e-24
9.629629898200609e-24
9.929959366291689e-24
1.0240681057114718e-23
1.0561799086757464e-23
1.0893324289149647e-23
1.1235274379395264e-23
1.1587674127007345e-23
1.1950555538184745e-23
1.2323958042955898e-23
1.2707928685824239e-23
1.3102522318716359e-23
1.350780179318092e-23
1.3923838150468817e-23
1.4350710808980267e-23
1.4788507746429703e-23
1.523732567740116e-23
1.5697270223262413e-23
1.6168456075750566e-23
1.6651007153040082e-23
1.7145056747280803e-23
1.7650747665161643e-23
1.8168232359534358e-23
1.869767305395825e-23
1.9239241859241508e-23
1.9793120883323356e-23
2.0359502333887875e-23
2.093858861627954e-23
2.1530592424259876e-23
2.2135736827338865e-23
2.2754255354076203e-23
2.3386392071831224e-23
2.40324016641859e-23
2.4692549506358714e-23
2.5367111742218682e-23
2.605637535729999e-23
2.6760638255737686e-23
2.748020933833917e-23
2.82154085808859e-23
2.896656711847361e-23
2.9734027329598903e-23
3.051814292815215e-23
3.131927905889753e-23
3.213781239729046e-23
3.297413125437538e-23
3.382863569390278e-23
3.4701737644503445e-23
3.5593861036617543e-23
3.6505441925151474e-23
3.7436928639543944e-23
3.8388781930601876e-23
3.9361475129746505e-23
4.035549431578211e-23
4.1371338490242433e-23
4.2409519764928836e-23
4.3470563552761885e-23
4.455500877391711e-23
4.566340807052992e-23
4.679632802524086e-23
4.7954349399025847e-23
4.9138067368787884e-23
5.034809178753388e-23
5.1585047438033077e-23
5.2849574317630124e-23
5.414232790913074e-23
5.546397948241093e-23
5.68152164081684e-23
5.819674244245448e-23
5.960927809240383e-23
6.105356092019721e-23
6.253034591165112e-23
6.404040582304048e-23
6.558453155052417e-23
6.716353251904488e-23
6.87782370690071e-23
7.042949285364471e-23
7.211816726644712e-23
7.384514785937382e-23
7.561134276779343e-23
7.741768119605532e-23
7.926511384304938e-23
8.115461339387237e-23
8.308717499915242e-23
8.506381678688864e-23
8.708558032791053e-23
8.915353124481049e-23
9.126875966213838e-23
9.343238079008781e-23
9.564553551897358e-23
9.790939093208239e-23
1.0022514094228125e-22
1.0259400687933145e-22
1.050172381094331e-22
1.0749611268003514e-22
1.1003193792891536e-22
1.1262605115913398e-22
1.152798203624214e-22
1.1799464485247923e-22
1.2077195597538145e-22
1.2361321788933568e-22
1.2651992812911363e-22
1.2949361865297676e-22
1.3253585631676705e-22
1.356482438649908e-22
1.388324205939284e-22
1.4209006325315285e-22
1.4542288680538465e-22
1.4883264540743144e-22
1.523211330648888e-22
1.558901848027215e-22
1.5954167729833788e-22
1.6327752989250334e-22
1.670997056781901e-22
1.7101021222093042e-22
1.7501110265086075e-22
1.791044767523179e-22
1.8329248156042117e-22
1.8757731312065812e-22
1.919612167582523e-22
1.9644648876738098e-22
2.010354768778335e-22
2.05730581905914e-22
2.1053425875384426e-22
2.1544901728663483e-22
2.2047742368602444e-22
2.2562210153016305e-22
2.3088573306605392e-22
2.3627106037968977e-22
2.4178088702063103e-22
2.4741807780903907e-22
2.531855622651461e-22
2.5908633365940564e-22
2.651234526501119e-22
2.713000456955052e-22
2.776193092811224e-22
2.840845091761442e-22
2.906989823372274e-22
2.974661394955909e-22
3.0438946334053103e-22
3.114725145707268e-22
3.1871892758676354e-22
3.261324169508935e-22
3.3371677627282883e-22
3.414758785515e-22
3.4941368122666963e-22
3.5753422214974807e-22
3.6584162689940273e-22
3.743401052799247e-22
3.8303395361858332e-22
3.9192755918660315e-22
4.010253961220551e-22
4.1033203404506914e-22
4.1985212814629773e-22
4.295904317249285e-22
4.395517946085609e-22
4.4974115387787605e-22
4.6016355107572315e-22
4.708241160520206e-22
4.81728087819017e-22
4.9288079491962855e-22
5.042876703750057e-22
5.159542434351716e-22
5.278861428545619e-22
5.4008909955523845e-22
5.525689509750582e-22
5.653316226760274e-22
5.78383139058387e-22
5.917296471193466e-22
6.05377363205281e-22
6.193326156025193e-22
