3.425689922053407e-24
3.2509137785319004e-24
3.0845295473899824e-24
2.9261717709833856e-24
2.775491686836878e-24
2.632156516394815e-24
2.4958487930343747e-24
2.3662657281981962e-24
2.2431186143247658e-24
2.1261322633497923e-24
2.015044479282718e-24
1.9096055635738513e-24
1.8095778514679035e-24
1.714735277418569e-24
1.6248629673957872e-24
1.5397568554294614e-24
1.4592233210363985e-24
1.3830788436869612e-24
1.3111496697352265e-24
1.2432714857904945e-24
1.1792890920021088e-24
1.1190560671073508e-24
1.0624344158297549e-24
1.0092941881120492e-24
9.595130585879053e-25
9.129758536608327e-25
8.695740143309148e-25
8.292049830210403e-25
7.9177150622085785e-25
7.57180848174433e-25
7.253439181809556e-25
6.961743225083448e-25
6.695873630307536e-25
6.454990161212383e-25
6.238249382570793e-25
6.044795538937945e-25
5.873752868883491e-25
5.724219960494295e-25
5.595266667343813e-25
5.485933936354768e-25
5.395236664151996e-25
5.322169435810571e-25
5.265714727233302e-25
5.224852943228543e-25
5.198573518079353e-25
5.185886268586481e-25
5.185832239216586e-25
5.197493412443019e-25
5.220000827681736e-25
5.2525408516863545e-25
5.294359516126515e-25
5.344764994244488e-25
5.403128393090259e-25
5.468883109183935e-25
5.541523024055161e-25
5.620599818372101e-25
5.7057196646160605e-25
5.796539526832069e-25
5.8927632576786295e-25
5.9941376452075795e-25
6.100448526838808e-25
6.211517054414454e-25
6.327196168180971e-25
6.447367316288644e-25
6.571937438165794e-25
6.700836217573641e-25
6.834013602810535e-25
6.971437582838142e-25
7.113092205665159e-25
7.258975822129621e-25
7.409099537014311e-25
7.563485847727133e-25
7.722167454734748e-25
7.88518622389975e-25
8.052592285517313e-25
8.224443255621778e-25
8.400803563173268e-25
8.581743874594842e-25
8.767340598971108e-25
8.957675469534187e-25
9.152835187543634e-25
9.352911123537114e-25
9.557999067660116e-25
9.768199023389734e-25
9.98361503826223e-25
1.0204355068384087e-24
1.0430530870305004e-24
1.066225792018623e-24
1.089965535222487e-24
1.1142845918313512e-24
1.1391955963934172e-24
1.164711541683509e-24
1.1908457793235569e-24
1.2176120209830075e-24
1.2450243411222283e-24
1.2730971801432798e-24
1.3018453487666197e-24
1.331284032796158e-24
1.3614287988014272e-24
1.3922956001462995e-24
1.423900783809983e-24
1.4562610973479192e-24
1.4893936967195346e-24
1.5233161542889782e-24
1.558046467069075e-24
1.5936030659852416e-24
1.6300048246124303e-24
1.667271069060967e-24
1.7054215877791384e-24
1.7444766416428415e-24
1.7844569746756817e-24
1.8253838248759655e-24
1.867278935373864e-24
1.9101645658704284e-24
1.9540635046886194e-24
1.998999080872571e-24
2.0449951764522193e-24
2.0920762395255295e-24
2.140267297254825e-24
2.1895939695088404e-24
2.2400824824956776e-24
2.29175968315737e-24
2.3446530534078115e-24
2.398790725667918e-24
2.4542014972863517e-24
2.510914847016025e-24
2.5689609506504054e-24
2.628370697587496e-24
2.689175707874307e-24
2.751408349204866e-24
2.8151017548903648e-24
2.8802898422819133e-24
2.947007331232927e-24
3.0152897629849395e-24
3.0851735196471165e-24
3.156695846213773e-24
3.229894867783764e-24
3.304809613986432e-24
3.38148003900393e-24
3.459947044218056e-24
3.540252501678057e-24
3.6224392762000025e-24
3.706551250805618e-24
3.7926333506544535e-24
3.880731569365986e-24
3.970892993618531e-24
4.0631658312771695e-24
4.157599437768951e-24
4.254244345929477e-24
4.3531522923774115e-24
4.454376250566348e-24
4.557970458792e-24
4.6639904514044156e-24
4.7724930957885915e-24
4.8835366182129764e-24
4.997180644123021e-24
5.113486231464398e-24
5.2325159056044065e-24
5.354333697681937e-24
5.4790051844671974e-24
5.6065975232287094e-24
5.737179498825482e-24
5.870821559947211e-24
6.0075958637246005e-24
6.147576324848957e-24
6.2908386524419545e-24
6.437460407347523e-24
6.587521041845611e-24
6.74110195744273e-24
6.898286548585461e-24
7.05916026622139e-24
7.223810670447457e-24
7.392327472077844e-24
7.56480262105542e-24
7.741330343020868e-24
7.922007213030577e-24
8.106932217257988e-24
8.296206820755994e-24
8.489935054254073e-24
8.688223551206332e-24
8.891181656339278e-24
9.098921487474816e-24
9.311558030411483e-24
9.529209181373907e-24
9.751995909584283e-24
9.98004227411143e-24
1.0213475567423789e-23
1.045242638102582e-23
1.0697028712112833e-23
1.0947420113666652e-23
1.1203741730754612e-23
1.1466138476029515e-23
1.1734759121097703e-23
1.2009756433671563e-23
1.2291287314943212e-23
1.2579512856750622e-23
1.287459872019064e-23
1.3176714896362095e-23
1.3486036263742563e-23
1.3802742494724783e-23
1.412701818019688e-23
