6.936301611663271e-24
6.941111425292614e-24
6.945704733031299e-24
6.950090613748706e-24
6.954277766379115e-24
6.958274522879374e-24
6.962088860918879e-24
6.96572841628042e-24
6.969200494954823e-24
6.972512084914475e-24
6.975669867556225e-24
6.978680228804411e-24
6.981549269869167e-24
6.984282817656824e-24
6.986886434828726e-24
6.98936542951162e-24
6.991724864656863e-24
6.993969567053673e-24
6.996104135997651e-24
6.998132951619894e-24
7.000060182879873e-24
7.001889795228397e-24
7.003625557945115e-24
7.005271051156992e-24
7.006829672543639e-24
7.008304643735046e-24
7.009699016410286e-24
7.011015678098756e-24
7.01225735769643e-24
7.013426630697988e-24
7.014525924154277e-24
7.01555752135967e-24
7.016523566275223e-24
7.017426067693704e-24
7.01826690315241e-24
7.019047822597065e-24
7.019770451804161e-24
7.020436295565048e-24
7.021046740636284e-24
7.021603058460476e-24
7.022106407662358e-24
7.022557836321562e-24
7.022958284028221e-24
7.02330858372077e-24
7.023609463311929e-24
7.023861547102909e-24
7.024065356988104e-24
7.024221313452637e-24
7.024329736362627e-24
7.024390845550208e-24
7.024404761193057e-24
7.024371503987927e-24
7.024290995119946e-24
7.024163056024092e-24
7.02398740794013e-24
7.023763671258075e-24
7.023491364653124e-24
7.023169904006859e-24
7.022798601112395e-24
7.022376662161172e-24
7.021903186005377e-24
7.021377162194183e-24
7.020797468778187e-24
7.020162869876465e-24
7.019472013001947e-24
7.018723426137945e-24
7.017915514558738e-24
7.017046557389008e-24
7.016114703891759e-24
7.015117969478504e-24
7.014054231430897e-24
7.012921224325814e-24
7.011716535152111e-24
7.010437598109131e-24
7.0090816890744e-24
7.007645919728698e-24
7.006127231324213e-24
7.004522388083244e-24
7.002827970210782e-24
7.00104036650574e-24
6.999155766554724e-24
6.99717015248967e-24
6.995079290289656e-24
6.992878720609312e-24
6.990563749110941e-24
6.988129436277426e-24
6.985570586684515e-24
6.982881737706059e-24
6.980057147624942e-24
6.977090783124754e-24
6.973976306129844e-24
6.970707059963982e-24
6.967276054795204e-24
6.963675952330324e-24
6.959899049725378e-24
6.955937262670152e-24
6.951782107607333e-24
6.947424683043518e-24
6.942855649905187e-24
6.938065210891082e-24
6.933043088771052e-24
6.927778503575339e-24
6.922260148619203e-24
6.916476165299503e-24
6.910414116600497e-24
6.904060959240507e-24
6.897403014386372e-24
6.890425936859805e-24
6.8831146827539e-24
6.875453475373439e-24
6.867425769407122e-24
6.859014213234824e-24
6.850200609266367e-24
6.840965872201069e-24
6.831289985090439e-24
6.821151953083325e-24
6.810529754715094e-24
6.79940029060297e-24
6.787739329397608e-24
6.77552145082833e-24
6.762719985671375e-24
6.749306952458493e-24
6.735252990735235e-24
6.720527290649764e-24
6.705097518663284e-24
6.688929739141168e-24
6.671988331559899e-24
6.654235903083356e-24
6.635633196197899e-24
6.6161389911176785e-24
6.595710002613672e-24
6.574300770946109e-24
6.5518635465088165e-24
6.5283481678119755e-24
6.503701932385553e-24
6.47786946017354e-24
6.45079254898281e-24
6.4224100215147355e-24
6.392657563489337e-24
6.361467552418015e-24
6.328768876550304e-24
6.2944867434955616e-24
6.258542478209667e-24
6.220853309863284e-24
6.1813321475591795e-24
6.139887344609764e-24
6.0964224517198904e-24
6.0508359594489586e-24
6.003021030946876e-24
5.952865226632741e-24
5.900250223137935e-24
5.8450515305182784e-24
5.787138212864597e-24
5.72637262043674e-24
5.662610144179635e-24
5.595699008217394e-24
5.5254801223311865e-24
5.45178702485647e-24
5.3744459587571634e-24
5.293276141295327e-24
5.208090311102343e-24
5.118695672564227e-24
5.024895405810624e-24
4.9264909841178824e-24
4.823285645015959e-24
4.7150895154697216e-24
4.60172712263066e-24
4.4830483627832865e-24
4.3589445211780496e-24
4.229371721989877e-24
4.094385395209496e-24
3.9541912007599146e-24
3.80922069394083e-24
3.6602443349547526e-24
3.508540832398453e-24
3.3561506970413234e-24
3.2062526082753044e-24
3.06370930259044e-24
2.9358207030404814e-24
2.8332610963623737e-24
2.771007189921543e-24
2.7687659340940156e-24
2.8502105397045104e-24
3.04086359106986e-24
3.366046270161831e-24
3.8515264237689426e-24
4.528554197692144e-24
5.443359146428475e-24
6.67201954834285e-24
8.345629242341334e-24
1.0697795434674682e-23
1.4155247587289478e-23
1.9454265981303936e-23
2.7167619314000786e-23
3.327147959207756e-23
2.9476452894658846e-23
2.2186592346994977e-23
1.6812849355251757e-23
1.3230871325407813e-23
1.0758261225681254e-23
8.970941501318121e-24
