1.415780728576863e-24
1.4010803139983779e-24
1.387553836497201e-24
1.3751185408950324e-24
1.3636963522469807e-24
1.3532137732218241e-24
1.3436017635294682e-24
1.334795603591759e-24
1.326734744850875e-24
1.3193626491975195e-24
1.312626619995756e-24
1.3064776270992336e-24
1.3008701281131072e-24
1.2957618879719877e-24
1.2911137986930289e-24
1.2868897009369848e-24
1.283056208779123e-24
1.2795825388645732e-24
1.2764403449072762e-24
1.273603558286523e-24
1.271048235317562e-24
1.2687524115993733e-24
1.2666959637053684e-24
1.2648604783538892e-24
1.2632291290902133e-24
1.2617865604231918e-24
1.2605187792874116e-24
1.2594130536438252e-24
1.2584578179870287e-24
1.2576425854934449e-24
1.2569578665209475e-24
1.256395093154416e-24
1.2559465494828035e-24
1.2556053072902084e-24
1.2553651668445523e-24
1.2552206024726624e-24
1.2551667126183638e-24
1.2551991740903979e-24
1.2553142002185043e-24
1.255508502648988e-24
1.2557792565245497e-24
1.2561240688070667e-24
1.2565409495160074e-24
1.2570282856692932e-24
1.257584817726703e-24
1.2582096183495863e-24
1.2589020733032867e-24
1.2596618643407006e-24
1.2604889539174331e-24
1.2613835715995774e-24
1.2623462020358747e-24
1.2633775743752311e-24
1.264478653020175e-24
1.2656506296147595e-24
1.2668949161734622e-24
1.2682131392647336e-24
1.2696071351695641e-24
1.2710789459414123e-24
1.2726308162994546e-24
1.274265191292176e-24
1.2759847146729463e-24
1.2777922279333887e-24
1.2796907699440776e-24
1.2816835771554492e-24
1.2837740843149754e-24
1.285965925659121e-24
1.2882629365410934e-24
1.2906691554574266e-24
1.2931888264382353e-24
1.2958264017676485e-24
1.2985865450019566e-24
1.3014741342545509e-24
1.3044942657173436e-24
1.307652257389277e-24
1.3109536529831463e-24
1.3144042259824743e-24
1.3180099838205056e-24
1.321777172153896e-24
1.325712279203708e-24
1.3298220401367367e-24
1.3341134414602234e-24
1.3385937254034257e-24
1.3432703942595853e-24
1.3481512146621743e-24
1.3532442217696227e-24
1.3585577233332958e-24
1.3641003036239083e-24
1.3698808271923122e-24
1.3759084424415145e-24
1.3821925849877025e-24
1.3887429807893674e-24
1.3955696490250129e-24
1.4026829047015837e-24
1.410093360977631e-24
1.4178119311873952e-24
1.425849830554247e-24
1.4342185775846753e-24
1.4429299951367027e-24
1.4519962111596986e-24
1.461429659105947e-24
1.4712430780175703e-24
1.481449512296126e-24
1.4920623111660907e-24
1.503095127846817e-24
1.5145619184520876e-24
1.5264769406396658e-24
1.5388547520375397e-24
1.5517102084771111e-24
1.5650584620672542e-24
1.5789149591467083e-24
1.5932954381552783e-24
1.6082159274674043e-24
1.6236927432341257e-24
1.639742487281614e-24
1.656382045116247e-24
1.673628584087443e-24
1.6914995517603038e-24
1.7100126745502864e-24
1.7291859566721117e-24
1.749037679454101e-24
1.7695864010681237e-24
1.790850956723342e-24
1.812850459370043e-24
1.8356043009567204e-24
1.8591321542810944e-24
1.8834539754718124e-24
1.9085900071342583e-24
1.9345607821898026e-24
1.961387128433746e-24
1.9890901738330223e-24
2.017691352580432e-24
2.047212411917867e-24
2.077675419736975e-24
2.109102772961414e-24
2.1415172067111176e-24
2.174941804245288e-24
2.2094000076774734e-24
2.2449156294528482e-24
2.281512864575315e-24
2.3192163035692735e-24
2.3580509461591706e-24
2.3980422156480813e-24
2.4392159739751745e-24
2.48159853743127e-24
2.525216693010618e-24
2.5700977153773725e-24
2.6162693844246774e-24
2.6637600034051624e-24
2.7125984176119437e-24
2.7628140335904496e-24
2.8144368388621238e-24
2.867497422142786e-24
2.9220269940397696e-24
2.9780574082134024e-24
3.03562118299072e-24
3.0947515234204464e-24
3.1554823437609e-24
3.21784829039405e-24
3.281884765161103e-24
3.347627949117288e-24
3.4151148267050596e-24
3.4843832103475676e-24
3.55547176546594e-24
3.628420035926086e-24
3.7032684699226315e-24
3.78005844630974e-24
3.85883230139034e-24
3.9396333561773595e-24
4.022505944142416e-24
4.107495439469146e-24
4.1946482858305786e-24
4.2840120257115595e-24
4.375635330299175e-24
4.4695680299660926e-24
4.565861145373825e-24
4.6645669192245196e-24
4.7657388486925445e-24
4.869431718568906e-24
4.97570163515403e-24
5.0846060609367786e-24
5.196203850100504e-24
5.31055528489949e-24
5.427722112952419e-24
5.547767585502808e-24
5.670756496700397e-24
5.796755223961519e-24
5.9258317694706e-24
6.058055802891465e-24
6.193498705361572e-24
6.33223361484981e-24
6.4743354729656434e-24
6.619881073316069e-24
6.768949111516519e-24
6.92162023697241e-24
7.077977106562024e-24
7.23810444036446e-24
7.402089079594243e-24
7.570020046923577e-24
7.741988609395333e-24
7.918088344156282e-24
8.09841520727104e-24
