6.484229418484903e-23
6.501793365831119e-23
6.518546655288058e-23
6.534524841533042e-23
6.549761833417184e-23
6.564289966030387e-23
6.578140069418666e-23
6.591341534095324e-23
6.603922373487111e-23
6.615909283448785e-23
6.627327698977877e-23
6.638201848238664e-23
6.648554804022607e-23
6.658408532753458e-23
6.667783941129864e-23
6.676700920520956e-23
6.685178389200007e-23
6.693234332507685e-23
6.700885841028043e-23
6.70814914686812e-23
6.715039658100373e-23
6.721571991468988e-23
6.727760003392388e-23
6.733616819363934e-23
6.739154861791923e-23
6.744385876337057e-23
6.749320956827047e-23
6.753970568755767e-23
6.75834457148119e-23
6.762452239090412e-23
6.76630228005923e-23
6.769902855666941e-23
6.773261597278824e-23
6.776385622477978e-23
6.779281550093489e-23
6.78195551419122e-23
6.784413177006881e-23
6.786659740863658e-23
6.788699959134985e-23
6.790538146198857e-23
6.792178186503736e-23
6.793623542668079e-23
6.79487726268992e-23
6.795941986252286e-23
6.796819950163217e-23
6.797512992925138e-23
6.798022558408447e-23
6.798349698684507e-23
6.79849507606172e-23
6.798458964152014e-23
6.798241248188736e-23
6.797841424458656e-23
6.797258598848192e-23
6.796491484591107e-23
6.795538399045438e-23
6.794397259705797e-23
6.793065579229074e-23
6.791540459576786e-23
6.789818585254723e-23
6.787896215566979e-23
6.785769175920623e-23
6.783432848144789e-23
6.780882159749804e-23
6.778111572179253e-23
6.775115067911917e-23
6.771886136505048e-23
6.768417759455023e-23
6.764702393753116e-23
6.760731954369478e-23
6.756497795219541e-23
6.751990688969545e-23
6.747200805196173e-23
6.74211768718873e-23
6.736730227270419e-23
6.731026640174522e-23
6.724994435098418e-23
6.718620385563794e-23
6.711890497688445e-23
6.704789976180504e-23
6.697303188328877e-23
6.689413625932363e-23
6.681103864494095e-23
6.672355520055855e-23
6.663149203689224e-23
6.653464472496616e-23
6.64327977829915e-23
6.63257241267361e-23
6.621318448789671e-23
6.60949267965108e-23
6.597068552413554e-23
6.584018098565551e-23
6.570311859681195e-23
6.555918808849469e-23
6.540806266463704e-23
6.524939810758031e-23
6.508283183321066e-23
6.490798187055482e-23
6.47244457852064e-23
6.453179952460454e-23
6.432959619327497e-23
6.411736472991535e-23
6.389460850936806e-23
6.366080383493651e-23
6.341539833238839e-23
6.315780922175599e-23
6.288742146745341e-23
6.26035857970739e-23
6.230561655176352e-23
6.199278940629573e-23
6.166433887942427e-23
6.131945567039225e-23
6.09572837812085e-23
6.057691739413377e-23
6.01773975037745e-23
5.975770826349079e-23
5.93167730175583e-23
5.885344998916747e-23
5.836652758791473e-23
5.785471929752537e-23
5.731665807548105e-23
5.67508902638415e-23
5.615586886367418e-23
5.552994620329111e-23
5.487136584558946e-23
5.417825367807789e-23
5.344860807465218e-23
5.2680289016994473e-23
5.187100601479662e-23
5.101830471841705e-23
5.0119551968347137e-23
4.91719191344669e-23
4.817236346871202e-23
4.711760720015916e-23
4.600411400312598e-23
4.4828062534853466e-23
4.358531648569212e-23
4.227139068499641e-23
4.088141267652966e-23
3.941007898910655e-23
3.785160539167737e-23
3.619967024671414e-23
3.4447350089073914e-23
3.258704653191375e-23
3.061040431128632e-23
2.850822075011861e-23
2.6270349916828256e-23
2.3885610697407277e-23
2.1341723452254117e-23
1.8625343355010338e-23
1.572239009213714e-23
1.261935306624597e-23
9.308471102423368e-24
5.815036290479614e-24
2.4966059762495213e-24
3.276529355114337e-24
7.475540882250452e-24
1.2348019324010516e-23
1.772627929350338e-23
2.3636773409493568e-23
3.014343570448901e-23
3.733251951896999e-23
4.531308531490889e-23
5.422205870254704e-23
6.423258768550784e-23
7.556641652255786e-23
8.851209967909066e-23
1.0345228977203351e-22
1.2090572181869535e-22
1.415939579525668e-22
1.6655172671134145e-22
1.9731802341368907e-22
2.3628632788139845e-22
2.8739274715523267e-22
3.5759312870211402e-22
4.604235572530611e-22
6.260636674879054e-22
9.372178578897393e-22
1.711798087280039e-21
4.157387683331126e-21
2.1611421982356094e-21
1.148391594186218e-21
7.7676458372326235e-22
5.877062476145527e-22
4.729115700082496e-22
3.9523191876668965e-22
3.3864115381081995e-22
2.951181888329742e-22
2.6020873469769315e-22
2.3124123099032257e-22
2.0651500385960856e-22
1.8489457535349384e-22
1.6559144593906432e-22
1.480396168540236e-22
1.3182103233081807e-22
1.1661913438378406e-22
1.021888797289582e-22
8.833702051745585e-23
7.490895724138794e-23
6.178049532991206e-23
4.885442082188909e-23
3.6066304341027713e-23
