2.4960272203621966e-24
2.3908742712226177e-24
2.2907007848301495e-24
2.1952930814275685e-24
2.104447440797677e-24
2.017969647744822e-24
1.935674555468185e-24
1.857385665682905e-24
1.7829347244203644e-24
1.7121613325755313e-24
1.6449125702003164e-24
1.5810426337916535e-24
1.5204124856711875e-24
1.4628895149401706e-24
1.4083472092998347e-24
1.3566648374226162e-24
1.3077271414809603e-24
1.2614240397587103e-24
1.2176503392835319e-24
1.1763054587873237e-24
1.1372931621857948e-24
1.10052130327516e-24
1.065901582194398e-24
1.0333493145851622e-24
1.0027832142957352e-24
9.741251906550972e-25
9.473001612864036e-25
9.222358814662227e-25
8.988627907832076e-25
8.77113877753478e-25
8.569245628557812e-25
8.382325998947132e-25
8.209779955590497e-25
8.051029463438886e-25
7.905517918347857e-25
7.772709827627388e-25
7.652090620345327e-25
7.543166565341341e-25
7.445464773387208e-25
7.358533257467674e-25
7.281941026503526e-25
7.215278187330019e-25
7.158156030606025e-25
7.110207081041116e-25
7.071085093129475e-25
7.04046497826289e-25
7.018042652647408e-25
7.003534799849536e-25
6.996678543848425e-25
6.99723103500325e-25
7.004968950419516e-25
7.0196879179802e-25
7.041201868542011e-25
7.069342331116098e-25
7.103957677384364e-25
7.144912329951953e-25
7.192085945819341e-25
7.245372585002086e-25
7.304679878496746e-25
7.369928199742268e-25
7.441049856216717e-25
7.517988303586568e-25
7.600697390259318e-25
7.689140640901931e-25
7.783290580178003e-25
7.883128101003673e-25
7.988641881059728e-25
8.099827845827453e-25
8.216688683174947e-25
8.33923340377785e-25
8.46747695138285e-25
8.601439857119266e-25
8.741147940312346e-25
8.886632047453757e-25
9.037927834033064e-25
9.195075579226237e-25
9.358120037084317e-25
9.527110313620792e-25
9.70209977680665e-25
9.883145985959514e-25
1.0070310646040564e-24
1.0263659579085926e-24
1.0463262715503134e-24
1.066919409349268e-24
1.0881531879077524e-24
1.1100358388504076e-24
1.1325760124922307e-24
1.1557827820406446e-24
1.1796656482023606e-24
1.2042345446555754e-24
1.2294998436294168e-24
1.2554723618312759e-24
1.2821633665628312e-24
1.3095845823830284e-24
1.337748197290336e-24
1.3666668696314505e-24
1.3963537347753033e-24
1.4268224118772604e-24
1.4580870108984336e-24
1.4901621394778068e-24
1.5230629103587933e-24
1.5568049480437533e-24
1.5914043964603287e-24
1.626877926126664e-24
1.6632427420541505e-24
1.7005165908286895e-24
1.7387177689203154e-24
1.7778651308520436e-24
1.817978096932682e-24
1.8590766622348425e-24
1.9011814047798712e-24
1.9443134952512457e-24
1.9884947056010147e-24
2.033747418787039e-24
2.08009463890005e-24
2.1275600009430375e-24
2.17616778174166e-24
2.22594291060375e-24
2.276910980700765e-24
2.3290982607737057e-24
2.3825317066363668e-24
2.43723897469128e-24
2.4932484335668888e-24
2.5505891781874966e-24
2.609291043272669e-24
2.669384617402193e-24
2.7309012579305193e-24
2.793873105552307e-24
2.8583331003479206e-24
2.9243149977147305e-24
2.991853383967476e-24
3.0609836953085133e-24
3.131742233514065e-24
3.2041661845822503e-24
3.2782936379067437e-24
3.354163604328119e-24
3.4318160364535974e-24
3.511291848479213e-24
3.592632936913735e-24
3.675882202554747e-24
3.7610835716072765e-24
3.8482820186577875e-24
3.937523588252505e-24
4.028855421527101e-24
4.122325777911543e-24
4.217984060796419e-24
4.315880843162859e-24
4.4160678949521916e-24
4.518598207683345e-24
4.6235260235890766e-24
4.730906863277426e-24
4.8407975554036235e-24
4.9532562650201775e-24
5.068342526899996e-24
5.186117271281234e-24
5.306642862994527e-24
5.4299831265527735e-24
5.556203384791018e-24
5.685370494326263e-24
5.817552875440706e-24
5.9528205510784596e-24
6.0912451830718985e-24
6.232900112051487e-24
6.377860392826106e-24
6.526202837892527e-24
6.678006050993225e-24
6.833350476591648e-24
6.99231843925512e-24
7.154994181725872e-24
7.32146391909508e-24
7.49181587596073e-24
7.666140346064759e-24
7.84452971856975e-24
8.027078543217701e-24
8.213883578253609e-24
8.405043833402904e-24
8.60066063620388e-24
8.800837676436739e-24
9.005681050987e-24
9.215299343120107e-24
9.429803667974579e-24
9.649307723661247e-24
9.873927862961202e-24
1.0103783137566945e-23
1.0338995414838286e-23
1.0579689337848745e-23
1.0825992530495414e-23
1.1078035515460025e-23
1.1335951915084525e-23
1.1599878419932641e-23
1.1869954944305517e-23
1.2146324653464955e-23
1.2429134018936783e-23
1.2718532935620262e-23
1.3014674845821054e-23
1.3317716654558874e-23
1.3627819039061425e-23
1.3945146316749518e-23
1.4269866725493506e-23
1.4602152337903488e-23
1.4942179319438014e-23
