1.971695902161191e-23
1.9737654007907716e-23
1.9757349097748363e-23
1.9776086052657888e-23
1.9793904603117115e-23
1.981084253269003e-23
1.9826935758037974e-23
1.9842218404987142e-23
1.9856722880808928e-23
1.9870479942858114e-23
1.9883518763731168e-23
1.989586699305906e-23
1.9907550816082505e-23
1.9918595009124327e-23
1.99290229920746e-23
1.993885687801377e-23
1.9948117520048727e-23
1.9956824555502963e-23
1.9964996447494993e-23
1.9972650524075347e-23
1.9979803014901445e-23
1.9986469085638064e-23
1.999266287004983e-23
1.9998397499949802e-23
2.000368513298362e-23
2.0008536978368584e-23
2.001296332061381e-23
2.0016973541272027e-23
2.0020576138773472e-23
2.0023778746388842e-23
2.0026588148349247e-23
2.0029010294140408e-23
2.0031050311074252e-23
2.0032712515040026e-23
2.0034000419581788e-23
2.003491674323601e-23
2.0035463415188162e-23
2.0035641579234885e-23
2.003545159608149e-23
2.0034893043950677e-23
2.0033964717519418e-23
2.003266462520456e-23
2.0030989984723745e-23
2.0028937216981882e-23
2.002650193825393e-23
2.0023678950630597e-23
2.0020462230701444e-23
2.001684491645814e-23
2.0012819292429926e-23
2.000837677292953e-23
2.0003507883421715e-23
1.9998202239984506e-23
1.9992448526790707e-23
1.9986234471573246e-23
1.9979546818934273e-23
1.9972371301681428e-23
1.996469260973458e-23
1.995649435689035e-23
1.9947759045225216e-23
1.9938468026969904e-23
1.9928601463874456e-23
1.9918138284068976e-23
1.9907056135910012e-23
1.9895331339308485e-23
1.988293883385387e-23
1.9869852123946214e-23
1.985604322066815e-23
1.984148258045706e-23
1.9826139039892288e-23
1.9809979747346e-23
1.979297009015783e-23
1.9775073618390525e-23
1.9756251963931024e-23
1.973646475540837e-23
1.9715669528259203e-23
1.9693821630136585e-23
1.9670874121119093e-23
1.964677766826521e-23
1.96214804350499e-23
1.9594927964086685e-23
1.956706305426646e-23
1.9537825630662933e-23
1.950715260799693e-23
1.9474977745900297e-23
1.9441231497075103e-23
1.9405840847016112e-23
1.936872914424617e-23
1.9329815922293102e-23
1.9289016710963543e-23
1.9246242837731305e-23
1.9201401216897214e-23
1.9154394128318885e-23
1.9105118982388894e-23
1.9053468071797803e-23
1.8999328308614255e-23
1.8942580946088378e-23
1.88831012843353e-23
1.8820758356990608e-23
1.8755414599518957e-23
1.868692549679584e-23
1.8615139207833242e-23
1.8539896167097726e-23
1.8461028658424476e-23
1.837836036231427e-23
1.8291705869644205e-23
1.8200870162685296e-23
1.810564806015535e-23
1.8005823617446134e-23
1.7901169485693727e-23
1.7791446218878462e-23
1.7676401524096115e-23
1.7555769451210013e-23
1.7429269514045234e-23
1.729660572859879e-23
1.7157465569922466e-23
1.701151882184006e-23
1.6858416316393886e-23
1.6697788542111442e-23
1.6529244099460268e-23
1.635236798321816e-23
1.6166719661459025e-23
1.5971830917512107e-23
1.5767203409389016e-23
1.555230589893036e-23
1.53265710893684e-23
1.5089391975174143e-23
1.4840117635158217e-23
1.457804831137777e-23
1.4302429644178886e-23
1.4012445838930736e-23
1.3707211516853232e-23
1.3385761917221858e-23
1.3047040990134964e-23
1.2689886811166247e-23
1.231301352573294e-23
1.1914988771682092e-23
1.1494205127932934e-23
1.1048843580430646e-23
1.0576826222531782e-23
1.007575417576866e-23
9.542825029583056e-24
8.974721393665609e-24
8.367458266003144e-24
7.716170815059974e-24
7.014815530457814e-24
6.255746207587518e-24
5.429118941071915e-24
4.5221185031823e-24
3.518342275859768e-24
2.400392725521659e-24
1.194183744859808e-24
9.258528682044528e-25
2.6469339644734234e-24
5.152158705250849e-24
8.804178189566932e-24
1.4971229889986305e-23
2.909212562016102e-23
1.088709143056293e-22
6.067890634155509e-23
2.4365415177535955e-23
1.4056093260476572e-23
8.742601226760561e-24
5.2138797475856326e-24
2.5525551758060948e-24
9.502121006463743e-25
2.2847740196844757e-24
4.167992386542181e-24
6.047160710302245e-24
7.916187471755322e-24
9.792454096660893e-24
1.1692398019677192e-23
1.3629694810534442e-23
1.561572592010074e-23
1.766020126583628e-23
1.977165590265633e-23
2.1957813936449923e-23
2.4225851673882544e-23
2.6582589423019543e-23
2.9034633520749e-23
3.158848348741771e-23
3.425061477132819e-23
3.7027544373334956e-23
3.9925883670409333e-23
4.295238266641156e-23
4.6113967589209156e-23
4.941777375873488e-23
5.287117536517601e-23
5.648181221678891e-23
6.025761586163952e-23
6.420683327862413e-23
6.833805098920308e-23
7.266021825113693e-23
7.718267052865442e-23
8.191515248017587e-23
8.686784263199843e-23
9.205137647773857e-23
9.747687287364456e-23
1.0315595858274424e-22
1.0910079594481435e-22
1.1532411003036075e-22
1.2183921725252305e-22
