8.748351391595622e-23
8.461957651439631e-23
8.20140548420722e-23
7.966155938292564e-23
7.755725166618992e-23
7.569683534302935e-23
7.407654855466832e-23
7.269315758972979e-23
7.154395183265715e-23
7.062674000951971e-23
6.993984774195631e-23
6.948211642494414e-23
6.925290344896603e-23
6.925208379258008e-23
6.948005301701535e-23
6.993773170051216e-23
7.062657135662312e-23
7.154856188766386e-23
7.270624063217873e-23
7.410270307328077e-23
7.574161528386131e-23
7.762722819408782e-23
7.976439377730126e-23
8.215858326197202e-23
8.481590748981631e-23
8.774313955432851e-23
9.094773986910327e-23
9.443788383227307e-23
9.822249227216042e-23
1.0231126487992244e-22
1.0671471685817494e-22
1.1144421904020549e-22
1.165120417630921e-22
1.219314028103566e-22
1.2771651977538407e-22
1.338826672376001e-22
1.4044623918844834e-22
1.474248171955786e-22
1.5483724485113106e-22
1.627037091152845e-22
1.710458292399012e-22
1.7988675404141957e-22
1.8925126838628417e-22
1.9916590986190636e-22
2.0965909672901175e-22
2.2076126839327377e-22
2.325050397959101e-22
2.4492537131025404e-22
2.580597559441098e-22
2.7194842589737083e-22
2.866345808076368e-22
3.021646403521182e-22
3.185885242548043e-22
3.359599632011878e-22
3.543368446856567e-22
3.7378159842852304e-22
3.943616267282188e-22
4.1614978595522484e-22
4.392249264078336e-22
4.636724989349295e-22
4.89585238151383e-22
5.170639337608926e-22
5.462183035258543e-22
5.771679838581529e-22
6.100436569526606e-22
6.4498833692390205e-22
6.82158841761828e-22
7.217274831921362e-22
7.638840130715914e-22
8.0883787288939345e-22
8.568208029764873e-22
9.08089880339405e-22
9.629310696398326e-22
1.0216633913412847e-21
1.0846438359507374e-21
1.1522731849479348e-21
1.225002939818864e-21
1.3033436133113303e-21
1.3878747059108882e-21
1.4792567813882562e-21
1.578246174914285e-21
1.685713029141888e-21
1.8026635700851954e-21
1.9302678346057744e-21
2.0698944699948047e-21
2.2231548036398357e-21
2.391959198507512e-21
2.578589882861305e-21
2.7857961592473753e-21
3.0169204389952796e-21
3.2760674361893184e-21
3.568334737336081e-21
3.900132471951305e-21
4.279634908184614e-21
4.717432204786068e-21
5.227493980695224e-21
5.828633722275821e-21
6.5468061116772266e-21
7.418847381474456e-21
8.498837943295616e-21
9.869511637393928e-21
1.166407975423209e-20
1.4111506783216204e-20
1.7640870059339607e-20
2.3158773828776228e-20
3.2954645213384835e-20
5.47716138068764e-20
1.3094486459944457e-19
1.3308537540328506e-19
5.846302598343148e-20
3.6880943707696847e-20
2.7154841859577486e-20
2.1665925304971103e-20
1.8150895931965072e-20
1.5711226892455665e-20
1.392098444090642e-20
1.2552629411082273e-20
1.147367097257754e-20
1.0601769979397022e-20
9.883075938195318e-21
9.280892893424135e-21
8.769354785287653e-21
8.329705429373758e-21
7.948012725103993e-21
7.613711005365142e-21
7.31864164105631e-21
7.056403954433437e-21
6.821905252364128e-21
6.611042365545497e-21
6.420471799426849e-21
6.247441084803534e-21
6.089663109205476e-21
5.945221176992907e-21
5.812496348470058e-21
5.690111231623865e-21
5.5768859786597526e-21
5.471803573087431e-21
5.373982127280236e-21
5.282652630111008e-21
5.19714092765957e-21
5.116853020836462e-21
5.0412629689718615e-21
4.969902910516045e-21
4.902354743809613e-21
4.838243186743572e-21
4.777229924302677e-21
4.719008635190609e-21
4.663300831068756e-21
4.609852236311765e-21
4.5584297183438144e-21
4.508818619377979e-21
4.460820498009543e-21
4.4142510647463284e-21
4.368938508262636e-21
4.32472190524908e-21
4.28144991898716e-21
4.238979575824745e-21
4.1971752227272715e-21
4.155907580938936e-21
4.115052906275186e-21
4.074492204212306e-21
4.034110560088813e-21
3.9937965232530795e-21
3.953441496484455e-21
3.912939257471627e-21
3.87218545492251e-21
3.831077129994278e-21
3.789512364122968e-21
3.747389808691931e-21
3.704608366324618e-21
3.66106684256896e-21
3.616663556687952e-21
3.571296081322133e-21
3.5248608880746e-21
3.4772530698121626e-21
3.4283660332088274e-21
3.3780912300649217e-21
3.3263178261535034e-21
3.2729324891883878e-21
3.2178190465400894e-21
3.160858219351296e-21
3.1019273854707002e-21
3.040900249015113e-21
2.977646573758651e-21
2.9120318758668117e-21
2.843917176252523e-21
2.7731586749325624e-21
2.699607434676347e-21
2.6231091096559063e-21
2.5435035865077185e-21
2.460624696360932e-21
2.374299887022073e-21
2.2843498332869916e-21
2.190588147721049e-21
2.092820974741785e-21
1.9908466492974897e-21
1.884455319685162e-21
1.7734285172754056e-21
1.6575388143716233e-21
1.5365493526585518e-21
1.4102134755291221e-21
