7.14975525437212e-23
7.151309505693649e-23
7.152788040027181e-23
7.154193995285726e-23
7.155530355270576e-23
7.156799956012369e-23
7.158005491807831e-23
7.159149520933218e-23
7.160234471089276e-23
7.161262644553338e-23
7.162236223080699e-23
7.163157272529587e-23
7.164027747251611e-23
7.164849494248398e-23
7.165624257092271e-23
7.166353679624634e-23
7.167039309449624e-23
7.167682601226853e-23
7.16828491974453e-23
7.168847542832018e-23
7.16937166406293e-23
7.16985839529606e-23
7.170308769025047e-23
7.170723740578753e-23
7.171104190137374e-23
7.171450924611567e-23
7.171764679346838e-23
7.172046119673838e-23
7.172295842336496e-23
7.172514376741641e-23
7.172702186082908e-23
7.17285966832457e-23
7.172987157034018e-23
7.173084922095465e-23
7.173153170274364e-23
7.173192045634647e-23
7.173201629867825e-23
7.173181942431207e-23
7.173132940623102e-23
7.173054519412676e-23
7.172946511288593e-23
7.172808685842625e-23
7.172640749275243e-23
7.172442343784998e-23
7.172213046766612e-23
7.171952369922048e-23
7.171659758196707e-23
7.171334588571073e-23
7.170976168759478e-23
7.170583735667663e-23
7.17015645381286e-23
7.169693413447668e-23
7.169193628680045e-23
7.16865603529034e-23
7.168079488452808e-23
7.167462760319635e-23
7.166804537289277e-23
7.166103417238009e-23
7.16535790646687e-23
7.164566416481416e-23
7.163727260584797e-23
7.162838650204403e-23
7.161898690998641e-23
7.160905378846902e-23
7.159856595407243e-23
7.158750103621788e-23
7.15758354276602e-23
7.156354423406547e-23
7.15506012195181e-23
7.153697874968152e-23
7.152264773107604e-23
7.150757754857481e-23
7.149173599773961e-23
7.147508921525985e-23
7.145760160399654e-23
7.143923575574002e-23
7.141995236871886e-23
7.139971016176058e-23
7.137846578257214e-23
7.135617371335539e-23
7.133278616970364e-23
7.130825299404779e-23
7.128252154634145e-23
7.125553658598368e-23
7.122724014972934e-23
7.119757142117102e-23
7.116646659595983e-23
7.113385873883368e-23
7.109967763255186e-23
7.106384962035048e-23
7.102629744085952e-23
7.098694004967891e-23
7.094569243972691e-23
7.090246544361117e-23
7.085716553451278e-23
7.080969460497412e-23
7.075994974871153e-23
7.070782301631428e-23
7.065320116830741e-23
7.059596541309424e-23
7.053599112550667e-23
7.047314755200421e-23
7.040729750866109e-23
7.033829705089205e-23
7.026599513261194e-23
7.01902332418541e-23
7.01108450171529e-23
7.002765584924438e-23
6.994048245061181e-23
6.984913240436622e-23
6.975340369292158e-23
6.965308418822191e-23
6.954795112479417e-23
6.943777053241019e-23
6.932229664509075e-23
6.92012712592248e-23
6.907442307075522e-23
6.894146696071997e-23
6.880210324911303e-23
6.865601688170387e-23
6.850287659019735e-23
6.834233398047854e-23
6.817402257514527e-23
6.799755678504903e-23
6.78125308224646e-23
6.761851753403549e-23
6.741506716054593e-23
6.72017060064133e-23
6.697793502078147e-23
6.674322830209808e-23
6.649703142903555e-23
6.623875976162137e-23
6.596779654562567e-23
6.568349091755478e-23
6.53851557261269e-23
6.507206521288354e-23
6.474345251974503e-23
6.439850693937219e-23
6.403637102647296e-23
6.365613737788294e-23
6.325684525866281e-23
6.283747679357057e-23
6.239695294609131e-23
6.193412907594382e-23
6.144779012847205e-23
6.093664530841281e-23
6.03993223546068e-23
5.983436112478997e-23
5.924020666200429e-23
5.861520148415928e-23
5.79575770838535e-23
5.726544451483906e-23
5.653678401427489e-23
5.57694333303317e-23
5.496107483205924e-23
5.410922106768768e-23
5.321119851741656e-23
5.226412944157781e-23
5.126491137823951e-23
5.0210193852164955e-23
4.909635222240665e-23
4.7919457598586676e-23
4.6675242859407336e-23
4.53590634480059e-23
4.396585246967852e-23
4.249006889633849e-23
4.092563764265813e-23
3.9265879996138104e-23
3.750343261978262e-23
3.563015297093475e-23
3.363700893896392e-23
3.151394972580993e-23
2.9249755982524415e-23
2.6831868015434983e-23
2.4246195389885884e-23
2.147692516387948e-23
1.850638701474594e-23
1.5315176294883156e-23
1.188332353627373e-23
8.19658449515397e-24
4.294627952463621e-24
1.6159053319935557e-24
5.42882798128575e-24
1.056943009377812e-23
1.6308004423657127e-23
2.2676358618116935e-23
2.9767776766186795e-23
3.7710515059149425e-23
4.6672123964780813e-23
5.68722219974473e-23
6.860329288776903e-23
8.22633829283718e-23
9.840865552314945e-23
1.1784111973841688e-22
1.4176227646751224e-22
1.7205864625954533e-22
2.1187322395935006e-22
2.668636536815496e-22
3.483504475098805e-22
4.827703815274959e-22
7.495059552275957e-22
