2.094128831975014e-11
2.046703133096601e-11
2.0001537242091054e-11
1.9553977560162402e-11
1.9098319280788943e-11
1.8663946572391267e-11
1.823778983150071e-11
1.7827285012536188e-11
1.7420936525808307e-11
1.7024249198081936e-11
1.663696293129174e-11
1.6242846379203075e-11
1.587680238503933e-11
1.5516258502932756e-11
1.5159657794838305e-11
1.481093113290929e-11
1.4467480801228169e-11
1.4137791739082651e-11
1.3807364348069014e-11
1.3489651178353535e-11
1.3178885288079464e-11
1.2877592175343812e-11
1.257676255733005e-11
1.2286731107841671e-11
1.2001445148212083e-11
1.1718948917270111e-11
1.1451489232492907e-11
1.1182511858948292e-11
1.0922952523376784e-11
1.06693310127395e-11
1.0420519982572667e-11
1.0172482676837808e-11
9.935355244534246e-12
9.704079591192062e-12
9.475974239841977e-12
9.254232873571282e-12
9.034611933000921e-12
8.822063841290813e-12
8.611413799487613e-12
8.40736342415243e-12
8.208051378948395e-12
8.01197107614299e-12
7.821476940797569e-12
7.633177229679294e-12
7.4501164408942e-12
7.272479561423565e-12
7.0960915478473715e-12
6.9254575197966305e-12
6.757544180947178e-12
6.5926608660433986e-12
6.433712612856988e-12
6.274695266496878e-12
6.123514142373264e-12
5.97224652953381e-12
5.8246026287309795e-12
5.680526273432895e-12
5.539987969125158e-12
5.401843478472265e-12
5.2664628537998304e-12
5.1346064869302136e-12
5.005159000262776e-12
4.8781138226413796e-12
4.754832069564225e-12
4.633158713947679e-12
4.5146456376274596e-12
4.39853079679803e-12
4.284222353246655e-12
4.172654169193577e-12
4.062981582070037e-12
3.957446916677802e-12
3.852122890334776e-12
3.749426030973147e-12
3.648916656814245e-12
3.5513337188590557e-12
3.4552165713281614e-12
3.3614396659449747e-12
3.2696134876871357e-12
3.17905978750492e-12
3.0908334103339945e-12
3.0046294524254975e-12
2.9201271347950693e-12
2.8373923136866467e-12
2.7563048215431087e-12
2.6768808875657365e-12
2.599509147415478e-12
2.5238225015463017e-12
2.4491937149147673e-12
2.376827460649601e-12
2.305835345862328e-12
2.236099162015477e-12
2.1682748884838623e-12
2.1019804637553917e-12
2.03699374932515e-12
1.9734750725335297e-12
1.911455040220656e-12
1.8512453971025232e-12
1.7917694436208534e-12
1.7341433598201796e-12
1.6777479869966023e-12
1.622724626610198e-12
1.5689967752988103e-12
1.5165850884082208e-12
1.4654721026341139e-12
1.4155991365674539e-12
1.3670492046131898e-12
1.3196764982783135e-12
1.273527596657099e-12
1.2286024918940057e-12
1.1849052673403456e-12
1.142284507241469e-12
1.1008561304261834e-12
1.060679679021228e-12
1.0215250288126238e-12
9.835374248654343e-13
9.465014248555607e-13
9.106023805907374e-13
8.757822386600476e-13
8.419458125742699e-13
8.091141840212497e-13
7.773267729395879e-13
7.465270597280706e-13
7.166518912184544e-13
6.876859906258673e-13
6.596383586024874e-13
6.325264489657375e-13
6.062746423210372e-13
5.808771991794288e-13
5.563190040006726e-13
5.326399075945419e-13
5.096969336983691e-13
4.875651947966041e-13
4.661914449698216e-13
4.455739363587103e-13
4.256755981598618e-13
4.0648231887403375e-13
3.879798011974051e-13
3.7014613226480357e-13
3.529718683888491e-13
3.364207930181123e-13
3.204815206404916e-13
3.051397536643478e-13
2.903657050339252e-13
2.76166968907538e-13
2.6249910503533624e-13
2.4936255434479486e-13
2.367337225237683e-13
2.2459750508589265e-13
2.1294271234664602e-13
2.0173620996976055e-13
1.9099033737752526e-13
1.806581166864811e-13
1.7075609800564264e-13
1.6124296406130484e-13
1.5212299685303748e-13
1.4337648797708165e-13
1.349898655379313e-13
1.269476773191806e-13
1.1924302475287513e-13
1.1185699020076379e-13
1.0478264799960573e-13
9.800850138262734e-14
9.152193396821042e-14
8.531287660457414e-14
7.936945033535506e-14
7.368206561402637e-14
6.824275617487057e-14
6.304059425297959e-14
5.806700629472299e-14
5.331317894176087e-14
4.877082822834538e-14
4.443212244172243e-14
4.028902304246688e-14
3.6333653645920016e-14
3.2559909229934664e-14
2.895969934313873e-14
2.5527140868581298e-14
2.2255424041763415e-14
1.913921841202628e-14
1.617199081942594e-14
1.3348514205577077e-14
1.0663485878391138e-14
8.111769082999448e-15
5.688613503276676e-15
3.389520648875768e-15
1.2110939313777588e-15
8.588876959074256e-16
2.8097890823623304e-15
4.6548350139590056e-15
6.395966595837116e-15
8.036304534056254e-15
9.579037324151969e-15
1.1027034882925218e-14
1.2383036608072037e-14
1.3649636090136203e-14
1.4829191168092825e-14
1.592394822815006e-14
1.6935973279047584e-14
1.786696770638885e-14
1.871866461829439e-14
1.9492642618298933e-14
2.0190224692250743e-14
