7.2988583513361e-24
7.302838700386415e-24
7.306626282503744e-24
7.310228614716336e-24
7.313652867601512e-24
7.316905876269236e-24
7.319994151023184e-24
7.322923887685455e-24
7.325700977573731e-24
7.328331017122364e-24
7.330819317140501e-24
7.333170911702494e-24
7.33539056666773e-24
7.337482787827296e-24
7.339451828677117e-24
7.341301697817315e-24
7.343036165978763e-24
7.34465877267815e-24
7.346172832503423e-24
7.347581441031886e-24
7.348887480383216e-24
7.350093624410539e-24
7.351202343531416e-24
7.352215909202326e-24
7.353136398038633e-24
7.3539656955827e-24
7.354705499722987e-24
7.355357323764869e-24
7.355922499156912e-24
7.356402177872004e-24
7.356797334446314e-24
7.35710876767559e-24
7.357337101969644e-24
7.357482788364845e-24
7.357546105193943e-24
7.357527158412301e-24
7.357425881578571e-24
7.357242035488183e-24
7.35697520745619e-24
7.356624810246887e-24
7.35619008064549e-24
7.355670077667912e-24
7.355063680402885e-24
7.35436958548059e-24
7.353586304161198e-24
7.352712159035849e-24
7.351745280331395e-24
7.350683601810757e-24
7.349524856258224e-24
7.348266570539289e-24
7.346906060223577e-24
7.345440423757787e-24
7.343866536175944e-24
7.342181042331521e-24
7.34038034963642e-24
7.33846062029022e-24
7.336417762981284e-24
7.334247424041505e-24
7.331944978033704e-24
7.329505517750648e-24
7.326923843602726e-24
7.324194452369454e-24
7.321311525289809e-24
7.318268915463151e-24
7.315060134532351e-24
7.311678338617891e-24
7.308116313470706e-24
7.304366458808895e-24
7.300420771801996e-24
7.296270829664236e-24
7.291907771315447e-24
7.287322278066897e-24
7.282504553285708e-24
7.277444300989777e-24
7.272130703321659e-24
7.266552396847389e-24
7.260697447622441e-24
7.254553324964279e-24
7.248106873867133e-24
7.241344285990597e-24
7.234251069149426e-24
7.226812015229184e-24
7.219011166444427e-24
7.210831779855356e-24
7.202256290049715e-24
7.193266269893687e-24
7.183842389248095e-24
7.173964371539894e-24
7.163610948072514e-24
7.152759809949969e-24
7.141387557481891e-24
7.129469646928932e-24
7.11698033443563e-24
7.103892616990416e-24
7.090178170239904e-24
7.075807282970891e-24
7.060748788063682e-24
7.044969989701348e-24
7.028436586608436e-24
7.011112591070477e-24
6.992960243470687e-24
6.973939922056181e-24
6.954010047626024e-24
6.933126982805605e-24
6.911244925543204e-24
6.888315796442395e-24
6.864289119491865e-24
6.839111895741851e-24
6.812728469409192e-24
6.785080385866808e-24
6.756106240908485e-24
6.725741520637039e-24
6.693918431248089e-24
6.66056571791682e-24
6.625608471926605e-24
6.588967925084789e-24
6.550561230376809e-24
6.510301227726477e-24
6.468096193595167e-24
6.423849573060999e-24
6.3774596928752644e-24
6.328819453906068e-24
6.2778160011883764e-24
6.2243303697659446e-24
6.168237104367637e-24
6.1094038509072984e-24
6.047690917899164e-24
5.9829508058532894e-24
5.915027703253712e-24
5.843756948132866e-24
5.768964455369576e-24
5.690466111572135e-24
5.608067142028378e-24
5.521561458482668e-24
5.430731003077867e-24
5.335345113934721e-24
5.235159953513105e-24
5.129918065174534e-24
5.019348161072987e-24
4.903165303412661e-24
4.7810717340921955e-24
4.652758755873526e-24
4.517910306887972e-24
4.376209259873481e-24
4.227348123424018e-24
4.071046909721569e-24
3.907082795145657e-24
3.7353394457314664e-24
3.555889635842044e-24
3.36913515422904e-24
3.176046841954348e-24
2.9785817853439174e-24
2.780414709188797e-24
2.5882153851787523e-24
2.413806434133895e-24
2.2774529355733453e-24
2.211633220414731e-24
2.262187713867979e-24
2.4826327103301987e-24
2.926450295573095e-24
3.655108132619832e-24
4.774292225431776e-24
6.5121274651937454e-24
9.416823943090313e-24
1.4965198022780894e-23
2.613282991682119e-23
2.7425429362215547e-23
1.647908003489091e-23
1.078373757274997e-23
7.774133198739362e-24
5.949786347653116e-24
4.75682519503416e-24
3.9759692405679626e-24
3.519236432786155e-24
3.3455130387002264e-24
3.415176351548836e-24
3.676795380088484e-24
4.078326521980994e-24
4.5791468018526284e-24
5.152347356559333e-24
5.7816310436844356e-24
6.4576438814699374e-24
7.175302198011829e-24
7.932115346349778e-24
8.727185259156647e-24
9.560616405163655e-24
1.0433165960045657e-23
1.1346034038174207e-23
1.2300736424883522e-23
1.3299026672734478e-23
1.4342848304810933e-23
1.5434305717359842e-23
1.657564695391392e-23
1.7769254135171616e-23
1.9017638964178972e-23
2.0323441642188476e-23
2.1689432153989383e-23
2.3118513233797187e-23
2.4613724596836967e-23
2.6178248096236913e-23
2.7815413652932135e-23
