1.3465316157916794e-24
1.3107886963490857e-24
1.2773613508320339e-24
1.2461353781379396e-24
1.2169996690948026e-24
1.189846167263517e-24
1.1645698588983776e-24
1.1410687880020482e-24
1.1192440917855757e-24
1.0990000514715903e-24
1.0802441531916542e-24
1.0628871537622382e-24
1.0468431463640504e-24
1.0320296215783247e-24
1.0183675197886016e-24
1.0057812716707603e-24
9.941988242230017e-25
9.835516505949645e-25
9.737747426743839e-25
9.648065861962502e-25
9.565891186592287e-25
9.49067670945642e-25
9.421908939413253e-25
9.359106717646011e-25
9.301820234562727e-25
9.249629950605702e-25
9.202145441131736e-25
9.159004184892024e-25
9.119870314894513e-25
9.084433349130753e-25
9.052406917076406e-25
9.023527496256718e-25
8.997553171241752e-25
8.974262425708113e-25
8.953452976546616e-25
8.934940657190783e-25
8.918558356086704e-25
8.904155014755268e-25
8.89159468871514e-25
8.88075567375117e-25
8.871529698665322e-25
8.863821185745147e-25
8.85754657873755e-25
8.852633738425215e-25
8.849021404760424e-25
8.846658725542967e-25
8.84550484983981e-25
8.845528585412047e-25
8.846708119374271e-25
8.849030800377607e-25
8.852492981633456e-25
8.857099923595528e-25
8.862865755526496e-25
8.869813494557806e-25
8.877975122324124e-25
8.887391716961443e-25
8.898113641218957e-25
8.910200784822862e-25
8.923722860327816e-25
8.938759752062258e-25
8.955401916241487e-25
8.973750831842426e-25
8.993919499166823e-25
9.016032985570263e-25
9.04022901448644e-25
9.06665859593954e-25
9.095486693533956e-25
9.126892923890997e-25
9.161072283817645e-25
9.198235898201149e-25
9.238611780370099e-25
9.282445599436949e-25
9.330001441570858e-25
9.381562557532037e-25
9.437432082447863e-25
9.497933717954505e-25
9.563412359022793e-25
9.63423465630704e-25
9.710789495358826e-25
9.793488381117216e-25
9.882765711288725e-25
9.979078926963203e-25
1.0082908527997976e-24
1.0194757944009365e-24
1.0315153253163668e-24
1.0444642742360441e-24
1.0583796314694044e-24
1.0733204738068818e-24
1.0893478750891569e-24
1.1065248030761709e-24
1.1249160045098876e-24
1.1445878800348871e-24
1.1656083516952877e-24
1.1880467245287606e-24
1.2119735464012553e-24
1.2374604676164208e-24
1.2645801029017021e-24
1.29340589910738e-24
1.3240120102907306e-24
1.3564731819861459e-24
1.390864645678503e-24
1.4272620256069968e-24
1.465741257485168e-24
1.506378519027921e-24
1.5492501715260915e-24
1.5944327139002762e-24
1.6420027439299147e-24
1.6920369290002508e-24
1.7446119819918514e-24
1.799804642994256e-24
1.8576916622494355e-24
1.918349785379728e-24
1.98185573616467e-24
2.0482861995962144e-24
2.1177177985003827e-24
2.1902270670836574e-24
2.265890421466746e-24
2.3447841185977534e-24
2.4269842151141256e-24
2.512566515395284e-24
2.601606514607253e-24
2.694179339586575e-24
2.7903596783754725e-24
2.8902217085441805e-24
2.9938390228598534e-24
3.1012845507482142e-24
3.212630476609569e-24
3.3279481616216745e-24
3.447308056294415e-24
3.570779639131584e-24
3.698431316579088e-24
3.830330376626829e-24
3.9665428988111085e-24
4.107133706800039e-24
4.252166316290485e-24
4.401702876895485e-24
4.5558041394947115e-24
4.714529428318325e-24
4.877936614771238e-24
5.04608211036842e-24
5.219020852385881e-24
5.396806323955821e-24
5.579490558640957e-24
5.767124152022473e-24
5.959756331623346e-24
6.15743492152193e-24
6.360206464319627e-24
6.568116192600462e-24
6.781208146264213e-24
6.999525133481817e-24
7.22310889016412e-24
7.452000016820992e-24
7.686238124270591e-24
7.925861811250105e-24
8.170908695849343e-24
8.42141550726838e-24
8.677418015999853e-24
8.938951132098133e-24
9.206048786903918e-24
9.478744096678364e-24
9.757069110965722e-24
1.0041054888567202e-23
1.0330731491322058e-23
1.0626127756741411e-23
1.0927271208876518e-23
1.1234188163012401e-23
1.1546903200560477e-23
1.1865439428399834e-23
1.2189817867444434e-23
1.2520057643323002e-23
1.285617548670135e-23
1.3198185574328353e-23
1.3546099340060029e-23
1.3899925045199137e-23
1.4259667581229265e-23
1.4625328042671294e-23
1.499690351814753e-23
1.5374386692954924e-23
1.5757765296364067e-23
1.6147021995626048e-23
1.6542133838905034e-23
1.694307165136183e-23
1.7349800022681754e-23
1.77622767076294e-23
1.8180452136312768e-23
1.8604268707059332e-23
1.9033661064746636e-23
1.9468555047686508e-23
1.9908867559495975e-23
2.0354505902868815e-23
2.0805367843057282e-23
2.126134085112073e-23
2.172230170742547e-23
2.2188116482354308e-23
2.2658639867444812e-23
2.3133715166147052e-23
2.3613174788643506e-23
2.40968379824779e-23
2.4584512544882507e-23
2.5075994876769767e-23
2.557106856467987e-23
