3.1782519831279555e-21
3.211883160797084e-21
3.25255017389661e-21
3.3003387642732756e-21
3.355349742245057e-21
3.417699195750002e-21
3.487518731524419e-21
3.5649557488161575e-21
3.6501737461388365e-21
3.7433526616753216e-21
3.844689248011611e-21
3.95439748191957e-21
4.072709010008184e-21
4.19987363111127e-21
4.336159816339405e-21
4.4818552680256705e-21
4.637267518010413e-21
4.8027245674851644e-21
4.978575568691762e-21
5.165191550276163e-21
5.362966187625956e-21
5.5723166196398115e-21
5.793684313554289e-21
6.0275359794932135e-21
6.274364536447554e-21
6.534690131605215e-21
6.809061214901173e-21
7.098055670910563e-21
7.402282010118923e-21
7.722380621931007e-21
8.059025091626417e-21
8.412923583847706e-21
8.784820295077284e-21
9.175496977796271e-21
9.585774539177472e-21
1.0016514717071691e-20
1.0468621836440395e-20
1.0943044649304089e-20
1.1440778261436012e-20
1.1962866149274687e-20
1.2510402270428954e-20
1.3084533271570354e-20
1.3686460797270975e-20
1.4317443903883023e-20
1.4978801582360372e-20
1.567191539410553e-20
1.63982322243288e-20
1.7159267156982503e-20
1.7956606476221608e-20
1.879191079863892e-20
1.966691834125676e-20
2.0583448330133508e-20
2.154340455457406e-20
2.254877907184462e-20
2.3601656067878484e-20
2.47042158792776e-20
2.5858739181416727e-20
2.7067611348856863e-20
2.833332699294259e-20
2.9658494682247983e-20
3.104584185165542e-20
3.249821990517362e-20
3.401860951852824e-20
3.5610126146309405e-20
3.7276025739754125e-20
3.901971067974689e-20
4.08447359312016e-20
4.275481542218755e-20
4.47538286544857e-20
4.684582754812368e-20
4.903504352579647e-20
5.1325894839451914e-20
5.3722994143100305e-20
5.623115631509768e-20
5.885540653172502e-20
6.160098859247017e-20
6.447337350088515e-20
6.747826829810022e-20
7.062162514972429e-20
7.39096506841795e-20
7.734881557893703e-20
8.094586439059344e-20
8.470782562355842e-20
8.864202202956592e-20
9.275608113094164e-20
9.705794595359702e-20
1.0155588596117538e-19
1.062585081739144e-19
1.1117476845481887e-19
1.1631398294514384e-19
1.2168583962723334e-19
1.2730040998881542e-19
1.3316816076210927e-19
1.3929996570986279e-19
1.457071174162171e-19
1.5240133905561208e-19
1.5939479609247423e-19
1.6670010786361527e-19
1.7433035900643724e-19
1.822991106681275e-19
1.9062041144494214e-19
1.9930880799156337e-19
2.083793552323971e-19
2.1784762610925805e-19
2.2772972078722947e-19
2.380422752478834e-19
2.4880246918259167e-19
2.6002803310689253e-19
2.717372546008385e-19
2.8394898359320314e-19
2.9668263658845807e-19
3.099581997415537e-19
3.237962306924632e-19
3.3821785904853786e-19
3.5324478543255243e-19
3.68899278983597e-19
3.8520417324138874e-19
4.0218286028627376e-19
4.198592831049296e-19
4.382579260193165e-19
4.574038032238848e-19
4.773224452304868e-19
4.980398832952599e-19
5.195826316938061e-19
5.419776678831857e-19
5.652524105075247e-19
5.8943469524963735e-19
6.145527486065844e-19
6.406351595701552e-19
6.677108493080533e-19
6.958090390192964e-19
7.249592158940716e-19
7.551910975678377e-19
7.865345949979751e-19
8.190197742008331e-19
8.52676816815103e-19
8.875359799837489e-19
9.236275556724822e-19
9.609818297141857e-19
9.996290410519053e-19
1.0395993412668243e-18
1.080922755018003e-18
1.1236291415017585e-18
1.1677481573540343e-18
1.2133092215714048e-18
1.2603414824082708e-18
1.3088737870148562e-18
1.3589346538689056e-18
1.4105522484385581e-18
1.4637543622348121e-18
1.5185683958303614e-18
1.5750213455184049e-18
1.633139794423268e-18
1.6929499077154297e-18
1.7544774321131288e-18
1.8177476999500413e-18
1.882785637325294e-18
1.9496157768512737e-18
2.018262274020819e-18
2.0887489280509503e-18
2.161099205717211e-18
2.235336269116395e-18
2.3114830060527408e-18
2.3895620627751223e-18
2.4695958791942323e-18
2.5516067254207187e-18
2.6356167391601024e-18
2.7216479638326148e-18
2.8097223866360707e-18
2.8998619752596225e-18
2.9920887138581918e-18
3.0864246368107555e-18
3.1828918599129494e-18
3.2815126078170164e-18
3.3823092385901695e-18
3.4853042630251575e-18
3.59052035904722e-18
3.697980380967827e-18
3.807707362007626e-18
3.919724510345557e-18
4.034055197949232e-18
4.150722941856632e-18
4.2697513771547465e-18
4.3911642210946214e-18
4.514985228817287e-18
4.641238137769782e-18
4.76994660517007e-18
4.901134131377292e-18
5.034823975872055e-18
5.1710390580456325e-18
5.309801850065796e-18
5.451134254115845e-18
5.5950574689149425e-18
5.7415918407822494e-18
5.8907567019013104e-18
6.042570193267207e-18
6.19704907152058e-18
6.354208499237698e-18
6.514061819224509e-18
6.6766203071848045e-18
6.841892908106324e-18
