1.7194851532276565e-24
1.6491143963744635e-24
1.5822702102613187e-24
1.5188069547142485e-24
1.4585856002795212e-24
1.4014733655519952e-24
1.3473433633138941e-24
1.2960742550507697e-24
1.2475499139689149e-24
1.2016590964558315e-24
1.1582951226271966e-24
1.117355566660465e-24
1.0787419578782497e-24
1.0423594940954018e-24
1.008116768670513e-24
9.759255131649557e-25
9.457003576226843e-25
9.173586103868841e-25
8.908200596080377e-25
8.660067980953205e-25
8.428430733187957e-25
8.212551633502733e-25
8.01171279714995e-25
7.825214967956215e-25
7.652377073036166e-25
7.492536021691664e-25
7.345046729174319e-25
7.209282334970624e-25
7.084634584743455e-25
6.970514337037518e-25
6.866352155984977e-25
6.771598949723855e-25
6.685726616352855e-25
6.608228660443297e-25
6.538620749074955e-25
6.4764411803626e-25
6.421251243337137e-25
6.372635455092314e-25
6.330201665360562e-25
6.293581026332843e-25
6.262427828754905e-25
6.236419210078427e-25
6.215254745755082e-25
6.198655933233011e-25
6.186365583889383e-25
6.178147137132141e-25
6.173783910742437e-25
6.173078303281664e-25
6.175850960889966e-25
6.181939921940335e-25
6.191199752116359e-25
6.203500677702128e-25
6.218727727754826e-25
6.236779891966691e-25
6.257569300574648e-25
6.281020430234665e-25
6.307069340831896e-25
6.335662944439968e-25
6.366758309903404e-25
6.400322002658912e-25
6.436329461501967e-25
6.474764410048454e-25
6.515618306428445e-25
6.558889824684037e-25
6.604584373108626e-25
6.652713642341992e-25
6.703295186301743e-25
6.756352032327045e-25
6.8119123188255105e-25
6.870008960341527e-25
6.9306793376127185e-25
6.993965010768365e-25
7.0599114554673665e-25
7.128567819286222e-25
7.199986699329299e-25
7.274223935958851e-25
7.351338426598769e-25
7.431391953793725e-25
7.514449030478602e-25
7.600576758715763e-25
7.689844702940648e-25
7.782324775575307e-25
7.878091136376657e-25
7.977220101814261e-25
8.0797900672111385e-25
8.18588143859778e-25
8.295576575275135e-25
8.408959741902503e-25
8.526117069490328e-25
8.647136526158466e-25
8.772107894944258e-25
8.901122761951676e-25
9.034274509882505e-25
9.171658319818048e-25
9.313371180817068e-25
9.459511905868051e-25
9.610181153660976e-25
9.765481456771025e-25
9.925517256791568e-25
1.0090394943313599e-24
1.026022290078252e-24
1.0435111556547045e-24
1.0615173437858075e-24
1.080052323121221e-24
1.099127784716695e-24
1.1187556485932086e-24
1.1389480714657819e-24
1.159717454041813e-24
1.1810764489315813e-24
1.2030379693725688e-24
1.2256151975665884e-24
1.2488215938008382e-24
1.2726709059040146e-24
1.2971771786312577e-24
1.322354763852157e-24
1.348218330649426e-24
1.3747828758362603e-24
1.4020637348403828e-24
1.4300765926563868e-24
1.458837495527116e-24
1.4883628623847155e-24
1.5186694967525965e-24
1.5497745993884488e-24
1.5816957805535455e-24
1.6144510730133828e-24
1.6480589455433648e-24
1.682538315907351e-24
1.7179085655675526e-24
1.754189553274574e-24
1.791401630485095e-24
1.829565655432887e-24
1.8687030101977324e-24
1.908835615021276e-24
1.9499859459626768e-24
1.992177051186375e-24
2.0354325687419782e-24
2.0797767443524435e-24
2.12523445018026e-24
2.171831203958958e-24
2.2195931890116505e-24
2.2685472737480633e-24
2.318721034964364e-24
2.3701427775187904e-24
2.422841558844703e-24
2.476847211903852e-24
2.532190369675311e-24
2.5889024902482762e-24
2.6470158846862708e-24
2.7065637431704413e-24
2.7675801639407274e-24
2.8301001842755187e-24
2.89415980941029e-24
2.959796047500527e-24
3.027046941291578e-24
3.0959516043451153e-24
3.166550258070193e-24
3.238884270339451e-24
3.312996195005201e-24
3.3889298148490985e-24
3.466730184551667e-24
3.546443679572002e-24
3.6281180405836554e-24
3.71180242754085e-24
3.797547472409066e-24
3.885405333450605e-24
3.975429753923975e-24
4.067676127556897e-24
4.162201558328202e-24
4.259064929875036e-24
4.3583269820570956e-24
4.46005037736656e-24
4.564299787278961e-24
4.6711419738748325e-24
4.780645878645368e-24
4.892882711467722e-24
5.007926051974495e-24
5.1258519540717995e-24
5.246739047973169e-24
5.3706686634418896e-24
5.497724943928977e-24
5.6279949781863004e-24
5.761568936872241e-24
5.8985402074513625e-24
6.039005548394423e-24
6.183065259699168e-24
6.33082333058527e-24
6.4823876328387955e-24
6.637870103656817e-24
6.7973869397381e-24
6.961058818107331e-24
7.129011107405958e-24
7.301374112381895e-24
7.478283313314924e-24
7.659879635455499e-24
7.846309732139942e-24
8.037726264644023e-24
8.234288225093441e-24
8.436161267191482e-24
8.643518052501493e-24
8.856538614836305e-24
9.075410768039077e-24
