2.8534733113118215e-24
2.8621306782159574e-24
2.870429358313537e-24
2.878377613884763e-24
2.8859838825539984e-24
2.8932567013602675e-24
2.90020464102329e-24
2.9068362491541192e-24
2.913160001311518e-24
2.9191842589332096e-24
2.9249172332773195e-24
2.9303669546251086e-24
2.935541246064959e-24
2.940447701274628e-24
2.945093665773315e-24
2.9494862211845825e-24
2.95363217209943e-24
2.9575380351740813e-24
2.9612100301536178e-24
2.964654072519703e-24
2.9678757675314732e-24
2.9708804054173618e-24
2.9736729575333253e-24
2.9762580733024003e-24
2.9786400777897727e-24
2.9808229697574785e-24
2.982810420093694e-24
2.9846057704870075e-24
2.986212032262292e-24
2.9876318852750454e-24
2.9888676767957087e-24
2.989921420301824e-24
2.9907947941103725e-24
2.9914891398105352e-24
2.9920054604079608e-24
2.9923444181633245e-24
2.9925063320546926e-24
2.9924911748309227e-24
2.992298569609548e-24
2.9919277859829882e-24
2.9913777355975113e-24
2.9906469671595734e-24
2.9897336608386563e-24
2.9886356220389396e-24
2.9873502744946637e-24
2.985874652650021e-24
2.984205393314158e-24
2.9823387265099143e-24
2.980270465546115e-24
2.9779959961970717e-24
2.975510265013876e-24
2.972807766702539e-24
2.9698825305158186e-24
2.966728105656205e-24
2.9633375455742903e-24
2.9597033912083963e-24
2.9558176530202143e-24
2.9516717918505672e-24
2.947256698510353e-24
2.942562672025843e-24
2.9375793965354427e-24
2.9322959167254145e-24
2.926700611801108e-24
2.9207811678235834e-24
2.9145245485019454e-24
2.907916964193258e-24
2.900943839224333e-24
2.8935897773180315e-24
2.885838525145557e-24
2.8776729339025356e-24
2.869074918897604e-24
2.8600254170282507e-24
2.8505043421904032e-24
2.8404905385373654e-24
2.829961731588058e-24
2.8188944772740377e-24
2.8072641089076366e-24
2.7950446821670818e-24
2.7822089183795743e-24
2.7687281462514998e-24
2.754572242342085e-24
2.7397095709753424e-24
2.7241069239652034e-24
2.707729461231975e-24
2.6905406533583935e-24
2.6725022276143907e-24
2.6535741194353946e-24
2.633714431967282e-24
2.6128794069216508e-24
2.591023411360942e-24
2.568098945813151e-24
2.544056681521157e-24
2.5188455361852754e-24
2.4924128013133255e-24
2.4647043374309484e-24
2.435664859807358e-24
2.4052383425816433e-24
2.3733685811828674e-24
2.3399999626706792e-24
2.3050785135620517e-24
2.2685533157223338e-24
2.230378414713617e-24
2.1905153872062294e-24
2.1489367952697513e-24
2.1056308380074445e-24
2.060607625696563e-24
2.013907660462596e-24
1.9656133244471397e-24
1.915864472799564e-24
1.8648796218789604e-24
1.8129847295572686e-24
1.7606521722616287e-24
1.7085531539396867e-24
1.6576272118516467e-24
1.6091721737104569e-24
1.564955823062397e-24
1.5273448664850205e-24
1.499435428403165e-24
1.4851515829969732e-24
1.4892601067751828e-24
1.5172489707939268e-24
1.5750617401508331e-24
1.6687781084273826e-24
1.80443043814439e-24
1.988156157563897e-24
2.2267843081192523e-24
2.528845166091828e-24
2.9059977408249952e-24
3.3750210096600285e-24
3.9607904454885255e-24
4.701108217847416e-24
5.655070597614667e-24
6.918246078622485e-24
8.65075831129611e-24
1.1126151498036917e-23
1.4779666079880493e-23
1.9942901969492685e-23
2.4754999157119165e-23
2.390990805302846e-23
1.908488681274383e-23
1.4826114585358328e-23
1.184182316892844e-23
9.760105160397034e-24
8.25199308469743e-24
7.11496490002761e-24
6.228780410702691e-24
5.52085452280466e-24
4.946511107266237e-24
4.478115121098575e-24
4.098932812320228e-24
3.799435471710632e-24
3.574800135246287e-24
3.422931393773536e-24
3.342722357909179e-24
3.332604954688226e-24
3.389640578107355e-24
3.50933957003154e-24
3.686113227338706e-24
3.914015222169543e-24
4.1874198244537605e-24
4.50145417167546e-24
4.852175640596479e-24
5.23657057378526e-24
5.652459261793062e-24
6.098367849269467e-24
6.573401088841589e-24
7.077131072562098e-24
7.609506049617459e-24
8.170778653675174e-24
8.761450644728116e-24
9.382231026909366e-24
1.0034004747222082e-23
1.0717809366614356e-23
1.1434818135645478e-23
1.2186327642887236e-23
1.2973749250743313e-23
1.3798603221523646e-23
1.466251513945129e-23
1.5567213927310876e-23
1.6514531352794705e-23
1.7506402498553653e-23
1.8544867173528144e-23
1.9632072171154745e-23
2.0770273956734622e-23
2.1961842168062355e-23
2.3209263274457848e-23
2.4515144997196775e-23
2.5882220982259707e-23
2.731335585178562e-23
2.881155066686903e-23
3.03799486839598e-23
3.202184163538397e-23
3.374067613972612e-23
3.554006055364958e-23
3.742377237156587e-23
3.9395765685404674e-23
4.1460179087576176e-23
4.3621344344228946e-23
4.5883794803748486e-23
4.8252274817541136e-23
5.073174926364153e-23
