1.0018612763935639e-23
1.0035324739717561e-23
1.0051160438270524e-23
1.0066153170839581e-23
1.0080334486325911e-23
1.0093734235641066e-23
1.0106380632711877e-23
1.0118300312240758e-23
1.0129518384316263e-23
1.0140058485971485e-23
1.0149942829777217e-23
1.0159192249555643e-23
1.0167826243298237e-23
1.0175863013361701e-23
1.0183319504015152e-23
1.0190211436412661e-23
1.0196553341042092e-23
1.0202358587723218e-23
1.0207639413203218e-23
1.0212406946400197e-23
1.0216671231343701e-23
1.0220441247851495e-23
1.0223724929981214e-23
1.0226529182293519e-23
1.0228859893947258e-23
1.0230721950660942e-23
1.0232119244555684e-23
1.0233054681892356e-23
1.0233530188723661e-23
1.0233546714457997e-23
1.0233104233346343e-23
1.0232201743883187e-23
1.0230837266120954e-23
1.022900783688198e-23
1.0226709502857481e-23
1.0223937311565685e-23
1.0220685300154472e-23
1.0216946482004545e-23
1.0212712831110271e-23
1.0207975264190028e-23
1.0202723620478347e-23
1.0196946639156726e-23
1.0190631934352302e-23
1.0183765967652362e-23
1.0176334018056e-23
1.0168320149288594e-23
1.015970717439554e-23
1.0150476617522098e-23
1.014060867277929e-23
1.0130082160092951e-23
1.0118874477909967e-23
1.0106961552645709e-23
1.0094317784733679e-23
1.0080915991126226e-23
1.0066727344098112e-23
1.00517213061736e-23
1.0035865561002528e-23
1.0019125939983182e-23
1.0001466344422208e-23
9.982848663000844e-24
9.963232684306018e-24
9.942576004150506e-24
9.920833927404159e-24
9.897959364016699e-24
9.873902718899569e-24
9.848611775295374e-24
9.822031571239113e-24
9.794104268677712e-24
9.764769014767746e-24
9.733961794839885e-24
9.701615276455185e-24
9.667658643932559e-24
9.632017422652813e-24
9.594613292381713e-24
9.555363888764697e-24
9.514182592053403e-24
9.4709783020169e-24
9.425655197860497e-24
9.37811248183529e-24
9.328244105044959e-24
9.275938473766181e-24
9.22107813436531e-24
9.163539434611478e-24
9.103192158884797e-24
9.039899134373104e-24
8.973515804907783e-24
8.903889768538776e-24
8.83086027429094e-24
8.754257672738874e-24
8.673902814088003e-24
8.589606386248528e-24
8.501168183942367e-24
8.408376298101112e-24
8.311006212570759e-24
8.208819792374894e-24
8.101564144296502e-24
7.988970326130133e-24
7.870751875353266e-24
7.746603120793573e-24
7.616197231622881e-24
7.47918394599541e-24
7.335186905952158e-24
7.183800504488359e-24
7.024586123150838e-24
6.857067601601933e-24
6.68072573063285e-24
6.494991491913812e-24
6.299237673819005e-24
6.092768362038161e-24
5.874805620521018e-24
5.644472419503692e-24
5.400770499795218e-24
5.142551340194367e-24
4.8684776592654155e-24
4.5769718771916506e-24
4.266146699995472e-24
3.93371179638029e-24
3.5768509628674525e-24
3.1920723517314575e-24
2.775074760873991e-24
2.3208527083475433e-24
1.82513570917058e-24
1.2935533776944685e-24
8.092144979261588e-25
8.65337016164384e-25
1.736778587082289e-24
3.2132474367918083e-24
5.737220018859681e-24
1.143882845656933e-23
3.5521568817835735e-23
1.9418974299888683e-23
8.60079984258737e-24
4.8838233093182406e-24
2.8529556519064436e-24
1.531267942307823e-24
9.361211468930794e-25
1.4016320004414752e-24
2.2278916625361866e-24
3.1058156712497677e-24
3.996572969457275e-24
4.899134517855615e-24
5.818217673293216e-24
6.759060824960008e-24
7.726475515175982e-24
8.724760831302428e-24
9.757795259600549e-24
1.0829148332120764e-23
1.194217678920626e-23
1.3100100770391406e-23
1.4306062889345663e-23
1.556317410589941e-23
1.6874549788776483e-23
1.82433385913337e-23
1.967274608585563e-23
2.1166054580438688e-23
2.272664015931157e-23
2.4357987710852514e-23
2.6063704509097944e-23
2.784753277181183e-23
2.971336151525331e-23
3.1665237950976344e-23
3.3707378615421384e-23
3.5844180382869495e-23
3.8080231482655637e-23
4.042032261945919e-23
4.286945827905274e-23
4.543286828954082e-23
4.811601969899711e-23
5.092462902350446e-23
5.386467491457058e-23
5.694241129121703e-23
6.016438097941117e-23
6.353742989974525e-23
6.706872184314365e-23
7.076575387381605e-23
7.463637239853239e-23
7.868878994150304e-23
8.293160266469618e-23
8.737380867416794e-23
9.202482715405066e-23
9.689451837098e-23
1.0199320459318659e-22
1.0733169197003706e-22
1.1292129341947147e-22
1.1877385257274159e-22
1.2490176882777084e-22
1.313180235647222e-22
1.3803620757957077e-22
1.450705497940233e-22
1.5243594730267148e-22
1.6014799682107074e-22
1.6822302760134028e-22
1.7667813588502188e-22
1.8553122096617041e-22
1.9480102294119282e-22
2.0450716222554606e-22
2.146701809214289e-22
2.2531158612469445e-22
2.36453895263593e-22
2.4812068356680475e-22
2.6033663376303054e-22
