8.692391217134094e-24
9.005590995989704e-24
9.300006457840767e-24
9.576261814901262e-24
9.83494279987068e-24
1.0076597886313099e-23
1.030173943577149e-23
1.0510844772190169e-23
1.0704357184669626e-23
1.0882686859818942e-23
1.1046211745075706e-23
1.11952783443901e-23
1.1330202447641932e-23
1.145126979509648e-23
1.1558736678123945e-23
1.1652830477307416e-23
1.1733750138957987e-23
1.1801666590941712e-23
1.1856723098606751e-23
1.1899035561476446e-23
1.1928692751254417e-23
1.1945756491562835e-23
1.195026177970932e-23
1.1942216850654477e-23
1.1921603183225847e-23
1.1888375448490949e-23
1.1842461400083664e-23
1.1783761706137652e-23
1.171214972235853e-23
1.16274712056298e-23
1.1529543967415028e-23
1.1418157466088011e-23
1.1293072337183129e-23
1.115401986042896e-23
1.1000701362291546e-23
1.0832787552624672e-23
1.064991779390119e-23
1.0451699301385691e-23
1.0237706272508031e-23
1.0007478943632313e-23
9.760522572387497e-24
9.49630634376618e-24
9.214262198361407e-24
8.913783581441834e-24
8.594224112206894e-24
8.254896173708396e-24
7.895069425918904e-24
7.513969247974256e-24
7.110775121921896e-24
6.684618981911172e-24
6.23458357480764e-24
5.7597009220558086e-24
5.258951064755529e-24
4.731261481147048e-24
4.175508072696467e-24
3.5905199945053104e-24
2.975094917859171e-24
2.328047616178667e-24
1.6483965919934578e-24
9.364669123480277e-25
2.19538346890602e-25
6.302628267618255e-25
1.452406495535402e-24
2.321956164751976e-24
3.2362173909610014e-24
4.196436700278284e-24
5.204491108284111e-24
6.262504751881977e-24
7.372765122565692e-24
8.537700530760418e-24
9.759875242321733e-24
1.1041991051462422e-23
1.238689169776631e-23
1.3797568798881891e-23
1.5277168757400707e-23
1.6829000409531704e-23
1.845654331732253e-23
2.016345666976079e-23
2.1953588790902934e-23
2.38309872717601e-23
2.579990975436255e-23
2.786483540468123e-23
3.0030477117685865e-23
3.2301794503620764e-23
3.468400771014484e-23
3.7182612140651756e-23
3.980339413485744e-23
4.25524476841678e-23
4.543619226099913e-23
4.846139184873944e-23
5.1635175267141575e-23
5.496505789689014e-23
5.845896491708443e-23
6.212525618022885e-23
6.597275286157562e-23
7.001076603310165e-23
7.424912732754928e-23
7.869822187474638e-23
8.336902371053079e-23
8.827313388071765e-23
9.342282148433401e-23
9.88310679279382e-23
1.0451161469128601e-22
1.1047901493759446e-22
1.167486893400226e-22
1.2333698653563066e-22
1.30261248667418e-22
1.375398825275472e-22
1.4519243687482816e-22
1.5323968657002868e-22
1.6170372424711773e-22
1.7060806033371284e-22
1.7997773232550292e-22
1.8983942434760843e-22
2.0022159815704476e-22
2.1115463690123188e-22
2.226710031172537e-22
2.3480541266264784e-22
2.4759502649718186e-22
2.6107966251486116e-22
2.753020299208774e-22
2.9030798903707413e-22
3.0614683982777164e-22
3.228716429371961e-22
3.4053957763029577e-22
3.592123416929844e-22
3.7895659917671165e-22
3.9984448283870953e-22
4.2195415922200976e-22
4.453704657717626e-22
4.701856308969243e-22
4.965000899152064e-22
5.244234121563411e-22
5.540753572848837e-22
5.855870824146572e-22
6.19102525748213e-22
6.547799976212229e-22
6.927940161719694e-22
7.33337432658849e-22
7.766239012151643e-22
8.228907597828698e-22
8.724024046739322e-22
9.254542597964428e-22
9.82377466619915e-22
1.0435444522683809e-21
1.1093755730376736e-21
1.1803470839111456e-21
1.2570007520767375e-21
1.339955524461126e-21
1.4299217777908341e-21
1.5277188432262224e-21
1.6342967144738925e-21
1.7507631511416886e-21
1.8784178019295753e-21
2.0187955587281366e-21
2.173722178403164e-21
2.3453864056549354e-21
2.536434574677148e-21
2.7500962640007637e-21
2.99035350439234e-21
3.262172101043993e-21
3.571823164415634e-21
3.9273383225908764e-21
4.339167494591958e-21
4.821151216268846e-21
5.391995016214563e-21
6.077569678222796e-21
6.914616333412001e-21
7.956929483628886e-21
9.286079567594857e-21
1.103075071784304e-20
1.3402746853730685e-20
1.6763806792978433e-20
2.173015828613489e-20
2.914466808158282e-20
3.8454792631349055e-20
4.225614748793466e-20
3.581133470659713e-20
2.782589855688471e-20
2.205368543660182e-20
1.8142031425274617e-20
1.5417863248147516e-20
1.3442952447975078e-20
1.1957510866420312e-20
1.0805044886348024e-20
9.887682943784604e-21
9.141765483815916e-21
8.524366767180253e-21
8.005605676341438e-21
7.564095034798515e-21
7.184150888789556e-21
6.85402438536599e-21
6.564748072576901e-21
6.3093629639965406e-21
6.082388368909977e-21
5.879450312950983e-21
5.697016219090336e-21
5.532202052825094e-21
5.3826300024968465e-21
5.246321897625606e-21
5.1216183730343194e-21
