5.820088659037515e-23
5.820170006947306e-23
5.82024259889272e-23
5.820306588867669e-23
5.820362112618511e-23
5.820409287932252e-23
5.820448214886528e-23
5.820478976061693e-23
5.8205016367165e-23
5.820516244926176e-23
5.820522831684951e-23
5.820521410971453e-23
5.820511979778608e-23
5.820494518107297e-23
5.820468988923905e-23
5.820435338082056e-23
5.820393494207345e-23
5.820343368546549e-23
5.820284854778815e-23
5.820217828790635e-23
5.820142148412177e-23
5.820057653116292e-23
5.81996416367751e-23
5.819861481791853e-23
5.8197493896569e-23
5.819627649508735e-23
5.819496003118767e-23
5.819354171244826e-23
5.819201853039937e-23
5.819038725413145e-23
5.818864442344889e-23
5.818678634152791e-23
5.81848090670732e-23
5.818270840595995e-23
5.818047990233533e-23
5.817811882916555e-23
5.817562017821271e-23
5.817297864940453e-23
5.817018863959763e-23
5.816724423068934e-23
5.816413917705958e-23
5.81608668923289e-23
5.815742043538283e-23
5.81537924956461e-23
5.814997537757723e-23
5.814596098434377e-23
5.814174080064265e-23
5.813730587463985e-23
5.813264679897773e-23
5.812775369081945e-23
5.812261617088434e-23
5.811722334142454e-23
5.811156376311476e-23
5.810562543077426e-23
5.809939574790684e-23
5.80928614999728e-23
5.808600882635747e-23
5.807882319096247e-23
5.807128935136943e-23
5.80633913265035e-23
5.805511236272688e-23
5.804643489829455e-23
5.803734052609657e-23
5.802780995460327e-23
5.801782296693914e-23
5.800735837798518e-23
5.799639398943268e-23
5.798490654268617e-23
5.797287166951182e-23
5.796026384033566e-23
5.794705631007252e-23
5.793322106138118e-23
5.79187287452124e-23
5.790354861853379e-23
5.788764847909422e-23
5.787099459709347e-23
5.785355164360601e-23
5.783528261560918e-23
5.781614875746282e-23
5.779610947866095e-23
5.777512226769052e-23
5.77531426018147e-23
5.773012385257861e-23
5.770601718684873e-23
5.768077146316956e-23
5.765433312321444e-23
5.762664607810671e-23
5.759765158936843e-23
5.756728814423088e-23
5.75354913250624e-23
5.750219367261861e-23
5.746732454283341e-23
5.743080995683849e-23
5.739257244390111e-23
5.735253087693915e-23
5.731060030026281e-23
5.726669174917832e-23
5.72207120610769e-23
5.717256367758273e-23
5.712214443737126e-23
5.706934735918468e-23
5.701406041460525e-23
5.695616629008757e-23
5.689554213774765e-23
5.683205931437585e-23
5.67655831081166e-23
5.669597245222987e-23
5.662307962532367e-23
5.654674993741767e-23
5.646682140116e-23
5.638312438750806e-23
5.629548126511531e-23
5.620370602267255e-23
5.610760387337948e-23
5.600697084070264e-23
5.590159332453645e-23
5.5791247646824e-23
5.567569957566926e-23
5.555470382691938e-23
5.542800354213413e-23
5.529532974182286e-23
5.51564007527741e-23
5.501092160823328e-23
5.48585834196356e-23
5.469906271853368e-23
5.453202076728748e-23
5.435710283703643e-23
5.417393745135882e-23
5.398213559399367e-23
5.378128987887673e-23
5.35709736806902e-23
5.335074022400645e-23
5.312012162903036e-23
5.2878627911830905e-23
5.2625745936852074e-23
5.2360938319374234e-23
5.208364227547995e-23
5.17932684169415e-23
5.148919948832728e-23
5.1170789043449205e-23
5.0837360058148e-23
5.0488203476216253e-23
5.01225766850959e-23
4.9739701917773316e-23
4.9338764577100354e-23
4.8918911478504134e-23
4.8479249006819016e-23
4.8018841182664623e-23
4.7536707633475563e-23
4.7031821463933017e-23
4.650310702010719e-23
4.5949437541173555e-23
4.536963269196323e-23
4.476245596898159e-23
4.412661197169054e-23
4.3460743529901957e-23
4.276342867691763e-23
4.203317745652139e-23
4.126842855000017e-23
4.0467545706854415e-23
3.96288139595292e-23
3.8750435598030805e-23
3.783052587421959e-23
3.6867108397083897e-23
3.585811016837357e-23
3.480135619073985e-23
3.369456355531218e-23
3.253533487787552e-23
3.1321150895101903e-23
3.00493619420281e-23
2.8717177887191364e-23
2.7321655863185136e-23
2.5859684724610398e-23
2.4327964451360985e-23
2.2722977408354293e-23
2.1040945871092094e-23
1.9277765179700377e-23
1.7428891054817806e-23
1.548913458372734e-23
1.3452255064183193e-23
1.1310061354499886e-23
9.050142671763685e-24
6.648996008305609e-24
4.045434496535802e-24
1.1912637314636621e-24
4.151388049051163e-24
2.6976360921021776e-24
5.90067064039706e-24
9.07777834594443e-24
1.2342027889854196e-23
1.5732308708846155e-23
1.9267929372584093e-23
2.2961992683427568e-23
2.682532450463218e-23
3.086790749473924e-23
3.509949670709042e-23
3.952992110976358e-23
4.416924970774583e-23
4.9027894043590253e-23
5.411667888457658e-23
5.944689636774921e-23
