7.416810829113985e-24
7.417056023508921e-24
7.417292487439981e-24
7.4175202687144e-24
7.417739436714392e-24
7.417950079018513e-24
7.418152298371615e-24
7.418346209971577e-24
7.418531939040814e-24
7.418709618654434e-24
7.418879387800814e-24
7.419041389650357e-24
7.41919577001114e-24
7.419342675954844e-24
7.419482254592368e-24
7.41961465198489e-24
7.419740012178415e-24
7.419858476343338e-24
7.419970182013564e-24
7.420075262409796e-24
7.42017384583959e-24
7.420266055164609e-24
7.42035200732855e-24
7.420431812934294e-24
7.42050557587013e-24
7.420573392973897e-24
7.420635353729779e-24
7.420691539997636e-24
7.420742025764856e-24
7.420786876916518e-24
7.420826151029894e-24
7.420859897171554e-24
7.420888155714368e-24
7.420910958156583e-24
7.420928326946327e-24
7.420940275310206e-24
7.420946807078489e-24
7.420947916514007e-24
7.420943588129018e-24
7.42093379650437e-24
7.420918506094832e-24
7.420897671032868e-24
7.420871234909335e-24
7.420839130557786e-24
7.420801279813388e-24
7.420757593262527e-24
7.420707969977924e-24
7.420652297228827e-24
7.420590450184769e-24
7.420522291588951e-24
7.420447671420544e-24
7.420366426520674e-24
7.420278380218967e-24
7.420183341905197e-24
7.420081106609606e-24
7.419971454529636e-24
7.41985415053508e-24
7.419728943656714e-24
7.419595566532509e-24
7.41945373482299e-24
7.419303146599229e-24
7.419143481691275e-24
7.418974401003555e-24
7.418795545792042e-24
7.418606536901592e-24
7.418406973965632e-24
7.418196434561952e-24
7.417974473320585e-24
7.41774062099135e-24
7.417494383471062e-24
7.417235240749283e-24
7.416962645855603e-24
7.41667602368726e-24
7.41637476986145e-24
7.416058249422373e-24
7.415725795530997e-24
7.415376708136593e-24
7.415010252479395e-24
7.414625657624504e-24
7.414222114838007e-24
7.413798775981424e-24
7.413354751739248e-24
7.412889109838893e-24
7.412400873121477e-24
7.411889017598214e-24
7.411352470382428e-24
7.410790107446941e-24
7.410200751456682e-24
7.409583169371055e-24
7.408936069984713e-24
7.408258101287951e-24
7.40754784792109e-24
7.406803828213032e-24
7.40602449139329e-24
7.405208214361406e-24
7.404353298784618e-24
7.40345796749282e-24
7.402520361240169e-24
7.401538534995343e-24
7.400510454253468e-24
7.39943399116155e-24
7.398306920410963e-24
7.397126915033312e-24
7.395891542240079e-24
7.3945982585607e-24
7.393244405287503e-24
7.391827203761924e-24
7.390343750024383e-24
7.388791009754135e-24
7.38716581280462e-24
7.385464847675824e-24
7.383684655559992e-24
7.381821624586494e-24
7.379871983384404e-24
7.377831795045079e-24
7.375696950508721e-24
7.373463161640927e-24
7.371125954812224e-24
7.36868066325119e-24
7.366122420838184e-24
7.363446153733697e-24
7.360646573645969e-24
7.357718170004671e-24
7.35465520282892e-24
7.351451694367956e-24
7.34810142194265e-24
7.344597909989999e-24
7.340934423269198e-24
7.33710395797569e-24
7.333099236249851e-24
7.328912697606917e-24
7.324536493214403e-24
7.319962480160065e-24
7.315182213131008e-24
7.31018694306262e-24
7.304967610952318e-24
7.299514844101833e-24
7.293818955537163e-24
7.287869942796847e-24
7.281657488456139e-24
7.275170964198761e-24
7.268399435793907e-24
7.261331669242722e-24
7.253956144411476e-24
7.24626106766575e-24
7.238234393605264e-24
7.22986384489424e-24
7.221136943116537e-24
7.212041045056095e-24
7.202563385980036e-24
7.192691129950961e-24
7.1824114341868e-24
7.171711518664542e-24
7.160578755100482e-24
7.149000769561968e-24
7.136965558423449e-24
7.124461631061532e-24
7.111478169031976e-24
7.098005219487107e-24
7.084033915694762e-24
7.069556728257215e-24
7.054567776539854e-24
7.039063149708963e-24
7.023041340935911e-24
7.006503688377575e-24
6.989454921538942e-24
6.971903789097025e-24
6.953863785118738e-24
6.935353985279845e-24
6.91640001956938e-24
6.897035208897813e-24
6.877301872863996e-24
6.857252848796242e-24
6.836953247031819e-24
6.816482506300812e-24
6.795936762022445e-24
6.775431594222405e-24
6.75510522363212e-24
6.735122203880663e-24
6.715677717850174e-24
6.697002530097692e-24
6.679368727258068e-24
6.663096337058729e-24
6.64856096484651e-24
6.636202596881997e-24
6.626535567382926e-24
6.620160141633344e-24
6.617775465516679e-24
6.620194347933899e-24
6.628359807051325e-24
6.643363500325583e-24
6.66646615745415e-24
6.69911989786139e-24
6.742992509280441e-24
6.799993492600044e-24
6.87230191495127e-24
6.962395833435995e-24
7.073083529027976e-24
7.207537054893453e-24
7.369328599346229e-24
7.562471753632858e-24
