3.486934602097953e-24
3.313673853571252e-24
3.1488426236418275e-24
2.992076252330989e-24
2.843026646584752e-24
2.7013615486767216e-24
2.566763840705719e-24
2.4389308834943235e-24
2.3175738879987982e-24
2.20241731762336e-24
2.0931983192491997e-24
1.9896661811533686e-24
1.891581815368562e-24
1.798717262460911e-24
1.7108552156961408e-24
1.6277885622094612e-24
1.5493199379340985e-24
1.4752612931276338e-24
1.4054334651607375e-24
1.3396657550124373e-24
1.277795503910769e-24
1.2196676668340219e-24
1.1651343795583818e-24
1.114054516812044e-24
1.0662932396858135e-24
1.0217215316750734e-24
9.802157240913946e-25
9.416570135583217e-25
9.059309761338456e-25
8.72927085227839e-25
8.425382421974715e-25
8.146603309933855e-25
7.891918094566415e-25
7.660333507587139e-25
7.450875480325866e-25
7.262586938225972e-25
7.094526430879375e-25
6.945767647314567e-25
6.815399815808372e-25
6.70252893747003e-25
6.606279750375759e-25
6.525798277492704e-25
6.460254780112536e-25
6.408846917621083e-25
6.370802918282105e-25
6.345384574618765e-25
6.331889906998276e-25
6.329655373265682e-25
6.338057543615883e-25
6.356514196109929e-25
6.384484832289672e-25
6.421470634584845e-25
6.467013918924166e-25
6.52069714641598e-25
6.5821415690185235e-25
6.651005590398658e-25
6.726982913674397e-25
6.809800549921386e-25
6.899216749379009e-25
6.995018907367562e-25
7.097021492603445e-25
7.205064030438578e-25
7.319009166619673e-25
7.43874083677335e-25
7.564162544926066e-25
7.6951957675616e-25
7.831778479919947e-25
7.973863806726874e-25
8.121418793885564e-25
8.274423296219e-25
8.432868974659062e-25
8.596758396481755e-25
8.766104230240179e-25
8.94092852931631e-25
9.121262094741047e-25
9.307143912344368e-25
9.498620653891395e-25
9.695746240221338e-25
9.898581456761581e-25
1.0107193616966625e-24
1.0321656270096908e-24
1.054204894706289e-24
1.0768456939424755e-24
1.1000971111567046e-24
1.1239687739156519e-24
1.148470837198711e-24
1.1736139720888266e-24
1.1994093559867984e-24
1.2258686651379147e-24
1.2530040685633644e-24
1.2808282232577208e-24
1.309354270832491e-24
1.3385958355452747e-24
1.3685670228942066e-24
1.3992824199596889e-24
1.4307570957824685e-24
1.4630066034613808e-24
1.4960469822317754e-24
1.5298947610452675e-24
1.5645669619970977e-24
1.6000811053553371e-24
1.636455214294161e-24
1.6737078207455484e-24
1.7118579717231476e-24
1.7509252360411863e-24
1.7909297119606514e-24
1.831892034229663e-24
1.8738333835012064e-24
1.9167754940302673e-24
1.960740663752975e-24
2.005751763292709e-24
2.0518322467563016e-24
2.0990061617148124e-24
2.14729816077195e-24
2.196733512704128e-24
2.247338114307993e-24
2.2991385028368258e-24
2.352161868938396e-24
2.4064360695516708e-24
2.4619896412749553e-24
2.5188518153071308e-24
2.5770525316089622e-24
2.6366224525700054e-24
2.6975929805164103e-24
2.7599962722239584e-24
2.823865254671063e-24
2.8892336436622493e-24
2.9561359594915684e-24
3.0246075449170916e-24
3.0946845839161283e-24
3.166404119376226e-24
3.239804072418347e-24
3.3149232633235325e-24
3.391801429903731e-24
3.470479249308127e-24
3.5509983576900295e-24
3.633401375151309e-24
3.7177319241787214e-24
3.8040346553934275e-24
3.892355267890823e-24
3.9827405364145105e-24
4.075238335525512e-24
4.169897660626913e-24
4.2667686599022894e-24
4.365902657636594e-24
4.4673521776971e-24
4.571170979325313e-24
4.677414077142277e-24
4.7861377777397474e-24
4.897399704603396e-24
5.0112588217737934e-24
5.127775487464068e-24
5.247011461159715e-24
5.369029949508932e-24
5.4938956365513624e-24
5.621674715933027e-24
5.752434929816929e-24
5.886245606472344e-24
6.023177694208242e-24
6.163303783197646e-24
6.306698179196889e-24
6.4534369153051615e-24
6.603597799560006e-24
6.757260453250415e-24
6.914506350705995e-24
7.075418900292414e-24
7.240083419550454e-24
7.408587232397491e-24
7.58101971360707e-24
7.757472290379386e-24
7.938038543493542e-24
8.122814268627112e-24
8.311897422755352e-24
8.505388335527104e-24
8.703389611556418e-24
8.906006275649871e-24
9.113345812315515e-24
9.32551818153819e-24
9.54263595256998e-24
9.764814294334313e-24
9.99217104679762e-24
1.0224826871351647e-23
1.046290513138798e-23
1.0706532184779476e-23
1.0955837280621781e-23
1.1210952671888603e-23
1.1472013735200217e-23
1.1739159006714722e-23
1.2012530219121193e-23
1.2292272441508767e-23
1.2578534117106962e-23
1.2871467219478763e-23
1.3171227117354293e-23
1.347797298389747e-23
1.3791867724531892e-23
1.411307769941084e-23
1.444177371860896e-23
1.4778130018492797e-23
1.5122325276066098e-23
1.547454230057773e-23
1.5834968059875574e-23
