2.7489854377691782e-11
2.731482237095195e-11
2.6396312858812514e-11
2.5704123730689323e-11
2.4900293816587302e-11
2.3831009314766558e-11
2.319370245819376e-11
2.2694309231434716e-11
2.212242848674595e-11
2.1190246882305512e-11
2.06650726122897e-11
2.001564348441591e-11
1.94171498420286e-11
1.8812670485161955e-11
1.8199215049071425e-11
1.7702519505330017e-11
1.699229530831286e-11
1.6587777821970283e-11
1.6024707799256627e-11
1.5605105321726203e-11
1.4889575956412833e-11
1.447929668663101e-11
1.409174177623697e-11
1.3535351876188788e-11
1.3152112474644584e-11
1.258983755375072e-11
1.2260837548389837e-11
1.172586467390256e-11
1.1451647028368323e-11
1.104202256559875e-11
1.0607688357577974e-11
1.0178005858661492e-11
9.803201062067205e-12
9.474429567910612e-12
9.145120899777729e-12
8.763665584460403e-12
8.499502517346488e-12
8.176139393359882e-12
7.832654812057577e-12
7.593916628725242e-12
7.275974968433593e-12
6.974449872358005e-12
6.7324527728648825e-12
6.46928124536323e-12
6.194270747885982e-12
5.9733352262214454e-12
5.735723933915848e-12
5.507432144017532e-12
5.2897793390852344e-12
5.060036620424158e-12
4.885945172672948e-12
4.661548789153678e-12
4.496109424917741e-12
4.298688983456267e-12
4.1232455585884334e-12
3.9423553550717754e-12
3.785320646244342e-12
3.6360513458670523e-12
3.4753101159818158e-12
3.3289697303938456e-12
3.1860279000859265e-12
3.0477575952694152e-12
2.921056138523823e-12
2.7927555177585153e-12
2.6753904769673556e-12
2.5616813087204086e-12
2.4481050364560057e-12
2.3414074983839698e-12
2.2350771489270573e-12
2.1425243249079504e-12
2.0447816211400096e-12
1.9520167828055337e-12
1.864942360664158e-12
1.7832203551116114e-12
1.7030353587731587e-12
1.6245884592210407e-12
1.554080178586966e-12
1.4818945332088021e-12
1.4140731139886525e-12
1.3503931306900254e-12
1.286958091136598e-12
1.2274237424937933e-12
1.1693855411257307e-12
1.1147667187477429e-12
1.0632739733942425e-12
1.013835755500518e-12
9.64476242107581e-13
9.191449853970358e-13
8.752016669739274e-13
8.329977219005203e-13
7.924520322264607e-13
7.543155087550823e-13
7.174737922104768e-13
6.819787811681056e-13
6.482717437649814e-13
6.164472254863585e-13
5.851135865197842e-13
5.558521791966252e-13
5.275210840017661e-13
5.006812545372693e-13
4.749003780145857e-13
4.5028446945172864e-13
4.26740576982762e-13
4.042364659799868e-13
3.82736786423709e-13
3.622095700203518e-13
3.425853392608733e-13
3.2378596561560836e-13
3.059668250835742e-13
2.8884155873020544e-13
2.725567015846482e-13
2.570067773313485e-13
2.42142136216695e-13
2.2800532409045654e-13
2.1444041591654982e-13
2.0154078466029238e-13
1.8926814736117344e-13
1.7750818102256277e-13
1.6631056517781323e-13
1.5568094600337238e-13
1.455506285810206e-13
1.358867778767003e-13
1.2668241201115842e-13
1.1791213344638358e-13
1.0960625046487012e-13
1.0169682376184295e-13
9.416939423773573e-14
8.702601421076312e-14
8.026497827202086e-14
7.3836293506469e-14
6.775110757008525e-14
6.199086703290249e-14
5.654296645102257e-14
5.139725198905375e-14
4.6541863373703444e-14
4.1967585705124244e-14
3.766495590089585e-14
3.362608388808961e-14
2.98394484560257e-14
2.6298982714458744e-14
2.299748417050293e-14
1.992711743703161e-14
1.7083422572129396e-14
1.4458919599664325e-14
1.2048712942608827e-14
9.847733712195124e-15
7.850998469315655e-15
6.054919298971282e-15
4.455299152648709e-15
3.0491495381807076e-15
1.8335456066406733e-15
8.066516287621449e-16
7.174283638498744e-17
6.993404087138416e-16
1.1742518114162846e-15
1.468335600610244e-15
1.5816337918548058e-15
1.5143104311815721e-15
1.266236442233896e-15
8.371968640209568e-16
2.308748312395959e-16
5.7627718383759845e-16
1.5555671486004098e-15
2.723855869111424e-15
4.082381478875133e-15
5.6338820383211505e-15
7.381560364662857e-15
9.329037215004052e-15
1.1480578002901519e-14
1.3840735976478682e-14
1.6413976173754513e-14
1.92062776620321e-14
2.222394316261925e-14
2.5472021289253745e-14
2.895810388579253e-14
3.268963989757079e-14
3.6675603658296825e-14
4.092146807579613e-14
4.543960296444211e-14
5.0237892939704316e-14
5.5325118899053324e-14
6.071399840629059e-14
6.641516939245989e-14
7.244062537017586e-14
7.880327479184374e-14
8.551634527950795e-14
9.259182996286622e-14
1.0004956221038894e-13
1.0790321521798935e-13
1.1616729317852473e-13
1.2485973224251842e-13
1.3400315945164617e-13
1.4360326952474376e-13
1.5370423992851424e-13
1.6430297903160423e-13
1.7543288458040549e-13
1.871182842870823e-13
1.993757898293558e-13
2.1225209123368434e-13
2.257441665809792e-13
2.399007931802684e-13
