4.553829916469752e-12
4.422852264684249e-12
4.289154480112594e-12
4.136688485564464e-12
3.994805757276402e-12
3.828432845174505e-12
3.7010410556654755e-12
3.5656624105586642e-12
3.4493651741244926e-12
3.299931377904123e-12
3.188780662171461e-12
3.069816244070089e-12
2.9529329854988503e-12
2.8416610227102425e-12
2.724705485099137e-12
2.627453695200585e-12
2.5206781847055592e-12
2.426859408980915e-12
2.33045233074508e-12
2.242856369047113e-12
2.1460133048304997e-12
2.0599705330761125e-12
1.98360565084371e-12
1.895252556618672e-12
1.825224362088822e-12
1.7452674133055328e-12
1.6781253442372796e-12
1.603401035291872e-12
1.5392820765865917e-12
1.4766781271402235e-12
1.4136567945293968e-12
1.3518920788791295e-12
1.2947942885934688e-12
1.2399453030319702e-12
1.1885269254163498e-12
1.136627530538578e-12
1.0893633577876603e-12
1.0420773330499895e-12
9.959818717552233e-13
9.547901502228827e-13
9.123371381951636e-13
8.717425691451379e-13
8.343907677483789e-13
7.976486097881183e-13
7.61933773647138e-13
7.287710408213533e-13
6.96536242484641e-13
6.656330707558286e-13
6.359190854349487e-13
6.070826587558782e-13
5.805785633169887e-13
5.538145067479566e-13
5.294540951825042e-13
5.052074155676654e-13
4.822888938134607e-13
4.601070895777523e-13
4.391919535293316e-13
4.1940678852863054e-13
3.9996267991637263e-13
3.814111278151223e-13
3.6379092005811064e-13
3.4698927498007133e-13
3.3093064969168827e-13
3.1537369610364046e-13
3.0071770118976304e-13
2.8666430986551576e-13
2.73062432414051e-13
2.601453299889562e-13
2.4771537771836014e-13
2.3601635000822763e-13
2.2465064230325725e-13
2.1380538046539443e-13
2.0347652488654822e-13
1.9364038457873154e-13
1.8420250647462444e-13
1.7514889212321625e-13
1.6657625567280466e-13
1.583162921759141e-13
1.504365403685621e-13
1.429255152567859e-13
1.3570820691467255e-13
1.2882908080478363e-13
1.2225244573413177e-13
1.1596644498860492e-13
1.0998307075659843e-13
1.0425813678929012e-13
9.876324256589442e-14
9.354179819728589e-14
8.854829200066675e-14
8.376814108832442e-14
7.921046431872662e-14
7.486430885962057e-14
7.070514865256895e-14
6.673639226127759e-14
6.294419481013377e-14
5.932876196114856e-14
5.586853446125552e-14
5.257457699340199e-14
4.94265141026157e-14
4.642114768592563e-14
4.355258826974478e-14
4.081749036827868e-14
3.8205651682375603e-14
3.571503837804118e-14
3.333891448649379e-14
3.1074212910727697e-14
2.891332102753991e-14
2.6853776512801747e-14
2.4890171732032037e-14
2.301947209705407e-14
2.123679384877912e-14
1.9540103820810515e-14
1.79233117554768e-14
1.6385565637986695e-14
1.4921257815977073e-14
1.3528778072108397e-14
1.2205360627647927e-14
1.0947203188681323e-14
9.752509500655009e-15
8.618611246661009e-15
7.543026586325651e-15
6.5233092692545746e-15
5.557498752851826e-15
4.643580432363733e-15
3.779765096775013e-15
2.964058725535528e-15
2.1949469338256382e-15
1.4710858733329903e-15
7.919311292775195e-16
1.7252425991318646e-16
4.610957650992211e-16
1.0162262607068626e-15
1.536897181509836e-15
2.021349449703515e-15
2.470158942842723e-15
2.8841663158554865e-15
3.264162336180672e-15
3.610948942279249e-15
3.925157814569569e-15
4.2075399599862475e-15
4.458624924791658e-15
4.678940953492714e-15
4.8690343623382415e-15
5.0291446799835004e-15
5.159787077813026e-15
5.2610923136522264e-15
5.3333830722812825e-15
5.376720496053272e-15
5.3912609943901985e-15
5.3769950462955176e-15
5.333893832428222e-15
5.261855467930713e-15
5.1607802506033344e-15
5.0303890533373465e-15
4.870415312233846e-15
4.680526599088752e-15
4.460347319525978e-15
4.209423469472738e-15
3.927177848823405e-15
3.613076890072206e-15
3.2663601088786903e-15
2.8863958076490976e-15
2.4723585830579385e-15
2.023456993350139e-15
1.5388538782383557e-15
1.0179722826112564e-15
4.624164574056525e-16
1.7089466756687245e-16
7.910267845409483e-16
1.4707677713458873e-15
2.1952921426059375e-15
2.9651627838183394e-15
3.7817660357221925e-15
4.646707087665031e-15
5.561783792240793e-15
6.528965344928644e-15
7.550327052728392e-15
8.62784931639969e-15
9.764069919691063e-15
1.0961229145007498e-14
1.2221813762682044e-14
1.3548664739390427e-14
1.494451602676304e-14
1.641226363389366e-14
1.7955149815492722e-14
1.957632233855342e-14
2.1279156933895737e-14
2.306761239702222e-14
2.4945208708715226e-14
2.6916093225454705e-14
2.898425071830129e-14
3.1154400526907324e-14
3.3430218904299346e-14
3.5818208125539817e-14
3.832198717347981e-14
4.094704682390644e-14
4.369962044782788e-14
4.6584831433933215e-14
4.9610207967430707e-14
5.2780077097747946e-14
5.6102880596080523e-14
