1.3439694878133326e-24
1.3141830540121574e-24
1.2864004717897118e-24
1.2605134834342665e-24
1.2364172748391108e-24
1.2140105038818044e-24
1.1931953380544412e-24
1.1738774966045645e-24
1.1559662926616847e-24
1.1393746712142159e-24
1.124019239375693e-24
1.1098202859361332e-24
1.0967017879155592e-24
1.0845914024900002e-24
1.0734204433883762e-24
1.0631238414166819e-24
1.0536400893819471e-24
1.0449111721668753e-24
1.0368824830456706e-24
1.0295027276836369e-24
1.0227238174259002e-24
1.016500753612794e-24
1.0107915047040277e-24
1.0055568779706212e-24
1.0007603874468087e-24
9.963681197068948e-25
9.923485989467296e-25
9.886726526266913e-25
9.853132788271465e-25
9.822455162538854e-25
9.794463177501772e-25
9.768944278997807e-25
9.745702652974866e-25
9.724558098029962e-25
9.705344951126097e-25
9.687911067592262e-25
9.672116856523517e-25
9.657834371566137e-25
9.644946456408629e-25
9.633345944173913e-25
9.62293490904846e-25
9.61362396850673e-25
9.60533163401422e-25
9.597983708360293e-25
9.591512726979691e-25
9.585857441253857e-25
9.58096234135399e-25
9.576777216308057e-25
9.573256749077626e-25
9.570360144327977e-25
9.568050786956162e-25
9.566295929170903e-25
9.565066404196348e-25
9.564336364821432e-25
9.564083045067732e-25
9.56428654306703e-25
9.564929624294116e-25
9.565997542669549e-25
9.567477879258649e-25
9.569360396643094e-25
9.571636908058827e-25
9.574301160351357e-25
9.577348729340332e-25
9.580776927297752e-25
9.584584721325612e-25
9.588772661777463e-25
9.593342820445276e-25
9.598298737581795e-25
9.603645377229911e-25
9.609389090463086e-25
9.615537585783118e-25
9.622099906574107e-25
9.629086415284396e-25
9.6365087834359e-25
9.644379987751584e-25
9.652714311954213e-25
9.66152735362367e-25
9.670836036723126e-25
9.680658628478906e-25
9.691014761723848e-25
9.70192546106869e-25
9.71341317431327e-25
9.72550180775088e-25
9.738216766053098e-25
9.75158499596013e-25
9.765635034228503e-25
9.78039705958948e-25
9.795902948553136e-25
9.812186334832715e-25
9.829282672541513e-25
9.847229302902877e-25
9.866065524788585e-25
9.885832667831181e-25
9.906574169603606e-25
9.928335654924343e-25
9.951165018653889e-25
9.975112510786524e-25
1.0000230824217476e-24
1.0026575183656874e-24
1.0054203438178568e-24
1.0083176152369686e-24
1.0113556701583953e-24
1.0145411365783653e-24
1.0178809423320691e-24
1.0213823246479735e-24
1.025052839213347e-24
1.028900369519403e-24
1.0329331356238936e-24
1.037159702697322e-24
1.041588989314014e-24
1.0462302750953167e-24
1.0510932078249513e-24
1.0561878100753778e-24
1.061524484888131e-24
1.0671140207077423e-24
1.0729675954465014e-24
1.07909677954419e-24
1.0855135378618373e-24
1.0922302304044415e-24
1.0992596118711849e-24
1.106614829680555e-24
1.1143094213493797e-24
1.1223573092097573e-24
1.1307727950304912e-24
1.1395705522708622e-24
1.1487656173540798e-24
1.1583733794823724e-24
1.1684095689321877e-24
1.178890244772151e-24
1.189831780364436e-24
1.2012508486405923e-24
1.2131644065731022e-24
1.2255896785657156e-24
1.2385441390395234e-24
1.2520454964696926e-24
1.2661116747344924e-24
1.2807607973263471e-24
1.296011170762727e-24
1.3118812678094832e-24
1.328389714797613e-24
1.345555276309199e-24
1.3633968453011804e-24
1.3819334332557521e-24
1.4011841602692346e-24
1.4211682531285672e-24
1.4419050403173502e-24
1.463413952548226e-24
1.4857145278495932e-24
1.508826412400234e-24
1.532769377580976e-24
1.5575633248932653e-24
1.5832283080400693e-24
1.6097845469771066e-24
1.6372524548998156e-24
1.665652660373866e-24
1.6950060403235566e-24
1.7253337498751104e-24
1.756657259133651e-24
1.7889983915129573e-24
1.8223793653685668e-24
1.856822840791017e-24
1.8923519706600842e-24
1.9289904376414733e-24
1.9667625297382277e-24
2.0056931764420842e-24
2.04580802136142e-24
2.0871334793221936e-24
2.1296968083367518e-24
2.1735261681286635e-24
2.2186507026513856e-24
2.2651006139087945e-24
2.312907233340186e-24
2.3621031181703617e-24
2.4127221219889907e-24
2.464799514757573e-24
2.5183720493404235e-24
2.573478084933673e-24
2.6301576932192524e-24
2.6884527601135573e-24
2.7484071275100567e-24
2.810066702331515e-24
2.8734796258184562e-24
2.9386963827772076e-24
3.005769986248464e-24
3.0747561470361428e-24
3.1457133996458717e-24
3.2187033863489157e-24
3.2937909903528007e-24
3.371044545734642e-24
3.450536179174887e-24
3.532341849081774e-24
3.61654188797443e-24
3.703221038729704e-24
3.7924689350209694e-24
3.884380334922393e-24
3.9790554632076116e-24
4.076600479988772e-24
4.177127748336845e-24
4.2807563908915964e-24
4.387612639254335e-24
4.497830379326205e-24
