2.1528154632942017e-22
2.160667126101401e-22
2.1681461535822887e-22
2.175268418385794e-22
2.1820490355644975e-22
2.188502394700536e-22
2.19464219048871e-22
2.20048145183628e-22
2.2060325695475384e-22
2.2113073226474593e-22
2.2163169034048234e-22
2.22107194110349e-22
2.2255825246173226e-22
2.229858223833668e-22
2.233908109971986e-22
2.2377407748413863e-22
2.241364349077103e-22
2.244786519395794e-22
2.2480145449049005e-22
2.251055272502748e-22
2.25391515139928e-22
2.256600246792046e-22
2.259116252721632e-22
2.2614685041375943e-22
2.263661988199975e-22
2.26570135483691e-22
2.267590926585834e-22
2.2693347077326565e-22
2.2709363927758748e-22
2.2723993742242293e-22
2.273726749752322e-22
2.2749213287240915e-22
2.2759856380992024e-22
2.2769219277338495e-22
2.277732175087748e-22
2.2784180893457374e-22
2.2789811149628884e-22
2.2794224346381075e-22
2.279742971725386e-22
2.2799433920831585e-22
2.2800241053662372e-22
2.2799852657634142e-22
2.2798267721791548e-22
2.279548267858668e-22
2.2791491394560704e-22
2.278628515539859e-22
2.277985264532331e-22
2.277217992075983e-22
2.2763250378198184e-22
2.2753044716161644e-22
2.27415408911794e-22
2.2728714067628615e-22
2.271453656134651e-22
2.2698977776802287e-22
2.2682004137728746e-22
2.2663579010963143e-22
2.26436626233458e-22
2.262221197140905e-22
2.2599180723647903e-22
2.2574519115092513e-22
2.254817383389222e-22
2.2520087899608083e-22
2.249020053288581e-22
2.245844701613354e-22
2.2424758544840906e-22
2.2389062069091146e-22
2.235128012485594e-22
2.2311330654564584e-22
2.226912681644679e-22
2.2224576782099397e-22
2.2177583521666452e-22
2.21280445760345e-22
2.207585181532266e-22
2.202089118296472e-22
2.196304242459591e-22
2.19021788009049e-22
2.183816678355618e-22
2.1770865733206826e-22
2.1700127558605136e-22
2.1625796355640606e-22
2.1547708025156643e-22
2.146568986825654e-22
2.1379560157703043e-22
2.1289127683943087e-22
2.1194191274152656e-22
2.1094539282589228e-22
2.0989949050380647e-22
2.088018633277428e-22
2.0765004691645092e-22
2.064414485097658e-22
2.051733401274839e-22
2.0384285130515997e-22
2.0244696137713085e-22
2.0098249127481778e-22
1.9944609480516979e-22
1.9783424937174497e-22
1.961432460969168e-22
1.9436917930081197e-22
1.925079352877069e-22
1.905551803871788e-22
1.8850634819142118e-22
1.8635662592560798e-22
1.8410093988157462e-22
1.817339398388447e-22
1.792499823895101e-22
1.766431130753306e-22
1.7390704723638267e-22
1.7103514946046611e-22
1.6802041151108965e-22
1.6485542859940185e-22
1.615323738513421e-22
1.580429708054658e-22
1.5437846375917858e-22
1.5052958576170665e-22
1.4648652402940336e-22
1.422388825345861e-22
1.3777564149073427e-22
1.33085113425913e-22
1.28154895501132e-22
1.2297181769117537e-22
1.175218864030168e-22
1.117902230601404e-22
1.0576099713284426e-22
9.941735304800336e-23
9.274133037617618e-23
8.57137766902313e-23
7.831425256990373e-23
7.052092852340224e-23
6.231047448099955e-23
5.365794514213204e-23
4.453667298964614e-23
3.4918213550366886e-23
2.4772552968610675e-23
1.4070159194287682e-23
2.8400088640711288e-24
9.231863915623978e-24
2.183716913856266e-23
3.51775550070457e-23
4.9291851767307753e-23
6.423124271428347e-23
8.005255286051063e-23
9.681793669484458e-23
1.1459526157366234e-22
1.3345869721156522e-22
1.534894340790865e-22
1.7477652350071428e-22
1.9741785134101689e-22
2.215212658618022e-22
2.4720588694203763e-22
2.7460363070834488e-22
3.0386099169868804e-22
3.3514113465236035e-22
3.6862636057469824e-22
4.0452102771725367e-22
4.430550286614617e-22
4.844879513019749e-22
5.291140862659802e-22
5.772684890302685e-22
6.293343657247365e-22
6.857521330085257e-22
7.470306125997133e-22
8.137609718243581e-22
8.866342302304882e-22
9.664634447114242e-22
1.0542121007331398e-21
1.1510308352488973e-21
1.2583054917555843e-21
1.3777208099125617e-21
1.5113460260963534e-21
1.6617517160833962e-21
1.8321720468568863e-21
2.0267344549501637e-21
2.2507918771873795e-21
2.5114152536108618e-21
2.8181443948209425e-21
3.1841704888154083e-21
3.628270396788591e-21
4.1781164060458884e-21
4.876255831058463e-21
5.7916629760141606e-21
7.044034444081577e-21
8.860917259799497e-21
1.1734452524891921e-20
1.696313901577301e-20
2.944173126261283e-20
9.698402347999791e-20
7.70419841991187e-20
2.888804489701311e-20
1.8036403753316764e-20
1.3255434016635614e-20
1.0563494134126617e-20
8.835450881210329e-21
7.630876336454247e-21
6.742006519623769e-21
6.058028235360706e-21
5.514429813240844e-21
5.0710984641617026e-21
4.701775167561734e-21
4.388542895235964e-21
4.118751870179445e-21
3.883211021045035e-21
