1.434601951790021e-23
1.170136529221926e-23
9.214435848839456e-24
6.880009116187314e-24
4.693278478499125e-24
2.6501672833715016e-24
7.523439961372794e-25
1.0390750869311392e-24
2.6750034542172005e-24
4.187675850935802e-24
5.5770337390767624e-24
6.8456000943162e-24
7.995943537788732e-24
9.03045440458033e-24
9.951301706004648e-24
1.0760423215084555e-23
1.1459524132336782e-23
1.2050078330326957e-23
1.2533330322607093e-23
1.2910297285247127e-23
1.3181770858700814e-23
1.3348318610927458e-23
1.341028510791788e-23
1.3367792569049334e-23
1.3220741102297644e-23
1.2968808528051753e-23
1.2611449816160854e-23
1.2147896185689366e-23
1.157715396269977e-23
1.0898003383227215e-23
1.0108997727401552e-23
9.208463633545451e-24
8.19450462780724e-24
7.06501332988575e-24
5.817709390829281e-24
4.4502694142981706e-24
2.960913333306961e-24
1.3535342597455233e-24
4.867201229122562e-25
2.3170421259997103e-24
4.333567849676273e-24
6.4965001152520916e-24
8.807797766790157e-24
1.127179458893296e-23
1.3893563160267888e-23
1.6678643976578126e-23
1.963298124794351e-23
2.2762909435377604e-23
2.6075156432733507e-23
2.9576853594794777e-23
3.3275549245466504e-23
3.717922436135763e-23
4.129630988620041e-23
4.56357054449016e-23
5.02067993673589e-23
5.501949000181712e-23
6.008420833470246e-23
6.541194195574256e-23
7.101426042135259e-23
7.690334207963402e-23
8.309200242842333e-23
8.959372408561582e-23
9.642268845754575e-23
1.035938091984511e-22
1.1112276756106649e-22
1.1902604974570289e-22
1.2732098636337305e-22
1.3602579413649604e-22
1.4515961996999775e-22
1.5474258753529668e-22
1.6479584651965435e-22
1.7534162470549727e-22
1.8640328305534741e-22
1.980053739923656e-22
2.1017370307995562e-22
2.229353943198079e-22
2.3631895930473777e-22
2.5035437048098246e-22
2.6507313879429485e-22
2.8050839601698946e-22
2.9669498207602397e-22
3.1366953772819565e-22
3.3147060295905366e-22
3.50138721509344e-22
3.6971655197222786e-22
3.902489859371512e-22
4.117832737010884e-22
4.343691581114484e-22
4.580590171543572e-22
4.82908015960321e-22
5.08974268954419e-22
5.363190129507786e-22
5.650067920612609e-22
5.951056553732256e-22
6.266873684365847e-22
6.598276397105915e-22
6.946063632219064e-22
7.311078788180097e-22
7.69421251532689e-22
8.096405717424564e-22
8.518652779531655e-22
8.962005042620632e-22
9.427574547461005e-22
9.916538072757747e-22
1.0430141495201178e-21
1.0969704502160703e-21
1.1536625691209356e-21
1.213238809449707e-21
1.2758565170419e-21
1.3416827309932704e-21
1.4108948910468499e-21
1.4836816076933107e-21
1.560243501619744e-21
1.6407941200168963e-21
1.725560938148306e-21
1.8147864557250036e-21
1.9087293987817714e-21
2.007666039260108e-21
2.1118916460976472e-21
2.221722083465602e-21
2.3374955740464254e-21
2.4595746477843045e-21
2.5883482993290804e-21
2.7242343810507683e-21
2.8676822622590116e-21
3.0191757900778023e-21
3.1792365929373544e-21
3.3484277740068286e-21
3.527358049553209e-21
3.716686396395498e-21
3.917127283238115e-21
4.129456573607101e-21
4.354518203349686e-21
4.593231754373376e-21
4.846601068502312e-21
5.1157240718387e-21
5.401804013849142e-21
5.706162364710849e-21
6.030253663309444e-21
6.3756826702278216e-21
6.744224254007831e-21
7.137846532602796e-21
7.558737909374467e-21
8.009338791954218e-21
8.492378965539814e-21
9.010921834649569e-21
9.568417051569408e-21
1.0168763446463533e-20
1.0816384689201723e-20
1.1516320790735783e-20
1.227433945341143e-20
1.3097072476277616e-20
1.3992184038079168e-20
1.4968579908910366e-20
1.603666966360874e-20
1.720869825438881e-20
1.8499169294761888e-20
1.9925391053026153e-20
2.1508188681176954e-20
2.32728448233458e-20
2.5250358663163687e-20
2.747915647674191e-20
3.0007454124687575e-20
3.289658025349251e-20
3.6225747608864127e-20
4.009906367442002e-20
4.465610511254201e-20
5.0088353812688635e-20
5.66656451104795e-20
6.478048584057107e-20
7.502595408110387e-20
8.83406875988799e-20
1.0629810588336301e-19
1.3173437085117157e-19
1.7025960673799192e-19
2.34335546965486e-19
3.547227225246272e-19
5.801600758454716e-19
6.177759883321335e-19
3.983733333643916e-19
2.7235633262563053e-19
2.0548703210312568e-19
1.6556958459078026e-19
1.3936425439969777e-19
1.2094233794319406e-19
1.0732655703863412e-19
9.687470674832298e-20
8.861173696922066e-20
8.192393850102553e-20
7.640644200535076e-20
7.178165098246442e-20
6.785301537991502e-20
6.447753555989818e-20
6.154872330676418e-20
5.898566667598662e-20
5.672579570187179e-20
5.471996821818066e-20
5.2929052665633256e-20
5.132150309110887e-20
4.98716048747419e-20
4.8558185393031646e-20
