2.5292456687439327e-23
2.5293638824025686e-23
2.5294753267360416e-23
2.5295802369981971e-23
2.529678834683266e-23
2.5297713279868466e-23
2.529857912239466e-23
2.529938770313507e-23
2.5300140730044687e-23
2.5300839793870863e-23
2.530148637147231e-23
2.530208182890059e-23
2.5302627424251444e-23
2.5303124310291317e-23
2.5303573536863814e-23
2.5303976053081875e-23
2.5304332709308127e-23
2.5304644258930505e-23
2.5304911359932568e-23
2.5305134576265637e-23
2.5305314379022096e-23
2.5305451147415425e-23
2.530554516956502e-23
2.5305596643090696e-23
2.5305605675516907e-23
2.530557228448597e-23
2.5305496397783692e-23
2.5305377853172657e-23
2.5305216398039245e-23
2.5305011688846252e-23
2.530476329039621e-23
2.530447067489936e-23
2.530413322084675e-23
2.5303750211684237e-23
2.530332083428723e-23
2.5302844177228518e-23
2.5302319228840612e-23
2.5301744875063496e-23
2.530111989707784e-23
2.530044296871431e-23
2.5299712653636396e-23
2.5298927402290072e-23
2.5298085548612927e-23
2.5297185306495903e-23
2.5296224765992022e-23
2.5295201889261037e-23
2.529411450624361e-23
2.5292960310055e-23
2.5291736852088288e-23
2.5290441536817208e-23
2.5289071616287516e-23
2.5287624184283796e-23
2.5286096170162545e-23
2.5284484332333906e-23
2.5282785251383005e-23
2.5280995322811738e-23
2.5279110749389354e-23
2.5277127533093052e-23
2.5275041466622402e-23
2.5272848124470294e-23
2.5270542853529757e-23
2.5268120763217518e-23
2.5265576715094113e-23
2.5262905311956744e-23
2.5260100886383664e-23
2.5257157488703755e-23
2.5254068874366765e-23
2.5250828490688253e-23
2.5247429462938412e-23
2.5243864579748082e-23
2.524012627779816e-23
2.5236206625763125e-23
2.5232097307470717e-23
2.5227789604244953e-23
2.5223274376392732e-23
2.5218542043796662e-23
2.521358256557121e-23
2.5208385418737885e-23
2.5202939575878297e-23
2.5197233481711716e-23
2.5191255028551216e-23
2.51849915305852e-23
2.5178429696927982e-23
2.517155560338396e-23
2.5164354662863496e-23
2.515681159438803e-23
2.5148910390618452e-23
2.5140634283837047e-23
2.5131965710309112e-23
2.512288627295099e-23
2.5113376702221347e-23
2.5103416815154174e-23
2.509298547244459e-23
2.508206053349655e-23
2.507061880933486e-23
2.5058636013281662e-23
2.5046086709290482e-23
2.5032944257828682e-23
2.501918075918862e-23
2.500476699411018e-23
2.4989672361582447e-23
2.49738648136949e-23
2.4957310787392893e-23
2.4939975132995445e-23
2.4921821039316426e-23
2.4902809955230167e-23
2.4882901507511638e-23
2.486205341477183e-23
2.4840221397301604e-23
2.481735908263312e-23
2.4793417906603582e-23
2.4768347009720564e-23
2.474209312858692e-23
2.4714600482161156e-23
2.468581065259813e-23
2.4655662460407596e-23
2.4624091833669614e-23
2.459103167099517e-23
2.4556411697956887e-23
2.452015831665175e-23
2.4482194448078912e-23
2.444243936696893e-23
2.440080852870197e-23
2.4357213387940327e-23
2.4311561208546984e-23
2.4263754864379228e-23
2.4213692630505035e-23
2.416126796435457e-23
2.410636927635181e-23
2.404887968943553e-23
2.3988676786971453e-23
2.3925632348458756e-23
2.3859612072405126e-23
2.3790475285714568e-23
2.371807463894581e-23
2.3642255786682846e-23
2.3562857052207565e-23
2.3479709075794967e-23
2.3392634445596273e-23
2.330144731037787e-23
2.3205952972952943e-23
2.3105947463491906e-23
2.3001217091349654e-23
2.289153797455266e-23
2.277667554533227e-23
2.2656384030681268e-23
2.253040590621226e-23
2.2398471322014157e-23
2.2260297498537385e-23
2.2115588090908852e-23
2.196403251955624e-23
2.1805305265002823e-23
2.1639065124323973e-23
2.1464954426839917e-23
2.1282598205716066e-23
2.1091603322741074e-23
2.089155754189372e-23
2.0682028548033795e-23
2.046256290574415e-23
2.0232684952400058e-23
1.999189561971323e-23
1.9739671176273238e-23
1.9475461880215962e-23
1.919869053453273e-23
1.890875092964444e-23
1.8605006156717196e-23
1.8286786775849694e-23
1.7953388810860333e-23
1.7604071538872348e-23
1.7238055040028625e-23
1.685451744925459e-23
1.6452591845996082e-23
1.6031362689392907e-23
1.5589861676053124e-23
1.512706285496151e-23
1.4641876764163094e-23
1.413314326296929e-23
1.3599622594900373e-23
1.303998399442426e-23
1.2452790847155231e-23
1.1836480897481315e-23
1.1189339236842577e-23
1.0509460591635292e-23
9.794695577277868e-24
9.042572903621707e-24
8.250186463020947e-24
7.414036587346433e-24
6.5298385207157224e-24
5.592460407775402e-24
4.596997769275113e-24
3.547368806290792e-24
2.5223391623868598e-24
2.1993533134262515e-24
5.1453485430681364e-24
1.814334836822454e-23
4.112530914622363e-24
2.3257812146797874e-24
3.1777196376516107e-24
4.604997277359494e-24
6.145093541265683e-24
7.745378607108255e-24
