2.937055782357688e-24
2.7560752266304315e-24
2.5862277650896836e-24
2.426937237557114e-24
2.2776578504881914e-24
2.137873191725564e-24
2.00709526610223e-24
1.884863543085427e-24
1.770744005607357e-24
1.6643281868533155e-24
1.5652321791051102e-24
1.473095595953286e-24
1.387580466570415e-24
1.3083700387191463e-24
1.2351674664101618e-24
1.1676943594353545e-24
1.1056891764254247e-24
1.0489054516413651e-24
9.971098593427913e-25
9.500801386564828e-25
9.076029258780978e-25
8.69471568158992e-25
8.354840190227094e-25
8.054409370234083e-25
7.7914411825297215e-25
7.563953860034399e-25
7.369960337563589e-25
7.207468718211437e-25
7.07448869067106e-25
6.969043188987372e-25
6.889184041942943e-25
6.833009992877406e-25
6.7986853405175905e-25
6.784457561492839e-25
6.7886725793725875e-25
6.809786765470424e-25
6.846375207986673e-25
6.897136196348305e-25
6.960892190205052e-25
7.036587758310245e-25
7.123285084957007e-25
7.220157668359313e-25
7.326482800328649e-25
7.441633343510033e-25
7.565069231300907e-25
7.696329021130664e-25
7.835021743683909e-25
7.980819214007693e-25
8.1334489075375465e-25
8.292687454641385e-25
8.458354770290207e-25
8.630308808907298e-25
8.808440916509344e-25
8.992671740938945e-25
9.18294765475231e-25
9.379237642730447e-25
9.581530605964426e-25
9.78983303619387e-25
1.000416701683543e-24
1.0224568510564987e-24
1.045108589699883e-24
1.0683778727727645e-24
1.0922716669607247e-24
1.1167978610598985e-24
1.1419651905658388e-24
1.1677831743007104e-24
1.1942620613746794e-24
1.2214127870068133e-24
1.2492469359338803e-24
1.2777767123175853e-24
1.3070149152136016e-24
1.3369749188030948e-24
1.3676706567070092e-24
1.3991166098007148e-24
1.4313277970391044e-24
1.4643197688717364e-24
1.498108602897466e-24
1.5327109014559182e-24
1.5681437909085002e-24
1.6044249223928281e-24
1.641572473873359e-24
1.6796051533389924e-24
1.7185422030202797e-24
1.7584034045233435e-24
1.7992090847909847e-24
1.840980122818055e-24
1.8837379570624415e-24
1.9275045934984205e-24
1.972302614273557e-24
2.0181551869337898e-24
2.065086074189307e-24
2.1131196441993114e-24
2.162280881357464e-24
2.2125953975627808e-24
2.2640894439670254e-24
2.316789923189272e-24
2.3707244019913967e-24
2.4259211244106594e-24
2.4824090253481378e-24
2.5402177446100793e-24
2.5993776414050854e-24
2.659919809296689e-24
2.7218760916135322e-24
2.7852790973227598e-24
2.8501622173690275e-24
2.9165596414829895e-24
2.984506375466073e-24
3.0540382589574678e-24
3.1251919836890585e-24
3.1980051122354926e-24
3.2725160972648482e-24
3.348764301304368e-24
3.42679001702151e-24
3.506634488030224e-24
3.588339930237388e-24
3.6719495537356494e-24
3.757507585247872e-24
3.845059291144558e-24
3.934651001024214e-24
4.026330131902694e-24
4.120145212983678e-24
4.2161459110481e-24
4.314383056462937e-24
4.4149086698334694e-24
4.517775989297579e-24
4.623039498483033e-24
4.730754955145279e-24
4.8409794204903476e-24
4.953771289202952e-24
5.069190320213019e-24
5.1872976681618334e-24
5.3081559156456826e-24
5.431829106240271e-24
5.5583827782555885e-24
5.687883999366372e-24
5.820401402007686e-24
5.956005219619175e-24
6.094767323765599e-24
6.236761262106741e-24
6.382062297297476e-24
6.530747446743528e-24
6.682895523383848e-24
6.838587177330135e-24
6.997904938555428e-24
7.160933260545426e-24
7.327758565023436e-24
7.49846928765774e-24
7.67315592486584e-24
7.851911081747536e-24
8.034829521107763e-24
8.222008213559776e-24
8.413546388983805e-24
8.609545589009148e-24
8.810109720736489e-24
9.015345111863363e-24
9.225360566911531e-24
9.440267424922883e-24
9.66017961830694e-24
9.885213733339283e-24
1.011548907177342e-23
1.035112771416118e-23
1.0592254584307125e-23
1.0838997515730593e-23
1.1091487318941136e-23
1.1349857851316826e-23
1.1614246087302022e-23
1.18847921915358e-23
1.2161639592794623e-23
1.244493506007829e-23
1.2734828780018536e-23
1.3031474436926828e-23
1.3335029293718017e-23
1.3645654275266219e-23
1.3963514054154924e-23
1.428877713689785e-23
1.462161595386021e-23
1.4962206950422612e-23
1.5310730680203135e-23
1.5667371900341634e-23
1.6032319670365197e-23
1.6405767451018604e-23
1.6787913207387373e-23
1.7178959513176452e-23
1.7579113658156236e-23
1.798858775786965e-23
1.8407598864835618e-23
1.883636908639061e-23
1.9275125697102995e-23
1.9724101263892918e-23
2.0183533766546873e-23
2.0653666722593577e-23
2.1134749317864477e-23
2.1627036537636285e-23
2.213078930112002e-23
2.264627459842276e-23
2.3173765633804177e-23
2.3713541966224794e-23
2.4265889662772692e-23
2.4831101440448838e-23
2.5409476828486377e-23
2.6001322323500655e-23
