8.483441262972751e-23
8.635183264435721e-23
8.779555724306272e-23
8.91686504649884e-23
9.047402636690154e-23
9.171445521722275e-23
9.289256938391506e-23
9.401086892856821e-23
9.507172691889814e-23
9.607739447077824e-23
9.703000553075115e-23
9.793158140905102e-23
9.878403507296674e-23
9.958917520960444e-23
1.0034871006674145e-22
1.010642510799387e-22
1.0173731629366553e-22
1.0236933358369879e-22
1.0296164368762537e-22
1.0351550304996616e-22
1.040320864878672e-22
1.0451248968314607e-22
1.0495773150580742e-22
1.0536875617409511e-22
1.057464352556602e-22
1.0609156951389175e-22
1.0640489060359458e-22
1.0668706261924387e-22
1.0693868349945343e-22
1.071602862902191e-22
1.0735234026986578e-22
1.075152519379041e-22
1.0764936586983056e-22
1.0775496543966408e-22
1.078322734116683e-22
1.07881452402435e-22
1.079026052142273e-22
1.0789577504011726e-22
1.0786094554140838e-22
1.077980407972154e-22
1.077069251260052e-22
1.075874027786791e-22
1.0743921750223153e-22
1.0726205197294995e-22
1.0705552709779499e-22
1.0681920118216315e-22
1.065525689621159e-22
1.0625506049870657e-22
1.0592603993178915e-22
1.0556480409034333e-22
1.051705809560352e-22
1.047425279762998e-22
1.0427973022310104e-22
1.0378119839275971e-22
1.0324586664238347e-22
1.0267259025748014e-22
1.0206014314542718e-22
1.0140721514859621e-22
1.0071240917088815e-22
9.997423811065589e-23
9.919112159263712e-23
9.836138249102925e-23
9.74832432352321e-23
9.655482188925103e-23
9.557412799521029e-23
9.4539058170642e-23
9.344739144879611e-23
9.229678435029548e-23
9.108476567389266e-23
8.980873099322213e-23
8.846593684561499e-23
8.705349459835237e-23
8.5568363976517e-23
8.400734623597448e-23
8.236707696376776e-23
8.06440184872777e-23
7.883445187237351e-23
7.693446848953305e-23
7.493996112586974e-23
7.284661461973346e-23
7.064989599330195e-23
6.834504405761111e-23
6.592705846340896e-23
6.339068817064369e-23
6.073041930947566e-23
5.794046240685647e-23
5.501473895596258e-23
5.1946867313084604e-23
4.873014792203256e-23
4.535754789574904e-23
4.1821685048513844e-23
3.8114811606354606e-23
3.4228798130495194e-23
3.015511894412133e-23
2.5884842417322627e-23
2.1408635938249462e-23
1.671681995838833e-23
1.1799629474740329e-23
6.648876188102287e-24
1.3034747862822388e-24
4.4594015445849304e-24
1.0387774973852377e-23
1.661187357359013e-23
2.3138770695499884e-23
2.998205357476156e-23
3.71568505717635e-23
4.4679293707245505e-23
5.2566430119214513e-23
6.083622684272214e-23
6.950760429489348e-23
7.860048196085343e-23
8.813583115005788e-23
9.81357330729981e-23
1.0862344167639981e-22
1.1962345115624793e-22
1.311615682918497e-22
1.4326498986570016e-22
1.559623855132337e-22
1.6928398640782497e-22
1.8326168024070038e-22
1.9792911301026467e-22
2.133217981911403e-22
2.2947723391304984e-22
2.464350288472885e-22
2.64237037569852e-22
2.829275062530191e-22
3.0255322962736557e-22
3.231637202565986e-22
3.448113912829973e-22
3.6755175392799204e-22
3.914436311775117e-22
4.1654938924035575e-22
4.429351885564245e-22
4.706712563370304e-22
4.998321828492944e-22
5.304972439371337e-22
5.627507525521282e-22
5.966824424428626e-22
6.32387887524368e-22
6.699689609025833e-22
7.095343380642844e-22
7.512000493224176e-22
7.950900872989678e-22
8.413370760020283e-22
8.900830090249993e-22
9.414800653784576e-22
9.95691512738731e-22
1.052892709372868e-21
1.1132722176035214e-21
1.177033043696689e-21
1.2443940213749579e-21
1.3155913587850944e-21
1.3908803722227028e-21
1.4705374332685472e-21
1.5548621612325284e-21
1.6441798973826193e-21
1.738844504686671e-21
1.839241544307257e-21
1.945791889103371e-21
2.0589558467904946e-21
2.179237878470788e-21
2.307192015314505e-21
2.443428097982607e-21
2.5886189875270257e-21
2.7435089303688915e-21
2.9089232981711376e-21
3.085779974308498e-21
3.275102721739155e-21
3.478036946244597e-21
3.695868372130191e-21
3.930045278340336e-21
4.182205113890335e-21
4.454206531883326e-21
4.748168175308216e-21
5.0665159397527805e-21
5.412040948910493e-21
5.787971194450281e-21
6.1980607446787635e-21
6.6467017776098804e-21
7.139066537288972e-21
7.681288969093178e-21
8.280699643321821e-21
8.946133091173612e-21
9.688335018162837e-21
1.0520509460188615e-20
1.1459065312105099e-20
1.2524652521860319e-20
1.3743628015479006e-20
1.515017473740884e-20
1.6789440159094722e-20
1.8722316277007555e-20
2.103295727081961e-20
2.3841055815154983e-20
2.732280224304695e-20
3.174863792551129e-20
3.7555889018642484e-20
4.5500606562014677e-20
5.701128112039964e-20
7.5144068997446e-20
1.0778310598411157e-19
1.8282855972360666e-19
