1.939220382247484e-23
1.8213648903774826e-23
1.7116439731039176e-23
1.6098247910250352e-23
1.515691284874565e-23
1.4290437160554296e-23
1.3496982418950195e-23
1.2774865247355769e-23
1.2122553740601236e-23
1.1538664209518416e-23
1.102195824267027e-23
1.0571340079984998e-23
1.0185854293767093e-23
9.864683773120525e-24
9.60714800815634e-24
9.412701670364154e-24
9.280933485346803e-24
9.211565393866987e-24
9.204451997104584e-24
9.259580282389997e-24
9.377069626581544e-24
9.557172075764845e-24
9.80027290172594e-24
1.0106891437468529e-23
1.0477682195579854e-23
1.0913436274292113e-23
1.1415083056683785e-23
1.1983692208659513e-23
1.2620475981404977e-23
1.332679182409027e-23
1.4104145312744987e-23
1.495419340164782e-23
1.5878748004109444e-23
1.6879779910239567e-23
1.7959423050121312e-23
1.9119979111680497e-23
2.0363922523477612e-23
2.1693905813600807e-23
2.3112765356782013e-23
2.4623527522867166e-23
2.622941524072405e-23
2.793385499276245e-23
2.9740484256211655e-23
3.165315940845574e-23
3.3675964114845085e-23
3.581321821854458e-23
3.806948715329266e-23
4.0449591901176816e-23
4.295861951891039e-23
4.5601934257568306e-23
4.8385189302179785e-23
5.1314339159225363e-23
5.439565272171395e-23
5.763572704334259e-23
6.104150185503324e-23
6.462027485920256e-23
6.837971783913694e-23
7.232789362310555e-23
7.647327394519703e-23
8.082475824730237e-23
8.539169346936551e-23
9.018389487781283e-23
9.521166798500493e-23
1.004858316158561e-22
1.0601774218096661e-22
1.1181931921934425e-22
1.1790307227762896e-22
1.2428212919669432e-22
1.3097026588101468e-22
1.3798193763083993e-22
1.453323121220305e-22
1.5303730412403444e-22
1.6111361205194412e-22
1.6957875645489003e-22
1.784511205494761e-22
1.877499929139903e-22
1.974956124669544e-22
2.0770921586134424e-22
2.184130874348428e-22
2.296306118658394e-22
2.4138632969513253e-22
2.5370599588394536e-22
2.666166415912217e-22
2.8014663936540954e-22
2.94325771960304e-22
3.091853049985148e-22
3.247580637240599e-22
3.4107851410079794e-22
3.5818284853458504e-22
3.7610907651641363e-22
3.9489712050647215e-22
4.145889174044671e-22
4.352285259758584e-22
4.568622406357734e-22
4.795387120206879e-22
5.0330907481544285e-22
5.282270833386755e-22
5.543492554314739e-22
5.817350252403094e-22
6.104469055335607e-22
6.405506602446459e-22
6.721154879986734e-22
7.052142174352907e-22
7.399235152258999e-22
7.76324107750893e-22
8.145010174979503e-22
8.54543815331118e-22
8.965468899006725e-22
9.40609735563377e-22
9.868372603321861e-22
1.0353401155041194e-21
1.0862350487900824e-21
1.1396452829332566e-21
1.1957009220282237e-21
1.25453938792382e-21
1.3163058894406175e-21
1.3811539272467e-21
1.449245837759991e-21
1.5207533795724335e-21
1.5958583664808822e-21
1.674753351459543e-21
1.7576423665557925e-21
1.8447417242187454e-21
1.9362808860614532e-21
2.0325034059611337e-21
2.1336679550921993e-21
2.240049437446028e-21
2.3519402053114916e-21
2.4696513856404566e-21
2.593514329222791e-21
2.7238821964300648e-21
2.8611316949228976e-21
3.0056649866122413e-21
3.157911783946052e-21
3.318331657633172e-21
3.487416581486584e-21
3.665693743788097e-21
3.853728658156522e-21
4.0521286119460574e-21
4.261546497077262e-21
4.482685072137817e-21
4.716301715866552e-21
4.9632137375439965e-21
5.224304324446709e-21
5.500529215891879e-21
5.7929242109292355e-21
6.102613634092393e-21
6.430819903715691e-21
6.778874377903956e-21
7.148229676879447e-21
7.540473727934053e-21
7.95734581742653e-21
8.400754988376576e-21
8.872801205020736e-21
9.375799773524317e-21
9.912309619964282e-21
1.0485166154226542e-20
1.1097519617117409e-20
1.1752880004552739e-20
1.2455169912252528e-20
1.3208786998920846e-20
1.401867814315715e-20
1.489042795977467e-20
1.583036498568218e-20
1.6845689810555498e-20
1.7944630605791768e-20
1.9136633138753056e-20
2.043259446319819e-20
2.184515250402564e-20
2.338904765428495e-20
2.5081578163181066e-20
2.6943178778441517e-20
2.8998163335752483e-20
3.1275687767022825e-20
3.381101352423942e-20
3.6647185814073633e-20
3.983729387068065e-20
4.3447560874223423e-20
4.756163836930121e-20
5.228668505703486e-20
5.776214661504215e-20
6.417272467252245e-20
7.176802000632336e-20
8.089312401905014e-20
9.203775448877054e-20
1.0591788781185309e-19
1.236162960482887e-19
1.4683282601371951e-19
1.78339524855741e-19
2.227820339334249e-19
2.8772754974614225e-19
3.820074663032316e-19
4.9234028926903765e-19
5.278556961179807e-19
4.487441254751212e-19
3.533869995627889e-19
2.8294874168246616e-19
2.3430394125672326e-19
1.9998614664605433e-19
1.748876042556215e-19
1.5589261276347934e-19
