3.533219117533369e-24
3.46086093385921e-24
3.398121398888772e-24
3.344842570554307e-24
3.3008849483912794e-24
3.2661270984459456e-24
3.2404652984378024e-24
3.2238131972776777e-24
3.216101483337859e-24
3.217277556540901e-24
3.2273052002861225e-24
3.2461642504109252e-24
3.273850259663551e-24
3.310374157401554e-24
3.3557619052049836e-24
3.4100541501130975e-24
3.4733058773407326e-24
3.545586064755144e-24
3.626977341010426e-24
3.7175756488703645e-24
3.817489914610226e-24
3.926841723683613e-24
4.0457650021312826e-24
4.174405702561309e-24
4.312921493003189e-24
4.461481446523773e-24
4.620265729266638e-24
4.7894652844437484e-24
4.969281509851522e-24
5.159925926585599e-24
5.361619836848762e-24
5.574593969030933e-24
5.799088108525761e-24
6.03535071313458e-24
6.2836385122445585e-24
6.544216089369358e-24
6.817355448002562e-24
7.103335561130226e-24
7.402441905134978e-24
7.714965979181196e-24
8.041204811588268e-24
8.381460455004819e-24
8.736039472627225e-24
9.105252418003379e-24
9.489413311314821e-24
9.888839115365866e-24
1.030384921476242e-23
1.0734764902078016e-23
1.1181908875006501e-23
1.1645604748713974e-23
1.2126176587734688e-23
1.2623948461905245e-23
1.3139244030844779e-23
1.3672386161458895e-23
1.422369658298139e-23
1.4793495583793437e-23
1.5382101754199563e-23
1.598983177894753e-23
1.6617000283078193e-23
1.726391973418727e-23
1.7930900403859212e-23
1.8618250390363858e-23
1.9326275704313512e-23
2.0055280418366866e-23
2.080556688131388e-23
2.1577435996450213e-23
2.2371187563368464e-23
2.3187120681644093e-23
2.4025534214381686e-23
2.4886727308855583e-23
2.5770999970989963e-23
2.667865368989041e-23
2.760999210809376e-23
2.8565321732915436e-23
2.954495268385107e-23
3.0549199470674e-23
3.157838179679652e-23
3.263282538226801e-23
3.3712862800662153e-23
3.481883432432383e-23
3.595108877233852e-23
3.7109984355901763e-23
3.8295889515916826e-23
3.9509183747811237e-23
4.075025840925179e-23
4.2019517506367033e-23
4.331737845457764e-23
4.4644272810884617e-23
4.600064697426783e-23
4.738696285187733e-23
4.880369848864152e-23
5.025134865865182e-23
5.173042541674537e-23
5.324145860950271e-23
5.478499634466138e-23
5.636160541868791e-23
5.797187170242556e-23
5.961640048471149e-23
6.129581677433228e-23
6.301076556082799e-23
6.476191203436169e-23
6.654994176576636e-23
6.837556084681133e-23
7.023949599181062e-23
7.214249460084847e-23
7.408532478543168e-23
7.60687753568938e-23
7.809365577762347e-23
8.016079607588365e-23
8.227104672368942e-23
8.442527847772888e-23
8.662438218323697e-23
8.886926853971394e-23
9.116086782816362e-23
9.350012959823106e-23
9.588802231463133e-23
9.832553296042923e-23
1.0081366659588923e-22
1.0335344587095424e-22
1.0594591048766301e-22
1.0859211661163555e-22
1.1129313622812188e-22
1.1405005644011902e-22
1.168639787045078e-22
1.1973601800290275e-22
1.2266730194223987e-22
1.256589697816573e-22
1.2871217137998812e-22
1.318280660595066e-22
1.350078213802475e-22
1.3825261181947363e-22
1.4156361735058467e-22
1.4494202191522156e-22
1.483890117820297e-22
1.5190577378624333e-22
1.554934934423877e-22
1.5915335292423353e-22
1.628865289034858e-22
1.6669419024213526e-22
1.705774955277454e-22
1.745375904483512e-22
1.7857560499639242e-22
1.8269265049488266e-22
1.8688981643984576e-22
1.9116816715011787e-22
1.955287382186332e-22
1.9997253275715826e-22
2.045005174295018e-22
2.0911361826630744e-22
2.1381271625631487e-22
2.1859864270863006e-22
2.2347217438347105e-22
2.28434028386288e-22
2.334848568243891e-22
2.386252412254924e-22
2.4385568671669725e-22
2.4917661596787616e-22
2.5458836290135613e-22
2.6009116617374457e-22
2.6568516243781903e-22
2.713703793922604e-22
2.7714672863345187e-22
2.830139983207552e-22
2.889718456751875e-22
2.9501978932983778e-22
3.0115720155493805e-22
3.0738330038524972e-22
3.136971416768348e-22
3.2009761112965847e-22
3.265834163084547e-22
3.331530787048818e-22
3.398049258831108e-22
3.465370837562015e-22
3.5334746904258693e-22
3.6023378195845536e-22
3.6719349919908966e-22
3.742238672714734e-22
3.8132189623740707e-22
3.8848435393045845e-22
3.957077607130139e-22
4.0298838483547255e-22
4.1032223846459496e-22
4.1770507444460386e-22
4.251323838529299e-22
4.325993944103316e-22
4.401010698008022e-22
4.476321099531107e-22
4.551869523287907e-22
4.627597742542114e-22
4.703444963261943e-22
4.779347869146213e-22
4.85524067767524e-22
4.93105520723295e-22
5.00672095512137e-22
5.082165186219534e-22
5.157313031898864e-22
5.232087598633761e-22
5.306410085620109e-22
5.3801999105891805e-22
5.453374842799481e-22
5.525851142128246e-22
