1.4479725964340074e-24
1.3985765497574432e-24
1.3519637375218955e-24
1.3080146588804125e-24
1.2666138350791844e-24
1.227649538091076e-24
1.1910135445279535e-24
1.1566009162693639e-24
1.12430980894432e-24
1.0940413089965308e-24
1.0656992995612197e-24
1.039190354804329e-24
1.0144236617481105e-24
9.913109679643004e-25
9.697665528927792e-25
9.497072199779086e-25
9.310523063397596e-25
9.137237063437635e-25
8.976459052190916e-25
8.82746018816352e-25
8.689538356872238e-25
8.562018579039766e-25
8.44425337395645e-25
8.335623050344783e-25
8.235535902303616e-25
8.143428293515645e-25
8.058764618556883e-25
7.981037135584885e-25
7.909765669677157e-25
7.844497190465832e-25
7.784805271373807e-25
7.73028944063815e-25
7.6805744364108505e-25
7.635309379598613e-25
7.594166878799438e-25
7.556842081831565e-25
7.5230516879787045e-25
7.4925329343661265e-25
7.465042568868677e-25
7.440355820760226e-25
7.418265379016765e-25
7.3985803868388285e-25
7.381125459629308e-25
7.365739732373597e-25
7.352275941172534e-25
7.340599542568431e-25
7.330587873316726e-25
7.322129352374379e-25
7.315122726119307e-25
7.309476357159916e-25
7.30510755655582e-25
7.301941958816322e-25
7.299912938687552e-25
7.2989610684529025e-25
7.29903361425834e-25
7.3000840698156035e-25
7.302071725732138e-25
7.30496127264909e-25
7.308722436340682e-25
7.313329642926181e-25
7.318761712364982e-25
7.325001578446703e-25
7.3320360335373875e-25
7.339855496406734e-25
7.348453801531485e-25
7.357828008340105e-25
7.367978228945643e-25
7.378907472985524e-25
7.390621508267658e-25
7.403128735996193e-25
7.416440079422996e-25
7.430568884842982e-25
7.445530833917043e-25
7.461343866371203e-25
7.478028112181123e-25
7.49560583240613e-25
7.514101367892956e-25
7.533541095115009e-25
7.553953388462777e-25
7.575368588341512e-25
7.597818974472507e-25
7.6213387438329335e-25
7.645963992700467e-25
7.671732702305402e-25
7.698684727617586e-25
7.726861788829825e-25
7.756307465120527e-25
7.787067190307379e-25
7.819188250026979e-25
7.852719780098141e-25
7.887712765751208e-25
7.924220041426486e-25
7.962296290868586e-25
8.001998047265479e-25
8.0433836932036985e-25
8.086513460232917e-25
8.131449427859287e-25
8.178255521807553e-25
8.226997511417639e-25
8.277743006067228e-25
8.33056145053624e-25
8.38552411925428e-25
8.442704109401818e-25
8.502176332858035e-25
8.564017507019327e-25
8.628306144537182e-25
8.695122542051253e-25
8.76454876801961e-25
8.836668649774918e-25
8.911567759957706e-25
8.98933340250446e-25
9.070054598386259e-25
9.153822071318093e-25
9.24072823367389e-25
9.33086717286e-25
9.42433463841212e-25
9.52122803009263e-25
9.62164638727197e-25
9.725690379882764e-25
9.83346230123868e-25
9.945066063006118e-25
1.006060719261546e-24
1.0180192833389716e-24
1.0303931747658461e-24
1.0431934323113434e-24
1.0564312582645987e-24
1.0701180197889649e-24
1.0842652506673406e-24
1.0988846534567405e-24
1.1139881020685276e-24
1.1295876447881402e-24
1.1456955077459436e-24
1.1623240988486394e-24
1.1794860121781282e-24
1.1971940328627892e-24
1.215461142423698e-24
1.2343005245966283e-24
1.2537255716283955e-24
1.2737498910449068e-24
1.2943873128862371e-24
1.315651897403216e-24
1.3375579432085488e-24
1.3601199958748882e-24
1.3833528569714411e-24
1.4072715935303751e-24
1.4318915479340492e-24
1.4572283482140527e-24
1.4832979187534978e-24
1.510116491384025e-24
1.5377006168699594e-24
1.5660671767727506e-24
1.5952333956895509e-24
1.6252168538613285e-24
1.6560355001466704e-24
1.687707665359093e-24
1.720252075967153e-24
1.753687868157984e-24
1.7880346022668088e-24
1.823312277576622e-24
1.8595413474939415e-24
1.8967427351086848e-24
1.9349378491478344e-24
1.9741486003349285e-24
2.0143974181691803e-24
2.055707268140359e-24
2.098101669397692e-24
2.1416047128934532e-24
2.1862410800239756e-24
2.2320360617935907e-24
2.279015578529472e-24
2.32720620017778e-24
2.3766351672146174e-24
2.4273304122081312e-24
2.479320582071098e-24
2.532635061046783e-24
2.587303994474197e-24
2.643358313383023e-24
2.700829759971914e-24
2.7597509140288326e-24
2.8201552203565284e-24
2.8820770172713095e-24
2.945551566248974e-24
3.0106150827981387e-24
3.0773047686471595e-24
3.1456588453390633e-24
3.2157165893365377e-24
3.2875183687478115e-24
3.361105681794968e-24
3.436521197156231e-24
3.513808796327026e-24
3.593013618157571e-24
3.674182105740648e-24
3.757362055839966e-24
3.8426026710693125e-24
3.929954615054062e-24
4.019470070831658e-24
4.111202802775225e-24
4.205208222356866e-24
4.3015434581023365e-24
4.400267430131273e-24
4.501440929723742e-24
