1.3263749396222366e-23
1.3207842166834407e-23
1.3175362355653187e-23
1.3165362312304643e-23
1.3176953684343664e-23
1.3209304980807955e-23
1.3261639213599215e-23
1.3333231616502314e-23
1.3423407441365827e-23
1.3531539830975615e-23
1.3657047768474248e-23
1.3799394102500158e-23
1.3958083647671728e-23
1.413266135960435e-23
1.4322710583740704e-23
1.452785137699131e-23
1.474773890117333e-23
1.498206188720799e-23
1.5230541168643193e-23
1.549292828327223e-23
1.5769004141608556e-23
1.6058577760120485e-23
1.636148505843165e-23
1.6677587718262297e-23
1.7006772102550528e-23
1.7348948233247777e-23
1.7704048825780762e-23
1.807202837853417e-23
1.8452862315486984e-23
1.8846546180479152e-23
1.925309488065405e-23
1.9672541978344936e-23
2.0104939028649385e-23
2.055035496154846e-23
2.10088755067697e-23
2.148060265956555e-23
2.1965654186009166e-23
2.2464163166114997e-23
2.2976277573107127e-23
2.3502159887643666e-23
2.404198674538344e-23
2.4595948616489715e-23
2.5164249515669935e-23
2.5747106741810247e-23
2.634475064538156e-23
2.695742442313778e-23
2.758538393820443e-23
2.822889756530023e-23
2.8888246059245794e-23
2.956372244663171e-23
3.025563193877448e-23
3.096429186602989e-23
3.169003163188929e-23
3.2433192686689646e-23
3.3194128519434117e-23
3.39732046680706e-23
3.4770798746480815e-23
3.5587300488340974e-23
3.642311180713872e-23
3.7278646871395705e-23
3.8154332195346396e-23
3.905060674382335e-23
3.99679220514174e-23
4.0906742355566276e-23
4.186754474297635e-23
4.285081930894958e-23
4.38570693297334e-23
4.4886811447385954e-23
4.594057586687896e-23
4.701890656511479e-23
4.8122361512241114e-23
4.9251512904211473e-23
5.040694740712421e-23
5.158926641320303e-23
5.2799086307934407e-23
5.403703874823145e-23
5.530377095247085e-23
5.659994600085131e-23
5.792624314763791e-23
5.928335814424833e-23
6.067200357313101e-23
6.209290919365044e-23
6.354682229826861e-23
6.503450808047773e-23
6.655675001398971e-23
6.811435024354871e-23
6.970812998649975e-23
7.1338929946882e-23
7.300761074086407e-23
7.471505333379891e-23
7.646215948968305e-23
7.824985223263398e-23
8.007907632080474e-23
8.195079873239538e-23
8.386600916523884e-23
8.582572054821546e-23
8.783096956668783e-23
8.988281720083364e-23
9.19823492778533e-23
9.413067703765167e-23
9.63289377123456e-23
9.857829512171704e-23
1.0087994028086117e-22
1.0323509202477758e-22
1.0564499764696951e-22
1.081109335543757e-22
1.106342059370905e-22
1.1321615145574822e-22
1.1585813794354504e-22
1.1856156512666612e-22
1.2132786536075602e-22
1.2415850438615778e-22
1.2705498209966166e-22
1.3001883334582097e-22
1.3305162872610046e-22
1.3615497542732973e-22
1.3933051807052652e-22
1.425799395784386e-22
1.4590496206407547e-22
1.4930734774053725e-22
1.5278889985145906e-22
1.563514636232853e-22
1.5999692724086978e-22
1.6372722284453933e-22
1.675443275508077e-22
1.7145026449828792e-22
1.7544710391529314e-22
1.7953696421540015e-22
1.8372201311579047e-22
1.8800446878365694e-22
1.9238660100841124e-22
1.9687073240049107e-22
2.0145923962013993e-22
2.0615455463150738e-22
2.1095916598936253e-22
2.158756201531415e-22
2.209065228323064e-22
2.260545403626771e-22
2.3132240111532207e-22
2.367128969373806e-22
2.422288846260892e-22
2.4787328743761793e-22
2.536490966302329e-22
2.595593730426194e-22
2.656072487103892e-22
2.717959285178157e-22
2.781286918882805e-22
2.8460889451536333e-22
2.9123997013119963e-22
2.980254323166253e-22
3.0496887635444467e-22
3.120739811220857e-22
3.193445110303891e-22
3.267843180068379e-22
3.3439734352192602e-22
3.4218762066445955e-22
3.501592762638409e-22
3.5831653305874483e-22
3.6666371191867833e-22
3.7520523411468936e-22
3.839456236407481e-22
3.9288950958921623e-22
4.020416285819723e-22
4.1140682725281334e-22
4.2099006478915965e-22
4.307964155326125e-22
4.408310716327584e-22
4.510993457690175e-22
4.616066739249946e-22
4.723586182349836e-22
4.833608698852246e-22
4.946192520866054e-22
5.061397231124712e-22
5.179283794026739e-22
5.299914587376091e-22
5.423353434869689e-22
5.54966563923126e-22
5.6789180161492e-22
5.81117892891847e-22
5.946518323880181e-22
6.08500776661166e-22
6.226720478927232e-22
6.371731376680903e-22
6.520117108408763e-22
6.671956094758814e-22
6.827328568844367e-22
6.986316617398047e-22
7.149004222848611e-22
7.315477306288334e-22
7.485823771340051e-22
7.660133548913355e-22
7.838498643000625e-22
8.021013177304211e-22
8.207773442909818e-22
8.398877946901863e-22
8.594427461971138e-22
8.794525077005533e-22
8.999276248746996e-22
9.208788854382433e-22
9.423173245220397e-22
9.64254230137858e-22
