1.7367296737159136e-24
1.7294168466123547e-24
1.7227252087087198e-24
1.7166041723791498e-24
1.711006938116179e-24
1.7058902607191535e-24
1.7012142221766904e-24
1.6969420123638113e-24
1.6930397184159386e-24
1.6894761234081024e-24
1.6862225147618686e-24
1.6832525026229695e-24
1.6805418482995292e-24
1.6780683027225134e-24
1.6758114547839695e-24
1.673752589323534e-24
1.6718745544668473e-24
1.670161637968487e-24
1.66859945217513e-24
1.6671748271992816e-24
1.6658757118789083e-24
1.6646910820910566e-24
1.663610855987606e-24
1.662625815725938e-24
1.6617275352774825e-24
1.6609083139091405e-24
1.660161114948055e-24
1.6594795094572334e-24
1.658857624467186e-24
1.658290095427791e-24
1.6577720225637166e-24
1.657298930835163e-24
1.6568667332250702e-24
1.656471697091716e-24
1.6561104133436953e-24
1.6557797682107342e-24
1.6554769174003642e-24
1.6551992624459005e-24
1.6549444290650938e-24
1.6547102473632804e-24
1.65449473372712e-24
1.6542960742672159e-24
1.6541126096789958e-24
1.6539428214018757e-24
1.6537853189660813e-24
1.6536388284257629e-24
1.6535021817851274e-24
1.6533743073321938e-24
1.6532542208016194e-24
1.6531410172948825e-24
1.6530338638918462e-24
1.652931992893373e-24
1.6528346956399675e-24
1.6527413168556796e-24
1.652651249471159e-24
1.6525639298836099e-24
1.6524788336149328e-24
1.6523954713327075e-24
1.6523133852017889e-24
1.652232145536997e-24
1.6521513477299562e-24
1.6520706094255302e-24
1.651989567925295e-24
1.6519078777978143e-24
1.6518252086767703e-24
1.651741243230269e-24
1.6516556752854858e-24
1.6515682080949377e-24
1.6514785527312373e-24
1.6513864265990108e-24
1.651291552053327e-24
1.6511936551151177e-24
1.6510924642750934e-24
1.6509877093784151e-24
1.6508791205832437e-24
1.6507664273870974e-24
1.6506493577155057e-24
1.650527637068367e-24
1.6504009877197587e-24
1.650269127968018e-24
1.6501317714328684e-24
1.6499886263976737e-24
1.6498393951948088e-24
1.6496837736333311e-24
1.649521450468114e-24
1.6493521069105663e-24
1.6491754161817889e-24
1.648991043108967e-24
1.6487986437672347e-24
1.6485978651694225e-24
1.648388345006925e-24
1.6481697114457714e-24
1.6479415829826725e-24
1.647703568366762e-24
1.6474552665937164e-24
1.6471962669799123e-24
1.6469261493253846e-24
1.6466444841758054e-24
1.6463508331946325e-24
1.6460447496585255e-24
1.6457257790904874e-24
1.645393460047029e-24
1.6450473250778177e-24
1.644686901878258e-24
1.6443117146580176e-24
1.6439212857513377e-24
1.6435151374977585e-24
1.6430927944253998e-24
1.6426537857724725e-24
1.6421976483870983e-24
1.6417239300497902e-24
1.6412321932681437e-24
1.640722019598894e-24
1.6401930145590204e-24
1.6396448131938724e-24
1.6390770863789083e-24
1.6384895479395552e-24
1.6378819626833201e-24
1.63725415544944e-24
1.6366060212923253e-24
1.6359375369285737e-24
1.6352487735919621e-24
1.634539911456342e-24
1.6338112558047087e-24
1.6330632551420459e-24
1.6322965214714918e-24
1.6315118529774605e-24
1.63071025938574e-24
1.6298929902998765e-24
1.6290615668453179e-24
1.6282178169879181e-24
1.627363914931593e-24
1.626502425042564e-24
1.625636350791981e-24
1.6247691892588084e-24
1.6239049917868509e-24
1.6230484314462741e-24
1.6222048780090323e-24
1.6213804812099343e-24
1.6205822631283991e-24
1.619818220591006e-24
1.6190974385582965e-24
1.6184302155198928e-24
1.6178282019766654e-24
1.6173045531329668e-24
1.6168740969518283e-24
1.6165535187338256e-24
1.6163615633594878e-24
1.6163192562729527e-24
1.6164501441719072e-24
1.6167805561865588e-24
1.6173398860628205e-24
1.6181608954879385e-24
1.6192800381854054e-24
1.6207378037297504e-24
1.6225790791570028e-24
1.6248535253366678e-24
1.6276159636849138e-24
1.6309267670994043e-24
1.6348522469434155e-24
1.6394650254727124e-24
1.6448443802610897e-24
1.6510765439431285e-24
1.6582549389806023e-24
1.666480323240122e-24
1.6758608180607343e-24
1.6865117863655233e-24
1.6985555244852925e-24
1.7121207280403124e-24
1.727341689889063e-24
1.744357187291297e-24
1.7633090166253844e-24
1.7843401378706476e-24
1.8075923982678378e-24
1.833203815772068e-24
1.8613054187182572e-24
1.8920176590855733e-24
1.925446443268062e-24
1.9616788565624243e-24
2.0007786955607893e-24
2.0427819657289048e-24
2.087692548368381e-24
2.1354782896031734e-24
2.186067810261317e-24
2.239348374119594e-24
2.2951651756328823e-24
2.3533224080920267e-24
2.4135864395401525e-24
2.475691348036577e-24
2.539346944568664e-24
2.604249241717142e-24
2.6700931182150515e-24
2.736586702811619e-24
2.8034667833153808e-24
2.8705143717374868e-24
2.9375694567118894e-24
3.0045439743626717e-24
3.0714321380478228e-24
3.1383174767375985e-24
3.205376213862922e-24
3.272876933177694e-24
