3.164476334943294e-24
3.1634666592538864e-24
3.1625457944038788e-24
3.161705982899804e-24
3.1609401426579004e-24
3.1602418088920174e-24
3.1596050809003523e-24
3.159024573355858e-24
3.158495371733847e-24
3.1580129915378457e-24
3.157573341010384e-24
3.157172687039459e-24
3.1568076239941793e-24
3.1564750452438938e-24
3.1561721171349633e-24
3.155896255217323e-24
3.1556451025300086e-24
3.1554165097704242e-24
3.1552085171864632e-24
3.1550193380441835e-24
3.1548473435356818e-24
3.1546910490035375e-24
3.1545491013682932e-24
3.1544202676552597e-24
3.1543034245255818e-24
3.1541975487247476e-24
3.1541017083690007e-24
3.1540150549970237e-24
3.1539368163204978e-24
3.1538662896128244e-24
3.153802835680486e-24
3.153745873366574e-24
3.1536948745399672e-24
3.1536493595281117e-24
3.1536088929547407e-24
3.1535730799473264e-24
3.1535415626821014e-24
3.153514017237394e-24
3.153490150728398e-24
3.153469698699057e-24
3.15345242274874e-24
3.1534381083733797e-24
3.1534265630025703e-24
3.1534176142157288e-24
3.1534111081218948e-24
3.1534069078891772e-24
3.153404892410958e-24
3.1534049550973737e-24
3.153407002781228e-24
3.1534109547288903e-24
3.153416741747245e-24
3.1534243053787024e-24
3.1534335971770767e-24
3.1534445780575512e-24
3.153457217714929e-24
3.1534714941044625e-24
3.1534873929805186e-24
3.153504907488473e-24
3.153524037805785e-24
3.1535447908285616e-24
3.153567179900354e-24
3.1535912245800593e-24
3.153616950446353e-24
3.1536443889361422e-24
3.1536735772149484e-24
3.1537045580771394e-24
3.153737379874472e-24
3.1537720964712357e-24
3.1538087672247996e-24
3.15384745699026e-24
3.1538882361482875e-24
3.153931180655194e-24
3.1539763721145808e-24
3.1540238978698714e-24
3.154073851117316e-24
3.154126331039022e-24
3.1541814429558575e-24
3.1542392984999117e-24
3.154300015806538e-24
3.154363719726051e-24
3.154430542055067e-24
3.1545006217878285e-24
3.154574105387662e-24
3.154651147079129e-24
3.154731909161158e-24
3.1548165623417706e-24
3.154905286095101e-24
3.1549982690412875e-24
3.155095709350145e-24
3.1551978151694444e-24
3.1553048050787745e-24
3.155416908570138e-24
3.155534366556287e-24
3.15565743190821e-24
3.15578637002305e-24
3.1559214594239403e-24
3.1560629923933575e-24
3.156211275641682e-24
3.156366631012783e-24
3.156529396228616e-24
3.1566999256749026e-24
3.156878591230178e-24
3.1570657831405894e-24
3.157261910943041e-24
3.1574674044394107e-24
3.157682714724859e-24
3.157908315273369e-24
3.158144703083856e-24
3.158392399890501e-24
3.1586519534412497e-24
3.1589239388485174e-24
3.1592089600166684e-24
3.1595076511509246e-24
3.1598206783529152e-24
3.1601487413083315e-24
3.160492575072504e-24
3.1608529519602962e-24
3.161230683547072e-24
3.1616266227879365e-24
3.1620416662632794e-24
3.1624767565587053e-24
3.1629328847887528e-24
3.163411093273841e-24
3.1639124783810688e-24
3.164438193540101e-24
3.1649894524462145e-24
3.165567532463736e-24
3.1661737782437712e-24
3.1668096055716493e-24
3.1674765054602376e-24
3.168176048507107e-24
3.1689098895343606e-24
3.169679772531986e-24
3.1704875359269225e-24
3.171335118201866e-24
3.1722245638899663e-24
3.1731580299734624e-24
3.1741377927166267e-24
3.1751662549661202e-24
3.1762459539541187e-24
3.1773795696429236e-24
3.178569933652655e-24
3.179820038817121e-24
3.1811330494168936e-24
3.1825123121422585e-24
3.183961367843469e-24
3.1854839641302748e-24
3.1870840688879488e-24
3.1887658847824606e-24
3.190533864833617e-24
3.1923927291414672e-24
3.19434748285831e-24
3.1964034355063263e-24
3.1985662217490708e-24
3.2008418237338686e-24
3.20323659513209e-24
3.2057572870143117e-24
3.208411075708555e-24
3.2112055928023038e-24
3.214148957461138e-24
3.217249811251527e-24
3.2205173556695815e-24
3.2239613925941205e-24
3.22759236789892e-24
3.2314214184778524e-24
3.235460422955611e-24
3.239722056377958e-24
3.2442198491968976e-24
3.248968250890072e-24
3.2539826985781664e-24
3.25927969102998e-24
3.264876868472583e-24
3.2707930986524187e-24
3.2770485696233516e-24
3.2836648897688015e-24
3.2906651955974082e-24
3.2980742678852805e-24
3.305918656771748e-24
3.314226816450655e-24
3.323029250134907e-24
3.332358666007243e-24
3.3422501449064115e-24
3.3527413205333414e-24
3.363872572996967e-24
3.375687236553886e-24
3.388231822429434e-24
3.401556257639928e-24
3.415714140767899e-24
3.430763015671297e-24
3.446764664138697e-24
3.463785418531365e-24
3.481896495484561e-24
3.5011743517741744e-24
3.521701063493211e-24
3.543564729730355e-24
3.566859902001621e-24
3.591688040763774e-24
3.618158000440342e-24
3.646386544526459e-24
3.676498892519623e-24
3.7086293006609006e-24
