9.242696034299743e-21
9.489742441319002e-21
9.75654885426413e-21
1.0043627908575082e-20
1.0351530316047598e-20
1.0680845584339534e-20
1.1032202779485478e-20
1.1406271330017444e-20
1.1803761870798774e-20
1.22254271245114e-20
1.2672062818886461e-20
1.3144508637203122e-20
1.3643649199478336e-20
1.4170415071783802e-20
1.4725783799383692e-20
1.5310780964050103e-20
1.59264812562456e-20
1.657400956092845e-20
1.725454205690106e-20
1.7969307317226446e-20
1.8719587410717806e-20
1.9506718998050063e-20
2.0332094416152095e-20
2.11971627448538e-20
2.2103430849633048e-20
2.3052464392564145e-20
2.4045888804466575e-20
2.508539021014722e-20
2.6172716298634363e-20
2.730967712932046e-20
2.849814586512151e-20
2.974005942331666e-20
3.1037419034167674e-20
3.2392290697730946e-20
3.380680552737492e-20
3.5283159972547596e-20
3.682361590607304e-20
3.843050057058872e-20
4.0106206370211884e-20
4.18531904993513e-20
4.3673974398925575e-20
4.5571143029544555e-20
4.754734395686402e-20
4.960528623690244e-20
5.174773909984111e-20
5.397753042226848e-20
5.629754498602197e-20
5.871072252631826e-20
6.122005555641455e-20
6.382858698220997e-20
6.65394075072794e-20
6.935565282629029e-20
7.228050062574763e-20
7.531716740164877e-20
7.846890509683e-20
8.173899758773538e-20
8.513075703443614e-20
8.864752011425147e-20
9.229264417156648e-20
9.606950330124922e-20
9.99814844043401e-20
1.0403198325328584e-19
1.0822440058979059e-19
1.1256213830513876e-19
1.1704859573868175e-19
1.2168716613288426e-19
1.2648123329306432e-19
1.314341684890939e-19
1.3654932764765934e-19
1.4183004886561662e-19
1.4727965030564625e-19
1.529014284843e-19
1.5869865701628174e-19
1.6467458583576704e-19
1.7083244092918954e-19
1.7717542459173269e-19
1.8370671624431745e-19
1.9042947383642523e-19
1.9734683580587393e-19
2.044619236622579e-19
2.1177784510623713e-19
2.1929769779780117e-19
2.2702457364636975e-19
2.3496156366036936e-19
2.431117633534826e-19
2.5147827860516873e-19
2.6006423204539266e-19
2.6887276983142615e-19
2.7790706882523893e-19
2.8717034415011747e-19
2.9666585697658755e-19
3.063969226431732e-19
3.163669189546582e-19
3.2657929458660054e-19
3.370375777013907e-19
3.4774538452896257e-19
3.587064280040022e-19
3.6992452642306553e-19
3.8140361191458577e-19
3.9314773892623576e-19
4.0516109252733353e-19
4.1744799649346793e-19
4.3001292129947768e-19
4.428604917882639e-19
4.559954946621965e-19
4.694228857352899e-19
4.831477968602198e-19
4.971755426889805e-19
5.115116270503866e-19
5.261617491499705e-19
5.411318094735761e-19
5.564279154053867e-19
5.7205638664754045e-19
5.8802376032294245e-19
6.04336796008171e-19
6.210024803769611e-19
6.380280317647157e-19
6.554209044960923e-19
6.73188793113906e-19
6.91339636439608e-19
7.098816214728281e-19
7.28823187303533e-19
7.481730288166641e-19
7.679401003117904e-19
7.881336192747726e-19
8.087630699207782e-19
8.298382067695527e-19
8.513690582061641e-19
8.73365930234076e-19
8.958394098574202e-19
9.188003689763726e-19
9.422599679273755e-19
9.662296594106203e-19
9.907211920728724e-19
1.0157466147390557e-18
1.0413182801389389e-18
1.0674488490936511e-18
1.0941512946600642e-18
1.1214389062611885e-18
1.149325294228767e-18
1.1778243941874802e-18
1.206950471348922e-18
1.2367181255124188e-18
1.2671422953555319e-18
1.2982382636563397e-18
1.330021661799089e-18
1.3625084749957218e-18
1.3957150469267892e-18
1.429658085582611e-18
1.464354667402212e-18
1.499822243149302e-18
1.5360786431641435e-18
1.5731420820520638e-18
1.6110311643926646e-18
1.649764889877902e-18
1.6893626586221878e-18
1.7298442759249736e-18
1.7712299581302517e-18
1.813540337021286e-18
1.8567964652123756e-18
1.9010198205427653e-18
1.946232311858296e-18
1.9924562816965665e-18
2.0397145130464122e-18
2.0880302311162695e-18
2.1374271085507914e-18
2.187929269279445e-18
2.239561290306225e-18
2.2923482060370588e-18
2.3463155110129236e-18
2.4014891585633614e-18
2.4578955683945287e-18
2.5155616209184995e-18
2.574514663616967e-18
2.634782505240508e-18
2.6963934187396653e-18
2.759376136538557e-18
2.823759849977588e-18
2.8895742070654628e-18
2.956849301706553e-18
3.0256156746315904e-18
3.0959043008199137e-18
3.1677465821791266e-18
3.24117434367315e-18
3.3162198153663517e-18
3.392915620123076e-18
3.471294758380302e-18
3.55139059679505e-18
3.633236839767288e-18
3.71686750975775e-18
3.802316946583433e-18
3.889619742988205e-18
3.978810738010419e-18
4.069924996556441e-18
4.162997731750703e-18
4.258064320061892e-18
4.3551602144245035e-18
4.4543209220445335e-18
4.555581946986444e-18
4.658978723743266e-18
4.764546611193454e-18
