1.7191724782149413e-24
1.6488076175282292e-24
1.581969797612051e-24
1.5185134106156917e-24
1.458299460559497e-24
1.4011952005241669e-24
1.3470737785695232e-24
1.2958138920738269e-24
1.247299450414585e-24
1.2014192461716344e-24
1.1580666353136575e-24
1.117139227125291e-24
1.078538584934124e-24
1.0421699389877696e-24
1.0079419130978169e-24
9.757662668877633e-25
9.455576556349032e-25
9.172334097633624e-25
8.907133360035343e-25
8.659195420728047e-25
8.42776286440493e-25
8.212098543212714e-25
8.011484605034697e-25
7.825221789843541e-25
7.652628986852275e-25
7.493043037924655e-25
7.345818765633623e-25
7.210329197907609e-25
7.085965955830304e-25
6.972139767185331e-25
6.868281066035251e-25
6.773840638084308e-25
6.688290272805898e-25
6.611123386138696e-25
6.541855581739083e-25
6.480025123978969e-25
6.425193301720899e-25
6.376944668010632e-25
6.334887146860722e-25
6.298652003933966e-25
6.267893682972659e-25
6.242289514067866e-25
6.221539303270277e-25
6.2053648155632385e-25
6.1935091649005535e-25
6.185736125939243e-25
6.181829382332942e-25
6.181591726173646e-25
6.184844222437824e-25
6.191425351253157e-25
6.201190139561045e-25
6.214009292377789e-25
6.229768332452306e-25
6.248366755719594e-25
6.269717208618352e-25
6.2937446920983135e-25
6.3203857960140425e-25
6.349587966597985e-25
6.381308808825756e-25
6.415515424736981e-25
6.452183788141525e-25
6.491298155619982e-25
6.532850513308244e-25
6.576840058626218e-25
6.623272715860836e-25
6.672160684332002e-25
6.72352201774276e-25
6.777380233246333e-25
6.8337639487189695e-25
6.892706546730386e-25
6.954245863723141e-25
7.018423902951992e-25
7.085286569794972e-25
7.154883428109432e-25
7.227267476380476e-25
7.302494942488332e-25
7.3806250959944e-25
7.46172007692514e-25
7.5458447401078955e-25
7.633066514182904e-25
7.723455274482013e-25
7.817083229030916e-25
7.914024816982188e-25
8.014356618846301e-25
8.118157277926949e-25
8.2255074324150175e-25
8.336489657627575e-25
8.451188417914502e-25
8.56969002777957e-25
8.692082621792281e-25
8.81845613288228e-25
8.9489022786325e-25
9.083514555198135e-25
9.222388238497069e-25
9.365620392325825e-25
9.513309883071377e-25
9.665557400694046e-25
9.822465485673795e-25
9.984138561614414e-25
1.0150682973216395e-24
1.0322207029336353e-24
1.049882105086009e-24
1.0680637423129517e-24
1.0867770652671852e-24
1.1060337427995508e-24
1.1258456684220486e-24
1.1462249671335326e-24
1.1671840025872974e-24
1.1887353845821e-24
1.210891976858899e-24
1.2336669051871452e-24
1.2570735657259326e-24
1.2811256336464376e-24
1.3058370720037974e-24
1.3312221408476136e-24
1.3572954065617792e-24
1.3840717514258125e-24
1.4115663833907025e-24
1.439794846064304e-24
1.4687730289016602e-24
1.4985171775975765e-24
1.5290439046795889e-24
1.5603702003004817e-24
1.5925134432308338e-24
1.6254914120528545e-24
1.6593222965580327e-24
1.6940247093515698e-24
1.7296176976679833e-24
1.76612075540282e-24
1.80355383536609e-24
1.8419373617642948e-24
1.8812922429178963e-24
1.9216398842227698e-24
1.9630022013636155e-24
2.0054016337893803e-24
2.0488611584600018e-24
2.0934043038753133e-24
2.1390551643974105e-24
2.1858384148777142e-24
2.233779325601898e-24
2.282903777564629e-24
2.3332382780884133e-24
2.384809976800455e-24
2.437646681982005e-24
2.4917768773058838e-24
2.5472297389780643e-24
2.6040351532999858e-24
2.662223734668921e-24
2.7218268440346707e-24
2.7828766078312695e-24
2.845405937403406e-24
2.909448548948145e-24
2.975038983993375e-24
3.0422126304352772e-24
3.111005744158118e-24
3.181455471261017e-24
3.2535998709172866e-24
3.327477938892753e-24
3.403129631751716e-24
3.4805958917798906e-24
3.559918672654989e-24
3.6411409658978905e-24
3.7243068281387834e-24
3.809461409233865e-24
3.896650981271092e-24
3.9859229685050884e-24
4.077325978263244e-24
4.1709098328682626e-24
4.266725602624069e-24
4.36482563991551e-24
4.465263614474679e-24
4.568094549870351e-24
4.673374861280128e-24
4.781162394608562e-24
4.891516467018904e-24
5.004497908949729e-24
5.120169107693138e-24
5.2385940526152845e-24
5.359838382105877e-24
5.4839694323495e-24
5.61105628801661e-24
5.741169834980252e-24
5.874382815170626e-24
6.01076988368884e-24
6.150407668308528e-24
6.293374831504666e-24
6.4397521351576974e-24
6.5896225080937574e-24
6.743071116632982e-24
6.900185438330858e-24
7.061055339113107e-24
7.225773154020246e-24
7.394433771793956e-24
7.567134723559975e-24
7.743976275879182e-24
7.925061528466502e-24
8.110496516899303e-24
8.300390320669274e-24
8.494855176961867e-24
8.694006600584198e-24
8.897963510503154e-24
