1.4490779039843687e-24
1.3681065098791801e-24
1.2949494022126259e-24
1.2293239199133e-24
1.170960845343879e-24
1.1195966793616655e-24
1.0749658046751481e-24
1.0367931564666405e-24
1.0047881408793358e-24
9.78640543414358e-25
9.580190119934462e-25
9.425723880338543e-25
9.319337519615294e-25
9.257266462994075e-25
9.23572644081097e-25
9.250993120413955e-25
9.299476870071375e-25
9.37778595058075e-25
9.48277421512973e-25
9.611572120773222e-25
9.761602010873312e-25
9.930580006747174e-25
1.0116507480760692e-24
1.0317655141261662e-24
1.053254245164333e-24
1.0759914617423366e-24
1.0998718842357175e-24
1.1248081059899316e-24
1.1507283930598674e-24
1.1775746570634826e-24
1.2053006236579178e-24
1.2338702024099413e-24
1.2632560528070906e-24
1.2934383344400392e-24
1.3244036257599832e-24
1.356143994277478e-24
1.3886562009475475e-24
1.42194102219625e-24
1.4560026742485348e-24
1.4908483258629089e-24
1.5264876870877243e-24
1.5629326631347847e-24
1.6001970638672361e-24
1.6382963606672656e-24
1.6772474835962567e-24
1.7170686527689582e-24
1.757779238746672e-24
1.799399647525011e-24
1.8419512263458243e-24
1.8854561871424697e-24
1.9299375449023728e-24
1.975419068650155e-24
2.021925243110865e-24
2.0694812394090923e-24
2.118112893410006e-24
2.1678466905390305e-24
2.218709756081031e-24
2.2707298501313753e-24
2.3239353664895848e-24
2.378355334914244e-24
2.4340194262236006e-24
2.490957959844035e-24
2.54920191343974e-24
2.608782934336761e-24
2.669733352496524e-24
2.7320861948242092e-24
2.7958752006608076e-24
2.8611348382920396e-24
2.9279003223823233e-24
2.996207632216099e-24
3.066093530682973e-24
3.137595583937509e-24
3.2107521816824382e-24
3.2856025580325138e-24
3.36218681293546e-24
3.440545934111998e-24
3.520721819511796e-24
3.602757300267354e-24
3.686696164129213e-24
3.77258317939024e-24
3.86046411929663e-24
3.950385786931256e-24
4.042396040606321e-24
4.136543819726425e-24
4.232879171159932e-24
4.3314532761387746e-24
4.4323184776433204e-24
4.535528308330453e-24
4.641137519019411e-24
4.749202107712585e-24
4.8597793491345354e-24
4.972927824942424e-24
5.088707454446189e-24
5.207179525938748e-24
5.328406728686932e-24
5.452453185493778e-24
5.579384485850354e-24
5.7092677199740605e-24
5.842171513118825e-24
5.978166060978005e-24
6.117323165482611e-24
6.259716271421078e-24
6.4054205037325094e-24
6.5545127054910344e-24
6.707071476865981e-24
6.863177214364933e-24
7.022912151245083e-24
7.186360398659889e-24
7.353607987301429e-24
7.524742909833289e-24
7.699855164741295e-24
7.87903680012256e-24
8.062381958732325e-24
8.249986924169721e-24
8.441950166749313e-24
8.638372391563877e-24
8.839356586629084e-24
9.045008071689193e-24
9.2554345483142e-24
9.470746150721491e-24
9.691055497252616e-24
9.91647774236723e-24
1.0147130630072264e-23
1.0383134548364264e-23
1.0624612582885309e-23
1.0871690572838185e-23
1.1124497169156988e-23
1.1383163887169731e-23
1.1647825167918905e-23
1.191861843477807e-23
1.2195684155489526e-23
1.2479165895811334e-23
1.2769210386832734e-23
1.3065967579426666e-23
1.3369590707798666e-23
1.3680236356801463e-23
1.399806451149345e-23
1.4323238629841452e-23
1.465592570289059e-23
1.4996296314605876e-23
1.5344524707628088e-23
1.570078884193e-23
1.6065270469226538e-23
1.6438155177985502e-23
1.6819632457182634e-23
1.7209895777030882e-23
1.7609142637754953e-23
1.8017574607668164e-23
1.8435397421007075e-23
1.8862821015868085e-23
1.9300059572475562e-23
1.9747331615761608e-23
2.0204860013335582e-23
2.0672872041847337e-23
2.1151599484890123e-23
2.1641278576056101e-23
2.214215014147624e-23
2.265445959104872e-23
2.3178456921820173e-23
2.3714396825282186e-23
2.4262538699347644e-23
2.4823146487132932e-23
2.5396489018852647e-23
2.5982839773765166e-23
2.658247685181822e-23
2.7195683193387986e-23
2.78227463888062e-23
2.846395859602886e-23
2.911961675871444e-23
2.9790022246248425e-23
3.047548097433925e-23
3.117630346742841e-23
3.189280424176896e-23
3.2625302487686947e-23
3.337412115159795e-23
3.413958738996377e-23
3.492203202934629e-23
3.57217897540798e-23
3.653919833189409e-23
3.7374599159869883e-23
3.8228336080508453e-23
3.9100756285017284e-23
3.9992208420409634e-23
4.090304356940129e-23
4.1833614678910547e-23
4.2784275147069764e-23
4.375537967949385e-23
4.474728249976588e-23
4.5760337879130994e-23
4.6794898737408743e-23
4.7851316149007805e-23
4.8929939126666385e-23
5.003111228144345e-23
5.1155176937951724e-23
5.230246902746372e-23
5.347331692784812e-23
5.466804339204585e-23
5.588696049659979e-23
5.713037152192652e-23
5.83985680825787e-23
5.969182643510795e-23
