6.37795640824379e-23
6.387760391877223e-23
6.397102768217661e-23
6.406003364856089e-23
6.414481071308225e-23
6.422553879168012e-23
6.430238920348674e-23
6.437552503492824e-23
6.444510148630244e-23
6.451126620156716e-23
6.457415958204881e-23
6.463391508473296e-23
6.469065950578665e-23
6.474451324990486e-23
6.479559058606215e-23
6.484399989021658e-23
6.488984387547474e-23
6.493321981022489e-23
6.4974219724679e-23
6.501293060629132e-23
6.504943458444592e-23
6.508380910482405e-23
6.51161270938066e-23
6.51464571132761e-23
6.517486350614494e-23
6.520140653290014e-23
6.522614249949291e-23
6.524912387679795e-23
6.527039941194571e-23
6.529001423171516e-23
6.530800993824745e-23
6.532442469725717e-23
6.533929331894128e-23
6.535264733174803e-23
6.536451504917138e-23
6.537492162970152e-23
6.538388913007059e-23
6.539143655188644e-23
6.539757988177742e-23
6.54023321251089e-23
6.540570333334781e-23
6.54077006251481e-23
6.540832820117118e-23
6.540758735269324e-23
6.540547646400489e-23
6.540199100860718e-23
6.539712353919443e-23
6.539086367139603e-23
6.538319806124202e-23
6.537411037629623e-23
6.536358126039881e-23
6.535158829192233e-23
6.533810593547392e-23
6.532310548689938e-23
6.530655501150111e-23
6.528841927530222e-23
6.526865966922334e-23
6.52472341259882e-23
6.522409702957559e-23
6.519919911702555e-23
6.517248737235623e-23
6.514390491237303e-23
6.511339086410688e-23
6.50808802335972e-23
6.504630376574128e-23
6.500958779487099e-23
6.497065408573597e-23
6.492941966452828e-23
6.488579663955372e-23
6.483969201115822e-23
6.479100747045738e-23
6.473963918642385e-23
6.468547758083073e-23
6.462840709054063e-23
6.456830591658407e-23
6.450504575945147e-23
6.443849153998142e-23
6.436850110518469e-23
6.429492491833126e-23
6.421760573255241e-23
6.413637824719641e-23
6.405106874612644e-23
6.396149471707968e-23
6.386746445119953e-23
6.3768776621754e-23
6.366521984103413e-23
6.355657219434938e-23
6.3442600749983e-23
6.332306104388374e-23
6.319769653784344e-23
6.306623804978783e-23
6.292840315475694e-23
6.278389555506002e-23
6.263240441800615e-23
6.247360367950013e-23
6.230715131171053e-23
6.21326885528981e-23
6.194983909738384e-23
6.175820824349581e-23
6.155738199723137e-23
6.134692612920109e-23
6.112638518228428e-23
6.089528142726686e-23
6.065311376354859e-23
6.039935656182881e-23
6.01334584454784e-23
5.985484100708789e-23
5.956289745645952e-23
5.925699119605229e-23
5.893645431962873e-23
5.860058602956882e-23
5.824865096799319e-23
5.78798774565158e-23
5.749345563908157e-23
5.708853552194354e-23
5.666422490443572e-23
5.621958719370611e-23
5.575363909610942e-23
5.526534817741319e-23
5.475363028336604e-23
5.421734681158359e-23
5.365530182498318e-23
5.306623899626982e-23
5.2448838372160435e-23
5.180171294514518e-23
5.1123405019613846e-23
5.041238235814504e-23
4.966703409260185e-23
4.8885666383423294e-23
4.806649780917531e-23
4.720765446693985e-23
4.6307164762533304e-23
4.5362953867837744e-23
4.437283782067467e-23
4.333451724070732e-23
4.224557063278249e-23
4.110344724701336e-23
3.9905459462810434e-23
3.864877466209762e-23
3.733040655542077e-23
3.594720592386495e-23
3.449585074052731e-23
3.2972835638941165e-23
3.137446070486645e-23
2.9696819586923445e-23
2.7935786959780547e-23
2.608700545007735e-23
2.4145872290761454e-23
2.2107526298088038e-23
1.996683649875377e-23
1.771839549552615e-23
1.5356525313943077e-23
1.2875317429187171e-23
1.026877837339182e-23
7.531379547129998e-24
4.660877876094411e-24
1.6929585490333474e-24
1.6971964428579547e-24
4.9859388447100985e-24
8.50315171802301e-24
1.2213638584153924e-23
1.6122924096761447e-23
2.0241063700247112e-23
2.457978656689996e-23
2.915197624012998e-23
3.397157238288266e-23
3.905358971914584e-23
4.441418246890525e-23
5.0070733317345324e-23
5.604196032495446e-23
6.234804013414566e-23
6.901074788209899e-23
7.60536152902027e-23
8.350210910902117e-23
9.138383270142366e-23
9.972875415608045e-23
1.0856946499987673e-22
1.1794147436481527e-22
1.2788354440262566e-22
1.3843807387270445e-22
1.4965153820816778e-22
1.6157499605586707e-22
1.7426467437173458e-22
1.8778264673911034e-22
2.0219762280310965e-22
2.1758587075941214e-22
2.340322999403135e-22
2.5163173702146885e-22
2.704904376556612e-22
2.9072788599909543e-22
3.12478948414654e-22
3.358964656910948e-22
3.6115439190168355e-22
3.8845161963386953e-22
4.180166737229206e-22
4.501135130731176e-22
4.850487588288541e-22
5.231807761554218e-22
5.649311897656044e-22
6.107996306320343e-22
6.613828247076643e-22
