7.331043230773423e-24
7.340816532674856e-24
7.3501343215723e-24
7.35901585114409e-24
7.367479496980588e-24
7.375542791070384e-24
7.38322245493553e-24
7.39053443144132e-24
7.397493915308457e-24
7.404115382356295e-24
7.410412617507636e-24
7.416398741585417e-24
7.422086236933166e-24
7.427486971889785e-24
7.432612224150612e-24
7.437472703045342e-24
7.442078570763579e-24
7.446439462558039e-24
7.450564505954518e-24
7.454462338997674e-24
7.458141127559651e-24
7.461608581739057e-24
7.464871971375442e-24
7.467938140704644e-24
7.470813522178318e-24
7.473504149470499e-24
7.476015669692692e-24
7.478353354837978e-24
7.480522112472991e-24
7.482526495696477e-24
7.484370712380969e-24
7.486058633713293e-24
7.487593802048727e-24
7.488979438091987e-24
7.49021844741733e-24
7.491313426338849e-24
7.492266667140498e-24
7.493080162674863e-24
7.493755610337739e-24
7.494294415424615e-24
7.494697693874525e-24
7.494966274404538e-24
7.495100700037364e-24
7.495101229023584e-24
7.494967835158197e-24
7.494700207490355e-24
7.49429774942325e-24
7.493759577200592e-24
7.493084517774172e-24
7.492271106045348e-24
7.491317581473117e-24
7.490221884038013e-24
7.488981649551798e-24
7.487594204299238e-24
7.486056558998276e-24
7.484365402062358e-24
7.482517092147037e-24
7.480507649961615e-24
7.478332749324306e-24
7.47598770743743e-24
7.473467474357462e-24
7.470766621632119e-24
7.467879330075161e-24
7.464799376646353e-24
7.461520120402046e-24
7.458034487479399e-24
7.454334955074063e-24
7.450413534368343e-24
7.446261752364194e-24
7.441870632571262e-24
7.437230674497687e-24
7.432331831887234e-24
7.427163489641814e-24
7.421714439365439e-24
7.41597285346037e-24
7.409926257701718e-24
7.403561502211116e-24
7.396864730745823e-24
7.389821348212705e-24
7.382415986309993e-24
7.374632467194894e-24
7.36645376506505e-24
7.357861965536914e-24
7.348838222693656e-24
7.339362713666961e-24
7.329414590607908e-24
7.318971929890505e-24
7.308011678381062e-24
7.296509596594317e-24
7.284440198543303e-24
7.271776688076739e-24
7.258490891481042e-24
7.244553186109701e-24
7.229932424781197e-24
7.214595855671537e-24
7.198509037401654e-24
7.181635749002031e-24
7.163937894408352e-24
7.145375401116245e-24
7.12590611260013e-24
7.105485674056962e-24
7.084067411019742e-24
7.061602200337423e-24
7.038038332980544e-24
7.013321368103448e-24
6.987393977734033e-24
6.96019578142861e-24
6.931663170179291e-24
6.90172911881244e-24
6.870322986063976e-24
6.837370301481314e-24
6.802792538233376e-24
6.766506870884676e-24
6.728425917155273e-24
6.688457462651177e-24
6.646504167546477e-24
6.6024632542341186e-24
6.556226174997371e-24
6.507678258866467e-24
6.4566983370207954e-24
6.4031583463438205e-24
6.3469229112043594e-24
6.2878489040857875e-24
6.225784986628867e-24
6.160571133833401e-24
6.092038145929149e-24
6.020007154894938e-24
5.944289135962437e-24
5.8646844392694596e-24
5.780982363442976e-24
5.692960802306795e-24
5.6003860091417406e-24
5.503012541372846e-24
5.400583475503844e-24
5.292831019757201e-24
5.179477707219007e-24
5.060238431993562e-24
4.934823708717402e-24
4.8029447103818406e-24
4.6643209012930014e-24
4.5186914801708295e-24
4.365832458985963e-24
4.205582152114865e-24
4.037879341151917e-24
3.8628207397683614e-24
3.680748139226704e-24
3.492381568206318e-24
3.2990240562167306e-24
3.102877215195698e-24
2.9075242271034987e-24
2.718649835637592e-24
2.5450437835943614e-24
2.399786451071198e-24
2.301083475279364e-24
2.271480252752359e-24
2.3340185586384405e-24
2.5061553143027376e-24
2.7959086642814608e-24
3.2036944269742035e-24
3.727659373870737e-24
4.368362205596194e-24
5.131397455283002e-24
6.0287789980825036e-24
7.08020143225282e-24
8.314983431126925e-24
9.775376015514056e-24
1.152216359870269e-23
1.3644209036216734e-23
1.6275182704656192e-23
1.9624238113500525e-23
2.4035720000880445e-23
3.011426632601021e-23
3.9010559221175885e-23
5.313217321336176e-23
7.788183186310728e-23
1.2147211918330138e-22
1.447360887671277e-22
1.0300671510657182e-22
7.060199760793878e-23
5.2455113081453127e-23
4.1440639332289565e-23
3.4103370449163365e-23
2.8845850240029696e-23
2.4861877689612525e-23
2.1708114631603647e-23
1.912311987736715e-23
1.6944131645648756e-23
1.50657501255766e-23
1.3418142823395371e-23
1.1955094285128661e-23
1.0647440406332478e-23
9.479737367967839e-24
8.449066008880624e-24
7.565209327856612e-24
6.851070183806818e-24
6.340948626493643e-24
6.072987889239642e-24
6.074419743962332e-24
6.3470918724571646e-24
6.865914157894149e-24
7.591294199350904e-24
