1.977717758900053e-24
1.8540174093779787e-24
1.7370926235692367e-24
1.6266907460250575e-24
1.5225749431662341e-24
1.4245240175021971e-24
1.332332245463045e-24
1.245809212279299e-24
1.1647796050513468e-24
1.0890829091059408e-24
1.01857293274479e-24
9.531170621502793e-25
8.925951236229732e-25
8.368977089701049e-25
7.859238096775068e-25
7.39577618442893e-25
6.977644081272683e-25
6.603855036808006e-25
6.273325306241136e-25
5.984813448447533e-25
5.736862847325323e-25
5.527755681288059e-25
5.355486960889443e-25
5.217765542299377e-25
5.112045143336207e-25
5.035583159049699e-25
4.985520002897945e-25
4.958968351207477e-25
4.953100946816469e-25
4.965227412475862e-25
4.992853903584554e-25
5.0337231796620085e-25
5.085835820042309e-25
5.147455367347105e-25
5.217101126180809e-25
5.293532423773894e-25
5.375727688387552e-25
5.462861014541476e-25
5.554278165530162e-25
5.649473327008135e-25
5.748067416562148e-25
5.849788377384432e-25
5.954453622695398e-25
6.061954627384268e-25
6.17224356062137e-25
6.285321797641031e-25
6.401230124673164e-25
6.5200404465408265e-25
6.641848813648044e-25
6.766769598510414e-25
6.894930668168725e-25
7.026469415618069e-25
7.161529529573789e-25
7.30025839682622e-25
7.442805044876349e-25
7.589318544411148e-25
7.7399468015928e-25
7.894835679218915e-25
8.054128393698899e-25
8.217965141733317e-25
8.386482916577898e-25
8.55981547911854e-25
8.738093453639664e-25
8.92144452232336e-25
9.10999369618856e-25
9.303863643438194e-25
9.50317505909802e-25
9.708047062397923e-25
9.918597610624683e-25
1.0134943920198568e-24
1.035720288748528e-24
1.0585491503390325e-24
1.081992725713992e-24
1.106062852577126e-24
1.1307714946863777e-24
1.1561307772840336e-24
1.1821530205885335e-24
1.2088507713059324e-24
1.2362368321679241e-24
1.2643242895378571e-24
1.293126539155114e-24
1.3226573101095707e-24
1.352930687153348e-24
1.3839611314677283e-24
1.4157635000084239e-24
1.4483530635572413e-24
1.4817455236061288e-24
1.5159570282005805e-24
1.5510041868626707e-24
1.5869040847123459e-24
1.6236742958978682e-24
1.6613328964409722e-24
1.699898476595798e-24
1.7393901528142556e-24
1.7798275794024515e-24
1.8212309599478264e-24
1.8636210585902127e-24
1.9070192112016526e-24
1.951447336537943e-24
1.996927947414981e-24
2.0434841619621988e-24
2.091139714997294e-24
2.139918969564313e-24
2.1898469286717174e-24
2.24094924726594e-24
2.293252244467705e-24
2.346782916102994e-24
2.4015689475498817e-24
2.4576387269259696e-24
2.5150213586375365e-24
2.573746677307031e-24
2.633845262098396e-24
2.6953484514549604e-24
2.7582883582656867e-24
2.8226978854712327e-24
2.8886107421261076e-24
2.956061459925599e-24
3.025085410211202e-24
3.0957188214652716e-24
3.167998797305247e-24
3.2419633349877092e-24
3.317651344433318e-24
3.395102667781975e-24
3.474358099489247e-24
3.555459406972444e-24
3.638449351818882e-24
3.7233717115648325e-24
3.8102713020557605e-24
3.899194000399226e-24
3.990186768520596e-24
4.083297677333267e-24
4.178575931534225e-24
4.2760718950358514e-24
4.375837117048591e-24
4.477924358823139e-24
4.58238762106823e-24
4.6892821720546325e-24
4.798664576419023e-24
4.910592724684661e-24
5.025125863507563e-24
5.1423246266669905e-24
5.2622510668162565e-24
5.384968688002717e-24
5.5105424789824606e-24
5.639038947337234e-24
5.7705261544166875e-24
5.905073751119685e-24
6.042753014534997e-24
6.1836368854571506e-24
6.3278000067989626e-24
6.475318762916627e-24
6.626271319873582e-24
6.780737666653868e-24
6.938799657355821e-24
7.10054105438012e-24
7.266047572639548e-24
7.435406924808254e-24
7.608708867638114e-24
7.786045249362113e-24
7.967510058212335e-24
8.153199472074504e-24
8.343211909306606e-24
8.537648080747212e-24
8.736611042938963e-24
8.94020625259758e-24
9.148541622350241e-24
9.361727577777059e-24
9.579877115778461e-24
9.803105864307498e-24
1.0031532143486153e-23
1.026527702814902e-23
1.0504464411838241e-23
1.0749221072285172e-23
1.0999676738413825e-23
1.1255964158895401e-23
1.1518219172297534e-23
1.1786580778855481e-23
1.2061191213904092e-23
1.2342196023013805e-23
1.2629744138858611e-23
1.2923987959863644e-23
1.3225083430667108e-23
1.353319012443922e-23
1.3848471327098493e-23
1.4171094123464503e-23
1.4501229485400413e-23
1.4839052361970526e-23
1.518474177167865e-23
1.5538480896811304e-23
1.5900457179949767e-23
1.6270862422686132e-23
1.6649892886591135e-23
1.7037749396488175e-23
1.7434637446073364e-23
1.784076730593774e-23
1.8256354134035224e-23
1.868161808864748e-23
1.9116784443897892e-23
1.9562083707860817e-23
2.0017751743316195e-23
2.0484029891200357e-23
