2.361064194823008e-24
2.2544826463992916e-24
2.152871495223976e-24
2.0560162463742506e-24
1.9637125675978698e-24
1.8757658527305686e-24
1.791990804199094e-24
1.7122110333431956e-24
1.6362586772681892e-24
1.5639740309077083e-24
1.4952051929372716e-24
1.4298077241348236e-24
1.3676443167338318e-24
1.308584473263623e-24
1.252504193324023e-24
1.19928566670183e-24
1.1488169712150352e-24
1.1009917736743698e-24
1.0557090323933145e-24
1.0128726997706405e-24
9.723914236280452e-25
9.341782462252788e-25
8.98150300210168e-25
8.642285012053306e-25
8.323372372918567e-25
8.024040563239464e-25
7.743593527861675e-25
7.481360567606448e-25
7.236693284632343e-25
7.0089626267837935e-25
6.797556081956841e-25
6.601875079423135e-25
6.421332658229342e-25
6.2553514624100665e-25
6.103362118163177e-25
5.96480203903063e-25
5.839114691609012e-25
5.725749337026423e-25
5.624161243445168e-25
5.533812343704969e-25
5.454172291698474e-25
5.384719852890877e-25
5.324944550210298e-25
5.274348477446764e-25
5.232448188956285e-25
5.198776576849325e-25
5.172884654381437e-25
5.154343175919032e-25
5.142744038334329e-25
5.137701424564228e-25
5.138852666043589e-25
5.145858815641479e-25
5.158404935799084e-25
5.176200117240248e-25
5.198977251684791e-25
5.226492587484276e-25
5.258525100217797e-25
5.294875711374625e-25
5.335366387708124e-25
5.379839152070013e-25
5.428155033915755e-25
5.480192984529212e-25
5.535848778643737e-25
5.595033920724988e-25
5.65767457090985e-25
5.723710502552701e-25
5.793094100587391e-25
5.865789407503556e-25
5.941771221655624e-25
6.0210242508732365e-25
6.103542322892624e-25
6.189327652954444e-25
6.278390167974964e-25
6.370746885983749e-25
6.466421348965738e-25
6.565443106857547e-25
6.66784725017161e-25
6.773673988553616e-25
6.882968272486267e-25
6.995779455327231e-25
7.112160992892428e-25
7.232170177856901e-25
7.355867906335274e-25
7.483318474115381e-25
7.614589400139745e-25
7.749751274965333e-25
7.888877632070045e-25
8.032044840011174e-25
8.1793320135844425e-25
8.330820942263824e-25
8.486596034340545e-25
8.646744275302063e-25
8.81135519911699e-25
8.980520871206746e-25
9.154335881994595e-25
9.332897350024366e-25
9.516304933739086e-25
9.704660851099028e-25
9.898069906300648e-25
1.0096639522937934e-24
1.030047978301692e-24
1.050970347130017e-24
1.0724426124518818e-24
1.0944766085047312e-24
1.117084455868012e-24
1.1402785676204014e-24
1.1640716558497093e-24
1.1884767384922034e-24
1.2135071464821859e-24
1.2391765311952575e-24
1.2654988721717961e-24
1.2924884851096953e-24
1.320160030117886e-24
1.3485285202239328e-24
1.3776093301314309e-24
1.407418205224075e-24
1.4379712708153236e-24
1.4692850416438056e-24
1.5013764316158544e-24
1.5342627637977482e-24
1.567961780661695e-24
1.602491654590026e-24
1.6378709986432394e-24
1.674118877598818e-24
1.7112548192676086e-24
1.749298826096573e-24
1.7882713870662265e-24
1.82819348989263e-24
1.869086633544359e-24
1.9109728410851368e-24
1.9538746728540773e-24
1.9978152399959174e-24
2.0428182183539416e-24
2.088907862739946e-24
2.1361090215951476e-24
2.184447152057822e-24
2.233948335453177e-24
2.2846392932227303e-24
2.33654740331057e-24
2.3897007170252034e-24
2.444127976396239e-24
2.4998586320469943e-24
2.5569228616035334e-24
2.6153515886637864e-24
2.6751765023498913e-24
2.7364300774688815e-24
2.7991455953082437e-24
2.8633571650939738e-24
2.9290997461403385e-24
2.996409170722017e-24
3.0653221677016255e-24
3.1358763869462048e-24
3.2081104245695995e-24
3.282063849038348e-24
3.357777228182175e-24
3.435292157151212e-24
3.514651287365602e-24
3.595898356505355e-24
3.679078219590864e-24
3.764236881207869e-24
3.8514215289345614e-24
3.9406805680293126e-24
4.032063657445401e-24
4.125621747238407e-24
4.2214071174402395e-24
4.319473418474329e-24
4.419875713195106e-24
4.522670520636971e-24
4.627915861564263e-24
4.735671305920878e-24
4.845998022281633e-24
4.958958829416963e-24
5.074618250087663e-24
5.193042567193941e-24
5.314299882412821e-24
5.438460177464038e-24
5.5655953781560786e-24
5.69577942137211e-24
5.829088325166935e-24
5.965600262157293e-24
6.105395636399456e-24
6.2485571639612016e-24
6.3951699574092395e-24
6.545321614447252e-24
6.699102310956354e-24
6.85660489870617e-24
7.017925008022571e-24
7.183161155719061e-24
7.352414858618474e-24
7.525790753013451e-24
7.703396720441062e-24
7.885344020170609e-24
8.07174742883255e-24
8.262725387646692e-24
8.458400157741298e-24
8.65889798408981e-24
8.864349268629312e-24
9.074888753168114e-24
9.290655712736029e-24
9.51179416007727e-24
9.73845306204361e-24
