1.338045929478761e-22
1.338115250609985e-22
1.338181154582783e-22
1.3382437812680291e-22
1.3383032635779684e-22
1.3383597277487373e-22
1.3384132936088706e-22
1.3384640748336825e-22
1.3385121791871355e-22
1.3385577087506328e-22
1.3386007601402168e-22
1.3386414247114946e-22
1.3386797887540144e-22
1.3387159336744867e-22
1.3387499361697099e-22
1.338781868389605e-22
1.338811798090265e-22
1.3388397887781577e-22
1.3388658998447204e-22
1.3388901866927397e-22
1.3389127008538626e-22
1.3389334900981945e-22
1.338952598535549e-22
1.3389700667092084e-22
1.338985931682207e-22
1.3390002271156668e-22
1.3390129833406657e-22
1.3390242274222308e-22
1.3390339832173259e-22
1.339042271424959e-22
1.3390491096305362e-22
1.3390545123430733e-22
1.339058491025996e-22
1.3390610541214651e-22
1.3390622070683765e-22
1.33906195231382e-22
1.3390602893184102e-22
1.3390572145549936e-22
1.339052721501365e-22
1.339046800626253e-22
1.3390394393691833e-22
1.339030622113784e-22
1.3390203301547394e-22
1.3390085416579033e-22
1.3389952316141259e-22
1.3389803717861674e-22
1.3389639306485943e-22
1.3389458733210467e-22
1.3389261614941146e-22
1.3389047533480086e-22
1.338881603463834e-22
1.3388566627270576e-22
1.3388298782234448e-22
1.338801193126457e-22
1.338770546576874e-22
1.3387378735533567e-22
1.3387031047345663e-22
1.3386661663518636e-22
1.338626980032667e-22
1.3385854626341145e-22
1.3385415260664953e-22
1.3384950771061048e-22
1.3384460171973394e-22
1.3383942422432845e-22
1.338339642384812e-22
1.338282101767006e-22
1.3382214982931667e-22
1.3381577033655474e-22
1.3380905816119606e-22
1.338019990598386e-22
1.3379457805260349e-22
1.3378677939134038e-22
1.3377858652614386e-22
1.3376998207017363e-22
1.3376094776271856e-22
1.3375146443037008e-22
1.3374151194627533e-22
1.3373106918733112e-22
1.3372011398928765e-22
1.3370862309961363e-22
1.3369657212803662e-22
1.3368393549468667e-22
1.336706863756611e-22
1.3365679664597716e-22
1.3364223681971652e-22
1.3362697598727648e-22
1.3361098174959205e-22
1.3359422014916873e-22
1.3357665559776713e-22
1.3355825080063793e-22
1.3353896667708823e-22
1.3351876227722208e-22
1.3349759469469245e-22
1.3347541897526778e-22
1.334521880210101e-22
1.3342785248985332e-22
1.334023606903644e-22
1.333756584715176e-22
1.3334768910710367e-22
1.3331839317470185e-22
1.332877084287844e-22
1.3325556966780878e-22
1.33221908594922e-22
1.331866536720088e-22
1.331497299667691e-22
1.3311105899246184e-22
1.3307055854000687e-22
1.3302814250202401e-22
1.3298372068848046e-22
1.3293719863347022e-22
1.3288847739279096e-22
1.328374533317611e-22
1.3278401790291237e-22
1.327280574129942e-22
1.3266945277878858e-22
1.3260807927121447e-22
1.3254380624712205e-22
1.3247649686817215e-22
1.3240600780620503e-22
1.323321889344062e-22
1.322548830035521e-22
1.321739253026556e-22
1.3208914330319472e-22
1.3200035628615086e-22
1.3190737495093554e-22
1.3181000100536794e-22
1.317080267357755e-22
1.3160123455613356e-22
1.3148939653525928e-22
1.313722739009679e-22
1.3124961651992572e-22
1.311211623521578e-22
1.3098663687864495e-22
1.3084575250099434e-22
1.306982079113091e-22
1.3054368743117535e-22
1.3038186031785013e-22
1.3021238003600173e-22
1.3003488349342798e-22
1.2984899023838918e-22
1.296543016171046e-22
1.2945039988891497e-22
1.2923684729673942e-22
1.2901318509091487e-22
1.2877893250346884e-22
1.2853358567002771e-22
1.282766164971646e-22
1.2800747147112792e-22
1.2772557040568921e-22
1.2743030512485037e-22
1.2712103807699156e-22
1.2679710087724294e-22
1.2645779277212547e-22
1.2610237902371666e-22
1.2573008920724473e-22
1.2534011541869564e-22
1.2493161038280025e-22
1.2450368546092498e-22
1.2405540854814913e-22
1.2358580185371917e-22
1.2309383955834908e-22
1.225784453370445e-22
1.2203848974165592e-22
1.2147278743505245e-22
1.2088009425619146e-22
1.2025910411720367e-22
1.1960844571065588e-22
1.1892667901629768e-22
1.1821229158966603e-22
1.1746369461545267e-22
1.166792187049689e-22
1.1585710941844044e-22
1.1499552247873615e-22
1.140925186607058e-22
1.1314605831117526e-22
1.1215399546268722e-22
1.111140715181966e-22
1.100239084196846e-22
1.0888100126979929e-22
1.0768271033920436e-22
1.06426252351173e-22
1.0510869096691503e-22
1.0372692634813827e-22
1.0227768364666289e-22
1.0075750022846784e-22
9.916271146972875e-23
9.748943474283628e-23
9.57335513474515e-23
9.389068584022725e-23
9.195618227595661e-23
8.992507648968991e-23
8.779206344018602e-23
8.555145827656276e-23
8.319714916418992e-23
8.072253933752596e-23
7.812047458508806e-23
7.538315104232733e-23
7.250199536238702e-23
6.946750582181876e-23
6.626903674422445e-23
6.289449847159266e-23
