1.306474817771437e-24
1.2351907739970683e-24
1.170616745405615e-24
1.1126246845599435e-24
1.06108984357843e-24
1.0158823659574354e-24
9.768582463965418e-25
9.438504657130519e-25
9.166613498121654e-25
8.950572783921552e-25
8.787666983105036e-25
8.674819641259773e-25
8.608649171776024e-25
8.585554875290286e-25
8.601821397823484e-25
8.65372803651988e-25
8.737650475231254e-25
8.8501458614934e-25
8.988016344438401e-25
9.148350108754794e-25
9.328541842989124e-25
9.526296256994599e-25
9.739618862846476e-25
9.966798074247869e-25
1.0206382093660411e-24
1.0457153307219177e-24
1.0718102166456873e-24
1.098840189324782e-24
1.1267384833715788e-24
1.1554520906932828e-24
1.1849398327650722e-24
1.2151706605754048e-24
1.2461221715847403e-24
1.277779326918962e-24
1.3101333491604962e-24
1.3431807803780318e-24
1.3769226806129959e-24
1.4113639483729406e-24
1.4465127463852664e-24
1.4823800176862935e-24
1.5189790789364563e-24
1.5563252795542552e-24
1.594435716818251e-24
1.6333289984820278e-24
1.673025045669525e-24
1.713544929886302e-24
1.7549107389081376e-24
1.797145467094452e-24
1.840272926359982e-24
1.884317674605487e-24
1.929304958908524e-24
1.9752606711857307e-24
2.0222113143952174e-24
2.070183977644376e-24
2.119206318823083e-24
2.1693065535965245e-24
2.2205134497761735e-24
2.272856326233084e-24
2.3263650556606868e-24
2.3810700705915216e-24
2.4370023721732976e-24
2.494193541289061e-24
2.5526757516682887e-24
2.6124817846953272e-24
2.67364504567358e-24
2.736199581335696e-24
2.8001800984346984e-24
2.86562198327173e-24
2.932561322047208e-24
3.00103492193926e-24
3.0710803328345723e-24
3.1427358696483034e-24
3.2160406351854594e-24
3.29103454350522e-24
3.367758343761623e-24
3.446253644495778e-24
3.526562938372141e-24
3.6087296273415696e-24
3.692798048235599e-24
3.778813498787545e-24
3.866822264083836e-24
3.956871643453626e-24
4.049009977805465e-24
4.1432866774225275e-24
4.23975225022157e-24
4.338458330502101e-24
4.439457708192916e-24
4.542804358608494e-24
4.6485534727447324e-24
4.756761488121091e-24
4.8674861201853105e-24
4.9807863943212296e-24
5.096722678442258e-24
5.215356716233118e-24
5.336751661014837e-24
5.4609721103061905e-24
5.58808414104971e-24
5.718155345551122e-24
5.851254868168561e-24
5.987453442738745e-24
6.126823430769305e-24
6.2694388604636395e-24
6.415375466527573e-24
6.5647107308481675e-24
6.717523924018172e-24
6.873896147767984e-24
7.03391037830392e-24
7.197651510574099e-24
7.365206403517869e-24
7.536663926297134e-24
7.712115005506688e-24
7.891652673478488e-24
8.075372117598645e-24
8.263370730733918e-24
8.455748162797463e-24
8.652606373377864e-24
8.854049685651622e-24
9.060184841370597e-24
9.27112105718702e-24
9.48697008210548e-24
9.707846256385094e-24
9.933866571520317e-24
1.0165150731809265e-23
1.0401821217094393e-23
1.0644003347028406e-23
1.0891825346628591e-23
1.1145418413542127e-23
1.140491678642205e-23
1.1670457815267116e-23
1.1942182032920218e-23
1.2220233228396834e-23
1.2504758521755288e-23
1.2795908440627275e-23
1.309383699842891e-23
1.3398701774286773e-23
1.371066399468492e-23
1.4029888617079802e-23
1.435654441483776e-23
1.469080406501835e-23
1.503284423676646e-23
1.5382845682489182e-23
1.5740993331048823e-23
1.6107476382258808e-23
1.6482488404322355e-23
1.6866227432507647e-23
1.7258896069631098e-23
1.7660701591238183e-23
1.8071856048743835e-23
1.8492576378580262e-23
1.8923084511518098e-23
1.9363607484483536e-23
1.9814377555625306e-23
2.0275632320729368e-23
2.0747614832013215e-23
2.123057372010233e-23
2.1724763318035125e-23
2.2230443785973967e-23
2.2747881242678142e-23
2.3277347895563668e-23
2.3819122172449375e-23
2.437348886187068e-23
2.4940739247747657e-23
2.552117125437528e-23
2.6115089587284613e-23
2.6722805881226776e-23
2.734463884918865e-23
2.798091443527827e-23
2.863196596283636e-23
2.9298134299584743e-23
2.997976801045037e-23
3.067722352050844e-23
3.139086528024418e-23
3.212106593091616e-23
3.2868206468054875e-23
3.363267642592005e-23
3.4414874032537087e-23
3.521520639974842e-23
3.6034089685920724e-23
3.68719492907616e-23
3.772922001867809e-23
3.8606346270200757e-23
3.950378222933365e-23
4.042199202974726e-23
4.1361449957882795e-23
4.2322640620571007e-23
4.330605916041835e-23
4.4312211386565074e-23
4.5341614026618175e-23
4.639479484354677e-23
4.747229288063863e-23
4.857465859096996e-23
4.9702454019439757e-23
5.0856253017553647e-23
5.2036641347827256e-23
5.324421692406619e-23
5.44795898983235e-23
5.574338281171261e-23
5.703623081619503e-23
5.835878171801433e-23
5.971169610147357e-23
6.109564755231401e-23
