4.284709828706099e-12
4.187879146858869e-12
4.095323201113059e-12
4.0042990658846305e-12
3.9151878797645575e-12
3.827504766016784e-12
3.743762285742579e-12
3.658633017170201e-12
3.577187209296432e-12
3.497146157830046e-12
3.4197257666557934e-12
3.3422243486424924e-12
3.2674453660758e-12
3.193286786224887e-12
3.1219376593104976e-12
3.0513128338236966e-12
2.9828462470072046e-12
2.9154335741362238e-12
2.849943569759339e-12
2.7852565838047542e-12
2.722524433064235e-12
2.660703248261505e-12
2.600683206943859e-12
2.5418352879345696e-12
2.4841563546819034e-12
2.4280925767097123e-12
2.372873820195656e-12
2.318890834186482e-12
2.2661700947112987e-12
2.2148821010706544e-12
2.1647684718097677e-12
2.115281016761538e-12
2.0672508937324903e-12
2.0199070147230094e-12
1.9736857512043336e-12
1.928923502778773e-12
1.884848954660484e-12
1.841836665558644e-12
1.7997483406873807e-12
1.758547789040013e-12
1.718364880257328e-12
1.6791429808147903e-12
1.6405562266225074e-12
1.6030351804765472e-12
1.5662825683982313e-12
1.5302524746510086e-12
1.494980506748668e-12
1.4607198686413392e-12
1.4271390697376843e-12
1.3943045747018818e-12
1.3620763594501234e-12
1.3306717112548706e-12
1.3000564181762456e-12
1.2700507451503106e-12
1.240718097615192e-12
1.2119322158170879e-12
1.1838632526118214e-12
1.1564166042208465e-12
1.1295177321507798e-12
1.1033206803445472e-12
1.0776693337925351e-12
1.0525816695740644e-12
1.028086614300015e-12
1.0040330512266556e-12
9.805490382346062e-13
9.575828556027418e-13
9.351319861996852e-13
9.131882084600897e-13
8.917416436814953e-13
8.707339403646424e-13
8.501808759466684e-13
8.301295113538408e-13
8.104316438049273e-13
7.911898052693193e-13
7.723790966084967e-13
7.540405988026085e-13
7.360450307706974e-13
7.184377072341436e-13
7.012160754845952e-13
6.84361256080747e-13
6.679001498018822e-13
6.517566830306699e-13
6.359880409521041e-13
6.205362228950631e-13
6.054118437082088e-13
5.906239463631497e-13
5.761418903187834e-13
5.619765867895998e-13
5.481166413439038e-13
5.345329706460098e-13
5.212458351257278e-13
5.082411498606512e-13
4.954951256338494e-13
4.830267160498016e-13
4.708210192028521e-13
4.588651464326515e-13
4.4715545486907724e-13
4.3568998963401494e-13
4.2446135495966707e-13
4.134649127375737e-13
4.026927526583864e-13
3.921429012532131e-13
3.818039857136568e-13
3.7168651109986137e-13
3.6174995489427584e-13
3.52034034501198e-13
3.4250633504774424e-13
3.3317352713520625e-13
3.240235831834826e-13
3.1505828672543693e-13
3.062712839112545e-13
2.97663878007504e-13
2.89216830097583e-13
2.8094483363010854e-13
2.728308125720506e-13
2.6487664437101726e-13
2.570856063205271e-13
2.494403165339698e-13
2.4194937821563513e-13
2.3459988091363624e-13
2.274017262647157e-13
2.203420411851802e-13
2.1341558322418284e-13
2.0662830066481464e-13
1.999745169654057e-13
1.93451806806498e-13
1.8705529268773437e-13
1.8078611312546525e-13
1.746429920261028e-13
1.686186914290539e-13
1.6271748459663995e-13
1.5693109099757683e-13
1.512642482947811e-13
1.4571112549260154e-13
1.4027044511542045e-13
1.34942795421656e-13
1.297232739012391e-13
1.2461541306389002e-13
1.1961257307027326e-13
1.1471528381668274e-13
1.0992367423724096e-13
1.0523321702031563e-13
1.0064789015547442e-13
9.616166382768917e-14
9.177686779135554e-14
8.748954600179056e-14
8.330133763354206e-14
7.920978484368263e-14
7.5212828341733e-14
7.131287139216967e-14
6.750401326380311e-14
6.379029925896761e-14
6.016654039098846e-14
5.663465575670144e-14
5.319235465945274e-14
4.9839038954569376e-14
4.657277841787216e-14
4.339387775588568e-14
4.029975347151726e-14
3.7290565943611626e-14
3.436475041983044e-14
3.1521333992320396e-14
2.875899452633055e-14
2.6076378860046533e-14
2.3472317380722826e-14
2.0946036623647086e-14
1.849586343894555e-14
1.6120661761314128e-14
1.3819169064228985e-14
1.1590079133948404e-14
9.432090965718834e-15
7.343885733204878e-15
5.32408582496278e-15
3.3716348573398776e-15
1.4861413163357538e-15
3.5579118053254446e-16
2.103597115040802e-15
3.801519730703846e-15
5.440103873394635e-15
7.020279580647572e-15
8.54334465624298e-15
1.0010609631802571e-14
1.1423456215021833e-14
1.2783219464244854e-14
1.4091359020938736e-14
1.534905012337849e-14
1.6557804205952166e-14
1.7718807164085463e-14
1.883339991119065e-14
1.990271484524147e-14
2.0928222151404856e-14
2.191099567915967e-14
2.2852210474320755e-14
2.3753062000834082e-14
2.4614662145773823e-14
2.543813925979381e-14
2.6224611301942984e-14
2.69748674693326e-14
2.7690007138602276e-14
2.837107239629313e-14
2.901899072615763e-14
