2.752987081392946e-23
2.752989388187989e-23
2.7529899952695775e-23
2.75298890311666e-23
2.7529861086750643e-23
2.7529816053447546e-23
2.7529753829600976e-23
2.752967427763098e-23
2.7529577223694576e-23
2.752946245727335e-23
2.7529329730688006e-23
2.7529178758536246e-23
2.752900921705486e-23
2.7528820743402913e-23
2.752861293486466e-23
2.752838534797049e-23
2.7528137497533326e-23
2.7527868855598996e-23
2.752757885030707e-23
2.752726686466076e-23
2.752693223520242e-23
2.7526574250591936e-23
2.752619215008448e-23
2.752578512190511e-23
2.7525352301516013e-23
2.7524892769772306e-23
2.752440555096399e-23
2.752388961073694e-23
2.7523343853892564e-23
2.752276712205655e-23
2.75221581912163e-23
2.7521515769118367e-23
2.7520838492522217e-23
2.752012492430363e-23
2.751937355040198e-23
2.7518582776604324e-23
2.7517750925160514e-23
2.7516876231220275e-23
2.7515956839087357e-23
2.751499079827964e-23
2.7513976059389275e-23
2.7512910469733223e-23
2.751179176878462e-23
2.7510617583375414e-23
2.750938542266062e-23
2.750809267283295e-23
2.7506736591576274e-23
2.750531430224724e-23
2.7503822787771664e-23
2.7502258884242964e-23
2.7500619274209713e-23
2.7498900479636635e-23
2.749709885452617e-23
2.749521057718232e-23
2.749323164210332e-23
2.749115785148308e-23
2.748898480630549e-23
2.748670789701146e-23
2.7484322293719324e-23
2.748182293597827e-23
2.747920452203149e-23
2.7476461497568804e-23
2.7473588043942066e-23
2.7470578065820425e-23
2.7467425178258587e-23
2.7464122693149874e-23
2.7460663605036544e-23
2.7457040576246614e-23
2.745324592132545e-23
2.7449271590729494e-23
2.7445109153746895e-23
2.7440749780610224e-23
2.7436184223760836e-23
2.743140279822775e-23
2.7426395361077264e-23
2.742115128989099e-23
2.741565946022615e-23
2.740990822200973e-23
2.7403885374817495e-23
2.739757814198428e-23
2.7390973143490783e-23
2.7384056367570235e-23
2.737681314097263e-23
2.736922809782558e-23
2.736128514702373e-23
2.735296743807874e-23
2.73442573253558e-23
2.733513633062354e-23
2.732558510383265e-23
2.7315583382045706e-23
2.73051099464264e-23
2.7294142577198756e-23
2.728265800648001e-23
2.7270631868886254e-23
2.7258038649808036e-23
2.7244851631241773e-23
2.7231042835065016e-23
2.721658296363465e-23
2.7201441337579105e-23
2.718558583065497e-23
2.71689828015265e-23
2.715159702232446e-23
2.713339160383399e-23
2.711432791714359e-23
2.7094365511604027e-23
2.7073462028901526e-23
2.705157311307704e-23
2.702865231630208e-23
2.700465100019187e-23
2.697951823246184e-23
2.69532006787057e-23
2.6925642489049274e-23
2.689678517945503e-23
2.6866567507418297e-23
2.6834925341781217e-23
2.680179152639243e-23
2.6767095737325366e-23
2.67307643333463e-23
2.669272019929003e-23
2.665288258205249e-23
2.66111669188044e-23
2.6567484657090886e-23
2.652174306638634e-23
2.6473845040773955e-23
2.6423688892221975e-23
2.6371168134125002e-23
2.631617125453803e-23
2.6258581478728872e-23
2.6198276520374007e-23
2.6135128321058227e-23
2.6069002777376235e-23
2.599975945502902e-23
2.5927251289435186e-23
2.585132427210941e-23
2.5771817122016065e-23
2.5688560941585128e-23
2.5601378855948408e-23
2.5510085635448508e-23
2.5414487299829657e-23
2.5314380703866377e-23
2.5209553102962382e-23
2.5099781698124744e-23
2.49848331595338e-23
2.486446312672136e-23
2.4738415685380942e-23
2.460642281900061e-23
2.4468203834200177e-23
2.432346475831456e-23
2.4171897708587135e-23
2.4013180230322945e-23
2.384697460403513e-23
2.3672927118314426e-23
2.349066730813731e-23
2.3299807156904182e-23
2.309994025722494e-23
2.2890640935793606e-23
2.2671463329443878e-23
2.2441940422393536e-23
2.220158303105056e-23
2.1949878742045136e-23
2.1686290799023775e-23
2.1410256928236998e-23
2.112118811375761e-23
2.081846730687543e-23
2.0501448069839822e-23
2.0169453154355815e-23
1.982177300518237e-23
1.9457664185938415e-23
1.9076347729173206e-23
1.8677007390274454e-23
1.8258787822206023e-23
1.782079263665648e-23
1.7362082378605483e-23
1.688167238001802e-23
1.6378530501360827e-23
1.585157476628409e-23
1.5299670863543016e-23
1.4721629564823107e-23
1.4116204058896175e-23
1.3482087309122123e-23
1.2817909575236626e-23
1.2122236495717041e-23
1.1393568487806377e-23
1.0630343278047394e-23
9.830945665044289e-24
8.99373467597701e-24
8.117114813799813e-24
7.199728087535908e-24
6.2410134129421555e-24
5.2430513290118474e-24
4.217850142975129e-24
3.224451410593955e-24
2.6183111225289024e-24
4.4865854912557755e-24
5.531919410626998e-24
2.8188885120990788e-24
3.4439973768707724e-24
4.748494153960523e-24
6.235488962226045e-24
7.82334714419086e-24
9.496341332273411e-24
