2.105472974107232e-24
2.036996099279294e-24
1.9719263870462737e-24
1.9101177713028184e-24
1.851430660955764e-24
1.7957316378301404e-24
1.742893170350347e-24
1.692793342646412e-24
1.6453155987458217e-24
1.6003485015125154e-24
1.5577855059846634e-24
1.5175247467470994e-24
1.479468838946755e-24
1.443524692527672e-24
1.4096033392210449e-24
1.3776197717833146e-24
1.3474927949267774e-24
1.3191448873408007e-24
1.2925020741548708e-24
1.267493809151834e-24
1.2440528660031732e-24
1.2221152377680249e-24
1.2016200438769708e-24
1.1825094438114197e-24
1.1647285566895602e-24
1.1482253859808515e-24
1.1329507485943876e-24
1.1188582076172348e-24
1.1059040080223181e-24
1.0940470147127872e-24
1.0832486523258486e-24
1.0734728462785752e-24
1.0646859645990754e-24
1.056856760149819e-24
1.0499563129101705e-24
1.0439579720452632e-24
1.0388372975430316e-24
1.0345720012521929e-24
1.0311418872008507e-24
1.0285287911151232e-24
1.0267165190936454e-24
1.0256907854241565e-24
1.025439149554174e-24
1.0259509522503775e-24
1.027217250999329e-24
1.0292307547188766e-24
1.0319857578631995e-24
1.0354780740172851e-24
1.0397049690888734e-24
1.0446650942174746e-24
1.0503584185316367e-24
1.056786161898264e-24
1.0639507278199121e-24
1.0718556366480328e-24
1.0805054592948021e-24
1.0899057516369187e-24
1.1000629898178864e-24
1.1109845066673805e-24
1.1226784294639182e-24
1.1351536192780608e-24
1.1484196121364494e-24
1.1624865622514216e-24
1.1773651875609723e-24
1.1930667178191395e-24
1.2096028454710854e-24
1.2269856795361428e-24
1.2452277027068368e-24
1.2643417318558869e-24
1.2843408821202618e-24
1.3052385347085077e-24
1.3270483085498035e-24
1.3497840358766788e-24
1.3734597417989103e-24
1.3980896278999969e-24
1.4236880598514978e-24
1.4502695590103433e-24
1.477848797933487e-24
1.5064405997152901e-24
1.5360599410213364e-24
1.5667219586705445e-24
1.5984419595909795e-24
1.6312354339557138e-24
1.665118071285413e-24
1.70010577929174e-24
1.736214705222613e-24
1.7734612594652034e-24
1.811862141153868e-24
1.851434365532368e-24
1.892195292819705e-24
1.9341626583367024e-24
1.977354603648491e-24
2.021789708504624e-24
2.0674870233491858e-24
2.1144661022093938e-24
2.1627470357643465e-24
2.2123504844324815e-24
2.2632977113170436e-24
2.3156106148776697e-24
2.3693117612074443e-24
2.4244244158215943e-24
2.4809725748664226e-24
2.538980995694958e-24
2.598475226752861e-24
2.6594816367516164e-24
2.7220274431052636e-24
2.7861407396266273e-24
2.851850523503301e-24
2.9191867215657427e-24
2.988180215874828e-24
3.058862868690574e-24
3.131267546830674e-24
3.2054281455226192e-24
3.2813796117713838e-24
3.3591579673116516e-24
3.438800331240431e-24
3.5203449423516276e-24
3.603831181299463e-24
3.689299592600779e-24
3.7767919066070406e-24
3.8663510614758725e-24
3.9580212252217906e-24
4.0518478179286735e-24
4.1478775341664745e-24
4.2461583657032684e-24
4.346739624532545e-24
4.449671966355112e-24
4.555007414435923e-24
4.6627993840595025e-24
4.773102707474207e-24
4.885973659508175e-24
5.001469983785487e-24
5.1196509196936745e-24
5.240577230025463e-24
5.36431122950201e-24
5.490916813970763e-24
5.6204594905788886e-24
5.7530064087859334e-24
5.888626392238348e-24
6.027389971674501e-24
6.169369418709816e-24
6.314638780722906e-24
6.46327391666211e-24
6.615352533936076e-24
6.770954226441281e-24
6.930160513560969e-24
7.093054880440961e-24
7.259722819166344e-24
7.430251871454048e-24
7.604731672183373e-24
7.783253994330839e-24
7.965912795111929e-24
8.152804263294694e-24
8.344026867979876e-24
8.539681408406657e-24
8.739871065228953e-24
8.944701453399536e-24
9.154280675810635e-24
9.368719378801535e-24
9.588130809187347e-24
9.81263087216142e-24
1.0042338191454316e-23
1.0277374170005872e-23
1.051786305318866e-23
1.0763931993013802e-23
1.1015711114227875e-23
1.1273333581137394e-23
1.1536935667767125e-23
1.180665682782484e-23
1.2082639768004967e-23
1.2365030521499994e-23
1.2653978525048606e-23
1.2949636696000418e-23
1.32521615126172e-23
1.3561713094943832e-23
1.387845528975698e-23
1.4202555754372306e-23
1.4534186045745715e-23
1.4873521708688606e-23
1.5220742368405908e-23
1.557603182414326e-23
1.5939578144206043e-23
1.6311573766009498e-23
1.6692215593591008e-23
1.7081705102683498e-23
1.7480248445286553e-23
1.7888056555645898e-23
1.8305345261534997e-23
1.8732335394803593e-23
1.916925290965852e-23
1.9616328994308086e-23
2.0073800195723987e-23
2.0541908539564484e-23
2.1020901656912348e-23
2.1511032909756606e-23
2.2012561526176776e-23
2.2525752726096567e-23
2.3050877865363773e-23
2.3588214572157253e-23
2.41380468880109e-23
2.4700665406090953e-23
2.52763674363153e-23
