8.897897018724854e-23
8.922283878961195e-23
8.934724682952325e-23
8.935245937130221e-23
8.923848846842586e-23
8.900509319806161e-23
8.865177915766532e-23
8.817779742269364e-23
8.758214296330668e-23
8.686355251679786e-23
8.602050191136328e-23
8.505120283563814e-23
8.395359904731755e-23
8.272536201300004e-23
8.136388597026385e-23
7.986628240184352e-23
7.822937391064774e-23
7.644968748330675e-23
7.452344712889882e-23
7.244656587866305e-23
7.021463713176224e-23
6.782292533187689e-23
6.526635595965362e-23
6.253950482727033e-23
5.963658666456993e-23
5.65514429925336e-23
5.327752929270472e-23
4.9807901506109904e-23
4.6135201945985165e-23
4.2251644815171354e-23
3.814900175751561e-23
3.3818588448321154e-23
2.925125476590502e-23
2.443738576453717e-23
1.936693770159661e-23
1.4029614018942515e-23
8.4158813202679e-24
2.5330679088133565e-24
3.7427637494925425e-24
1.0256087507133042e-23
1.7112448417000433e-23
2.431602477660761e-23
3.1880769221645583e-23
3.9822364071680615e-23
4.815752505269577e-23
5.690388385840216e-23
6.607997959163552e-23
7.570528103420927e-23
8.580022069797234e-23
9.638623481633963e-23
1.074858072075503e-22
1.1912251621887977e-22
1.313210844540205e-22
1.4410743119738065e-22
1.5750872754897963e-22
1.7155345433548568e-22
1.862714628927953e-22
2.0169403883469552e-22
2.1785396893613534e-22
2.3478561127083064e-22
2.525249687527374e-22
2.7110976624026374e-22
2.9057953137134744e-22
3.1097567930635157e-22
3.3234160156553136e-22
3.547227591572459e-22
3.781667802034253e-22
4.027235622791003e-22
4.284453796942199e-22
4.553869959576914e-22
4.836057816748692e-22
5.131618381444058e-22
5.441181269319052e-22
5.765406057136367e-22
6.104983706979749e-22
6.460638059479821e-22
6.83312739945461e-22
7.223246097557431e-22
7.6318263316665755e-22
8.059739892034611e-22
8.507900074309479e-22
8.977263664861825e-22
9.46883302303228e-22
9.983658265155714e-22
1.0522839555521206e-21
1.1087529509644071e-21
1.167893571555751e-21
1.229832337915957e-21
1.2947018099919444e-21
1.3626408783615865e-21
1.4337950699206734e-21
1.5083168687228743e-21
1.5863660527574997e-21
1.6681100475087533e-21
1.753724297147975e-21
1.843392654306821e-21
1.9373077894158593e-21
2.0356716206128058e-21
2.1386957653622893e-21
2.246602014912154e-21
2.359622832842711e-21
2.478001878974532e-21
2.601994560076858e-21
2.731868608799572e-21
2.8679046923541033e-21
3.010397052684431e-21
3.159654179819198e-21
3.31599952022865e-21
3.4797722222890525e-21
3.6513279208475975e-21
3.831039563182159e-21
4.0192982787391594e-21
4.21651429522236e-21
4.423117903723564e-21
4.639560475721789e-21
4.866315535286132e-21
5.103879889415712e-21
5.352774820432332e-21
5.613547344060517e-21
5.8867715371789394e-21
6.1730499396623294e-21
6.473015034572373e-21
6.787330813394428e-21
7.11669442875518e-21
7.461837942697491e-21
7.823530176871309e-21
8.202578669226167e-21
8.599831746523006e-21
9.016180719841243e-21
9.45256221020606e-21
9.909960616279466e-21
1.038941073036745e-20
1.0892000517118334e-20
1.141887406231669e-20
1.1971234708382543e-20
1.255034838800681e-20
1.3157547169705374e-20
1.3794233035889663e-20
1.4461881901252728e-20
1.516204790550705e-20
1.5896367987329358e-20
1.666656676796141e-20
1.7474461772617292e-20
1.8321969008378085e-20
1.9211108943006747e-20
2.0144012894309826e-20
2.1122929898853478e-20
2.2150234062428212e-20
2.322843246761285e-20
2.4360173668639915e-20
2.55482568437486e-20
2.6795641625744694e-20
2.81054587532611e-20
2.9481021497775697e-20
3.0925838085921026e-20
3.244362509304015e-20
3.403832196751094e-20
3.5714106798369595e-20
3.747541336025137e-20
3.932694982371437e-20
4.127371887684e-20
4.3321039909157156e-20
4.5474573107031834e-20
4.774034575100016e-20
5.012478116884405e-20
5.2634730384870406e-20
5.527750691397379e-20
5.806092505315374e-20
6.099334213696123e-20
6.40837051079245e-20
6.734160223973678e-20
7.077732007481792e-20
7.440190703808102e-20
7.822724454736531e-20
8.226612497773252e-20
8.653234049830979e-20
9.104078152300523e-20
9.580754774723456e-20
1.0085007274220815e-19
1.0618726419083736e-19
1.1183966437072314e-19
1.1782962932378008e-19
1.241815369873812e-19
1.309220178970218e-19
1.3808022669762982e-19
1.4568815094302279e-19
1.5378096202922046e-19
1.6239743002243194e-19
1.7158039999728952e-19
1.8137734453681744e-19
1.918410150996384e-19
2.0303020174454762e-19
2.1501063870902087e-19
2.278560646083847e-19
2.4164949617534617e-19
2.5648475277538684e-19
2.7246828754743724e-19
2.897214129359527e-19
3.0838297697454185e-19
3.2861274469288416e-19
3.5059545033800283e-19
