1.4533789287504394e-24
1.4039154102136964e-24
1.3572295955614096e-24
1.3132017802950726e-24
1.2717163010870623e-24
1.232661267558259e-24
1.1959283190710533e-24
1.1614124078555819e-24
1.1290116094888863e-24
1.0986269613493959e-24
1.0701623291828336e-24
1.0435243013611394e-24
1.018622109817065e-24
9.9536757602655e-25
9.736750798219046e-25
9.534615482866853e-25
9.346464615398176e-25
9.171518718886536e-25
9.009024326378528e-25
8.858254327926874e-25
8.718508339912776e-25
8.58911306231213e-25
8.469422593026905e-25
8.358818672796162e-25
8.256710839220169e-25
8.162536473790702e-25
8.075760731225615e-25
7.995876345598324e-25
7.922403312526671e-25
7.85488845087126e-25
7.792904850898594e-25
7.736051218631076e-25
7.683951128134863e-25
7.636252194828275e-25
7.592625183578606e-25
7.552763065503992e-25
7.51638003707481e-25
7.483210514419987e-25
7.453008114815089e-25
7.425544636181452e-25
7.400609044192323e-25
7.3780064752998545e-25
7.357557262718169e-25
7.339095991163771e-25
7.322470585000166e-25
7.30754143336675e-25
7.294180554914582e-25
7.282270803922912e-25
7.271705118831878e-25
7.262385813598264e-25
7.254223911749723e-25
7.247138522579447e-25
7.241056258570774e-25
7.23591069286711e-25
7.231641855392524e-25
7.228195766077002e-25
7.225524003538718e-25
7.223583307512858e-25
7.222335213292879e-25
7.221745716447035e-25
7.221784966103208e-25
7.222426985131866e-25
7.2236494156179675e-25
7.225433288075596e-25
7.227762812936809e-25
7.230625192922854e-25
7.234010454989738e-25
7.237911300624473e-25
7.242322973350763e-25
7.247243142387614e-25
7.252671801484571e-25
7.258611182036467e-25
7.265065679657055e-25
7.272041793462683e-25
7.279548077386981e-25
7.2875951029132145e-25
7.296195432672564e-25
7.305363604413609e-25
7.315116124904488e-25
7.325471473375936e-25
7.33645011416284e-25
7.348074518242493e-25
7.360369193404362e-25
7.373360722824679e-25
7.38707781184455e-25
7.401551342779597e-25
7.416814437610067e-25
7.43290252841958e-25
7.449853435461396e-25
7.46770745274466e-25
7.4865074410358335e-25
7.506298928171036e-25
7.527130216573711e-25
7.549052497861729e-25
7.572119974417441e-25
7.596389987777768e-25
7.621923153679487e-25
7.64878350357313e-25
7.67703863239028e-25
7.706759852319457e-25
7.738022352315015e-25
7.770905363029957e-25
7.805492326833167e-25
7.841871072540284e-25
7.880133994462482e-25
7.920378235356589e-25
7.96270587284889e-25
8.007224108903222e-25
8.05404546191817e-25
8.103287961068192e-25
8.155075342556547e-25
8.209537247521112e-25
8.266809421441874e-25
8.327033915031507e-25
8.390359286762985e-25
8.45694080739463e-25
8.526940667102389e-25
8.600528186113444e-25
8.677880030067372e-25
8.759180431692881e-25
8.844621420791766e-25
8.93440306494991e-25
9.028733723846841e-25
9.127830320495419e-25
9.231918633206938e-25
9.341233612515297e-25
9.456019727713672e-25
9.576531348009034e-25
9.703033163596221e-25
9.835800652153623e-25
9.97512059635553e-25
1.0121291657965958e-24
1.0274625013912551e-24
1.043544505942014e-24
1.0604090182814663e-24
1.078091361599055e-24
1.0966284363766076e-24
1.1160588214461549e-24
1.136422883303773e-24
1.1577628937056198e-24
1.1801231554612626e-24
1.2035501362275343e-24
1.2280926100004e-24
1.2538018059037173e-24
1.2807315637907471e-24
1.3089384961075705e-24
1.3384821554239105e-24
1.3694252070166098e-24
1.4018336058977578e-24
1.435776777714404e-24
1.4713278030076352e-24
1.5085636044075222e-24
1.5475651364513291e-24
1.5884175778438063e-24
1.6312105261271087e-24
1.6760381948849238e-24
1.7229996137717294e-24
1.772198831822406e-24
1.8237451246585423e-24
1.8777532063594804e-24
1.9343434469042993e-24
1.9936420962128682e-24
2.0557815159162218e-24
2.120900420069256e-24
2.1891441260788308e-24
2.2606648171618224e-24
2.3356218176671478e-24
2.4141818826002717e-24
2.496519502675934e-24
2.5828172262009998e-24
2.6732659990560057e-24
2.7680655240039896e-24
2.8674246405131833e-24
2.9715617262366282e-24
3.08070512125209e-24
3.1950935761294733e-24
3.314976724864038e-24
3.440615583692407e-24
3.572283076796222e-24
3.710264589896622e-24
3.854858552749808e-24
4.006377051572558e-24
4.165146472454898e-24
4.3315081768548315e-24
4.505819210317465e-24
4.688453045616408e-24
4.879800361580223e-24
5.0802698589367714e-24
5.290289114588681e-24
5.510305475815914e-24
5.7407869959937924e-24
5.9822234135111944e-24
6.2351271756750306e-24
6.500034509495918e-24
6.77750654136192e-24
7.068130467727642e-24
7.372520779070759e-24
7.691320539500597e-24
8.025202724543984e-24
8.374871619782978e-24
8.74106428317903e-24
