2.1341153435900942e-23
2.154014421668242e-23
2.1729123748653265e-23
2.1908493087337232e-23
2.2078632885525172e-23
2.2239904202034794e-23
2.2392649268807182e-23
2.2537192217968797e-23
2.267383977040744e-23
2.2802881887322974e-23
2.2924592386142937e-23
2.3039229522110862e-23
2.3147036536785602e-23
2.324824217461991e-23
2.3343061168716184e-23
2.343169469679446e-23
2.351433080834122e-23
2.359114482384926e-23
2.3662299706995751e-23
2.3727946410552537e-23
2.3788224196760459e-23
2.3843260932852403e-23
2.3893173362347823e-23
2.3938067352698553e-23
2.3978038119810068e-23
2.4013170429911592e-23
2.4043538779205624e-23
2.4069207551673615e-23
2.409023115537308e-23
2.4106654137510238e-23
2.4118511278531836e-23
2.4125827665431362e-23
2.4128618744419456e-23
2.4126890353068327e-23
2.412063873199204e-23
2.4109850516079747e-23
2.4094502705259698e-23
2.4074562614721796e-23
2.4049987804486243e-23
2.4020725988159602e-23
2.3986714920671662e-23
2.3947882264749311e-23
2.3904145435824944e-23
2.385541142504108e-23
2.3801576599958773e-23
2.3742526482530659e-23
2.3678135503847632e-23
2.3608266735121687e-23
2.353277159430911e-23
2.3451489527727823e-23
2.336424766596782e-23
2.3270860453334448e-23
2.3171129250006246e-23
2.3064841906028213e-23
2.295177230619957e-23
2.283167988484538e-23
2.2704309109400672e-23
2.2569388931657812e-23
2.2426632205459715e-23
2.2275735069545416e-23
2.2116376294170135e-23
2.1948216590045654e-23
2.177089787805775e-23
2.1584042518127572e-23
2.1387252495490714e-23
2.1180108562570945e-23
2.0962169334523318e-23
2.0732970336415394e-23
2.0492022999905002e-23
2.0238813607159823e-23
1.99728021796447e-23
1.969342130928133e-23
1.9400074929356236e-23
1.9092137022433122e-23
1.8768950262386208e-23
1.8429824587553972e-23
1.8074035701883413e-23
1.770082350082518e-23
1.7309390418641713e-23
1.6898899693726266e-23
1.6468473548505012e-23
1.6017191280553928e-23
1.5544087261724847e-23
1.5048148842441062e-23
1.452831415896992e-23
1.3983469842638948e-23
1.341244863191011e-23
1.2814026891577358e-23
1.2186922049098231e-23
1.1529789968160341e-23
1.0841222297764811e-23
1.011974386904065e-23
9.363810278121063e-24
8.571805929158388e-24
7.742043108578106e-24
6.872763364287166e-24
5.962144295674428e-24
5.0083202748819145e-24
4.009444550254084e-24
2.9639044236443747e-24
1.871355251370845e-24
7.437306395311799e-25
5.495163485520812e-25
1.776014351928783e-24
3.0922699381360025e-24
4.4754086627237254e-24
5.9258804019505085e-24
7.446180570657286e-24
9.039381319213397e-24
1.0708855851485454e-23
1.2458205243473228e-23
1.4291237669314664e-23
1.6211965163353877e-23
1.8224607496728158e-23
2.033359948235157e-23
2.2543600241832274e-23
2.4859503803579318e-23
2.728645075090633e-23
2.982984079862815e-23
3.249534625562981e-23
3.5288926373194873e-23
3.8216842603543287e-23
4.12856748089301e-23
4.4502338473055465e-23
4.787410297565922e-23
5.140861099927283e-23
5.511389914477071e-23
5.899841984010926e-23
6.307106463466969e-23
6.734118898019934e-23
7.18186386085489e-23
7.651377762644161e-23
8.143751845850855e-23
8.660135378183718e-23
9.201739060863964e-23
9.769838668821378e-23
1.0365778941569511e-22
1.0990977745301515e-22
1.164693052874269e-22
1.2335215097518e-22
1.305749673425303e-22
1.3815533694382286e-22
1.4611183110703436e-22
1.544640734314497e-22
1.6323280814055453e-22
1.7243997373619553e-22
1.8210878244835265e-22
1.922638060291492e-22
2.02931068500783e-22
2.1413814653605146e-22
2.2591427822786723e-22
2.3829048109232035e-22
2.5129968024955485e-22
2.649768478401936e-22
2.7935915486378204e-22
2.9448613677281623e-22
3.1039987432342826e-22
3.2714519137609787e-22
3.4476987155924808e-22
3.6332489596206125e-22
3.8286470431319618e-22
4.0344748243870866e-22
4.251354791802711e-22
4.479953564061265e-22
4.720985762700116e-22
4.975218304843108e-22
5.243475170860517e-22
5.526642710106579e-22
5.825675557692167e-22
6.141603246828548e-22
6.475537614950309e-22
6.828681118050282e-22
7.202336186957415e-22
7.597915782333203e-22
8.016955332777967e-22
8.461126273645705e-22
8.932251444265187e-22
9.432322649879382e-22
9.96352075379863e-22
1.0528238737624965e-21
1.1129108256324746e-21
1.1769030324666538e-21
1.2451210907721137e-21
1.3179202357963844e-21
1.3956951854584245e-21
1.4788858269401742e-21
1.5679839225093414e-21
1.663541054749685e-21
1.7661780874948893e-21
1.87659649148984e-21
1.995591978806758e-21
2.1240710151565014e-21
2.2630709454453976e-21
2.413784690800556e-21
2.5775912771189744e-21
2.7560938683228453e-21
2.951167549456151e-21
3.165019906346786e-21
3.4002685869692906e-21
3.6600416696560745e-21
3.948109062972532e-21
