1.1666176888843095e-23
1.1669042151057345e-23
1.1671772716572751e-23
1.1674374243255399e-23
1.1676852127176695e-23
1.1679211512994831e-23
1.1681457303898994e-23
1.1683594171127805e-23
1.1685626563075525e-23
1.1687558713997052e-23
1.1689394652324427e-23
1.1691138208606229e-23
1.1692793023081061e-23
1.1694362552897086e-23
1.1695850078987823e-23
1.169725871261497e-23
1.1698591401588288e-23
1.1699850936173215e-23
1.1701039954694191e-23
1.1702160948844252e-23
1.1703216268708874e-23
1.1704208127513228e-23
1.1705138606098982e-23
1.1706009657140795e-23
1.1706823109108125e-23
1.1707580669979052e-23
1.1708283930713806e-23
1.1708934368492286e-23
1.1709533349723467e-23
1.1710082132829992e-23
1.1710581870813843e-23
1.1711033613607388e-23
1.1711438310214873e-23
1.1711796810645757e-23
1.1712109867646556e-23
1.1712378138231753e-23
1.1712602185017052e-23
1.1712782477358333e-23
1.1712919392296949e-23
1.1713013215313366e-23
1.1713064140890823e-23
1.1713072272888902e-23
1.1713037624728966e-23
1.1712960119389134e-23
1.1712839589211405e-23
1.1712675775518298e-23
1.1712468328038103e-23
1.171221680413813e-23
1.1711920667863839e-23
1.171157928878093e-23
1.1711191940618972e-23
1.1710757799711736e-23
1.1710275943233752e-23
1.1709745347225232e-23
1.1709164884404632e-23
1.1708533321761949e-23
1.1707849317928194e-23
1.170711142031553e-23
1.1706318062020907e-23
1.1705467558488538e-23
1.1704558103921444e-23
1.1703587767435924e-23
1.1702554488950927e-23
1.1701456074801852e-23
1.1700290193071222e-23
1.1699054368625118e-23
1.1697745977844264e-23
1.169636224304e-23
1.169490022654149e-23
1.1693356824442638e-23
1.1691728759993932e-23
1.169001257662711e-23
1.1688204630595158e-23
1.1686301083213567e-23
1.1684297892685255e-23
1.1682190805492212e-23
1.167997534733427e-23
1.1677646813596506e-23
1.1675200259324474e-23
1.1672630488684414e-23
1.1669932043887644e-23
1.1667099193553546e-23
1.1664125920486549e-23
1.1661005908840688e-23
1.165773253064328e-23
1.1654298831649666e-23
1.165069751649665e-23
1.1646920933123311e-23
1.1642961056425386e-23
1.1638809471106358e-23
1.1634457353689145e-23
1.1629895453648039e-23
1.1625114073619505e-23
1.1620103048649055e-23
1.1614851724428012e-23
1.1609348934471806e-23
1.160358297618988e-23
1.159754158579447e-23
1.159121191199129e-23
1.1584580488395541e-23
1.1577633204608952e-23
1.1570355275896501e-23
1.1562731211391639e-23
1.155474478076092e-23
1.1546378979250622e-23
1.1537615991038177e-23
1.1528437150803888e-23
1.1518822903435475e-23
1.1508752761773332e-23
1.149820526229892e-23
1.1487157918664658e-23
1.1475587172956044e-23
1.1463468344573842e-23
1.145077557661474e-23
1.1437481779625165e-23
1.1423558572594001e-23
1.1408976221043194e-23
1.1393703572067219e-23
1.1377707986163278e-23
1.1360955265687042e-23
1.1343409579754838e-23
1.13250333854083e-23
1.130578734484089e-23
1.1285630238477195e-23
1.1264518873682048e-23
1.1242407988860303e-23
1.1219250152697914e-23
1.1194995658272594e-23
1.1169592411748497e-23
1.1142985815348624e-23
1.1115118644278993e-23
1.108593091725138e-23
1.1055359760231673e-23
1.1023339263009062e-23
1.0989800328152575e-23
1.0954670511885894e-23
1.0917873856376005e-23
1.0879330712888938e-23
1.0838957555217183e-23
1.0796666782735287e-23
1.07523665123778e-23
1.0705960358771773e-23
1.0657347201678143e-23
1.060642093981445e-23
1.0553070230035922e-23
1.0497178210738819e-23
1.0438622208228567e-23
1.037727342464817e-23
1.0312996605894558e-23
1.0245649687759226e-23
1.0175083418299975e-23
1.0101140954190986e-23
1.0023657428485731e-23
9.942459486865074e-24
9.857364789011541e-24
9.768181471243911e-24
9.6747075659403e-24
9.576730372555837e-24
9.474025774185156e-24
9.366357492587959e-24
9.253476273366933e-24
9.135118991513095e-24
9.01100766577533e-24
8.880848368208732e-24
8.744330012781058e-24
8.60112300400115e-24
8.4508777232012e-24
8.29322282636704e-24
8.127763323480868e-24
7.954078405616425e-24
7.771718983414878e-24
7.580204900860109e-24
7.379021794923628e-24
7.167617591334265e-24
6.94539867220811e-24
6.711725847208859e-24
6.465910454457524e-24
6.207211306310382e-24
5.934833972896721e-24
5.6479354687788986e-24
5.345640648781347e-24
5.027083476792725e-24
4.6915013346267015e-24
4.338444692422383e-24
3.968245809299945e-24
3.583093335988127e-24
3.1895883579831015e-24
2.805038093241245e-24
2.4728611752763958e-24
2.2944333973089272e-24
2.4577489936011257e-24
3.1932954692843715e-24
4.7965390271575995e-24
8.140060086579159e-24
1.654893334071953e-23
2.0611521287743336e-23
1.0327345931856117e-23
6.097724652351532e-24
4.111226993220619e-24
3.1627582064945295e-24
2.9380716092095457e-24
