3.1486094301103494e-24
3.1342199368159987e-24
3.1207690840215188e-24
3.108222150460918e-24
3.0965467262488303e-24
3.0857126188982154e-24
3.0756917646471013e-24
3.0664581449401906e-24
3.0579877079092426e-24
3.0502582946928943e-24
3.0432495704362272e-24
3.0369429598078708e-24
3.031321586874991e-24
3.0263702191737244e-24
3.022075215816744e-24
3.0184244794782186e-24
3.015407412100188e-24
3.0130148741649753e-24
3.0112391473806908e-24
3.010073900629107e-24
3.0095141590269536e-24
3.0095562759539397e-24
3.010197907902413e-24
3.011437992005779e-24
3.013276726103214e-24
3.0157155512005728e-24
3.01875713618729e-24
3.022405364670131e-24
3.0266653237838667e-24
3.0315432948401055e-24
3.037046745673273e-24
3.043184324542793e-24
3.049965855448263e-24
3.0574023347138134e-24
3.0655059286937916e-24
3.0742899724518574e-24
3.083768969261257e-24
3.093958590772378e-24
3.104875677690328e-24
3.1165382408027597e-24
3.1289654621963763e-24
3.142177696496802e-24
3.1561964719662395e-24
3.171044491291346e-24
3.186745631892801e-24
3.2033249455897094e-24
3.2208086574524995e-24
3.2392241636804392e-24
3.2586000283452986e-24
3.2789659788477615e-24
3.300352899940126e-24
3.3227928261800445e-24
3.346318932690727e-24
3.3709655241163244e-24
3.396768021679762e-24
3.423762948266235e-24
3.4519879114784626e-24
3.481481584632808e-24
3.512283685690656e-24
3.544434954147541e-24
3.577977125932541e-24
3.6129529064010966e-24
3.649405941537596e-24
3.687380787517628e-24
3.726922878812582e-24
3.7680784950547785e-24
3.810894726913075e-24
3.8554194412597895e-24
3.901701245942574e-24
3.9497894544973695e-24
3.9997340511670066e-24
4.051585656606366e-24
4.105395494672516e-24
4.16121536070778e-24
4.219097591729805e-24
4.279095038940677e-24
4.3412610429624106e-24
4.405649412191933e-24
4.4723144046520806e-24
4.5413107136889075e-24
4.612693457837881e-24
4.686518175144799e-24
4.762840822190227e-24
4.841717778021141e-24
4.923205853148657e-24
5.007362303722123e-24
5.094244850940836e-24
5.183911705712769e-24
5.276421598523386e-24
5.371833814427017e-24
5.4702082330280195e-24
5.571605373277926e-24
5.676086442874034e-24
5.783713392010753e-24
5.894548971206215e-24
6.0086567929017334e-24
6.126101396511606e-24
6.2469483165892705e-24
6.3712641537659236e-24
6.499116648116263e-24
6.630574754607996e-24
6.765708720299574e-24
6.9045901629619e-24
7.047292150815561e-24
7.193889283094595e-24
7.34445777116932e-24
7.499075519985295e-24
7.657822209601339e-24
7.820779376636121e-24
7.988030495462692e-24
8.159661059015184e-24
8.335758659102533e-24
8.516413066148962e-24
8.701716308309132e-24
8.89176274992728e-24
9.086649169337583e-24
9.286474836018641e-24
9.491341587140059e-24
9.701353903552938e-24
9.916618985293604e-24
1.0137246826682125e-23
1.0363350291111575e-23
1.0595045185630196e-23
1.083245033543029e-23
1.1075687658361704e-23
1.1324882239593692e-23
1.1580162406552619e-23
1.184165980426472e-23
1.2109509471233912e-23
1.2383849915986275e-23
1.2664823194410596e-23
1.2952574988023277e-23
1.32472546832841e-23
1.3549015452087663e-23
1.385801433355045e-23
1.4174412317211026e-23
1.44983744277611e-23
1.4830069811413408e-23
1.5169671824020195e-23
1.5517358121040486e-23
1.5873310749462494e-23
1.62377162417748e-23
1.6610765712083834e-23
1.699265495446741e-23
1.7383584543653618e-23
1.7783759938113635e-23
1.819339158564979e-23
1.8612695031563432e-23
1.9041891029482756e-23
1.9481205654928144e-23
1.993087042169615e-23
2.0391122401136032e-23
2.086220434439502e-23
2.1344364807710478e-23
2.1837858280820736e-23
2.2342945318571737e-23
2.285989267579449e-23
2.3388973445526906e-23
2.393046720065778e-23
2.4484660139068478e-23
2.5051845232347718e-23
2.5632322378161122e-23
2.6226398556349126e-23
2.683438798884017e-23
2.745661230345174e-23
2.8093400701671114e-23
2.874509013049161e-23
2.941202545839789e-23
3.009455965557844e-23
3.079305397846335e-23
3.1507878158671887e-23
3.223941059646402e-23
3.298803855879236e-23
3.375415838204668e-23
3.453817567959465e-23
3.534050555421212e-23
3.61615728155136e-23
3.70018122024804e-23
3.7861668611196976e-23
3.874159732789902e-23
3.9642064267455265e-23
4.056354621737783e-23
4.150653108749545e-23
4.2471518165389814e-23
4.345901837772788e-23
4.4469554557596654e-23
4.5503661717980595e-23
4.656188733148626e-23
4.764479161646313e-23
4.875294782962382e-23
4.9886942565319014e-23
5.1047376061581504e-23
5.223486251307304e-23
5.345003039107925e-23
5.469352277067596e-23
5.596599766520903e-23
5.726812836821865e-23
5.860060380295034e-23
5.996412887958788e-23
6.135942486034008e-23
6.278722973251602e-23
