2.274721197811368e-24
2.2662191212192473e-24
2.2582194155020044e-24
2.250691410754751e-24
2.2436064540434256e-24
2.2369377830898654e-24
2.230660406817073e-24
2.2247509925842947e-24
2.219187759916939e-24
2.213950380512623e-24
2.2090198842892497e-24
2.2043785712296806e-24
2.200009928769224e-24
2.1958985544684497e-24
2.1920300837128534e-24
2.1883911221819968e-24
2.184969182834666e-24
2.181752627161801e-24
2.1787306104656807e-24
2.175893030931734e-24
2.173230482268054e-24
2.1707342096968173e-24
2.168396069091759e-24
2.166208489065751e-24
2.164164435822231e-24
2.1622573805949256e-24
2.1604812695096407e-24
2.1588304957119225e-24
2.1572998736140457e-24
2.1558846151235984e-24
2.1545803077252125e-24
2.1533828942953078e-24
2.1522886545380615e-24
2.1512941879383303e-24
2.1503963981350256e-24
2.1495924786251386e-24
2.1488798997155927e-24
2.1482563966460175e-24
2.1477199588118657e-24
2.1472688200226016e-24
2.1469014497350397e-24
2.146616545206918e-24
2.146413024520317e-24
2.1462900204290827e-24
2.1462468749881894e-24
2.1462831349271804e-24
2.146398547733202e-24
2.146593058412482e-24
2.1468668069024855e-24
2.14722012610972e-24
2.147653540551031e-24
2.1481677655789245e-24
2.1487637071736987e-24
2.1494424622876146e-24
2.1502053197284622e-24
2.151053761571842e-24
2.1519894650933153e-24
2.1530143052135397e-24
2.154130357450891e-24
2.1553399013777534e-24
2.1566454245781264e-24
2.158049627105265e-24
2.159555426439617e-24
2.161165962948041e-24
2.1628846058466118e-24
2.16471495966986e-24
2.1666608712504354e-24
2.1687264372132533e-24
2.1709160119893333e-24
2.1732342163542674e-24
2.17568594649694e-24
2.1782763836237267e-24
2.181011004103735e-24
2.1838955901597794e-24
2.186936241109602e-24
2.1901393851610706e-24
2.1935117917636588e-24
2.197060584517761e-24
2.2007932546413527e-24
2.204717674991828e-24
2.2088421146383977e-24
2.2131752539779806e-24
2.2177262003843384e-24
2.2225045043767662e-24
2.2275201762908238e-24
2.2327837034290244e-24
2.2383060676647114e-24
2.244098763466914e-24
2.2501738163079306e-24
2.2565438014091076e-24
2.2632218627733363e-24
2.2702217324451596e-24
2.277557749931459e-24
2.2852448817075617e-24
2.2932987407242195e-24
2.3017356058222825e-24
2.310572440952087e-24
2.319826914085284e-24
2.3295174156969937e-24
2.339663076686798e-24
2.350283785597945e-24
2.361400204985408e-24
2.3730337867754773e-24
2.3852067864525195e-24
2.3979422759031076e-24
2.411264154742893e-24
2.4251971599498563e-24
2.439766873626924e-24
2.4549997287191164e-24
2.4709230125155265e-24
2.487564867774253e-24
2.5049542913196206e-24
2.5231211299763024e-24
2.5420960737224595e-24
2.5619106459674723e-24
2.5825971908851616e-24
2.604188857763553e-24
2.6267195823657992e-24
2.650224065333516e-24
2.674737747704178e-24
2.7002967836553076e-24
2.7269380106339878e-24
2.7546989170736273e-24
2.7836176079470552e-24
2.8137327684486875e-24
2.8450836261424984e-24
2.8777099119529342e-24
2.9116518204128787e-24
2.9469499696152465e-24
2.9836453613414943e-24
3.021779341860536e-24
3.0613935639048613e-24
3.102529950335656e-24
3.145230660005731e-24
3.189538056318534e-24
3.235494678960412e-24
3.283143219256661e-24
3.332526499565535e-24
3.383687457081558e-24
3.436669132371327e-24
3.491514662909343e-24
3.548267281824651e-24
3.6069703220065194e-24
3.6676672256556256e-24
3.7304015593037444e-24
3.795217034262893e-24
3.862157532405937e-24
3.931267137123567e-24
4.0025901692512264e-24
4.076171227713777e-24
4.15205523459329e-24
4.230287484294154e-24
4.3109136964500425e-24
4.393980072198732e-24
4.479533353437397e-24
4.5676208846642754e-24
4.658290677013551e-24
4.7515914740954264e-24
4.847572819266965e-24
4.946285123973525e-24
5.0477797368236685e-24
5.1521090130833665e-24
5.259326384302999e-24
5.3694864278198e-24
5.482644935908784e-24
5.598858984386798e-24
5.718187000505886e-24
5.840688830002872e-24
5.96642580320299e-24
6.0954608001041625e-24
6.227858314396241e-24
6.363684516395258e-24
6.503007314896257e-24
6.645896417971091e-24
6.792423392755314e-24
6.942661724287173e-24
7.096686873476352e-24
7.254576334292573e-24
7.416409690276415e-24
7.582268670482814e-24
7.75223720497555e-24
7.926401479997399e-24
8.10484999294399e-24
8.287673607273944e-24
8.474965607489616e-24
8.666821754323334e-24
8.863340340267077e-24
9.064622245581287e-24
9.270770994920871e-24
9.481892814714488e-24
9.698096691435821e-24
9.919494430903666e-24
1.0146200718750502e-23
1.0378333182199926e-23
1.0616012453297723e-23
1.0859362233742978e-23
1.110850936147398e-23
1.1363583879169854e-23
1.1624719104837691e-23
1.1892051704670048e-23
1.2165721768370506e-23
