2.978503273401656e-24
2.9816640050011853e-24
2.98473702480734e-24
2.987720841556404e-24
2.9906145070016016e-24
2.993417546385945e-24
2.996129896175531e-24
2.998751848346084e-24
3.0012840005796017e-24
3.0037272117880315e-24
3.006082562434728e-24
3.0083513191754607e-24
3.0105349033844373e-24
3.0126348631741824e-24
3.0146528485535855e-24
3.01659058940446e-24
3.0184498759865763e-24
3.02023254170987e-24
3.021940447937944e-24
3.0235754706096908e-24
3.025139488487155e-24
3.0266343728558597e-24
3.0280619785220868e-24
3.029424135965358e-24
3.0307226445200012e-24
3.0319592664706833e-24
3.033135721959087e-24
3.0342536846090577e-24
3.035314777786301e-24
3.0363205714172696e-24
3.037272579299609e-24
3.0381722568431916e-24
3.039020999186154e-24
3.03982013963739e-24
3.0405709484001245e-24
3.0412746315370783e-24
3.0419323301406798e-24
3.042545119676502e-24
3.0431140094698226e-24
3.043639942309943e-24
3.0441237941479627e-24
3.0445663738668972e-24
3.0449684231050643e-24
3.045330616115171e-24
3.045653559643741e-24
3.0459377928167904e-24
3.0461837870188216e-24
3.0463919457539617e-24
3.0465626044786984e-24
3.0466960303968365e-24
3.046792422208322e-24
3.0468519098037272e-24
3.046874553898151e-24
3.0468603455974574e-24
3.046809205891216e-24
3.046720985067419e-24
3.0465954620434675e-24
3.0464323436096407e-24
3.0462312635805328e-24
3.0459917818511814e-24
3.0457133833542135e-24
3.0453954769151652e-24
3.045037394003182e-24
3.0446383873749816e-24
3.0441976296094008e-24
3.0437142115312435e-24
3.0431871405228622e-24
3.0426153387221155e-24
3.0419976411062647e-24
3.0413327934612e-24
3.0406194502363545e-24
3.0398561722856916e-24
3.0390414244960624e-24
3.0381735733046463e-24
3.0372508841082525e-24
3.036271518567229e-24
3.0352335318091022e-24
3.0341348695362335e-24
3.0329733650450004e-24
3.0317467361634766e-24
3.0304525821176854e-24
3.029088380337188e-24
3.0276514832131954e-24
3.0261391148251224e-24
3.024548367652857e-24
3.0228761992962854e-24
3.0211194292266696e-24
3.0192747355971276e-24
3.0173386521457048e-24
3.0153075652280055e-24
3.013177711022564e-24
3.0109451729584814e-24
3.0086058794217675e-24
3.006155601806011e-24
3.003589952980858e-24
3.0009043862641246e-24
2.9980941949944825e-24
2.995154512815582e-24
2.9920803147987924e-24
2.98886641954949e-24
2.985507492461663e-24
2.9819980503101975e-24
2.978332467395825e-24
2.9745049834890726e-24
2.9705097138531184e-24
2.9663406616668487e-24
2.9619917332138918e-24
2.9574567562551106e-24
2.952729502063099e-24
2.9478037116640833e-24
2.9426731269117414e-24
2.9373315271069635e-24
2.931772771980729e-24
2.9259908519752684e-24
2.9199799468947585e-24
2.913734494152714e-24
2.9072492680217095e-24
2.9005194714978194e-24
2.893540842627858e-24
2.886309777419247e-24
2.8788234717630853e-24
2.87108008516078e-24
2.8630789294508178e-24
2.8548206862046874e-24
2.8463076569950323e-24
2.837544051350298e-24
2.8285363179064842e-24
2.8192935250532764e-24
2.8098277982606914e-24
2.8001548222707762e-24
2.7902944174492873e-24
2.7802712008201986e-24
2.7701153436479995e-24
2.759863438872526e-24
2.749559493225028e-24
2.7392560604142024e-24
2.729015533309525e-24
2.7189116144758203e-24
2.709030985591717e-24
2.6994751970384897e-24
2.6903627990290585e-24
2.681831734742524e-24
2.6740420136409048e-24
2.6671786789892293e-24
2.6614550770239873e-24
2.65711642562556e-24
2.6544436671829484e-24
2.6537575731731587e-24
2.6554230467050044e-24
2.659853544366157e-24
2.66751551149884e-24
2.6789326980847682e-24
2.6946901998489014e-24
2.715438056789223e-24
2.7418942463985953e-24
2.7748469394234764e-24
2.8151559495111928e-24
2.863753409198318e-24
2.9216438428749315e-24
2.9899039748218504e-24
3.0696827913208227e-24
3.162202547815463e-24
3.268761550507642e-24
3.390739626030304e-24
3.529607213112946e-24
3.6869389719772816e-24
3.8644327319809205e-24
4.0639345188913246e-24
4.287470357380587e-24
4.537285564895368e-24
4.815892362088822e-24
5.1261268301276796e-24
5.471216538616669e-24
5.854860525475055e-24
6.2813236873291295e-24
6.755547958476244e-24
7.283282780960693e-24
7.871237047994604e-24
8.527253479303886e-24
9.260503420257971e-24
1.0081693822556501e-23
1.1003265930342834e-23
1.2039542150545539e-23
1.3206735492667975e-23
1.4522661386158205e-23
1.6005864664470185e-23
1.7673671217968125e-23
1.9538383933774604e-23
2.160052764631735e-23
2.3837988104047237e-23
2.6190843071481e-23
2.8545020471134954e-23
3.072459807960842e-23
3.250928760271413e-23
3.3688687164726527e-23
3.4137525988474005e-23
3.3865101898618934e-23
3.300190133292997e-23
3.173752689240808e-23
3.025636375877215e-23
2.870164960210029e-23
