1.214306600230306e-23
1.2626213293837186e-23
1.3083937925656409e-23
1.3517207592831768e-23
1.392693786881726e-23
1.431399409166661e-23
1.467919314822257e-23
1.502330515728211e-23
1.5347055053362964e-23
1.5651124072932906e-23
1.5936151145102278e-23
1.620273418872004e-23
1.6451431317736976e-23
1.668276195656937e-23
1.689720786696445e-23
1.7095214087717733e-23
1.727718978833919e-23
1.7443509037522014e-23
1.7594511487003087e-23
1.7730502971164588e-23
1.785175602237925e-23
1.7958510301862557e-23
1.8050972945400655e-23
1.8129318823051407e-23
1.8193690711479385e-23
1.8244199377230385e-23
1.8280923568834934e-23
1.8303909915120557e-23
1.8313172726682057e-23
1.8308693696853956e-23
1.8290421497989576e-23
1.825827126815798e-23
1.821212398268785e-23
1.8151825704159403e-23
1.807718670362378e-23
1.7987980444789687e-23
1.7883942421888146e-23
1.7764768840671177e-23
1.7630115130673295e-23
1.747959427531764e-23
1.7312774944729797e-23
1.7129179414189308e-23
1.6928281248969483e-23
1.670950273378105e-23
1.6472212022268878e-23
1.6215719978768735e-23
1.5939276680861967e-23
1.564206754712847e-23
1.5323209049681462e-23
1.4981743965669925e-23
1.4616636115666774e-23
1.4226764529786802e-23
1.3810916974311244e-23
1.336778276245561e-23
1.2895944762794239e-23
1.2393870507655762e-23
1.1859902292260203e-23
1.129224614409675e-23
1.0688959533709058e-23
1.0047937697576698e-23
9.366898462766e-24
8.643365528593525e-24
7.874650339220892e-24
7.057833150048457e-24
6.1897451682968215e-24
5.2669574549481196e-24
4.285795374502081e-24
3.242453483805698e-24
2.13362865628934e-24
9.624241484328463e-25
3.945317077316335e-25
1.6896406875784787e-24
3.1225498534261907e-24
4.658599191466707e-24
6.303459597498141e-24
8.066007687372568e-24
9.956740365931063e-24
1.1987660111088286e-23
1.4172419717357618e-23
1.6526568921753013e-23
1.9067878228196763e-23
2.181674509704714e-23
2.479669960126459e-23
2.803503568376175e-23
3.156360437240678e-23
3.541981880230767e-23
3.964793970638875e-23
4.4300736958970185e-23
4.944166203550036e-23
5.514772460055527e-23
6.151335476722646e-23
6.865566906020816e-23
7.672177382621433e-23
8.589908938706711e-23
9.643026071884691e-23
1.0863522211794821e-22
1.2294476845595108e-22
1.3995329981217354e-22
1.6050485749114637e-22
1.8583984393606826e-22
2.178590008148751e-22
2.5963073295859444e-22
3.1645084458150656e-22
3.9831137890630654e-22
5.265832322616351e-22
7.5660937417008315e-22
1.288964837467151e-21
3.774165006455983e-21
3.819554448921214e-21
1.3751070739938769e-21
8.463780539172443e-22
6.1710949051653745e-22
4.888586494921841e-22
4.066927664957352e-22
3.493631047194166e-22
3.0692356882263857e-22
2.7409806220139003e-22
2.478270893749159e-22
2.262137307884242e-22
2.0801872238497894e-22
1.9239759247734846e-22
1.7875449943327083e-22
1.6665649122914239e-22
1.557809244835228e-22
1.4588198651970834e-22
1.367686845695666e-22
1.2828996582980857e-22
1.203244099033949e-22
1.1277293299265802e-22
1.0555352360185437e-22
9.859737787719134e-23
9.184601774517387e-23
8.524911111219814e-23
7.876280151743544e-23
7.234841292132168e-23
6.597143468782774e-23
5.960071908541183e-23
5.320784329134125e-23
4.676660344095581e-23
4.0252623857951324e-23
3.364308929238417e-23
2.6916673395398774e-23
2.0053995609384373e-23
1.3040476673084017e-23
5.892225119821104e-24
2.0092031562866313e-24
9.343024814163604e-24
1.718262814172644e-23
2.5302513151745558e-23
3.3707935026522756e-23
4.2415626542545605e-23
5.14448849245356e-23
6.081611778456044e-23
7.055050266969128e-23
8.066991326874382e-23
9.119692830432461e-23
1.0215487068587601e-22
1.1356785915801208e-22
1.2546086570550531e-22
1.3785977599189324e-22
1.5079145172439251e-22
1.6428379453799117e-22
1.783658113114072e-22
1.930676809786673e-22
2.0842082297236553e-22
2.2445796746891765e-22
2.4121322762137693e-22
2.5872217397143415e-22
2.7702191123385137e-22
2.9615115764589256e-22
3.161503270733445e-22
3.3706161406343894e-22
3.58929082034172e-22
3.8179875478899984e-22
4.0571871154608836e-22
4.30739185671853e-22
4.569126673095961e-22
4.842940100955124e-22
5.129405421558537e-22
5.429121815819779e-22
5.742715565810669e-22
6.070841305038763e-22
6.414183319527829e-22
6.77345690176105e-22
7.14940975957204e-22
7.542823482090397e-22
7.954515064872377e-22
8.385338496363306e-22
8.836186407855181e-22
9.307991789107191e-22
9.801729771811654e-22
1.03184194830709e-21
1.0859125971055293e-21
1.1424962204975773e-21
1.2017091151492199e-21
1.2636727929620002e-21
1.3285142046148993e-21
1.396365971352245e-21
1.4673666252016902e-21
1.5416608577981198e-21
1.6193997779736195e-21
