5.139477507112852e-24
5.1386895659269635e-24
5.13794595841551e-24
5.137243849551486e-24
5.136580602358434e-24
5.135953762727491e-24
5.1353610454530995e-24
5.13480032138652e-24
5.1342696056146365e-24
5.1337670465795176e-24
5.1332909160606524e-24
5.132839599948877e-24
5.132411589746507e-24
5.132005474733817e-24
5.131619934746982e-24
5.131253733517176e-24
5.130905712524585e-24
5.1305747853251925e-24
5.130259932311439e-24
5.129960195871318e-24
5.129674675913256e-24
5.129402525726853e-24
5.129142948152268e-24
5.128895192032777e-24
5.128658548927864e-24
5.12843235006534e-24
5.128215963513196e-24
5.12800879155347e-24
5.127810268241585e-24
5.127619857136303e-24
5.127437049186299e-24
5.127261360760921e-24
5.1270923318131705e-24
5.126929524164511e-24
5.126772519901336e-24
5.126620919874222e-24
5.1264743422915246e-24
5.126332421399616e-24
5.1261948062426684e-24
5.126061159495496e-24
5.125931156363244e-24
5.125804483542597e-24
5.125680838239086e-24
5.125559927235906e-24
5.12544146600978e-24
5.125325177889702e-24
5.125210793254894e-24
5.1250980487683546e-24
5.124986686642766e-24
5.124876453935759e-24
5.124767101871606e-24
5.124658385186829e-24
5.124550061497128e-24
5.124441890683482e-24
5.124333634295127e-24
5.124225054967552e-24
5.124115915853475e-24
5.1240059800652234e-24
5.1238950101266826e-24
5.1237827674334155e-24
5.123669011719419e-24
5.123553500529212e-24
5.123435988693937e-24
5.123316227810319e-24
5.123193965721392e-24
5.1230689459978915e-24
5.122940907419452e-24
5.122809583454639e-24
5.122674701739126e-24
5.122535983551106e-24
5.1223931432835316e-24
5.1222458879123845e-24
5.122093916460658e-24
5.1219369194575676e-24
5.121774578392724e-24
5.121606565165077e-24
5.121432541526541e-24
5.121252158520315e-24
5.121065055914124e-24
5.12087086162862e-24
5.120669191161476e-24
5.120459647007766e-24
5.120241818077516e-24
5.120015279111419e-24
5.119779590096036e-24
5.119534295680082e-24
5.119278924593488e-24
5.119012989071553e-24
5.118735984286611e-24
5.118447387790205e-24
5.118146658969012e-24
5.1178332385185544e-24
5.117506547938837e-24
5.117165989057227e-24
5.1168109435839624e-24
5.116440772706967e-24
5.116054816733038e-24
5.115652394783716e-24
5.1152328045550695e-24
5.114795322151649e-24
5.11433920200636e-24
5.113863676899244e-24
5.1133679580897465e-24
5.112851235578921e-24
5.1123126785197646e-24
5.111751435796103e-24
5.111166636792951e-24
5.110557392383641e-24
5.109922796162302e-24
5.109261925953145e-24
5.1085738456320694e-24
5.107857607299708e-24
5.1071122538498664e-24
5.10633682198201e-24
5.1055303457122275e-24
5.1046918604429554e-24
5.1038204076589146e-24
5.102915040324026e-24
5.1019748290626655e-24
5.100998869217921e-24
5.0999862888901484e-24
5.0989362580704255e-24
5.097847998996809e-24
5.096720797875362e-24
5.095554018124297e-24
5.094347115316917e-24
5.093099654019626e-24
5.091811326742604e-24
5.090481975246033e-24
5.089111614471863e-24
5.0877004594017934e-24
5.086248955176225e-24
5.084757810846845e-24
5.083228037177899e-24
5.0816609889581126e-24
5.0800584123379995e-24
5.078422497765328e-24
5.076755939156956e-24
5.075062000017333e-24
5.0733445872946406e-24
5.0716083338550816e-24
5.069858690555049e-24
5.068102029001665e-24
5.0663457562141225e-24
5.064598442534158e-24
5.062869964283556e-24
5.0611716628321436e-24
5.0595165219218725e-24
5.0579193652924664e-24
5.056397076873724e-24
5.0549688460483484e-24
5.0536564407496035e-24
5.052484511438873e-24
5.051480929310649e-24
5.050677162394761e-24
5.050108693566231e-24
5.049815484829529e-24
5.049842492610468e-24
5.05024023915968e-24
5.0510654455366585e-24
5.052381731989654e-24
5.054260391857744e-24
5.056781245375066e-24
5.060033579924094e-24
5.064117183331762e-24
5.069143476682396e-24
5.075236752783175e-24
5.082535525795529e-24
5.0911939965631465e-24
5.1013836367362755e-24
5.1132948928110605e-24
5.127139008561955e-24
5.143149960925358e-24
5.161586500070668e-24
5.1827342790534565e-24
5.20690805197704e-24
5.234453911911774e-24
5.2657515308906975e-24
5.301216354122881e-24
5.3413016892114006e-24
5.3865006187719015e-24
5.4373476516301234e-24
5.494420013992335e-24
5.55833846790532e-24
5.629767530177971e-24
5.709414950814261e-24
5.798030295751552e-24
5.896402463804453e-24
6.005355951220587e-24
6.1257456577349756e-24
6.258450003623469e-24
6.404362096011189e-24
6.564378642885882e-24
6.739386264209991e-24
6.930244792544545e-24
7.137767095300068e-24
7.362694896558037e-24
7.605670044269138e-24
7.867200682609556e-24
8.14762188288821e-24
8.447050503065565e-24
