1.4647434544392287e-08
1.464716951880082e-08
1.4647235774295158e-08
1.033301973328976e-08
1.464723577430396e-08
4.285894562500761e-09
1.4647037009592712e-08
1.4646838250293498e-08
1.4646904502808514e-08
4.285815145129234e-09
1.4646771998395416e-08
1.4646639496379718e-08
1.464650699677894e-08
1.4042637053755578e-08
1.2598586347266283e-08
1.404252027949114e-08
4.269625163162207e-09
1.4646242004751534e-08
1.4646109512324795e-08
1.0113404942110358e-08
4.2855428793433e-09
1.4041936436035174e-08
1.4645844534680051e-08
4.269400825745215e-09
1.0113033937614551e-08
4.269333529098753e-09
1.0331700955485854e-08
4.222253661660776e-09
1.4041119133211667e-08
1.4041002383082023e-08
1.2597658774224012e-08
4.285111862588626e-09
1.4643989959560591e-08
1.464385750789289e-08
1.4643725058603578e-08
4.284873706312283e-09
1.4643592611727755e-08
1.4643195285439896e-08
1.4642797980712862e-08
1.0329855231998482e-08
1.4642135854081806e-08
1.464213585411697e-08
1.4642135854081808e-08
1.4038200936896773e-08
4.284148059954329e-09
1.4640546994475778e-08
1.259496101999429e-08
1.4640017451196588e-08
1.4036567253483423e-08
1.4639223208169394e-08
1.4035867214724825e-08
4.267326817471522e-09
1.0108275075480526e-08
1.463737030947405e-08
1.4034000771089204e-08
4.282765477176734e-09
4.266609790004562e-09
1.0324717049275335e-08
1.4031901589178414e-08
4.282063195070977e-09
4.281859349856109e-09
1.258990529754032e-08
1.4632078896785697e-08
4.281247930639114e-09
1.4028404286726565e-08
1.0320504920636182e-08
1.4628377183629816e-08
1.4026306705253222e-08
4.279935101829024e-09
1.4023976762442316e-08
1.4623884763433151e-08
1.402257915208324e-08
1.4622299862064074e-08
1.4020716085860857e-08
1.462018719459685e-08
1.401745685871624e-08
1.4016525917166233e-08
1.4615435924129187e-08
1.401373380159408e-08
1.4612797663548698e-08
1.4611742626004263e-08
1.4609633007888883e-08
1.4007687865653153e-08
1.4006293358124766e-08
1.4004434427638262e-08
1.4003040539497751e-08
4.255949987584431e-09
1.3998860466594943e-08
1.4595409003421339e-08
1.4592251874030862e-08
4.25309852015027e-09
1.3990043701640105e-08
1.458278867569917e-08
1.398494411208449e-08
4.249628436871237e-09
1.3978458865965249e-08
4.247673441583286e-09
1.397197937057151e-08
4.245542762251206e-09
1.4557613382262463e-08
1.3961346950494228e-08
1.3957652345172184e-08
1.4546103733266648e-08
1.3949346318780988e-08
1.394381422025295e-08
1.3939207343951865e-08
1.4524181228740471e-08
4.248377127888324e-09
1.3924484892918065e-08
4.183506962596139e-09
1.4499207711785136e-08
1.3907957667045876e-08
1.4486753131204988e-08
1.4479497835094828e-08
1.4470180268812758e-08
1.4459841471930854e-08
1.0194435887632694e-08
1.386224511062296e-08
1.4433029613555634e-08
1.38458589324063e-08
9.959111770885669e-09
1.0159125608216104e-08
1.4388904460798354e-08
4.2070458630361685e-09
1.01336909138874e-08
1.4352169437690411e-08
1.4337934200573171e-08
1.4319673193371046e-08
1.3742038889562866e-08
1.3727712452149939e-08
1.4274223532245058e-08
1.3697363614605616e-08
1.368312626536589e-08
1.3665369423970108e-08
1.4198115703680952e-08
1.3628223498940616e-08
1.415838402424064e-08
1.4130703898838854e-08
9.953764570212083e-09
9.739313804566976e-09
9.915724705561416e-09
1.349712620561241e-08
9.875082523734266e-09
1.3440207223331167e-08
1.3934173866785434e-08
1.3383747346937859e-08
1.3867338717182526e-08
1.3827544495709128e-08
1.3791736488977017e-08
1.3248748288349693e-08
4.011654401379775e-09
9.464104239730646e-09
3.972368457676554e-09
1.357343670293038e-08
1.303487522684595e-08
1.2989677419902759e-08
1.2941584962615851e-08
1.2887493216757911e-08
1.3289988261411791e-08
1.3227447139920043e-08
1.2718527177514529e-08
1.3090552473613063e-08
8.605706367694829e-09
1.2514736049786084e-08
1.2854416999687098e-08
1.2766839593785072e-08
1.2683626299896706e-08
1.2592081958677791e-08
3.645479760840994e-09
3.6156018597120934e-09
1.2283317627876531e-08
1.1817766994219037e-08
1.2052164199738965e-08
1.1599298350258833e-08
8.327021940580149e-09
1.1668585173079434e-08
1.1228612211495668e-08
7.92202097031734e-09
1.0949189440596529e-08
3.2092040636062034e-09
1.0647877524502542e-08
1.0467112363900546e-08
1.0296342235866138e-08
1.0107163245895173e-08
9.920853881423803e-09
9.715477198926925e-09
9.50423385753561e-09
6.664249909185039e-09
9.037327473078454e-09
8.93273045749649e-09
8.180382078614338e-09
8.274784468903791e-09
5.66768311838545e-09
2.2725467818174747e-09
2.1697720667233217e-09
6.822059723133257e-09
6.504505451299233e-09
4.413221779078155e-09
1.740320329333233e-09
5.5476957575371184e-09
5.002702089023557e-09
