4.763877229581185e-23
4.763896020083054e-23
4.763913437391212e-23
4.763929518339067e-23
4.763944296935094e-23
4.763957804434155e-23
4.7639700694030484e-23
4.763981117780295e-23
4.763990972930583e-23
4.7639996556936796e-23
4.7640071844281315e-23
4.764013575049658e-23
4.7640188410644806e-23
4.764022993597558e-23
4.764026041415787e-23
4.764027990946275e-23
4.764028846289595e-23
4.764028609228264e-23
4.764027279230188e-23
4.76402485344734e-23
4.764021326709421e-23
4.764016691512783e-23
4.764010938004226e-23
4.764004053959926e-23
4.763996024759418e-23
4.7639868333543117e-23
4.7639764602320963e-23
4.7639648833745005e-23
4.7639520782107807e-23
4.763938017565348e-23
4.7639226716001086e-23
4.763906007751002e-23
4.763887990658856e-23
4.763868582094232e-23
4.763847740876249e-23
4.7638254227851294e-23
4.7638015804682847e-23
4.763776163339763e-23
4.7637491174728543e-23
4.7637203854856e-23
4.7636899064188725e-23
4.763657615607074e-23
4.763623444540767e-23
4.763587320721208e-23
4.7635491675064536e-23
4.7635089039486425e-23
4.7634664446220876e-23
4.7634216994419245e-23
4.7633745734728386e-23
4.763324966727448e-23
4.763272773954065e-23
4.763217884413061e-23
4.7631601816418944e-23
4.763099543207565e-23
4.7630358404468026e-23
4.7629689381926606e-23
4.762898694487499e-23
4.762824960281455e-23
4.7627475791157687e-23
4.762666386790514e-23
4.762581211015709e-23
4.76249187104524e-23
4.7623981772929037e-23
4.7622999309294547e-23
4.762196923460196e-23
4.7620889362817606e-23
4.76197574021754e-23
4.761857095030559e-23
4.761732748912739e-23
4.761602437949557e-23
4.761465885558831e-23
4.7613228019026837e-23
4.761172883271033e-23
4.761015811435603e-23
4.7608512529729847e-23
4.760678858555244e-23
4.760498262206595e-23
4.760309080524503e-23
4.760110911863645e-23
4.7599033354808375e-23
4.7596859106391625e-23
4.759458175669399e-23
4.759219646986643e-23
4.758969818060058e-23
4.758708158333559e-23
4.7584341120950076e-23
4.7581470972915074e-23
4.75784650428841e-23
4.757531694568938e-23
4.75720199937206e-23
4.7568567182654e-23
4.7564951176500827e-23
4.7561164291944186e-23
4.7557198481928055e-23
4.7553045318464923e-23
4.754869597462286e-23
4.7544141205652854e-23
4.753937132921688e-23
4.753437620466982e-23
4.752914521135426e-23
4.752366722585589e-23
4.75179305981735e-23
4.751192312674765e-23
4.750563203229524e-23
4.7499043930390385e-23
4.749214480273221e-23
4.748491996703421e-23
4.747735404546937e-23
4.746943093159945e-23
4.7461133755715806e-23
4.745244484851241e-23
4.744334570301029e-23
4.743381693464745e-23
4.742383823944367e-23
4.741338835014547e-23
4.7402444990251805e-23
4.7390984825813987e-23
4.7378983414902075e-23
4.7366415154618686e-23
4.7353253225540285e-23
4.7339469533455764e-23
4.7325034648267737e-23
4.7309917739913625e-23
4.729408651115608e-23
4.727750712708458e-23
4.7260144141161665e-23
4.7241960417637215e-23
4.7222917050146517e-23
4.7202973276295223e-23
4.718208638802536e-23
4.716021163754518e-23
4.713730213859168e-23
4.711330876278392e-23
4.708818003080978e-23
4.70618619981755e-23
4.703429813523072e-23
4.700542920116588e-23
4.69751931116603e-23
4.694352479984245e-23
4.691035607020015e-23
4.68756154450614e-23
4.6839228003239884e-23
4.680111521041589e-23
4.676119474079801e-23
4.6719380289582287e-23
4.667558137569297e-23
4.662970313426096e-23
4.6581646098257605e-23
4.653130596866488e-23
4.6478573372525287e-23
4.6423333608165556e-23
4.636546637685048e-23
4.63048455000623e-23
4.6241338621556624e-23
4.617480689327978e-23
4.610510464417231e-23
4.6032079030815414e-23
4.595556966879972e-23
4.587540824361578e-23
4.579141809978011e-23
4.570341380681275e-23
4.5611200700576847e-23
4.5514574398383035e-23
4.541332028613072e-23
4.5307212975629084e-23
4.519601573008914e-23
4.50794798556186e-23
4.495734405637307e-23
4.482933375082156e-23
4.4695160346372623e-23
4.455452046936768e-23
4.440709514719316e-23
4.4252548938971065e-23
4.409052901097316e-23
4.392066415255144e-23
4.374256372798672e-23
4.355581655922449e-23
4.335998973398285e-23
4.3154627333178234e-23
4.293924907101628e-23
4.271334884041447e-23
4.247639315567074e-23
4.222781948344106e-23
4.19670344521261e-23
4.169341192868583e-23
4.1406290950672037e-23
4.1104973499870513e-23
4.078872210236181e-23
4.045675723798536e-23
4.01082545401209e-23
3.974234176430064e-23
3.935809550141353e-23
3.895453760806417e-23
3.853063132293623e-23
3.808527703368128e-23
3.7617307653770476e-23
3.712548356278053e-23
3.6608487056517716e-23
3.606491624501063e-23
3.549327832641712e-23
3.4891982152949194e-23
