5.430867313384993e-12
5.3096298918010934e-12
5.17360712343348e-12
5.033536340729853e-12
4.909140209202567e-12
4.766535151065442e-12
4.637868750427759e-12
4.509391617263769e-12
4.394230226693201e-12
4.2620372740761595e-12
4.1463827923807755e-12
4.0256900689373554e-12
3.910469142294159e-12
3.796220389484265e-12
3.680082753194867e-12
3.575899148538517e-12
3.462144695628928e-12
3.3606593159954362e-12
3.2558134329441703e-12
3.159838771824798e-12
3.055610343238628e-12
2.9558349494350607e-12
2.8669398653800836e-12
2.7696134383933816e-12
2.683327843048289e-12
2.588636467550626e-12
2.504527814127267e-12
2.4179852732641825e-12
2.338256851184435e-12
2.2599823810732348e-12
2.1807483985373147e-12
2.102234415670229e-12
2.028595641504633e-12
1.95622667826795e-12
1.8880616887014965e-12
1.8182477911017574e-12
1.7556628494792384e-12
1.6897834926626566e-12
1.626658618512708e-12
1.5676545369928467e-12
1.5083771682009908e-12
1.4510320111200691e-12
1.396517280865998e-12
1.3429618555667965e-12
1.2909101210034804e-12
1.2415697004977935e-12
1.1932499432796078e-12
1.1466752285758935e-12
1.101575298831361e-12
1.0576655068389937e-12
1.0161720768947508e-12
9.745238392208458e-13
9.363514946851111e-13
8.980233025017422e-13
8.615338911635302e-13
8.26167797635551e-13
7.923660795736905e-13
7.600143246551868e-13
7.28199111309272e-13
6.976728542688017e-13
6.687185601443474e-13
6.404892559870171e-13
6.136528488545502e-13
5.876122073859269e-13
5.627336241794128e-13
5.389271371363059e-13
5.156596949068568e-13
4.935155589146936e-13
4.720786198639605e-13
4.518929693003032e-13
4.321311393111183e-13
4.132861510289139e-13
3.951371685160948e-13
3.778609558176101e-13
3.61221342674021e-13
3.4519203448059834e-13
3.3000429080599e-13
3.152602692363555e-13
3.0119087224782127e-13
2.8774046467567813e-13
2.747706678414623e-13
2.6236303258226625e-13
2.504601631231249e-13
2.3910687412571305e-13
2.2823561779510035e-13
2.178213815439559e-13
2.0780687939217907e-13
1.9824007461652438e-13
1.8907813430596548e-13
1.8029822397462035e-13
1.7189936380564317e-13
1.6388505196838443e-13
1.5619459303293752e-13
1.4882616675307303e-13
1.4178695993947015e-13
1.3507458381755269e-13
1.286192125581163e-13
1.2245778897913316e-13
1.1655220735818784e-13
1.1092094885690836e-13
1.0552614041809352e-13
1.0036749107247243e-13
9.543502696047316e-14
9.071735836841853e-14
8.620614886913487e-14
8.189508911450922e-14
7.777159384133476e-14
7.38283186203244e-14
7.006053691582461e-14
6.645649564037929e-14
6.3013438361585e-14
5.972363839594761e-14
5.6577311386871135e-14
5.3572080288928886e-14
5.069732861709042e-14
4.795026992184916e-14
4.532686809737108e-14
4.2816803765750476e-14
4.041942040725973e-14
3.813013055204249e-14
3.594167354960796e-14
3.38504207685821e-14
3.1851879206318366e-14
2.994144554213454e-14
2.8118423047612092e-14
2.637502041657017e-14
2.4709535298881378e-14
2.3118221007500012e-14
2.1599243995626544e-14
2.014684057147961e-14
1.8759909216823523e-14
1.743483795324313e-14
1.6169206952224135e-14
1.4959882039846238e-14
1.3805033803194306e-14
1.2701719154819426e-14
1.1648024557278779e-14
1.0641787675413335e-14
9.680387976745893e-15
8.762191722651712e-15
7.885285975391263e-15
7.047678690719597e-15
6.247937247779434e-15
5.484010151514431e-15
4.754590967677392e-15
4.058007594380692e-15
3.3928606510583085e-15
2.7577886583866683e-15
2.1514243198637773e-15
1.5726603501214417e-15
1.0204483573344898e-15
4.948662782501013e-16
6.847868662592129e-17
4.994415961457066e-16
9.566019600363872e-16
1.3943320138734914e-15
1.8124429465200618e-15
2.2116503257747923e-15
2.592687838071196e-15
2.9563346081543933e-15
3.3033412830990337e-15
3.634446294169193e-15
3.950333922410703e-15
4.25164778362214e-15
4.539041552294157e-15
4.813114181642019e-15
5.0744159124424965e-15
5.3235319962574604e-15
5.560980247265153e-15
5.787278583952731e-15
6.002863948522124e-15
6.2081852893448065e-15
6.403738056841484e-15
6.589940745465063e-15
6.767064616199755e-15
6.9355968269266325e-15
7.095834243445687e-15
7.248150858146424e-15
7.392870155692704e-15
7.530244356956533e-15
7.660638416264566e-15
7.78426982129634e-15
7.901411903309855e-15
8.012314017800868e-15
8.117193372709931e-15
8.21630599221046e-15
8.309843910344172e-15
8.39801035473149e-15
8.480946945422386e-15
8.558859085371525e-15
8.631906458471058e-15
8.700244981448068e-15
8.763983698632582e-15
8.823295523919279e-15
8.878258621298379e-15
8.929032087739653e-15
8.975677885072813e-15
9.018270653109618e-15
9.056923972858169e-15
9.091711804683322e-15
9.122706042441913e-15
