3.242834084047312e-24
3.243832152884399e-24
3.2448248841769487e-24
3.245808524139976e-24
3.2467798209224713e-24
3.247735971423138e-24
3.2486745731405635e-24
3.2495935806037214e-24
3.2504912659669755e-24
3.2513661833892285e-24
3.2522171368498732e-24
3.2530431510842445e-24
3.2538434453490066e-24
3.2546174097536038e-24
3.2553645839173508e-24
3.2560846377329028e-24
3.256777354036901e-24
3.2574426130060742e-24
3.258080378114008e-24
3.2586906834982158e-24
3.259273622601271e-24
3.259829337961898e-24
3.2603580120433666e-24
3.2608598589970244e-24
3.2613351172679223e-24
3.261784042958168e-24
3.2622069038717637e-24
3.2626039741710305e-24
3.262975529582021e-24
3.2633218430914457e-24
3.263643181083611e-24
3.2639397998701086e-24
3.2642119425699007e-24
3.2644598363010688e-24
3.264683689649483e-24
3.2648836903826293e-24
3.2650600033801257e-24
3.2652127687548904e-24
3.2653421001419465e-24
3.26544808313339e-24
3.2655307738408644e-24
3.2655901975683086e-24
3.2656263475796586e-24
3.265639183947819e-24
3.2656286324726245e-24
3.2655945836568915e-24
3.265536891730956e-24
3.2654553737173073e-24
3.2653498085278713e-24
3.2652199360878393e-24
3.265065456480596e-24
3.2648860291095554e-24
3.2646812718734713e-24
3.2644507603527253e-24
3.264194027005106e-24
3.2639105603703256e-24
3.263599804283627e-24
3.2632611570996013e-24
3.2628939709284203e-24
3.2624975508877586e-24
3.262071154374488e-24
3.261613990361752e-24
3.2611252187279758e-24
3.2606039496257508e-24
3.2600492429000714e-24
3.2594601075668455e-24
3.258835501364341e-24
3.2581743303922864e-24
3.257475448855005e-24
3.256737658927811e-24
3.2559597107678898e-24
3.255140302694166e-24
3.2542780815633e-24
3.2533716433728906e-24
3.252419534126382e-24
3.2514202509987574e-24
3.2503722438466924e-24
3.2492739171121342e-24
3.2481236321742827e-24
3.246919710211391e-24
3.2456604356411973e-24
3.2443440602171228e-24
3.2429688078659857e-24
3.2415328803639738e-24
3.2400344639580887e-24
3.2384717370536454e-24
3.2368428791021686e-24
3.2351460808400818e-24
3.2333795560460133e-24
3.2315415550045005e-24
3.2296303798858157e-24
3.2276444022762415e-24
3.225582083120785e-24
3.2234419953710664e-24
3.2212228496652677e-24
3.2189235234059323e-24
3.2165430936439856e-24
3.2140808742254136e-24
3.2115364577106775e-24
3.2089097626369238e-24
3.2062010867593613e-24
3.203411166983341e-24
3.2005412467809953e-24
3.197593151979303e-24
3.194569375908937e-24
3.1914731750176e-24
3.1883086761784073e-24
3.1850809970639495e-24
3.181796381111878e-24
3.1784623487787254e-24
3.175087866966056e-24
3.171683538708731e-24
3.1682618154386237e-24
3.164837234379758e-24
3.1614266838919948e-24
3.158049699859369e-24
3.154728796514499e-24
3.1514898353993277e-24
3.148362436479761e-24
3.145380435752919e-24
3.1425823939996052e-24
3.1400121616319045e-24
3.137719504848871e-24
3.1357607985237803e-24
3.134199791377639e-24
3.1331084490161185e-24
3.132567880281356e-24
3.1326693520530672e-24
3.1335153970724184e-24
3.1352210185010942e-24
3.137914993704836e-24
3.1417412781039644e-24
3.1468605078075905e-24
3.1534515970989557e-24
3.1617134236502682e-24
3.1718665906369537e-24
3.1841552507739116e-24
3.1988489728681553e-24
3.216244627031695e-24
3.23666826060539e-24
3.260476933618885e-24
3.288060480897615e-24
3.3198431684789456e-24
3.3562852156307436e-24
3.397884161274157e-24
3.4451760656572896e-24
3.498736555095388e-24
3.559181739450406e-24
3.627169058186688e-24
3.703398140118335e-24
3.788611792583003e-24
3.883597265534114e-24
3.989187962585292e-24
4.10626579223089e-24
4.235764366794682e-24
4.378673263583365e-24
4.536043562886593e-24
4.7089948727053424e-24
4.8987240432262426e-24
5.106515768512049e-24
5.333755272183935e-24
5.581943281194481e-24
5.852713509515061e-24
6.1478529030084975e-24
6.469324938007908e-24
6.819296317888075e-24
7.200167471338217e-24
7.614607318281226e-24
8.065592826758498e-24
8.556453924595026e-24
9.090924334374177e-24
9.673198839266626e-24
1.03079973131792e-23
1.1000635486509819e-23
1.175710175040911e-23
1.2584138142980392e-23
1.3489321723320358e-23
1.448113938304825e-23
1.5569044103609822e-23
1.6763472756007804e-23
1.8075793351738182e-23
1.9518131298373778e-23
2.1102997413660619e-23
2.2842603109156256e-23
2.4747700002638116e-23
2.682572773933321e-23
2.907801415930424e-23
3.149579248888507e-23
3.4054971316843615e-23
3.671005383985333e-23
3.938848978593874e-23
4.198800971824603e-23
4.4380573397210424e-23
4.6426157410858134e-23
4.799627935768197e-23
4.9001268660822815e-23
4.941061190901845e-23
4.925716188693121e-23
4.862399742994023e-23
4.762125932319859e-23
4.636306765407509e-23
