8.405789090484669e-25
8.829048146580047e-25
9.241129369402268e-25
9.638323822337617e-25
1.0017998164676445e-24
1.0378297399931763e-24
1.071793061284666e-24
1.1036016305968963e-24
1.133197020629203e-24
1.160542332806916e-24
1.1856161679543597e-24
1.2084081556885764e-24
1.2289156156497442e-24
1.2471410482300338e-24
1.2630902393505385e-24
1.2767708247648967e-24
1.2881912024277423e-24
1.2973597122017325e-24
1.3042840243971015e-24
1.308970694954546e-24
1.3114248573267349e-24
1.3116500305742148e-24
1.3096480307990262e-24
1.3054189795109154e-24
1.2989614084202345e-24
1.2902724659831424e-24
1.2793482372819023e-24
1.2661841960414016e-24
1.2507758164187812e-24
1.2331193834916884e-24
1.2132130562575784e-24
1.1910582570256187e-24
1.1666614885938657e-24
1.1400367187877325e-24
1.111208525449783e-24
1.0802162705115192e-24
1.0471196788795697e-24
1.0120063498050483e-24
9.75001942803914e-25
9.36284078178865e-25
8.961013928505048e-25
8.547996944712175e-25
8.128576903200231e-25
7.709350737936239e-25
7.299351269600045e-25
6.910808288530524e-25
6.55994679789085e-25
6.267539795723843e-25
6.058647804447354e-25
5.960761253448247e-25
5.9998915564828575e-25
6.195469548410903e-25
6.556486116655222e-25
7.08115240232455e-25
7.759969000084318e-25
8.579991957559018e-25
9.528229792734708e-25
1.0593495957508287e-24
1.1767033732880309e-24
1.304246224859764e-24
1.4415450090864235e-24
1.5883334393253654e-24
1.74447769429116e-24
1.909948397163729e-24
2.0847988755083485e-24
2.2691486966106523e-24
2.4631713351711462e-24
2.6670849704379726e-24
2.8811456151110856e-24
3.105641969901194e-24
3.340891553187533e-24
3.587237774029833e-24
3.8450477048350374e-24
4.114710374282628e-24
4.3966354477920906e-24
4.691252196676084e-24
4.9990086817305385e-24
5.320371094981211e-24
5.65582321649664e-24
6.005865952932476e-24
6.371016931729554e-24
6.751810130357138e-24
7.14879552413374e-24
7.562538739346344e-24
7.993620700873087e-24
8.442637265484017e-24
8.910198833587435e-24
9.39692993350684e-24
9.903468773505863e-24
1.0430466757745522e-23
1.09785879632648e-23
1.1548508575880468e-23
1.2140916283692502e-23
1.2756509627638319e-23
1.3395997309287458e-23
1.4060097456803173e-23
1.4749536850763798e-23
1.5465050112259418e-23
1.620737885645598e-23
1.6977270815562333e-23
1.7775478935861677e-23
1.86027604542517e-23
1.945987596037547e-23
2.0347588451187377e-23
2.126666238536216e-23
2.221786274559287e-23
2.3201954117307592e-23
2.4219699792789882e-23
2.5271860910021456e-23
2.635919563583572e-23
2.7482458403058644e-23
2.8642399211373024e-23
2.98397630014572e-23
3.1075289111764836e-23
3.2349710826827697e-23
3.366375502548755e-23
3.5018141936738885e-23
3.641358501009296e-23
3.785079090636005e-23
3.933045961380957e-23
4.085328469332648e-23
4.241995365517516e-23
4.4031148468460983e-23
4.5687546203174776e-23
4.7389819803221705e-23
4.913863898759203e-23
5.093467127534554e-23
5.277858312891297e-23
5.467104120886091e-23
5.661271373228678e-23
5.860427192578496e-23
6.064639156327304e-23
6.273975457794289e-23
6.48850507372241e-23
6.70829793690559e-23
6.933425112753077e-23
7.163958978579454e-23
7.399973404424864e-23
7.641543934200394e-23
7.888747966024131e-23
8.141664930612497e-23
8.400376466694165e-23
8.664966592429538e-23
8.935521871939614e-23
9.212131576093695e-23
9.49488783679211e-23
9.783885794087205e-23
1.0079223735551736e-22
1.0381003227388796e-22
1.068932923687133e-22
1.1004310245780683e-22
1.1326058354559045e-22
1.165468937700252e-22
1.1990322925344007e-22
1.2333082485644456e-22
1.2683095483464938e-22
1.3040493339803674e-22
1.3405411517334401e-22
1.3777989556999543e-22
1.415837110499019e-22
1.4546703930203297e-22
1.4943139932227653e-22
1.534783513984722e-22
1.576094970019792e-22
1.618264785841926e-22
1.6613097927904601e-22
1.7052472250970544e-22
1.7500947149879955e-22
1.7958702867987647e-22
1.8425923500832433e-22
1.8902796916845528e-22
1.9389514667319904e-22
1.988627188524467e-22
2.0393267172452372e-22
2.091070247456486e-22
2.143878294302926e-22
2.1977716783553184e-22
2.2527715090070676e-22
2.308899166336627e-22
2.366176281330772e-22
2.424624714361379e-22
2.484266531791211e-22
2.545123980581878e-22
2.607219460754366e-22
2.6705754955540174e-22
2.7352146991462963e-22
2.801159741670544e-22
2.8684333114498464e-22
2.9370580741533535e-22
3.007056628685721e-22
3.0784514595609595e-22
3.1512648855022876e-22
3.225519003992113e-22
3.3012356314684042e-22
3.3784362388496893e-22
3.4571418820366696e-22
3.5373731270233025e-22
3.619149969203008e-22
3.702491746444181e-22
3.787417045443142e-22
3.873943600854408e-22
