5.512470744410038e-23
5.51179342900065e-23
5.511084228301699e-23
5.510341636478926e-23
5.509564077008137e-23
5.508749899315006e-23
5.507897375267431e-23
5.507004695494784e-23
5.506069965545706e-23
5.505091201859638e-23
5.504066327553065e-23
5.502993168005028e-23
5.501869446240916e-23
5.500692778096356e-23
5.499460667153819e-23
5.498170499445171e-23
5.496819537899423e-23
5.495404916536404e-23
5.493923634382786e-23
5.492372549103642e-23
5.490748370333153e-23
5.489047652694848e-23
5.487266788490727e-23
5.485402000043681e-23
5.483449331688054e-23
5.481404641371338e-23
5.479263591873144e-23
5.477021641597215e-23
5.474674034944161e-23
5.47221579221623e-23
5.469641699059295e-23
5.466946295398416e-23
5.46412386385618e-23
5.461168417626984e-23
5.458073687775037e-23
5.454833109937318e-23
5.451439810402383e-23
5.447886591524774e-23
5.444165916463608e-23
5.440269893192723e-23
5.436190257761526e-23
5.431918356766098e-23
5.427445128996231e-23
5.422761086213666e-23
5.41785629302878e-23
5.412720345826851e-23
5.407342350700651e-23
5.401710900345276e-23
5.39581404986265e-23
5.389639291425935e-23
5.383173527752356e-23
5.37640304432014e-23
5.369313480285116e-23
5.361889798017699e-23
5.354116251212931e-23
5.345976351489378e-23
5.337452833421599e-23
5.328527617920328e-23
5.319181773887096e-23
5.309395478067527e-23
5.299147973005696e-23
5.288417523020621e-23
5.277181368110646e-23
5.26541567568085e-23
5.2530954900023486e-23
5.2401946792839026e-23
5.226685880253916e-23
5.2125404401323794e-23
5.197728355864079e-23
5.1822182104957497e-23
5.165977106547212e-23
5.1489705962552556e-23
5.13116260852054e-23
5.1125153724203056e-23
5.092989337115949e-23
5.07254308798845e-23
5.0511332588254635e-23
5.0287144398685874e-23
5.005239081537842e-23
4.980657393616249e-23
4.9549172396906025e-23
4.927964026623687e-23
4.899740588820818e-23
4.8701870670533894e-23
4.839240781574023e-23
4.8068360992697734e-23
4.772904294557615e-23
4.7373734037451445e-23
4.7001680725370983e-23
4.6612093963787374e-23
4.620414753297286e-23
4.577697628887514e-23
4.5329674330878167e-23
4.486129308355592e-23
4.4370839288525434e-23
4.3857272902194974e-23
4.331950489513372e-23
4.275639494866027e-23
4.21667490437886e-23
4.1549316937993836e-23
4.0902789524610975e-23
4.0225796069877195e-23
3.9516901322389123e-23
3.8774602489623e-23
3.799732607630784e-23
3.718342457936004e-23
3.633117303439046e-23
3.543876540918462e-23
3.4504310840238283e-23
3.3525829709629714e-23
3.25012495613565e-23
3.1428400859151005e-23
3.030501259255086e-23
2.9128707745375805e-23
2.789699865289921e-23
2.6607282293964326e-23
2.5256835598157898e-23
2.38428109072065e-23
2.2362231836331665e-23
2.0811989981707397e-23
1.9188843315819807e-23
1.7489417939034203e-23
1.5710216705887117e-23
1.38476427487772e-23
1.1898058107552106e-23
9.857935474238958e-24
7.724302381437597e-24
5.4963729068001485e-24
3.1847421059216752e-24
9.717200581819139e-25
2.0656520678802643e-24
4.685154834784992e-24
7.486160315664631e-24
1.043160905898496e-23
1.3520587370265714e-23
1.6757449070367542e-23
2.0148162997947607e-23
2.3699487488273205e-23
2.741872002691609e-23
3.1313610757774493e-23
3.539233385292526e-23
3.9663482805135665e-23
4.413607699222001e-23
4.881957423790981e-23
5.372388697532876e-23
5.88594008567106e-23
6.423699522728693e-23
6.986806516553874e-23
7.576454494113012e-23
8.193893282398137e-23
8.840431722576122e-23
9.517440418400647e-23
1.0226354621781802e-22
1.0968677259685246e-22
1.17459821074369e-22
1.2559917114241895e-22
1.3412207887303947e-22
1.4304661341453017e-22
1.5239169521642196e-22
1.6217713606151063e-22
1.7242368098756603e-22
1.8315305218564013e-22
1.9438799496662005e-22
2.061523258919003e-22
2.184709831690785e-22
2.3137007941819225e-22
2.448769569190989e-22
2.5902024545611066e-22
2.7382992288110893e-22
2.8933737852235683e-22
3.055754795720372e-22
3.225786405919467e-22
3.4038289628317333e-22
3.5902597767249214e-22
3.785473918751513e-22
3.9898850560168044e-22
4.203926325834895e-22
4.428051251011437e-22
4.662734698060038e-22
4.9084738803789505e-22
5.1657894084737095e-22
5.43522638943438e-22
5.717355577972963e-22
6.012774581427949e-22
6.322109121264704e-22
6.646014353713799e-22
6.985176252318627e-22
7.340313055285667e-22
7.712176780683398e-22
8.101554812661224e-22
8.509271562025936e-22
8.93619020466549e-22
9.38321450148447e-22
9.851290703678872e-22
1.0341409547386789e-21
1.0854608341928294e-21
1.1391973156060136e-21
1.1954641106914096e-21
1.2543802756487727e-21
1.316070462084326e-21
1.3806651797398282e-21
