7.786251814186143e-24
9.347310381312784e-24
1.0914115114136001e-23
1.2488975647183185e-23
1.4074165611182625e-23
1.567191775556458e-23
1.728442242392792e-23
1.891382734601631e-23
2.0562237972809867e-23
2.2231718031895428e-23
2.3924290161476278e-23
2.5641936559614886e-23
2.7386599623676794e-23
2.916018257290689e-23
3.0964550057853474e-23
3.280152876518156e-23
3.4672908029962274e-23
3.6580440468636507e-23
3.8525842647454613e-23
4.0510795800638473e-23
4.253694661161601e-23
4.4605908073360127e-23
4.671926043765871e-23
4.887855226823249e-23
5.108530160513933e-23
5.334099725270936e-23
5.564710019509664e-23
5.800504514892013e-23
6.041624225424334e-23
6.288207890707472e-23
6.540392173405916e-23
6.798311870727451e-23
7.062100139590251e-23
7.331888735002461e-23
7.607808260945355e-23
7.889988432856737e-23
8.178558350980565e-23
8.473646783149165e-23
8.775382456147254e-23
9.083894354108701e-23
9.399312022844227e-23
9.721765878642124e-23
1.0051387519990317e-22
1.0388310041150977e-22
1.0732668346020126e-22
1.1084599461076244e-22
1.1444242846018045e-22
1.1811740701060197e-22
1.218723826995435e-22
1.25708841371879e-22
1.2962830519389607e-22
1.3363233549181555e-22
1.377225355184451e-22
1.4190055313407326e-22
1.4616808340467826e-22
1.5052687111189085e-22
1.5497871317005266e-22
1.595254609609646e-22
1.641690225702487e-22
1.689113649441846e-22
1.7375451595839638e-22
1.7870056640540678e-22
1.8375167190725816e-22
1.8891005475306641e-22
1.9417800567059585e-22
1.9955788553801979e-22
2.0505212703806114e-22
2.1066323626273172e-22
2.1639379427765326e-22
2.222464586491011e-22
2.282239649393313e-22
2.343291281805338e-22
2.4056484433345337e-22
2.4693409173205197e-22
2.534399325247528e-22
2.6008551412009237e-22
2.668740706337856e-22
2.7380892435625474e-22
2.808934872279092e-22
2.88131262347304e-22
2.9552584550179276e-22
3.030809267284295e-22
3.108002919135584e-22
3.1868782443362495e-22
3.2674750683044424e-22
3.349834225511757e-22
3.4339975771868257e-22
3.520008029644831e-22
3.6079095531739423e-22
3.697747201511046e-22
3.7895671318422586e-22
3.8834166255213526e-22
3.97934410940317e-22
4.077399177827758e-22
4.177632615289526e-22
4.280096419812699e-22
4.384843827050704e-22
4.491929335111653e-22
4.601408730070464e-22
4.713339112343221e-22
4.827778923754114e-22
4.944787975393752e-22
5.064427476254913e-22
5.1867600627774505e-22
5.311849829041368e-22
5.439762357939297e-22
5.57056475307512e-22
5.704325671615374e-22
5.841115357909872e-22
5.981005678007187e-22
6.124070155115762e-22
6.270384005907125e-22
6.420024177675665e-22
6.573069386518985e-22
6.729600156402005e-22
6.889698859090057e-22
7.053449755169906e-22
7.220939035891387e-22
7.392254866148064e-22
7.567487428215459e-22
7.746728966759128e-22
7.930073834561852e-22
8.11761853954823e-22
8.309461792640863e-22
8.505704556759373e-22
8.70645009682232e-22
8.911804030838362e-22
9.121874382142648e-22
9.336771632498212e-22
9.556608776618567e-22
9.781501377466448e-22
1.0011567622949657e-21
1.0246928383560443e-21
1.0487707271182868e-21
1.0734030699047994e-21
1.0986027942894247e-21
1.1243831203175057e-21
1.1507575668385611e-21
1.1777399579876206e-21
1.2053444297186075e-21
1.2335854365198492e-21
1.2624777582065943e-21
1.2920365068361344e-21
1.3222771337352552e-21
1.3532154366477408e-21
1.3848675669919946e-21
1.4172500372176576e-21
1.4503797282885284e-21
1.4842738972625596e-21
1.5189501849754192e-21
1.5544266238277156e-21
1.5907216456722844e-21
1.6278540897934584e-21
1.6658432109822081e-21
1.7047086876856168e-21
1.7444706302584797e-21
1.785149589254727e-21
1.8267665638212114e-21
1.8693430101528026e-21
1.91290084995371e-21
1.9574624790083116e-21
2.003050775729159e-21
2.049689109770602e-21
2.09740135063396e-21
2.1462118762642305e-21
2.196145581651326e-21
2.247227887381312e-21
2.2994847481679352e-21
2.3529426612717647e-21
2.4076286748878446e-21
2.4635703963844303e-21
2.520796000415343e-21
2.5793342369286957e-21
2.6392144388893496e-21
2.700466529890108e-21
2.763121031487573e-21
2.827209070164821e-21
2.8927623841645627e-21
2.9598133297597016e-21
3.028394887270543e-21
3.0985406665760122e-21
3.1702849120805615e-21
3.243662507221429e-21
3.318708978288484e-21
3.395460497597622e-21
3.4739538859053555e-21
3.5542266140198726e-21
3.636316803521363e-21
3.720263226459409e-21
3.806105304031504e-21
3.8938831040982524e-21
3.983637337365028e-21
4.0754093522432166e-21
4.1692411281794366e-21
4.2651752673881054e-21
4.363254984768606e-21
4.463524095948442e-21
4.5660270032550435e-21
4.67080867939658e-21
4.77791464880063e-21
4.887390966249861e-21
