4.53474167041953e-12
4.405833145168808e-12
4.268343632640623e-12
4.116321324081953e-12
3.971449470579119e-12
3.809798767928969e-12
3.6811535377208705e-12
3.5487832813599228e-12
3.427545349101548e-12
3.2791069307580753e-12
3.1681107407915333e-12
3.050798487653788e-12
2.9346505708971233e-12
2.8213742806179253e-12
2.7044717252959815e-12
2.6058105695774354e-12
2.5005227118702367e-12
2.4059077355616772e-12
2.3102309773758664e-12
2.2228767944554165e-12
2.1251127647518494e-12
2.0386764870630717e-12
1.9626112096714976e-12
1.8743233821063514e-12
1.8045222773652304e-12
1.7241940176546156e-12
1.6568202469560637e-12
1.5819133673292165e-12
1.5178683698224582e-12
1.4552814031215858e-12
1.3918672921159237e-12
1.3304583201209751e-12
1.2732667312895579e-12
1.2182627456072251e-12
1.1668608989928616e-12
1.1148064853464795e-12
1.0676563416713297e-12
1.0202616944889951e-12
9.741010672695758e-13
9.327664114594032e-13
8.904689058327616e-13
8.497460582177873e-13
8.123986966298504e-13
7.756583828705531e-13
7.399296150284835e-13
7.067399122426789e-13
6.745093207850419e-13
6.435872071465478e-13
6.138491888455303e-13
5.850035925504322e-13
5.584356975239808e-13
5.317443553135088e-13
5.073426279411124e-13
4.831140401615243e-13
4.602113702903911e-13
4.380312280831006e-13
4.171125881464503e-13
3.973196719199274e-13
3.778989996152864e-13
3.5936677397171455e-13
3.417736362895906e-13
3.249793250795458e-13
3.089383962925413e-13
2.934166966925286e-13
2.7877353928904637e-13
2.6473954330875784e-13
2.5117945995165175e-13
2.3829482757349257e-13
2.2591399797182355e-13
2.1423478814978503e-13
2.0291923768002007e-13
1.9212630912039498e-13
1.8184486009042648e-13
1.7205591599194928e-13
1.6267058009291706e-13
1.5367999978872773e-13
1.4515964773913829e-13
1.3696721309659074e-13
1.291567868871782e-13
1.2171418493093952e-13
1.1457867085999223e-13
1.0778074640177532e-13
1.0129165545316377e-13
9.509818623424863e-14
8.920562954954006e-14
8.357894350474248e-14
7.819544495463703e-14
7.308230302146103e-14
6.820480424078203e-14
6.354993098717038e-14
5.912137877345999e-14
5.4907876532531264e-14
5.0891377360768864e-14
4.7071912213364154e-14
4.343699064650198e-14
3.998420437730041e-14
3.669870067581744e-14
3.3583680096111544e-14
3.0625081279281815e-14
2.7818826096238344e-14
2.515912516057053e-14
2.2642098241660104e-14
2.0259912893431837e-14
1.8009516161541894e-14
1.588534827081941e-14
1.3883979359620498e-14
1.1999843509497463e-14
1.0230035673057009e-14
8.570358385675818e-15
7.017834720880892e-15
5.568826913411171e-15
4.2207395766327915e-15
2.970413633818923e-15
1.8159298065343593e-15
7.564761220652687e-16
2.3939816060276235e-16
1.1085919078699797e-15
1.903889753516283e-15
2.6152095128004198e-15
3.2432653887302203e-15
3.7892450028790164e-15
4.254175169347498e-15
4.639026981998838e-15
4.944660733446839e-15
5.171607090376315e-15
5.320320593546497e-15
5.391213242679122e-15
5.384382905889075e-15
5.299731383770232e-15
5.1371825644324965e-15
4.896376572049494e-15
4.576672103099338e-15
4.177639693512041e-15
3.698237712251166e-15
3.137547057258509e-15
2.494511690261092e-15
1.767864328039324e-15
9.57070948023196e-16
1.042181904845578e-16
9.40219814275895e-16
2.0179584352586293e-15
3.1906870490644468e-15
4.459638496210962e-15
5.827306873691584e-15
7.29652376046271e-15
8.870118084303068e-15
1.0551893040812882e-14
1.2344716594271428e-14
1.4253273842705086e-14
1.6280266631865254e-14
1.8431484524370205e-14
2.070975909135158e-14
2.312161641969093e-14
2.5671101015965443e-14
2.8363095617243177e-14
3.120371905151712e-14
3.419996523429657e-14
3.735660047848486e-14
4.0681656079798066e-14
4.418171723614838e-14
4.786225167422605e-14
5.1733187871813654e-14
5.580082864593018e-14
6.007612434068574e-14
6.456628462928545e-14
6.928106561130918e-14
7.422958072011018e-14
7.942309279359694e-14
8.487242367502837e-14
9.058896219273421e-14
9.658131349469764e-14
1.0286699123300169e-13
1.0945801835502239e-13
1.1636413345325002e-13
1.236018482586465e-13
1.311886309868128e-13
1.3914100809808328e-13
1.474642454919917e-13
1.561913751853451e-13
1.6533085181661348e-13
1.7490076933202994e-13
1.8492493886786603e-13
1.9542218026966598e-13
2.0641299356902358e-13
2.179216067742515e-13
2.2996959175772953e-13
2.4257802166532075e-13
2.557833017783572e-13
2.696039681091294e-13
2.8407280977524775e-13
2.992124888576178e-13
3.1506276052162904e-13
3.3163067014662035e-13
3.489936311368146e-13
3.671470503073629e-13
3.8613281709228956e-13
4.0600444759962625e-13
4.267837082607322e-13
4.4854582275347334e-13
4.71281320735796e-13
4.950725053520597e-13
