2.3840154369161965e-13
2.155084960180447e-13
1.9476458188222475e-13
1.761406617925674e-13
1.5941604739552282e-13
1.4444147603109566e-13
1.311433831191579e-13
1.1923214858513217e-13
1.0868576938683313e-13
9.933245694027048e-14
9.111829708802061e-14
8.390674623057184e-14
7.758246724230163e-14
7.211597912905122e-14
6.736917942359923e-14
6.332124023221293e-14
5.987815932614156e-14
5.699769159760095e-14
5.4613008314963364e-14
5.265453991767262e-14
5.11044520062866e-14
4.9903107738320294e-14
4.9041600232780844e-14
4.845136721096188e-14
4.8116545354837913e-14
4.7990785949721656e-14
4.8073410079543397e-14
4.8322307577225066e-14
4.872232958836106e-14
4.925280018987588e-14
4.98991977158754e-14
5.0631137967066684e-14
5.1453779388674304e-14
5.233390473955186e-14
5.327777116708823e-14
5.42727554095372e-14
5.53032735721068e-14
5.635975062740624e-14
5.743261242245333e-14
5.853148881573115e-14
5.962790015476423e-14
6.073337220155064e-14
6.183763712884952e-14
6.293337688698834e-14
6.401939869272632e-14
6.509363670214528e-14
6.615663165320003e-14
6.720825003147094e-14
6.82335754230469e-14
6.924145446994915e-14
7.022379233885532e-14
7.118724900964521e-14
7.213235207021388e-14
7.304805124420857e-14
7.393751582743833e-14
7.480438886048506e-14
7.564574122143087e-14
7.646325672914793e-14
7.72531569976705e-14
7.802329214175817e-14
7.876404744717306e-14
7.948346424574191e-14
8.017612768840495e-14
8.084574150124023e-14
8.149199034445034e-14
8.211515306668649e-14
8.271531756786943e-14
8.329778411774232e-14
8.385555922010525e-14
8.43889483998268e-14
8.49067167089878e-14
8.54078143889877e-14
8.588489536267901e-14
8.634229872320506e-14
8.678264054087963e-14
8.721113497324526e-14
8.761752387042773e-14
8.800943488445042e-14
8.838509762780501e-14
8.874554799149683e-14
8.909387318711713e-14
8.942318424345552e-14
8.974127935631447e-14
9.004686884619345e-14
9.033959408466686e-14
9.061894542568283e-14
9.08874739694602e-14
9.114637453745846e-14
9.139389054994206e-14
9.162974858353724e-14
9.185607062870975e-14
9.207302444686667e-14
9.227763343228154e-14
9.247974430902742e-14
9.266856062596867e-14
9.284919018762103e-14
9.302407797869647e-14
9.319083769142333e-14
9.334968024145e-14
9.35013375988017e-14
9.364545624368909e-14
9.378773375255304e-14
9.392214764100935e-14
9.404958378799151e-14
9.4169214746786e-14
9.428809600510056e-14
9.439918148384104e-14
9.450536363702574e-14
9.46076166072463e-14
9.470519310741203e-14
9.479994381168552e-14
9.488951447598609e-14
9.497269989607482e-14
9.505527902186997e-14
9.513230931707626e-14
9.520645827150516e-14
9.527734555615818e-14
9.534502214568147e-14
9.541245033103381e-14
9.547339655152242e-14
9.553198494065449e-14
9.558911160396436e-14
9.564373107099077e-14
9.56961239503141e-14
9.574504365866356e-14
9.579214872888584e-14
9.583720570255185e-14
9.588077709263049e-14
9.592090316093986e-14
9.596140099359696e-14
9.59978971390315e-14
9.603393882025909e-14
9.606940420894735e-14
9.610139053783756e-14
9.613223448600219e-14
9.616296488490078e-14
9.619130705739386e-14
9.621911323574169e-14
9.62439838183015e-14
9.626942011613095e-14
9.62928494650536e-14
9.63153824171077e-14
9.633763425319045e-14
9.63581980716204e-14
9.637848074671725e-14
9.639641108991788e-14
9.641451050802458e-14
9.64318527200256e-14
9.644847036859388e-14
9.646445981564986e-14
9.647869190125095e-14
9.649300777953799e-14
9.650703469220096e-14
9.651952158135793e-14
9.653160058345095e-14
9.654420325685194e-14
9.655427052871335e-14
9.65654267494101e-14
9.657539249607712e-14
9.658562389569409e-14
9.659427981911798e-14
9.660358275159537e-14
9.661197631997074e-14
9.661973917510923e-14
9.662745711366939e-14
9.663493380750261e-14
9.664194601034632e-14
9.664802574016234e-14
9.665480641402523e-14
9.666025068274594e-14
9.66659890657683e-14
9.667074980553951e-14
9.667617287538728e-14
9.668094459903674e-14
9.66852726606156e-14
9.668942227630727e-14
9.669363152916185e-14
9.669715758492303e-14
9.670083955708424e-14
9.670435812689832e-14
9.670756048587272e-14
9.671026375863603e-14
9.671271113528121e-14
9.671536031068709e-14
9.67176289701345e-14
9.671935918988673e-14
9.672157540602587e-14
9.672351196074962e-14
9.672510414101048e-14
9.672671247057887e-14
9.672771982987168e-14
9.672902087240107e-14
9.67295936460585e-14
9.673074175717725e-14
9.673125741669034e-14
9.673170022346065e-14
9.673231959161142e-14
9.67321094470559e-14
9.673221574183699e-14
9.673198490269358e-14
9.673192004028805e-14
