3.931943601908566e-24
3.7469827980249325e-24
3.572509577861796e-24
3.408058473832509e-24
3.2531839720636563e-24
3.1074596733118757e-24
2.9704774928526693e-24
2.8418468965834205e-24
2.721194170808244e-24
2.6081617234477438e-24
2.5024074147381928e-24
2.403603915836017e-24
2.3114380941311833e-24
2.2256104244648737e-24
2.1458344258466582e-24
2.0718361236232307e-24
2.003353537360504e-24
1.9401361949262068e-24
1.881944673378923e-24
1.8285501672554564e-24
1.7797340847027724e-24
1.7352876716046772e-24
1.695011663437844e-24
1.658715964067569e-24
1.6262193501098219e-24
1.597349198885017e-24
1.5719412374275533e-24
1.5498393095422227e-24
1.5308951575607876e-24
1.514968215281171e-24
1.5019254085855638e-24
1.4916409604297359e-24
1.4839961972556492e-24
1.4788793543723723e-24
1.476185378433245e-24
1.4758157257627182e-24
1.4776781559123948e-24
1.4816865204038231e-24
1.487760547129433e-24
1.4958256212873444e-24
1.5058125640361457e-24
1.5176574102483106e-24
1.53130118683883e-24
1.5466896931469686e-24
1.5637732847881841e-24
1.5825066622641463e-24
1.6028486654645515e-24
1.6247620750103463e-24
1.6482134211961427e-24
1.6731728011071816e-24
1.6996137043051277e-24
1.7275128473195125e-24
1.7568500170421496e-24
1.7876079230002635e-24
1.8197720583884625e-24
1.8533305696616456e-24
1.888274134430495e-24
1.924595847359232e-24
1.9622911137354794e-24
2.0013575503650705e-24
2.0417948934357597e-24
2.083604912995556e-24
2.1267913336932366e-24
2.1713597614420292e-24
2.2173176156775475e-24
2.2646740668968784e-24
2.3134399791820024e-24
2.3636278574270407e-24
2.415251799005209e-24
2.4683274496281213e-24
2.5228719631674586e-24
2.578903965221276e-24
2.6364435202252014e-24
2.695512101920428e-24
2.756132567004336e-24
2.8183291318003676e-24
2.8821273517969792e-24
2.9475541039151627e-24
3.0146375713721764e-24
3.083407231021089e-24
3.1538938430528758e-24
3.2261294429543832e-24
3.300147335624865e-24
3.375982091560118e-24
3.453669545019145e-24
3.533246794093662e-24
3.614752202609106e-24
3.6982254037870015e-24
3.7837073056075374e-24
3.871240097813726e-24
3.960867260501597e-24
4.052633574250269e-24
4.146585131742213e-24
4.2427693508345655e-24
4.341234989040941e-24
4.442032159392426e-24
4.545212347639735e-24
4.650828430774167e-24
4.758934696836622e-24
4.8695868659945926e-24
4.982842112864461e-24
5.098759090062878e-24
5.217397952970421e-24
5.3388203856933214e-24
5.4630896282172425e-24
5.5902705047321285e-24
5.720429453140809e-24
5.853634555724077e-24
5.989955570972656e-24
6.129463966587152e-24
6.272232953632701e-24
6.418337521862772e-24
6.567854476209298e-24
6.720862474447041e-24
6.877442066037436e-24
7.037675732161448e-24
7.201647926948433e-24
7.369445119908876e-24
7.541155839600874e-24
7.716870718506697e-24
7.896682539189075e-24
8.080686281681368e-24
8.26897917217184e-24
8.461660733005e-24
8.658832833955295e-24
8.860599744891066e-24
9.067068189772395e-24
9.278347402047804e-24
9.494549181414587e-24
9.715787952089688e-24
9.94218082248191e-24
1.0173847646348848e-23
1.0410911085496662e-23
1.065349667403542e-23
1.0901732884127976e-23
1.1155751193446253e-23
1.1415686154216956e-23
1.1681675463904007e-23
1.1953860037693832e-23
1.2232384082581344e-23
1.2517395173421735e-23
1.2809044330571321e-23
1.3107486099602291e-23
1.3412878632770895e-23
1.372538377244708e-23
1.4045167136647808e-23
1.4372398206281482e-23
1.4707250414928655e-23
1.504990124020436e-23
1.5400532297843364e-23
1.575932943728239e-23
1.612648284045106e-23
1.6502187121848865e-23
1.6886641431776907e-23
1.7280049561514665e-23
1.768262005117327e-23
1.8094566300167867e-23
1.851610667975814e-23
1.8947464649179726e-23
1.9388868873122532e-23
1.984055334362113e-23
2.0302757503171633e-23
2.0775726371986392e-23
2.125971067717816e-23
2.1754966985834747e-23
2.2261757841002163e-23
2.2780351899868513e-23
2.3311024076875142e-23
2.385405568868104e-23
2.4409734603271615e-23
2.4978355392130742e-23
2.5560219486499194e-23
2.6155635336295565e-23
2.6764918574119827e-23
2.7388392181952885e-23
2.8026386661833986e-23
2.8679240210593453e-23
2.934729889973177e-23
3.003091685773627e-23
3.073045645661163e-23
3.144628850680053e-23
3.217879244896301e-23
3.2928356556281814e-23
3.36953781428909e-23
3.448026376827821e-23
3.528342945734155e-23
3.6105300917275665e-23
3.69463137617899e-23
3.780691374713735e-23
3.8687556997679535e-23
3.9588710255863984e-23
4.051085112670175e-23
4.145446832446344e-23
4.242006193866915e-23
4.340814369142058e-23
4.441923721086501e-23
4.5453878304013177e-23
4.651261524878855e-23
4.7596009066656656e-23
4.870463383503667e-23
4.9839076977379207e-23
