4.759723647325914e-23
4.7597198229145825e-23
4.75971539436591e-23
4.759710352152352e-23
4.7597046854564244e-23
4.759698382146694e-23
4.759691428751188e-23
4.759683810427852e-23
4.7596755109323254e-23
4.7596665125827426e-23
4.75965679622164e-23
4.759646341174611e-23
4.7596351252059754e-23
4.759623124471095e-23
4.7596103134653295e-23
4.7595966649695217e-23
4.759582149991895e-23
4.7595667377061623e-23
4.7595503953858713e-23
4.7595330883346394e-23
4.7595147798123056e-23
4.759495430956777e-23
4.7594750007013335e-23
4.759453445687264e-23
4.7594307201718263e-23
4.759406775930868e-23
4.7593815621565334e-23
4.7593550253491846e-23
4.7593271092039033e-23
4.759297754490776e-23
4.759266898929247e-23
4.7592344770558346e-23
4.75920042008514e-23
4.759164655763837e-23
4.759127108217268e-23
4.7590876977884446e-23
4.7590463408689264e-23
4.7590029497213415e-23
4.7589574322932216e-23
4.758909692021591e-23
4.7588596276280315e-23
4.7588071329037194e-23
4.758752096484034e-23
4.7586944016121714e-23
4.758633925891359e-23
4.758570541025093e-23
4.7585041125448115e-23
4.758434499524497e-23
4.7583615542816e-23
4.758285122063516e-23
4.7582050407191984e-23
4.7581211403548705e-23
4.7580332429735203e-23
4.757941162096946e-23
4.757844702369997e-23
4.757743659145815e-23
4.757637818051401e-23
4.757526954532515e-23
4.75741083337688e-23
4.7572892082148823e-23
4.757161820996396e-23
4.7570284014428816e-23
4.75688866647347e-23
4.7567423196037976e-23
4.7565890503164545e-23
4.7564285334014247e-23
4.7562604282654466e-23
4.7560843782085586e-23
4.755900009666426e-23
4.7557069314167857e-23
4.755504733748299e-23
4.7552929875901103e-23
4.755071243600198e-23
4.754839031210495e-23
4.754595857626942e-23
4.7543412067821455e-23
4.7540745382385166e-23
4.7537952860393867e-23
4.753502857505965e-23
4.7531966319771557e-23
4.752875959489817e-23
4.7525401593966023e-23
4.752188518918258e-23
4.7518202916275066e-23
4.751434695861065e-23
4.7510309130565105e-23
4.7506080860103444e-23
4.750165317053627e-23
4.749701666141081e-23
4.74921614884973e-23
4.748707734282671e-23
4.748175342873457e-23
4.7476178440863977e-23
4.747034054007829e-23
4.746422732823096e-23
4.745782582173805e-23
4.74511224238965e-23
4.744410289588935e-23
4.7436752326411755e-23
4.742905509985589e-23
4.7420994862983514e-23
4.741255449001313e-23
4.7403716046048265e-23
4.739446074876411e-23
4.738476892827175e-23
4.737461998507023e-23
4.7363992345995765e-23
4.735286341807088e-23
4.7341209540152713e-23
4.7329005932273534e-23
4.731622664256347e-23
4.730284449163647e-23
4.7288831014317835e-23
4.7274156398584854e-23
4.7258789421583354e-23
4.7242697382580715e-23
4.722584603270313e-23
4.720819950130206e-23
4.718972021878586e-23
4.717036883574142e-23
4.715010413816554e-23
4.712888295861494e-23
4.7106660083073476e-23
4.708338815332584e-23
4.705901756461616e-23
4.703349635835611e-23
4.700677010964057e-23
4.6978781809308975e-23
4.694947174028245e-23
4.691877734788967e-23
4.688663310388136e-23
4.685297036381526e-23
4.681771721747746e-23
4.678079833198901e-23
4.674213478722536e-23
4.670164390315939e-23
4.66592390587145e-23
4.661482950169229e-23
4.65683201493177e-23
4.6519611378915893e-23
4.646859880820954e-23
4.6415173064695894e-23
4.635921954353491e-23
4.6300618153341375e-23
4.6239243049246985e-23
4.6174962352553665e-23
4.610763785626564e-23
4.6037124715744074e-23
4.596327112367988e-23
4.5885917968539055e-23
4.5804898475575085e-23
4.572003782945623e-23
4.5631152777490263e-23
4.5538051212369674e-23
4.544053173328988e-23
4.5338383184222967e-23
4.523138416804978e-23
4.511930253516745e-23
4.50018948451014e-23
4.487890579955222e-23
4.475006764520014e-23
4.4615099544479583e-23
4.4473706912409533e-23
4.4325580717434285e-23
4.417039674408402e-23
4.4007814815106936e-23
4.3837477970556066e-23
4.365901160112746e-23
4.347202253284571e-23
4.327609805997392e-23
4.30708049227839e-23
4.285568822656339e-23
4.26302702979496e-23
4.2394049474366407e-23
4.214649882199802e-23
4.188706477735858e-23
4.161516570709911e-23
4.133019038024303e-23
4.10314963465361e-23
4.0718408214046366e-23
4.039021581853883e-23
4.0046172276475284e-23
3.9685491912741914e-23
3.9307348053383605e-23
3.8910870672704376e-23
3.8495143883080134e-23
3.8059203254698393e-23
3.760203295119179e-23
3.712256266573831e-23
3.661966434066177e-23
3.6092148651860285e-23
3.553876123749981e-23
3.495817864833877e-23
3.43490039947722e-23
3.370976226322645e-23
3.303889527189615e-23
3.2334756233067656e-23
3.159560388650387e-23
3.0819596165768926e-23
3.0004783357289313e-23
2.914910071095853e-23
