3.38196729339305e-24
3.377912622236682e-24
3.374094532839451e-24
3.370500021232511e-24
3.367116970343562e-24
3.363934091141295e-24
3.360940868093558e-24
3.358127508652518e-24
3.355484896496358e-24
3.353004548274539e-24
3.350678573619308e-24
3.3484996382018776e-24
3.3464609296266675e-24
3.34455612597138e-24
3.342779366794161e-24
3.3411252264422946e-24
3.339588689508997e-24
3.3381651282967895e-24
3.336850282156741e-24
3.335640238583628e-24
3.3345314159565295e-24
3.3335205478241935e-24
3.332604668642866e-24
3.331781100882905e-24
3.331047443428228e-24
3.3304015612001846e-24
3.329841575944486e-24
3.3293658581264175e-24
3.328973019886289e-24
3.328661909012851e-24
3.3284316038983425e-24
3.328281409444819e-24
3.328210853896304e-24
3.328219686577099e-24
3.328307876521453e-24
3.328475611984996e-24
3.328723300833402e-24
3.329051571808512e-24
3.329461276677232e-24
3.329953493273638e-24
3.330529529449396e-24
3.3311909279529765e-24
3.331939472263316e-24
3.332777193408745e-24
3.33370637780774e-24
3.3347295761734345e-24
3.335849613530111e-24
3.3370696003956395e-24
3.3383929451905275e-24
3.3398233679408536e-24
3.3413649153494014e-24
3.343021977316696e-24
3.3447993050014724e-24
3.34670203051818e-24
3.3487356883778485e-24
3.350906238787458e-24
3.3532200929326496e-24
3.355684140378469e-24
3.3583057787330656e-24
3.361092945730504e-24
3.3640541538997715e-24
3.367198527999052e-24
3.370535845406443e-24
3.374076579670774e-24
3.377831947438976e-24
3.381813958989593e-24
3.386035472614976e-24
3.3905102531080914e-24
3.395253034622617e-24
3.400279588187781e-24
3.405606794171451e-24
3.4112527199961154e-24
3.417236703422627e-24
3.423579441725131e-24
3.430303087087194e-24
3.4374313485536876e-24
3.4449896008740865e-24
3.453005000571043e-24
3.4615066095615536e-24
3.4705255266471435e-24
3.480095027172358e-24
3.49025071112771e-24
3.501030659942396e-24
3.512475602172886e-24
3.5246290882451906e-24
3.537537674350019e-24
3.5512511155204175e-24
3.56582256783997e-24
3.581308799635905e-24
3.597770411404266e-24
3.615272064094999e-24
3.633882715251595e-24
3.6536758623554765e-24
3.6747297925690065e-24
3.6971278379063816e-24
3.7209586346893254e-24
3.746316385969642e-24
3.773301125426003e-24
3.802018981073808e-24
3.8325824369695076e-24
3.865110590952636e-24
3.8997294063550914e-24
3.9365719555282905e-24
3.975778653000492e-24
4.017497476088194e-24
4.061884170853832e-24
4.1091024414326256e-24
4.1593241209497995e-24
4.212729322517359e-24
4.2695065691356085e-24
4.329852901726595e-24
4.393973964985482e-24
4.462084071241797e-24
4.534406243058907e-24
4.611172235850235e-24
4.6926225423327194e-24
4.779006381149801e-24
4.870581672451998e-24
4.967615003603719e-24
5.07038158846559e-24
5.179165223867014e-24
5.2942582469205176e-24
5.415961496729763e-24
5.544584283807385e-24
5.680444370150565e-24
5.823867962435176e-24
5.9751897201992476e-24
6.134752780216312e-24
6.302908797532408e-24
6.4800180028865136e-24
6.666449275475075e-24
6.862580229289378e-24
7.068797310564232e-24
7.28549590325597e-24
7.513080438924896e-24
7.751964506948164e-24
8.002570960635962e-24
8.265332014572972e-24
8.540689328353495e-24
8.829094071819214e-24
9.131006966939033e-24
9.446898301578782e-24
9.777247910589494e-24
1.012254511988587e-23
1.0483288649483298e-23
1.0859986471803854e-23
1.1253155621945724e-23
1.1663321957021915e-23
1.2091019862119654e-23
1.253679190089803e-23
1.3001188409329278e-23
1.348476703159436e-23
1.398809219766708e-23
1.451173454265403e-23
1.5056270268507207e-23
1.5622280449278206e-23
1.621035028164531e-23
1.6821068283006297e-23
1.7455025439985767e-23
1.8112814310757686e-23
1.8795028085112726e-23
1.9502259606711868e-23
2.0235100362441346e-23
2.0994139444221548e-23
2.1779962489002938e-23
2.2593150603004184e-23
2.3434279276496434e-23
2.4303917295599528e-23
2.520262565762959e-23
2.6130956496501453e-23
2.708945202454677e-23
2.8078643496838473e-23
2.909905020372857e-23
3.015117849677239e-23
3.1235520852571653e-23
3.2352554978268494e-23
3.3502742961518304e-23
3.4686530466713735e-23
3.5904345978080477e-23
3.715660008899154e-23
3.84436848354737e-23
3.9765973070436256e-23
4.112381787361153e-23
4.251755199062742e-23
4.3947487293006504e-23
4.54139142492319e-23
4.691710139536628e-23
4.845729479205226e-23
5.003471745307476e-23
5.1649568729030095e-23
5.330202362807227e-23
5.499223205409542e-23
5.672031794118865e-23
5.848637826164799e-23
6.02904818832852e-23
6.213266825022576e-23
6.401294585976778e-23
6.59312905062031e-23
6.788764326068141e-23
6.988190815422388e-23
7.191394952879449e-23
