4.152348539385992e-23
4.17836354295293e-23
4.203127936470131e-23
4.226694266187986e-23
4.249112533383324e-23
4.270430300529746e-23
4.290692792266275e-23
4.309942991376666e-23
4.328221729985132e-23
4.345567776160295e-23
4.362017916113315e-23
4.3776070321603257e-23
4.392368176618165e-23
4.4063326417863063e-23
4.4195300261630784e-23
4.431988297035623e-23
4.443733849573839e-23
4.454791562552501e-23
4.465184850815876e-23
4.4749357145954433e-23
4.4840647857801614e-23
4.492591371235436e-23
4.5005334932571816e-23
4.5079079272437027e-23
4.514730236660289e-23
4.521014805362699e-23
4.52677486734625e-23
4.5320225339709597e-23
4.536768818719879e-23
4.541023659526628e-23
4.544795938718043e-23
4.548093500596924e-23
4.5509231666955737e-23
4.5532907487168e-23
4.555201059177323e-23
4.556657919759008e-23
4.557664167370531e-23
4.5582216579099804e-23
4.558331267719166e-23
4.557992892705332e-23
4.5572054451046906e-23
4.555966847852333e-23
4.554274026513379e-23
4.5521228987230985e-23
4.549508361075944e-23
4.546424273390668e-23
4.542863440269738e-23
4.5388175898622925e-23
4.534277349723999e-23
4.5292322196579074e-23
4.523670541404642e-23
4.5175794650355784e-23
4.510944911887891e-23
4.503751533859206e-23
4.4959826688656156e-23
4.487620292238758e-23
4.4786449638208363e-23
4.4690357704863386e-23
4.4587702637928736e-23
4.447824392432648e-23
4.4361724291180824e-23
4.4237868915022094e-23
4.410638456684601e-23
4.396695868811916e-23
4.381925839225241e-23
4.366292938544877e-23
4.349759480020271e-23
4.332285393393959e-23
4.313828088440969e-23
4.2943423072543906e-23
4.273779964230748e-23
4.2520899725928895e-23
4.2292180561386393e-23
4.205106544748906e-23
4.179694152002286e-23
4.1529157330323646e-23
4.124702020524552e-23
4.0949793364683506e-23
4.0636692769656893e-23
4.030688367018128e-23
3.995947681794923e-23
3.9593524303795603e-23
3.920801497412103e-23
3.880186937368404e-23
3.8373934154187966e-23
3.7922975878729575e-23
3.744767414117631e-23
3.6946613906475283e-23
3.6418276962398704e-23
3.5861032354839633e-23
3.527312565668883e-23
3.4652666893952066e-23
3.399761692091062e-23
3.330577199771427e-23
3.2574746277105976e-23
3.1801951850145204e-23
3.0984575931148975e-23
3.011955467652794e-23
2.920354302645105e-23
2.8232879827104826e-23
2.720354732776563e-23
2.611112394206029e-23
2.4950728905037977e-23
2.3716957132716304e-23
2.240380217941566e-23
2.1004564669418302e-23
1.951174293031719e-23
1.7916901764279748e-23
1.6210514399483988e-23
1.4381771889821784e-23
1.241835449629448e-23
1.0306164705155162e-23
8.029050078084396e-24
5.5687183620218865e-24
2.9068341038593135e-24
3.133213775114853e-25
3.1970346302247663e-24
6.659993674851593e-24
1.0476983328186782e-23
1.4700527225235918e-23
1.9400122940534652e-23
2.466420092243415e-23
3.06063293097966e-23
3.7374764842024936e-23
4.5166927758083594e-23
5.425187634536733e-23
6.500640954997151e-23
7.797550204985306e-23
9.397861679425843e-23
1.1430840576684877e-22
1.4113132298639887e-22
1.7837828830175884e-22
2.3400365642298446e-22
3.269075131064172e-22
5.156255349233161e-22
1.115796333052487e-21
7.847498633447685e-21
9.589190618715256e-22
5.111630036559926e-22
3.5026696912784257e-22
2.665675086548393e-22
2.146120283732897e-22
1.787287223728236e-22
1.5206788072728068e-22
1.3115821996490963e-22
1.1405095255150992e-22
9.95660645273121e-23
8.694591879427721e-23
7.56805926689637e-23
6.541319960456288e-23
5.588549435855949e-23
4.690509534848473e-23
3.83249426162707e-23
3.003003215514914e-23
2.1928794763155665e-23
1.3948375580957684e-23
6.042913312097182e-24
2.1023231069542652e-24
9.960527114844158e-24
1.801752719139904e-23
2.620862615698556e-23
3.456146585770576e-23
4.3105967875765035e-23
5.187115732686012e-23
6.088498952722837e-23
7.017455940607169e-23
7.976635684205529e-23
8.968650524406806e-23
9.996097269449602e-23
1.1061575687685818e-22
1.21677047690372e-22
1.3317137159579287e-22
1.4512572128511702e-22
1.5756767368119124e-22
1.7052549877016133e-22
1.8402826128805819e-22
1.9810591692926445e-22
2.127894044800793e-22
2.2811073496630337e-22
2.441030788299556e-22
2.608008518759019e-22
2.782398007580297e-22
2.9645708842707737e-22
3.1549138027135315e-22
3.353829311384544e-22
3.561736738627628e-22
3.779073094838165e-22
4.006293994790892e-22
4.243874604711073e-22
4.492310613483657e-22
4.752119233607485e-22
5.023840232760906e-22
5.308036997176746e-22
5.605297629929431e-22
5.916236086534296e-22
6.241493348023298e-22
6.581738635645727e-22
6.9376706628425535e-22
7.3100189373110885e-22
7.699545102550571e-22
8.107044324677035e-22
