2.771155727925824e-23
2.7682816441954666e-23
2.765481776513905e-23
2.762750182758171e-23
2.760081065913353e-23
2.757468761751838e-23
2.7549077267964215e-23
2.7523925265415424e-23
2.7499178239075454e-23
2.747478367903266e-23
2.7450689824728514e-23
2.7426845555028834e-23
2.740320027966535e-23
2.737970383181502e-23
2.735630636158971e-23
2.7332958230207443e-23
2.730960990462274e-23
2.7286211852388895e-23
2.726271443653155e-23
2.723906781020755e-23
2.721522181092696e-23
2.719112585411285e-23
2.71667288257722e-23
2.7141978974051525e-23
2.711682379944564e-23
2.7091209943427103e-23
2.7065083075260156e-23
2.703838777675904e-23
2.701106742474624e-23
2.698306407096132e-23
2.6954318319166305e-23
2.692476919918699e-23
2.689435403762303e-23
2.6863008324953825e-23
2.683066557875776e-23
2.6797257202756575e-23
2.676271234138557e-23
2.6726957729582745e-23
2.6689917537478696e-23
2.66515132096598e-23
2.6611663298664015e-23
2.6570283292358706e-23
2.6527285434835393e-23
2.6482578540443623e-23
2.643606780057212e-23
2.6387654582769343e-23
2.633723622178092e-23
2.6284705802063556e-23
2.6229951931318188e-23
2.6172858504566152e-23
2.611330445827342e-23
2.6051163514005688e-23
2.5986303911079225e-23
2.591858812764533e-23
2.5847872589627318e-23
2.5774007366901314e-23
2.5696835856087578e-23
2.5616194449293315e-23
2.5531912188118138e-23
2.5443810402206467e-23
2.5351702331599517e-23
2.5255392732108873e-23
2.5154677462902186e-23
2.5049343055456883e-23
2.4939166263004147e-23
2.4823913589550492e-23
2.47033407975278e-23
2.4577192393086347e-23
2.4445201088008413e-23
2.4307087237182724e-23
2.416255825054393e-23
2.4011307978344617e-23
2.3853016068592976e-23
2.3687347295456852e-23
2.351395085740692e-23
2.33324596438453e-23
2.31424894689503e-23
2.2943638271456808e-23
2.273548527909652e-23
2.251759013643881e-23
2.2289491994911654e-23
2.2050708563852834e-23
2.1800735121536514e-23
2.153904348528235e-23
2.1265080939958908e-23
2.097826912450508e-23
2.0678002876502357e-23
2.036364903540973e-23
2.0034545205852253e-23
1.968999848343444e-23
1.93292841470194e-23
1.8951644323450857e-23
1.8556286633514888e-23
1.8142382831876192e-23
1.7709067459283607e-23
1.725543653325633e-23
1.6780546314890486e-23
1.6283412206133466e-23
1.5763007856690343e-23
1.5218264597213656e-23
1.464807137314432e-23
1.4051275444340857e-23
1.3426684261787004e-23
1.2773069174323398e-23
1.2089172029966328e-23
1.1373716461488483e-23
1.0625426973206999e-23
9.843061484647799e-24
9.025468096821445e-24
8.171687766692312e-24
7.281149629850337e-24
6.354068345893435e-24
5.39232680813738e-24
4.401678494374109e-24
3.398158703658291e-24
2.430831263872713e-24
1.6761075679268587e-24
1.6245781488116572e-24
2.4153443286595084e-24
3.588548981072593e-24
4.930460395739312e-24
6.3818432111146265e-24
7.92452158706557e-24
9.552886539932354e-24
1.1266097923919214e-23
1.3065483518062313e-23
1.4953522095266595e-23
1.693339607764561e-23
1.9008777308320117e-23
2.1183718507400318e-23
2.3462596792910336e-23
2.5850084708702542e-23
2.835113670302157e-23
3.097098478826969e-23
3.371513996142706e-23
3.658939744276606e-23
3.959984459310986e-23
4.275287082336752e-23
4.6055179075497054e-23
4.9513798614426903e-23
5.313609897022352e-23
5.692980493356201e-23
6.090301254937669e-23
6.506420608169227e-23
6.9422275942033e-23
7.398653758749431e-23
7.876675140449711e-23
8.377314360157349e-23
8.901642814012618e-23
9.450782973636742e-23
1.002591079710321e-22
1.0628258254602906e-22
1.125911597292435e-22
1.1919836003016132e-22
1.261183471499569e-22
1.3336595825016858e-22
1.4095673558396236e-22
1.4890695953333779e-22
1.572336830942272e-22
1.659547678492716e-22
1.7508892146493754e-22
1.8465573674542834e-22
1.9467573227038058e-22
2.051703946362059e-22
2.161622223121958e-22
2.276747711114632e-22
2.3973270126331295e-22
2.523618260571771e-22
2.655891620082893e-22
2.7944298047123653e-22
2.9395286059862156e-22
3.0914974350758273e-22
3.2506598747576915e-22
3.4173542393944464e-22
3.591934140085879e-22
3.7747690514511363e-22
3.966244875698535e-22
4.1667644986847068e-22
4.376748331548142e-22
4.596634830190259e-22
4.826880983340698e-22
5.067962758148003e-22
5.32037549014294e-22
5.584634201982741e-22
5.861273832549208e-22
6.150849354689264e-22
6.453935756085001e-22
6.77112785335134e-22
7.103039904421165e-22
7.450304978484762e-22
7.813574036150197e-22
8.193514664972677e-22
8.590809406995282e-22
9.006153605378329e-22
9.440252686503342e-22
9.893818782088952e-22
1.0367566582867599e-21
1.0862208301292519e-21
1.137844760572441e-21
1.1916972372864295e-21
1.2478446089228906e-21
