3.4646314563125676e-24
3.257176040632536e-24
3.06173135997533e-24
2.8776838064609196e-24
2.704449802852258e-24
2.5414748486903772e-24
2.3882326092735896e-24
2.244224044701784e-24
2.108976575798725e-24
1.982043283079095e-24
1.8630021339739235e-24
1.751455232225997e-24
1.6470280816309246e-24
1.5493688541161403e-24
1.4581476494450062e-24
1.3730557306774276e-24
1.2938047159611139e-24
1.2201257035189896e-24
1.151768303213797e-24
1.0884995454435224e-24
1.0301026372478162e-24
9.763755375782348e-25
9.271293301122385e-25
8.8218638421495e-25
8.413783137664037e-25
8.045437698385548e-25
7.71526135319594e-25
7.421712241894882e-25
7.163251195714228e-25
6.938323054762072e-25
6.745342496110609e-25
6.582685730222767e-25
6.448688955365223e-25
6.341653789281168e-25
6.259859133866223e-25
6.2015782155619685e-25
6.165099019622122e-25
6.1487460926060285e-25
6.150901746751155e-25
6.170025015391963e-25
6.204667186577177e-25
6.253483274254286e-25
6.315239279208344e-25
6.388815483722601e-25
6.473206288457865e-25
6.567517240514003e-25
6.670959939517129e-25
6.7828454730055765e-25
6.90257695216153e-25
7.029641617958732e-25
7.163602883353842e-25
7.304092580218804e-25
7.450803596081694e-25
7.603483017497831e-25
7.76192584376506e-25
7.9259692951191995e-25
8.095487711374734e-25
8.270388017909484e-25
8.450605723947929e-25
8.636101411334182e-25
8.826857669084716e-25
9.02287642869177e-25
9.22417665660186e-25
9.430792362814684e-25
9.642770887717453e-25
9.860171432659017e-25
1.0083063803276444e-24
1.0311527337949003e-24
1.0545649996936837e-24
1.0785527590728736e-24
1.1031263128784843e-24
1.1282966272281067e-24
1.154075287661768e-24
1.1804744611353286e-24
1.2075068646880523e-24
1.2351857398666004e-24
1.2635248321109057e-24
1.29253837442122e-24
1.3222410747214773e-24
1.3526481064163264e-24
1.3837751017120956e-24
1.4156381473341396e-24
1.4482537823258284e-24
1.4816389976591675e-24
1.5158112374300207e-24
1.5507884014409036e-24
1.5865888490060553e-24
1.623231403836805e-24
1.660735359887504e-24
1.6991204880611885e-24
1.7384070436871414e-24
1.7786157747009338e-24
1.8197679304626594e-24
1.86188527116515e-24
1.904990077787701e-24
1.9491051625614037e-24
1.9942538799156276e-24
2.0404601378844284e-24
2.087748409948513e-24
2.136143747304282e-24
2.185671791545665e-24
2.236358787743221e-24
2.2882315979271892e-24
2.3413177149575173e-24
2.3956452767880558e-24
2.4512430811170258e-24
2.5081406004299433e-24
2.5663679974345045e-24
2.6259561408852303e-24
2.6869366218238164e-24
2.749341770196302e-24
2.8132046719109733e-24
2.878559186289674e-24
2.945439963949809e-24
3.013882465127762e-24
3.083922978415994e-24
3.1555986399692637e-24
3.2289474531765337e-24
3.304008308751776e-24
3.3808210053567745e-24
3.4594262706780875e-24
3.5398657829978925e-24
3.62218219329487e-24
3.706419147844638e-24
3.7926213113449366e-24
3.880834390624965e-24
3.97110515882035e-24
4.063481480255502e-24
4.158012335751885e-24
4.254747848620181e-24
4.35373931127015e-24
4.455039212368493e-24
4.5587012647287985e-24
4.664780433730503e-24
4.773332966582028e-24
4.884416421950207e-24
4.9980897007688945e-24
5.114413077210311e-24
5.233448230895726e-24
5.355258279493396e-24
5.479907812038862e-24
5.607462923567027e-24
5.7379912498205355e-24
5.8715620036178725e-24
6.008246010637286e-24
6.148115748131875e-24
6.2912453828384965e-24
6.43771080984901e-24
6.587589693989161e-24
6.740961509906504e-24
6.897907585362211e-24
7.058511142948009e-24
7.222857345582732e-24
7.391033341522443e-24
7.563128309733853e-24
7.739233507595763e-24
7.919442320520892e-24
8.103850309922833e-24
8.292555264278243e-24
8.48565724993245e-24
8.683258671415662e-24
8.885464313010068e-24
9.092381403680234e-24
9.304119674605071e-24
9.520791410591497e-24
9.742511516557233e-24
9.969397571177746e-24
1.0201569901420185e-23
1.0439151632317871e-23
1.068226875957478e-23
1.0931050222998649e-23
1.118562795708823e-23
1.1446136979865656e-23
1.1712715456616865e-23
1.198550475976957e-23
1.2264649586821078e-23
1.2550297974787518e-23
1.284260143866327e-23
1.314171500933518e-23
1.3447797331088703e-23
1.3761010768000076e-23
1.4081521451086834e-23
1.4409499386474695e-23
1.4745118541658263e-23
1.5088556970094073e-23
1.5439996844751418e-23
1.5799624592063575e-23
1.6167630996987072e-23
1.6544211275109088e-23
1.6929565214893073e-23
1.7323897250864295e-23
1.7727416667319214e-23
1.8140337450524102e-23
1.856287879107952e-23
1.8995264806766428e-23
1.9437725006475485e-23
1.9890494127706467e-23
2.0353812421683145e-23
2.0827925915988814e-23
2.1313085997774317e-23
2.1809550339858614e-23
