1.1212825549228565e-23
1.110135377290527e-23
1.101219041876242e-23
1.0944501295337759e-23
1.0897494656812501e-23
1.0870419879522234e-23
1.0862566187644668e-23
1.0873261423675433e-23
1.090187085988165e-23
1.0947796047330737e-23
1.1010473699650504e-23
1.108937460901804e-23
1.1184002592363701e-23
1.1293893466105336e-23
1.1418614048019312e-23
1.1557761185236897e-23
1.1710960807528969e-23
1.187786700529238e-23
1.2058161131871865e-23
1.2251550929905222e-23
1.2457769681667349e-23
1.2676575383338385e-23
1.2907749943249625e-23
1.3151098404283614e-23
1.3406448190514663e-23
1.367364837831646e-23
1.3952568992084226e-23
1.4243100324738603e-23
1.4545152283193998e-23
1.48586537588885e-23
1.518355202346953e-23
1.551981214968886e-23
1.5867416457545672e-23
1.62263639855945e-23
1.6596669987360398e-23
1.697836545273809e-23
1.7371496654220885e-23
1.777612471766066e-23
1.8192325217425742e-23
1.8620187795523882e-23
1.9059815804476573e-23
1.9511325973446507e-23
1.9974848097392767e-23
2.0450524748617985e-23
2.093851101046845e-23
2.1438974232540043e-23
2.1952093807078873e-23
2.247806096592312e-23
2.3017078597644346e-23
2.356936108420244e-23
2.413513415683158e-23
2.4714634770440718e-23
2.5308110996123302e-23
2.5915821931332207e-23
2.6538037627081976e-23
2.7175039031862495e-23
2.782711795168389e-23
2.8494577025843526e-23
2.9177729717937657e-23
2.987690032175478e-23
3.059242398159676e-23
3.132464672665347e-23
3.2073925518954086e-23
3.284062831475416e-23
3.362513413884535e-23
3.442783317144099e-23
3.524912684750397e-23
3.608942796807953e-23
3.694916082344261e-23
3.782876132774639e-23
3.8728677165059466e-23
3.9649367946448074e-23
4.059130537799515e-23
4.155497343949138e-23
4.2540868573835536e-23
4.3549499886674846e-23
4.458138935654582e-23
4.5637072054965466e-23
4.671709637695877e-23
4.7822024281102825e-23
4.8952431540057303e-23
5.010890800055189e-23
5.129205785343973e-23
5.250249991348665e-23
5.374086790900524e-23
5.500781078129232e-23
5.630399299372258e-23
5.763009485091912e-23
5.898681282761436e-23
6.037485990733723e-23
6.179496593127037e-23
6.324787795684571e-23
6.473436062663787e-23
6.625519654721555e-23
6.781118667837735e-23
6.940315073251998e-23
7.10319275846192e-23
7.269837569270997e-23
7.440337352880215e-23
7.614782002076668e-23
7.793263500503963e-23
7.975875969034877e-23
8.162715713256497e-23
8.353881272078614e-23
8.549473467499486e-23
8.749595455519948e-23
8.954352778227046e-23
9.163853417078835e-23
9.37820784737622e-23
9.597529093977762e-23
9.821932788220045e-23
1.0051537226126821e-22
1.0286463427836845e-22
1.0526835198381574e-22
1.077277918969936e-22
1.1024424964005722e-22
1.1281905058471408e-22
1.154535505127329e-22
1.181491362896986e-22
1.209072265529086e-22
1.2372927241302697e-22
1.2661675816952416e-22
1.2957120204077413e-22
1.325941569077292e-22
1.3568721107287407e-22
1.38851989032444e-22
1.4209015226474073e-22
1.4540340003128322e-22
1.487934701940746e-22
1.5226214004693609e-22
1.5581122716115735e-22
1.5944259024699503e-22
1.6315813002842397e-22
1.6695979013344365e-22
1.7084955799881064e-22
1.7482946578811966e-22
1.7890159132600712e-22
1.8306805904441851e-22
1.8733104094398034e-22
1.9169275756853417e-22
1.9615547899181866e-22
2.0072152581910879e-22
2.0539327019953526e-22
2.1017313685032563e-22
2.1506360409299857e-22
2.200672048998343e-22
2.2518652795091383e-22
2.304242186988816e-22
2.3578298044250646e-22
2.4126557540958926e-22
2.4687482584132634e-22
2.5261361508627495e-22
2.5848488869467446e-22
2.6449165551778313e-22
2.7063698880256114e-22
2.7692402729083974e-22
2.8335597631316916e-22
2.899361088729337e-22
2.966677667284568e-22
3.0355436146264297e-22
3.105993755381271e-22
3.1780636333803465e-22
3.2517895218335033e-22
3.327208433364045e-22
3.4043581296026394e-22
3.4832771307079936e-22
3.5640047243132323e-22
3.6465809741423085e-22
3.731046728153942e-22
3.817443626321429e-22
3.9058141074904306e-22
3.996201415831321e-22
4.0886496067189852e-22
4.183203551270898e-22
4.279908940473769e-22
4.378812288444518e-22
4.479960933736598e-22
4.583403040732217e-22
4.689187598512308e-22
4.797364419208363e-22
4.90798413404689e-22
5.021098188504927e-22
5.136758834658351e-22
5.2550191220127925e-22
5.375932886651379e-22
5.499554736228345e-22
5.625940034762529e-22
5.755144881720779e-22
5.887226091131183e-22
6.022241164577419e-22
6.16024826239553e-22
6.301306169272542e-22
6.445474256905503e-22
6.592812441931936e-22
6.743381138756865e-22
6.897241203508352e-22
7.054453880169974e-22
7.215080733025436e-22
7.379183569313994e-22
7.546824371368453e-22
7.718065196723426e-22
