1.2390914110112389e-23
1.2882310985393903e-23
1.3348695213813737e-23
1.3791055927353177e-23
1.4210331345137104e-23
1.4607410738803464e-23
1.4983136301075197e-23
1.5338304919200732e-23
1.5673669855494747e-23
1.5989942337500228e-23
1.6287793060432264e-23
1.6567853604573145e-23
1.6830717770266828e-23
1.707694283307171e-23
1.7307050721528265e-23
1.7521529119878416e-23
1.7720832497956643e-23
1.7905383070331173e-23
1.807557168661831e-23
1.823175865480802e-23
1.8374274499235664e-23
1.850342065475718e-23
1.8619470098504737e-23
1.87226679204988e-23
1.8813231834235542e-23
1.88913526282398e-23
1.8957194559472827e-23
1.9010895689286567e-23
1.9052568162569383e-23
1.9082298430523556e-23
1.9100147417430704e-23
1.9106150631609894e-23
1.910031822065647e-23
1.9082634970879844e-23
1.9053060250789563e-23
1.9011527898265756e-23
1.8957946050972924e-23
1.889219691939116e-23
1.8814136501725858e-23
1.8723594239790045e-23
1.8620372614789603e-23
1.8504246681818544e-23
1.8374963541681594e-23
1.823224174848612e-23
1.8075770651309888e-23
1.7905209668024968e-23
1.7720187489204374e-23
1.7520301209829418e-23
1.7305115386325748e-23
1.707416101623939e-23
1.6826934437679574e-23
1.6562896145401128e-23
1.6281469520247492e-23
1.5982039468422272e-23
1.5663950966896954e-23
1.5326507511089425e-23
1.496896946086239e-23
1.459055228081841e-23
1.419042467102413e-23
1.376770658458937e-23
1.332146712919179e-23
1.2850722350925146e-23
1.235443290099636e-23
1.1831501589707925e-23
1.1280770838764709e-23
1.0701020054715244e-23
1.0090962967449686e-23
9.449245016868204e-24
8.774440946505433e-24
8.065052916368006e-24
7.319509777528022e-24
6.536168916381996e-24
5.713324019660963e-24
4.8492276570365616e-24
3.942156056346938e-24
2.9906199969370544e-24
1.994270688813415e-24
9.61019351417413e-25
3.1651406514509503e-25
1.3644932884167939e-24
2.570104902889606e-24
3.843775646435418e-24
5.1831416253161566e-24
6.590132130781109e-24
8.067642145483174e-24
9.618990068220441e-24
1.124778138088857e-23
1.2957869389651773e-23
1.475334687098772e-23
1.6638549862280543e-23
1.861806721797333e-23
2.0696753482362726e-23
2.2879744070630914e-23
2.5172472342329053e-23
2.758068842071933e-23
3.01104797473475e-23
3.276829343685537e-23
3.556096054640405e-23
3.849572240989347e-23
4.158025921794861e-23
4.482272105396145e-23
4.823176162597397e-23
5.181657496585412e-23
5.558693540253934e-23
5.955324115487506e-23
6.372656193290446e-23
6.811869098779691e-23
7.274220210596863e-23
7.761051210932599e-23
8.273794949696468e-23
8.813982995139248e-23
9.3832539529992e-23
9.983362647803111e-23
1.0616190272958604e-22
1.1283755633044558e-22
1.1988227617107912e-22
1.273193906581295e-22
1.3517402218319558e-22
1.4347325953231054e-22
1.5224635075142822e-22
1.6152491933870739e-22
1.713432071652225e-22
1.8173834807315702e-22
1.9275067674727714e-22
2.0442407839208607e-22
2.168063855232095e-22
2.2994982963793025e-22
2.439115566698594e-22
2.5875421719919286e-22
2.745466442120514e-22
2.9136463417579787e-22
3.092918500387526e-22
3.284208693087084e-22
3.4885440490773764e-22
3.707067329935987e-22
3.941053703700296e-22
4.1919305303199516e-22
4.461300816817323e-22
4.750971162774277e-22
5.062985218507177e-22
5.399663990409345e-22
5.76365466706941e-22
6.157990146266256e-22
6.586162111811249e-22
7.052211394839715e-22
7.560840596015038e-22
8.117555557205657e-22
8.72884492007232e-22
9.40240980102763e-22
1.0147461559525433e-21
1.0975111008265669e-21
1.189888553169923e-21
1.29354238539571e-21
1.4105425190299607e-21
1.5434968840887974e-21
1.6957382020752242e-21
1.87159443498411e-21
2.0767898005303057e-21
2.319056272753677e-21
2.609096316459042e-21
2.962156857722618e-21
3.4007178806433305e-21
3.959334834435761e-21
4.693943603950122e-21
5.7012333161092695e-21
7.163361833348039e-21
9.466124717296076e-21
1.3573345897969578e-20
2.249552055871726e-20
4.377415284419496e-20
3.508368273179964e-20
1.9528990657675158e-20
1.3188475365498164e-20
9.992788484401884e-21
8.095717270327507e-21
6.84596734076973e-21
5.962783797819732e-21
5.306547615959999e-21
4.800307381716809e-21
4.3982622433721065e-21
4.071482922287894e-21
3.800811347772111e-21
3.573062537846973e-21
3.3788670814919032e-21
3.2113853919135766e-21
3.0655079660738477e-21
2.9373407789800418e-21
2.823863934163921e-21
2.7226993884588077e-21
2.6319481816185948e-21
2.5500755792345197e-21
2.475827256520342e-21
2.4081674538162418e-21
2.3462334858635197e-21
2.2893000491236698e-21
2.2367529991833072e-21
2.1880682560254123e-21
2.1427955721301425e-21
2.1005456114015895e-21
2.0609795000821954e-21
2.0238007212105266e-21
