1.9483906181816574e-24
1.945913451041236e-24
1.9436923498229995e-24
1.941695210794276e-24
1.9398926899011906e-24
1.9382579657727028e-24
1.9367665185173568e-24
1.935395923779971e-24
1.9341256614270993e-24
1.9329369381630064e-24
1.9318125233307514e-24
1.9307365971308e-24
1.9296946104796814e-24
1.928673155736056e-24
1.9276598475365934e-24
1.9266432130030095e-24
1.9256125906128667e-24
1.9245580370557157e-24
1.923470241428057e-24
1.922340446161249e-24
1.9211603741043814e-24
1.9199221612276904e-24
1.9186182944402297e-24
1.9172415540536705e-24
1.9157849604542645e-24
1.914241724576853e-24
1.912605201804445e-24
1.9108688489425426e-24
1.909026183946441e-24
1.9070707481001596e-24
1.9049960703706895e-24
1.902795633680978e-24
1.900462842864141e-24
1.8979909940783512e-24
1.8953732454805078e-24
1.8926025889672637e-24
1.889671822811059e-24
1.8865735250256345e-24
1.883300027311393e-24
1.8798433894389466e-24
1.876195373938861e-24
1.87234742097546e-24
1.8682906232895824e-24
1.8640157011030668e-24
1.8595129768847597e-24
1.85477234988479e-24
1.8497832703490763e-24
1.8445347133340632e-24
1.839015152046817e-24
1.8332125306426754e-24
1.8271142364196474e-24
1.820707071355938e-24
1.813977222946885e-24
1.8069102343065137e-24
1.799490973511136e-24
1.7917036021773943e-24
1.78353154328249e-24
1.7749574482594465e-24
1.7659631634211875e-24
1.7565296958068075e-24
1.7466371785792182e-24
1.73626483615945e-24
1.7253909493488574e-24
1.713992820773921e-24
1.7020467410994986e-24
1.6895279565940124e-24
1.6764106388103592e-24
1.6626678573820248e-24
1.6482715572345402e-24
1.6331925419134546e-24
1.6174004652507155e-24
1.6008638342867534e-24
1.5835500272827976e-24
1.5654253318953456e-24
1.5464550102442178e-24
1.5266033998617411e-24
1.5058340625956968e-24
1.4841099977833571e-24
1.4613939419169183e-24
1.437648785277528e-24
1.4128381476949474e-24
1.386927172235735e-24
1.3598836195990622e-24
1.3316793808704338e-24
1.3022925775106167e-24
1.2717104935072916e-24
1.2399336986732736e-24
1.20698189483012e-24
1.1729022806772302e-24
1.1377816378427862e-24
1.1017639700565871e-24
1.065076501928995e-24
1.0280683414414149e-24
9.912683635330907e-25
9.554721075838561e-25
9.218716823586916e-25
8.922469220226605e-25
8.692371551508434e-25
8.5670393663895e-25
8.601679214748314e-25
8.87268927303186e-25
9.482324897705525e-25
1.0565626978440003e-24
1.230556906888375e-24
1.4958852723317274e-24
1.8849172942633587e-24
2.405479026228121e-24
2.8997944706522633e-24
2.962699223310146e-24
2.56663049195176e-24
2.1016000050411952e-24
1.7433835242624384e-24
1.4996298454205371e-24
1.3471144235994841e-24
1.2658095481550041e-24
1.2409923384220577e-24
1.2611961894975803e-24
1.317088281822217e-24
1.4012107220764803e-24
1.5078916185113172e-24
1.6330300298752038e-24
1.7737822369568347e-24
1.9282456444676512e-24
2.0951958238474913e-24
2.2738890803646525e-24
2.4639220965548517e-24
2.665134864329146e-24
2.877544360880446e-24
3.101299386652858e-24
3.336649784846446e-24
3.583925413018786e-24
3.843521754842763e-24
4.115890089519981e-24
4.401530822689729e-24
4.7009890376892396e-24
5.014851627983639e-24
5.343745572982932e-24
5.688337054766374e-24
6.049331204935569e-24
6.4274723335488056e-24
6.823544535437975e-24
7.238372599465071e-24
7.67282316760583e-24
8.127806105947952e-24
8.604276060630931e-24
9.103234179712513e-24
9.625729987802514e-24
1.0172863404653838e-23
1.0745786902184116e-23
1.1345707796896407e-23
1.1973890676604511e-23
1.2631659961887214e-23
1.3320402603907506e-23
1.4041570921225484e-23
1.4796685579052977e-23
1.5587338715093724e-23
1.641519721671842e-23
1.7282006154762077e-23
1.8189592379708382e-23
1.9139868286485483e-23
2.0134835754503988e-23
2.1176590269981752e-23
2.2267325237980233e-23
2.3409336491961475e-23
2.4605027009046305e-23
2.585691183952859e-23
2.716762325957137e-23
2.853991615638226e-23
2.997667365554386e-23
3.148091300054671e-23
3.3055791694956993e-23
3.470461391803447e-23
3.6430837224999737e-23
3.8238079543538814e-23
4.0130126478528044e-23
4.2110938937346447e-23
4.418466108853706e-23
4.6355628666970655e-23
4.8628377639041027e-23
5.1007653241818514e-23
5.349841941043961e-23
5.61058686083887e-23
5.883543207568011e-23
6.16927905102623e-23
6.468388519830479e-23
6.781492960930181e-23
7.1092421472192e-23
7.452315534892397e-23
7.811423572208818e-23
8.187309061335816e-23
8.580748574961616e-23
8.992553929361326e-23
9.423573715602415e-23
9.874694890561971e-23
1.0346844429404236e-22
1.0840991041145287e-22
1.1358146948876572e-22
1.1899369736179274e-22
1.2465764261180368e-22
1.3058484639627047e-22
1.3678736298246376e-22
