8.483976693056686e-23
8.635738623147429e-23
8.780131970441339e-23
8.91746318592305e-23
9.048023724740084e-23
9.172090665736556e-23
9.289927300380327e-23
9.401783692318691e-23
9.507897208784144e-23
9.608493024962389e-23
9.703784602421157e-23
9.793974142596483e-23
9.879253016329501e-23
9.959802170353175e-23
1.0035792511601924e-22
1.0107385270162347e-22
1.0174732341640106e-22
1.0237976609670947e-22
1.0297252249260291e-22
1.0352685011604142e-22
1.0404392490986903e-22
1.0452484374338126e-22
1.0497062673958696e-22
1.053822194392784e-22
1.0576049480648852e-22
1.0610625507941295e-22
1.0642023347099965e-22
1.0670309572247702e-22
1.0695544151345261e-22
1.0717780573121283e-22
1.0737065960216089e-22
1.0753441168763565e-22
1.0766940874619776e-22
1.0777593646420849e-22
1.0785422005618871e-22
1.0790442473621106e-22
1.0792665606124116e-22
1.0792096014706059e-22
1.078873237573006e-22
1.0782567426552918e-22
1.0773587949029866e-22
1.0761774740279284e-22
1.0747102570621011e-22
1.0729540128594576e-22
1.0709049952932339e-22
1.0685588351320901e-22
1.065910530576945e-22
1.0629544364365191e-22
1.059684251916919e-22
1.0560930069971979e-22
1.0521730473601387e-22
1.0479160178429356e-22
1.0433128443718212e-22
1.0383537143368602e-22
1.0330280553647718e-22
1.0273245124388173e-22
1.0212309233155426e-22
1.0147342921796486e-22
1.0078207614788643e-22
1.0004755818723741e-22
9.926830802237258e-23
9.844266255646889e-23
9.756885929508511e-23
9.664503251246638e-23
9.566920918974508e-23
9.46393047153989e-23
9.355311833802491e-23
9.240832836063218e-23
9.120248706514393e-23
8.993301535508634e-23
8.859719710366489e-23
8.719217319387596e-23
8.571493523619761e-23
8.416231894892113e-23
8.25309971850857e-23
8.081747258919735e-23
7.901806986594089e-23
7.712892764214482e-23
7.514598990230517e-23
7.306499697698019e-23
7.088147606242813e-23
6.859073124907036e-23
6.618783303564488e-23
6.366760730558102e-23
6.102462374254189e-23
5.825318366337575e-23
5.534730725018254e-23
5.230072017044448e-23
4.910683958831991e-23
4.575875959882836e-23
4.2249236174266607e-23
3.857067183468797e-23
3.471510052945404e-23
3.0674173884583686e-23
2.6439151763889532e-23
2.2000905588905035e-23
1.7349963070040572e-23
1.247672009992365e-23
7.372682102333334e-24
2.0522146016904745e-24
3.632279239072123e-24
9.496498388834177e-24
1.565514346892059e-23
2.2111637710838173e-23
2.88788266728776e-23
3.597126244671282e-23
4.340449122252848e-23
5.119493156114243e-23
5.935986665807297e-23
6.791746960529279e-23
7.688684167844159e-23
8.628805752626777e-23
9.614221513625332e-23
1.0647148982064395e-22
1.1729919200433362e-22
1.2864982883589516e-22
1.4054916976303622e-22
1.530243162859028e-22
1.6610377614882343e-22
1.7981754227112117e-22
1.941971767536065e-22
2.0927590033264726e-22
2.2508868768829393e-22
2.4167236905153743e-22
2.590657386051536e-22
2.773096702054639e-22
2.964472410168608e-22
3.1652386368791694e-22
3.3758742778946927e-22
3.596884512745435e-22
3.828802427921867e-22
4.0721907582534395e-22
4.327643756303547e-22
4.595789201558012e-22
4.877290561329324e-22
5.172849317901008e-22
5.483207476070768e-22
5.809150269296567e-22
6.1515090827445025e-22
6.511164612184113e-22
6.889050286477368e-22
7.286155973907984e-22
7.703532005119021e-22
8.142293545262847e-22
8.603625346415579e-22
9.08878692672642e-22
9.599118220290478e-22
1.0136045744563909e-21
1.0701089349539014e-21
1.129586961457011e-21
1.1922115943632431e-21
1.2581675494267826e-21
1.327652297448418e-21
1.4008771457373679e-21
1.4780684310923495e-21
1.5594688435200922e-21
1.6453388863237011e-21
1.7359585050866948e-21
1.831628893987666e-21
1.932674512018675e-21
2.0394453401906262e-21
2.152319396550026e-21
2.2717055722134646e-21
2.3980468133011613e-21
2.531823708549184e-21
2.673558550506423e-21
2.8238199358496218e-21
2.9832279768107303e-21
3.1524602869447362e-21
3.3322587670422576e-21
3.5234374059610745e-21
3.7268913116272155e-21
3.9436070181370836e-21
4.1746745400571485e-21
4.421301330083403e-21
4.6848285761211685e-21
4.966750355888977e-21
5.268736099084494e-21
5.5926572603506756e-21
5.9406190072787015e-21
6.3149977133310174e-21
6.718487105546936e-21
7.154152279660941e-21
7.625497106619609e-21
8.136545803676147e-21
8.691943524307674e-21
9.297080570809195e-21
9.958252392458601e-21
1.0682852630227293e-20
1.1479629369794336e-20
1.2359009449501246e-20
1.3333520392504039e-20
1.441835745457842e-20
1.563211954592358e-20
1.6997837716832546e-20
1.8544370307057035e-20
2.0308371863321633e-20
2.233713873184592e-20
2.4692740950736413e-20
2.745831978517272e-20
3.07478204013071e-20
