2.205778723868067e-24
2.2156449134985543e-24
2.2251818702375373e-24
2.2343890411155575e-24
2.2432673082655412e-24
2.2518187629382343e-24
2.260046507250018e-24
2.267954480419859e-24
2.2755473066127043e-24
2.282830161831202e-24
2.2898086575890055e-24
2.2964887393595157e-24
2.3028765980264093e-24
2.3089785927675967e-24
2.31480118398777e-24
2.3203508750772766e-24
2.325634161916138e-24
2.3306574891714672e-24
2.3354272125453097e-24
2.3399495662305726e-24
2.3442306349187397e-24
2.3482763297793644e-24
2.3520923679000627e-24
2.355684254734272e-24
2.3590572691568953e-24
2.3622164507745367e-24
2.365166589178182e-24
2.367912214861186e-24
2.370457591558813e-24
2.3728067097924854e-24
2.374963281427426e-24
2.376930735074602e-24
2.378712212186317e-24
2.3803105637133664e-24
2.3817283472063096e-24
2.3829678242564993e-24
2.38403095818595e-24
2.3849194119045023e-24
2.3856345458632733e-24
2.3861774160417772e-24
2.3865487719136537e-24
2.3867490543432825e-24
2.3867783933722482e-24
2.3866366058596302e-24
2.3863231929469347e-24
2.3858373373224485e-24
2.3851779002655e-24
2.38434341845586e-24
2.383332100538006e-24
2.3821418234348797e-24
2.3807701284111905e-24
2.3792142168902307e-24
2.3774709460354667e-24
2.3755368241118095e-24
2.3734080056503696e-24
2.3710802864452535e-24
2.3685490984207797e-24
2.3658095044154313e-24
2.3628561929392074e-24
2.359683472973138e-24
2.3562852688922195e-24
2.3526551156087263e-24
2.3487861540510473e-24
2.344671127111916e-24
2.3403023762254133e-24
2.335671838757975e-24
2.3307710464310364e-24
2.3255911250301094e-24
2.3201227956970295e-24
2.314356378153879e-24
2.3082817962642208e-24
2.3018885864066007e-24
2.2951659092152444e-24
2.2881025653365148e-24
2.280687015960361e-24
2.2729074090145018e-24
2.2647516120620893e-24
2.2562072531211508e-24
2.247261770836118e-24
2.237902475679077e-24
2.2281166241512533e-24
2.217891508302753e-24
2.207214563295483e-24
2.19607349622021e-24
2.1844564399483807e-24
2.172352136479959e-24
2.1597501550465397e-24
2.146641151179935e-24
2.133017174075415e-24
2.1188720309016248e-24
2.104201718268916e-24
2.0890049328952768e-24
2.0732836756532046e-24
2.0570439656693108e-24
2.0402966840288612e-24
2.02305856992412e-24
2.0053533957994015e-24
1.9872133521501186e-24
1.96868067705185e-24
1.949809570063832e-24
1.9306684345520723e-24
1.9113424962248413e-24
1.8919368479626508e-24
1.8725799706822204e-24
1.853427775279736e-24
1.834668199280623e-24
1.8165263705257577e-24
1.7992703151275234e-24
1.783217133538104e-24
1.7687394924894548e-24
1.75627217878483e-24
1.7463183341550507e-24
1.7394548464331568e-24
1.736336230293498e-24
1.7376962250625954e-24
1.7443463181004008e-24
1.757170530716951e-24
1.7771161340373e-24
1.805180515061972e-24
1.8423951425310615e-24
1.8898083565303985e-24
1.9484693229399787e-24
2.019415742182613e-24
2.1036676510912126e-24
2.202228933533946e-24
2.3160971524508195e-24
2.446281320673236e-24
2.5938265065856345e-24
2.7598438725373342e-24
2.9455448718781792e-24
3.1522787790893596e-24
3.3815733519887386e-24
3.6351791021558005e-24
3.915118309307865e-24
4.223740543424449e-24
4.563787085105427e-24
4.938467318824558e-24
5.351550992306804e-24
5.807481279058115e-24
6.3115149567110146e-24
6.869897848737684e-24
7.490086124427998e-24
8.181027289567999e-24
8.953518910103363e-24
9.820668411736745e-24
1.0798483562589717e-23
1.1906629651977606e-23
1.3169393347180963e-23
1.4616887937360306e-23
1.6286503465030758e-23
1.8224508694328994e-23
2.048745954577255e-23
2.3142459999860455e-23
2.6263938619763613e-23
2.9921692445171045e-23
3.4149661059809234e-23
3.887856657297941e-23
4.382049125754542e-23
4.8347737279215777e-23
5.154077963836251e-23
5.2609002922464215e-23
5.1447340951181146e-23
4.8678673317979073e-23
4.5149892124583064e-23
4.150143035803633e-23
3.8076699017031083e-23
3.5007966400315205e-23
3.2315434969394297e-23
2.997083510148076e-23
2.79300494186048e-23
2.614769594242551e-23
2.4582756452314676e-23
2.3200158287042473e-23
2.1970684249303917e-23
2.0870288917038238e-23
1.987928391204005e-23
1.8981574335008295e-23
1.8164005568836713e-23
1.7415828436033708e-23
1.672827147055996e-23
1.6094203622076825e-23
1.5507870837502036e-23
1.4964692025995254e-23
1.446110235465609e-23
1.3994434021583374e-23
1.3562826396506543e-23
1.31651586641446e-23
1.2800998879027128e-23
1.2470563703496282e-23
1.2174683144758493e-23
1.1914764468650539e-23
1.1692749349002653e-23
1.1511058491025256e-23
1.1372518785508903e-23
1.1280269843413019e-23
1.1237649726689661e-23
1.124806371556488e-23
1.1314844452144473e-23
1.1441115718768489e-23
1.1629674164924846e-23
1.1882902472577017e-23
