3.1663550104401098e-24
3.1652674554420345e-24
3.1642721457824035e-24
3.16336117861148e-24
3.162527331895864e-24
3.161764006205163e-24
3.1610651713847354e-24
3.1604253177217976e-24
3.159839411240918e-24
3.159302852791881e-24
3.1588114406182263e-24
3.1583613361188233e-24
3.1579490325370857e-24
3.157571326333299e-24
3.1572252910149983e-24
3.1569082532184125e-24
3.1566177708506563e-24
3.156351613118007e-24
3.1561077422798148e-24
3.1558842969809726e-24
3.1556795770280146e-24
3.155492029485259e-24
3.1553202359776835e-24
3.1551629010969202e-24
3.155018841815387e-24
3.154886977821648e-24
3.1547663226977003e-24
3.1546559758653185e-24
3.1545551152351033e-24
3.1544629904975107e-24
3.1543789170002638e-24
3.1543022701614928e-24
3.154232480372185e-24
3.154169028345642e-24
3.154111440875318e-24
3.1540592869655986e-24
3.1540121743034485e-24
3.1539697460413507e-24
3.153931677864762e-24
3.1538976753195204e-24
3.153867471376841e-24
3.153840824215495e-24
3.1538175152025304e-24
3.1537973470555615e-24
3.1537801421711258e-24
3.1537657411049874e-24
3.153754001191494e-24
3.15374479529028e-24
3.1537380106495872e-24
3.153733547876495e-24
3.15373132000514e-24
3.1537312516549068e-24
3.1537332782712056e-24
3.153737345442117e-24
3.1537434082849492e-24
3.1537514308970252e-24
3.153761385865821e-24
3.1537732538338415e-24
3.1537870231141535e-24
3.1538026893528103e-24
3.1538202552348323e-24
3.1538397302306996e-24
3.1538611303806332e-24
3.1538844781141318e-24
3.153909802102729e-24
3.1539371371437768e-24
3.1539665240737314e-24
3.1539980097092562e-24
3.154031646814795e-24
3.1540674940955254e-24
3.1541056162145178e-24
3.1541460838333757e-24
3.1541889736755138e-24
3.1542343686115232e-24
3.1542823577661465e-24
3.154333036646489e-24
3.154386507291243e-24
3.1544428784407652e-24
3.1545022657279753e-24
3.154564791890175e-24
3.154630587001911e-24
3.154699788729181e-24
3.1547725426052712e-24
3.1548490023287912e-24
3.154929330084265e-24
3.155013696886146e-24
3.1551022829467336e-24
3.15519527806901e-24
3.155292882065246e-24
3.1553953052023142e-24
3.155502768675044e-24
3.15561550510856e-24
3.155733759091267e-24
3.155857787739664e-24
3.1559878612967448e-24
3.1561242637656234e-24
3.1562672935802675e-24
3.1564172643152986e-24
3.156574505437043e-24
3.156739363098116e-24
3.1569122009780394e-24
3.1570934011725905e-24
3.1572833651346432e-24
3.1574825146697788e-24
3.1576912929897457e-24
3.1579101658275364e-24
3.1581396226177384e-24
3.1583801777463843e-24
3.1586323718746083e-24
3.1588967733409225e-24
3.159173979647169e-24
3.159464619033624e-24
3.159769352149097e-24
3.160088873822477e-24
3.1604239149423407e-24
3.1607752444521493e-24
3.1611436714687596e-24
3.1615300475328345e-24
3.1619352690002553e-24
3.162360279584409e-24
3.16280607305994e-24
3.1632736961394536e-24
3.1637642515354563e-24
3.164278901220899e-24
3.1648188699026453e-24
3.16538544872335e-24
3.1659799992084886e-24
3.1666039574765777e-24
3.1672588387320624e-24
3.1679462420618762e-24
3.168667855558445e-24
3.1694254617936066e-24
3.1702209436699777e-24
3.1710562906783077e-24
3.1719336055918527e-24
3.172855111630953e-24
3.1738231601340328e-24
3.1748402387737975e-24
3.1759089803607415e-24
3.1770321722792778e-24
3.178212766605421e-24
3.1794538909588992e-24
3.180758860146619e-24
3.1821311886589257e-24
3.183574604084914e-24
3.185093061518027e-24
3.1866907590288157e-24
3.1883721542875578e-24
3.190141982425463e-24
3.192005275230072e-24
3.193967381777359e-24
3.1960339906104938e-24
3.1982111535830844e-24
3.200505311493074e-24
3.2029233216419822e-24
3.2054724874634904e-24
3.208160590374637e-24
3.2109959240127704e-24
3.21398733103149e-24
3.217144242639061e-24
3.220476721073513e-24
3.223995505218723e-24
3.227712059576918e-24
3.231638626822754e-24
3.235788284174579e-24
3.2401750038276413e-24
3.2448137177029183e-24
3.2497203867726656e-24
3.2549120752304335e-24
3.2604070297779143e-24
3.2662247643038002e-24
3.2723861502302197e-24
3.2789135128001852e-24
3.285830733573735e-24
3.2931633593917516e-24
3.3009387180529385e-24
3.309186040932783e-24
3.317936592750643e-24
3.327223808665179e-24
3.337083438846747e-24
3.347553700639819e-24
3.358675438389122e-24
3.3704922909612616e-24
3.383050866949998e-24
3.396400927511735e-24
3.410595576739326e-24
3.4256914594522214e-24
3.441748966264333e-24
3.4588324457926485e-24
3.477010423898891e-24
3.49635582992072e-24
3.51694622995968e-24
3.538864067461183e-24
3.5621969115603954e-24
3.587037713991522e-24
3.613485075779381e-24
3.641643525467907e-24
3.671623811300954e-24
3.703543210570314e-24
3.737525860291236e-24
3.7737031144616245e-24
