1.922867163993004e-12
1.8860367031660205e-12
1.853234713658771e-12
1.82264982155305e-12
1.7950812609160426e-12
1.7700520746190006e-12
1.7471755832864628e-12
1.726052171977083e-12
1.7071984457106767e-12
1.690033145790962e-12
1.67474909374998e-12
1.660181145782981e-12
1.6469045687749772e-12
1.635043346855572e-12
1.6241689637844622e-12
1.6139679161162362e-12
1.605246468407932e-12
1.5972910211786957e-12
1.5897396727619106e-12
1.5827375487462624e-12
1.5767073299832241e-12
1.571011455679816e-12
1.5657571562200821e-12
1.561331835613863e-12
1.556978550565315e-12
1.5532150917261388e-12
1.5494968030647252e-12
1.5464287893159004e-12
1.5434634202735458e-12
1.5407821045942752e-12
1.5385639328209292e-12
1.5364401656518927e-12
1.5343727681925607e-12
1.5325310112308809e-12
1.5308456931368356e-12
1.5293962699814052e-12
1.5280594169873e-12
1.5268573775575117e-12
1.5256806457222322e-12
1.5246684810404145e-12
1.523748060830237e-12
1.5230537005374832e-12
1.5222938751205684e-12
1.5215514151508735e-12
1.520904061692042e-12
1.520324906152084e-12
1.51986503914454e-12
1.5195383049565917e-12
1.5189622775726683e-12
1.5186715653911105e-12
1.5181520438544678e-12
1.517960094932755e-12
1.5176796920854471e-12
1.517387365040306e-12
1.5172424715551869e-12
1.5170344961868892e-12
1.5168181456051271e-12
1.5166013955457839e-12
1.5165300371443406e-12
1.5163920040076912e-12
1.516263328673114e-12
1.5161915475307886e-12
1.5160657259986212e-12
1.5159666547117596e-12
1.515927192548568e-12
1.515793578800215e-12
1.5157792517441576e-12
1.515728044678494e-12
1.5156758375697995e-12
1.5155929055923909e-12
1.515570756363069e-12
1.5156241803018807e-12
1.5154937618449792e-12
1.515407845572474e-12
1.515431548542618e-12
1.5154503946996284e-12
1.5154063162220938e-12
1.515361530174643e-12
1.515422809852821e-12
1.5153321636678534e-12
1.5153619571384845e-12
1.515357296258411e-12
1.515388806460241e-12
1.5153562756867406e-12
1.5153431946746535e-12
1.5153179485390499e-12
1.5153374509573638e-12
1.5153316605998538e-12
1.5153478162316357e-12
1.5153520360588821e-12
1.515334248519384e-12
1.5153829687395258e-12
1.5153428815441943e-12
1.515354402959358e-12
1.5153460211834627e-12
1.5153177183616233e-12
1.5153413608300714e-12
1.5153527889838552e-12
1.5153592462856883e-12
1.5153503481636504e-12
1.5153291941851722e-12
1.515373786050696e-12
1.5153434656126411e-12
1.5153668434109032e-12
1.515348510877459e-12
1.5153802465343054e-12
1.5153387711084319e-12
1.5153599595949961e-12
1.5153544029948005e-12
1.515369035943498e-12
1.5153811364499172e-12
1.5153709877254592e-12
1.5153402681441696e-12
1.5153516814485237e-12
1.515338190055295e-12
1.5153375143190989e-12
1.515366458887691e-12
1.5153569945643472e-12
1.5153774908404125e-12
1.5153630135280767e-12
1.5153619047731514e-12
1.5153580137555327e-12
1.5153524491385877e-12
1.5153828039504035e-12
1.5153574778109638e-12
1.5153623701277512e-12
1.5153448270449529e-12
1.5153566599457355e-12
1.5153581895773487e-12
1.5153572302869852e-12
1.5153579212548755e-12
1.515350425733899e-12
1.5153495720320565e-12
1.5153338672477935e-12
1.5153336563351365e-12
1.5153353324873931e-12
1.515333816200424e-12
1.515341664028336e-12
1.5153256798722165e-12
1.515326990649124e-12
1.5153121192969222e-12
1.5153107297802072e-12
1.5153094043714559e-12
1.5153112937380793e-12
1.5153090668433497e-12
1.515294861736826e-12
1.5152891630253015e-12
1.5152791368910286e-12
1.5152792242839568e-12
1.5152652332076477e-12
1.515262106117395e-12
1.5152482009479108e-12
1.5152477741682458e-12
1.5152305259065357e-12
1.5152118850805537e-12
1.5152112654496892e-12
1.5151983244545916e-12
1.5151806489996319e-12
1.5151753575501092e-12
1.5151668736443329e-12
1.5151433059897332e-12
1.5151391184219878e-12
1.5151188085425814e-12
1.5151078184773014e-12
1.5150954038565766e-12
1.5150851853658149e-12
1.5150674043221227e-12
1.5150375303488961e-12
1.5150209819914407e-12
1.515000010433441e-12
1.5149800783971772e-12
1.5149543530240958e-12
1.5149373455150296e-12
1.514909318468187e-12
1.5148814640747442e-12
1.5148531282153756e-12
1.5148290341355939e-12
1.514799340539259e-12
1.514766521326832e-12
1.514739057233022e-12
1.5146992919735705e-12
1.5146704382270398e-12
1.5146291778044576e-12
1.5145896214301955e-12
1.5145507632772817e-12
1.5145020000807287e-12
1.5144564780924674e-12
1.5144126230468405e-12
1.5143610917894986e-12
1.5143135929504686e-12
1.5142598801673696e-12
1.5142023457429904e-12
1.5141401622010741e-12
1.5140811980687514e-12
1.5140141838169106e-12
1.5139430734680943e-12
1.5138766381250707e-12
1.5138003005361413e-12
1.5137233932904633e-12
1.513640094855439e-12
1.5135562655436653e-12
