7.389085966844444e-24
7.38913308975063e-24
7.389179949930397e-24
7.389226187888553e-24
7.389271483212554e-24
7.38931555033558e-24
7.389358134686519e-24
7.389399009191498e-24
7.389437971094138e-24
7.389474839065009e-24
7.389509450573206e-24
7.389541659495295e-24
7.389571333939388e-24
7.389598354263646e-24
7.389622611270563e-24
7.38964400456024e-24
7.389662441026771e-24
7.38967783348383e-24
7.389690099406458e-24
7.389699159777267e-24
7.389704938026216e-24
7.389707359054246e-24
7.389706348331683e-24
7.389701831063232e-24
7.389693731412025e-24
7.389681971775815e-24
7.389666472109013e-24
7.389647149284711e-24
7.38962391649154e-24
7.38959668266009e-24
7.389565351914829e-24
7.389529823046932e-24
7.389489989004479e-24
7.389445736396049e-24
7.389396945004829e-24
7.389343487309789e-24
7.389285228011004e-24
7.389222023556705e-24
7.389153721668985e-24
7.389080160866243e-24
7.389001169979512e-24
7.388916567660917e-24
7.388826161881797e-24
7.388729749418568e-24
7.388627115324379e-24
7.388518032384438e-24
7.388402260553295e-24
7.388279546372111e-24
7.38814962236397e-24
7.388012206405547e-24
7.387867001073221e-24
7.387713692961628e-24
7.387551951973122e-24
7.387381430575742e-24
7.38720176302836e-24
7.387012564570494e-24
7.386813430575109e-24
7.386603935662278e-24
7.386383632771483e-24
7.386152052190521e-24
7.385908700538633e-24
7.385653059701608e-24
7.385384585716438e-24
7.385102707602885e-24
7.384806826139697e-24
7.384496312582336e-24
7.384170507319703e-24
7.383828718466843e-24
7.38347022039061e-24
7.38309425216497e-24
7.382700015952837e-24
7.3822866753108e-24
7.38185335341321e-24
7.381399131191835e-24
7.380923045387076e-24
7.380424086506697e-24
7.379901196687843e-24
7.379353267457438e-24
7.37877913738689e-24
7.378177589635623e-24
7.377547349378524e-24
7.376887081112077e-24
7.376195385833085e-24
7.37547079808484e-24
7.374711782863786e-24
7.373916732380847e-24
7.373083962670543e-24
7.372211710040739e-24
7.371298127355887e-24
7.37034128014597e-24
7.36933914253334e-24
7.368289592968804e-24
7.367190409768488e-24
7.366039266442238e-24
7.364833726804115e-24
7.363571239854942e-24
7.362249134426584e-24
7.36086461357725e-24
7.359414748726303e-24
7.357896473517007e-24
7.356306577394795e-24
7.354641698888321e-24
7.352898318579981e-24
7.351072751751856e-24
7.349161140692845e-24
7.347159446651734e-24
7.34506344142056e-24
7.34286869853209e-24
7.340570584054278e-24
7.338164246964313e-24
7.335644609083927e-24
7.33300635455692e-24
7.330243918849396e-24
7.327351477252457e-24
7.324322932866039e-24
7.321151904042626e-24
7.317831711268e-24
7.314355363456192e-24
7.310715543634803e-24
7.306904593996443e-24
7.302914500290998e-24
7.298736875533506e-24
7.29436294300141e-24
7.289783518494733e-24
7.284988991832527e-24
7.279969307558224e-24
7.274713944827213e-24
7.269211896449298e-24
7.263451647059445e-24
7.257421150390468e-24
7.251107805622378e-24
7.244498432784024e-24
7.237579247184404e-24
7.230335832852848e-24
7.222753114970077e-24
7.214815331275373e-24
7.206506002439098e-24
7.197807901394908e-24
7.188703021632136e-24
7.1791725444563e-24
7.169196805234631e-24
7.15875525865465e-24
7.14782644303648e-24
7.136387943755774e-24
7.124416355852432e-24
7.111887245922943e-24
7.098775113420868e-24
7.085053351522007e-24
7.070694207748606e-24
7.055668744592728e-24
7.03994680043274e-24
7.023496951102134e-24
7.006286472546548e-24
6.98828130509797e-24
6.969446020005246e-24
6.949743788993264e-24
6.929136357782213e-24
6.907584024689561e-24
6.885045625668891e-24
6.86147852741697e-24
6.836838630518062e-24
6.811080385000888e-24
6.784156821179666e-24
6.756019599252354e-24
6.726619081864127e-24
6.69590443474282e-24
6.663823761615646e-24
6.630324280970658e-24
6.5953525538986405e-24
6.5588547743173014e-24
6.520777135442425e-24
6.4810662895606454e-24
6.4396699221369806e-24
6.396537466271476e-24
6.3516209897730314e-24
6.304876294993285e-24
6.2562642815102696e-24
6.2057526343494456e-24
6.153317916428913e-24
6.098948164281578e-24
6.0426461120867156e-24
5.984433202231039e-24
5.92435458305861e-24
5.862485348733297e-24
5.798938345445039e-24
5.733873956463326e-24
5.667512390409393e-24
5.600149137756195e-24
5.532174435182588e-24
5.464097790163237e-24
5.396578869985957e-24
5.33046634403807e-24
5.266846565747636e-24
5.207104247058099e-24
5.152997431317912e-24
5.10674897177147e-24
5.071156165004061e-24
5.049718901861266e-24
5.046784408823771e-24
5.0677032350543105e-24
5.1189868793750125e-24
