1.3569703180516417e-10
1.4236913344684478e-10
1.4158143012404318e-10
1.3663437377741772e-10
1.3246319724390837e-10
1.2085219210506864e-10
1.230547002461334e-10
1.1660401369523243e-10
1.1401489739844796e-10
1.0882958179003261e-10
1.0813510714908739e-10
1.0493967611702444e-10
1.0054038524022286e-10
9.820843285432938e-11
9.095309635673565e-11
9.14580610781106e-11
8.927511633839916e-11
8.530493652634976e-11
8.323940484344358e-11
8.380068199437419e-11
7.675691371582621e-11
7.279077295053473e-11
7.570074699315568e-11
6.807222016311139e-11
7.025437831526134e-11
6.41035839438103e-11
6.599174181215693e-11
5.99113811105427e-11
6.106730274467588e-11
5.782818737844847e-11
5.53334024009933e-11
5.31003970294013e-11
5.037772954862552e-11
4.832416348590018e-11
4.787564899652275e-11
4.547204451053663e-11
4.559500775871863e-11
4.2779023528105033e-11
4.022170275872376e-11
4.011853923252006e-11
3.821102746891977e-11
3.610998318362925e-11
3.547659443032596e-11
3.3993618491609334e-11
3.21671329834606e-11
3.144828350384349e-11
3.03018289078379e-11
2.9117910446271754e-11
2.797641296389415e-11
2.6461588909400482e-11
2.6217567401472985e-11
2.461223255140336e-11
2.4046601687640038e-11
2.281640745441546e-11
2.189343604432779e-11
2.074434007638845e-11
1.992570760395515e-11
1.951171731547492e-11
1.856902291925557e-11
1.758569415852862e-11
1.68725988750783e-11
1.6177405563537857e-11
1.567601215175406e-11
1.492115740451725e-11
1.4386708369386438e-11
1.3909304428294333e-11
1.3190139196621681e-11
1.2640758495382288e-11
1.2008276232354201e-11
1.1642246983021155e-11
1.1088884326627834e-11
1.0595875960965245e-11
1.0141428761457843e-11
9.72567146873227e-12
9.306548494752566e-12
8.852808290248941e-12
8.561939344315473e-12
8.143439573100226e-12
7.78949313805398e-12
7.488563500061262e-12
7.124012949147025e-12
6.81168362963863e-12
6.484839523558019e-12
6.2192961073345416e-12
5.953017103790847e-12
5.711855684813038e-12
5.418533729956137e-12
5.196969439708402e-12
4.9661167557101465e-12
4.7349762420914735e-12
4.5192394790918255e-12
4.3316917473661595e-12
4.1365745187193176e-12
3.9413942153237745e-12
3.764335767153476e-12
3.6097910927997562e-12
3.4333909197404414e-12
3.286020784584017e-12
3.1310896542996274e-12
2.995166474357447e-12
2.8591833025048457e-12
2.7293388339299364e-12
2.604635152682305e-12
2.4861461319029075e-12
2.372265185393493e-12
2.2635376982510556e-12
2.1595471174089797e-12
2.0590722002545803e-12
1.965173983526919e-12
1.8719518006368674e-12
1.786028896786781e-12
1.7044907290574469e-12
1.6251672058435908e-12
1.550948353967767e-12
1.4768772083061647e-12
1.4076078176391437e-12
1.342667397984263e-12
1.2782339534877406e-12
1.21747586716529e-12
1.1600910630962663e-12
1.1057351376994205e-12
1.0529411779151622e-12
1.002009087466079e-12
9.530580390547916e-13
9.080785769774085e-13
8.642933282908215e-13
8.218145459038488e-13
7.817493668817936e-13
7.438644771122329e-13
7.0689406816144e-13
6.71961757795446e-13
6.385978372702155e-13
6.067402160756421e-13
5.763020230180907e-13
5.472337071335117e-13
5.194268013111617e-13
4.929852878346733e-13
4.678361647151776e-13
4.436574268532913e-13
4.205702740171422e-13
3.9845538761023743e-13
3.773918626717619e-13
3.5741213419340983e-13
3.381576873039586e-13
3.198719282552291e-13
3.0241961511865083e-13
2.8576461775066523e-13
2.6989093794651295e-13
2.5468021845202743e-13
2.402635866943371e-13
2.2641255359676677e-13
2.1333038873444373e-13
2.0071950457176398e-13
1.8876041790909776e-13
1.7738655104428313e-13
1.665427274385616e-13
1.5616609046315393e-13
1.4630999266359124e-13
1.369115782310016e-13
1.27957112457293e-13
1.1945981153841836e-13
1.1136355437592168e-13
1.0367347197464218e-13
9.635280140517343e-14
8.939038412360331e-14
8.278645960178543e-14
7.651887121230333e-14
7.057452770258861e-14
6.493698258101417e-14
5.960293348293503e-14
5.4558780076550584e-14
4.978879803975811e-14
4.528343733305317e-14
4.1039749813885065e-14
3.704382377307367e-14
3.328600263706366e-14
2.9759554680485234e-14
2.6461021823166592e-14
2.337802846497141e-14
2.0506731865149233e-14
1.7842112499263334e-14
1.5376782170715437e-14
1.3106219301240823e-14
1.1025771199764444e-14
9.131121245443418e-15
7.418367381571694e-15
5.884108722718269e-15
4.525108816146795e-15
3.3387382578232056e-15
2.322674159513542e-15
1.475143598537246e-15
7.949062824271294e-16
2.832655653140666e-16
9.535100406628793e-17
2.679196800527909e-16
2.901695000560195e-16
1.5434542496106833e-16
1.7502679439990046e-16
6.402767050752402e-16
1.2795422040651964e-15
2.089254339754551e-15
