3.486170486055553e-24
3.4918336902490314e-24
3.497262040466647e-24
3.502462246488503e-24
3.5074409841422665e-24
3.512204866462881e-24
3.516760418951189e-24
3.521114058450553e-24
3.525272075213154e-24
3.5292406177742445e-24
3.533025680294315e-24
3.53663309206651e-24
3.540068508919331e-24
3.5433374062747996e-24
3.546445073647916e-24
3.549396610397217e-24
3.5521969225570176e-24
3.5548507206004174e-24
3.557362517998931e-24
3.559736630459607e-24
3.561977175733225e-24
3.564088073899557e-24
3.5660730480456065e-24
3.567935625262753e-24
3.569679137896414e-24
3.571306724989849e-24
3.5728213338701495e-24
3.574225721830328e-24
3.575522457866905e-24
3.57671392443711e-24
3.577802319203752e-24
3.5787896567400416e-24
3.579677770169757e-24
3.5804683127211675e-24
3.581162759175937e-24
3.581762407196821e-24
3.582268378519853e-24
3.5826816199990075e-24
3.5830029044930345e-24
3.583232831586059e-24
3.5833718281345824e-24
3.58342014863568e-24
3.5833778754120034e-24
3.583244918610835e-24
3.583021016015553e-24
3.582705732669186e-24
3.582298460311168e-24
3.5817984166292754e-24
3.581204644330567e-24
3.580516010036145e-24
3.5797312030062354e-24
3.578848733703537e-24
3.5778669322047406e-24
3.576783946471557e-24
3.575597740495178e-24
3.574306092329903e-24
3.5729065920344096e-24
3.571396639541957e-24
3.5697734424837536e-24
3.568034013993428e-24
3.566175170524173e-24
3.564193529714884e-24
3.56208550834599e-24
3.559847320431692e-24
3.557474975501152e-24
3.554964277128199e-24
3.552310821776854e-24
3.549509998038945e-24
3.546556986349346e-24
3.543446759276208e-24
3.5401740824949875e-24
3.536733516569966e-24
3.533119419681779e-24
3.529325951457631e-24
3.52534707808033e-24
3.521176578874731e-24
3.516808054594951e-24
3.512234937664137e-24
3.50745050464989e-24
3.502447891294242e-24
3.4972201104571416e-24
3.4917600733772275e-24
3.4860606147044854e-24
3.480114521816491e-24
3.4739145689937594e-24
3.467453557102146e-24
3.460724359511156e-24
3.4537199750681686e-24
3.44643358905125e-24
3.438858643137707e-24
3.430988915555389e-24
3.422818612727432e-24
3.414342473883972e-24
3.405555890294894e-24
3.396455040979875e-24
3.387037046976999e-24
3.377300146500803e-24
3.3672438935975e-24
3.3568693832088066e-24
3.346179505890987e-24
3.335179235798728e-24
3.323875955937278e-24
3.312279825107876e-24
3.30040419141614e-24
3.2882660576770526e-24
3.2758866045205565e-24
3.2632917774665594e-24
3.2505129446744045e-24
3.2375876324530505e-24
3.2245603459028457e-24
3.2114834821991028e-24
3.1984183439526074e-24
3.185436259708541e-24
3.1726198178660256e-24
3.1600642189844123e-24
3.147878749433693e-24
3.1361883764635816e-24
3.125135460807795e-24
3.114881577694411e-24
3.1056094303944414e-24
3.097524832039543e-24
3.090858721285683e-24
3.0858691655348786e-24
3.082843292112564e-24
3.0820990735868985e-24
3.0839868792604367e-24
3.088890692184357e-24
3.0972288817706977e-24
3.1094544186042808e-24
3.1260544230766806e-24
3.1475489556400172e-24
3.1744889859289895e-24
3.2074535216520956e-24
3.247045935043126e-24
3.2938895913754234e-24
3.3486229545039415e-24
3.411894410273531e-24
3.484357100388639e-24
3.5666640879539754e-24
3.659464174825373e-24
3.7633986578320185e-24
3.879099248675358e-24
4.007187298626424e-24
4.148274375255087e-24
4.3029641467555765e-24
4.4718554511590326e-24
4.655546370798403e-24
4.854639100533074e-24
5.0697453909777225e-24
5.3014923615531506e-24
5.550528506883863e-24
5.81752975766015e-24
6.103205497849195e-24
6.408304479603457e-24
6.733620612364392e-24
7.079998631903419e-24
7.448339677919907e-24
7.839606825687725e-24
8.2548306289317e-24
8.695114738680527e-24
9.161641667349137e-24
9.655678769736456e-24
1.017858451381164e-23
1.0731815114755668e-23
1.1316931606219976e-23
1.1935607423508048e-23
1.2589636574585795e-23
1.3280942476631996e-23
1.401158753826294e-23
1.478378357060387e-23
1.5599903113936957e-23
1.646249177057661e-23
1.7374281638705045e-23
1.8338205945824633e-23
1.9357414983852863e-23
2.043529345013232e-23
2.1575479299023036e-23
2.278188420628082e-23
2.4058715741775697e-23
2.5410501333492112e-23
2.6842114084795645e-23
2.835880047452038e-23
2.996620992132035e-23
3.167042612443446e-23
3.347799999524444e-23
3.5395983858175634e-23
3.7431966413112146e-23
3.959410769819068e-23
4.189117295056692e-23
4.4332563806260877e-23
4.6928344674009144e-23
4.968926131862502e-23
5.262674764296373e-23
5.575291529920974e-23
5.90805190137946e-23
6.262288829147537e-23
6.63938133868123e-23
7.040737002223489e-23
7.467766325666963e-23
7.921846621755673e-23
8.404272431019391e-23
