2.5194757491618225e-22
2.519475416769503e-22
2.5194748141676707e-22
2.519473940080966e-22
2.519472792657853e-22
2.519471369466786e-22
2.519469667491053e-22
2.519467683122301e-22
2.5194654121530396e-22
2.519462849767611e-22
2.519459990532114e-22
2.519456828382759e-22
2.519453356613094e-22
2.5194495678597544e-22
2.519445454086845e-22
2.5194410065689837e-22
2.5194362158726174e-22
2.5194310718362507e-22
2.519425563548658e-22
2.5194196793259266e-22
2.519413406686503e-22
2.5194067323249534e-22
2.519399642083508e-22
2.5193921209220204e-22
2.519384152886364e-22
2.5193757210741305e-22
2.519366807599241e-22
2.5193573935535346e-22
2.519347458967109e-22
2.519336982765512e-22
2.5193259427253367e-22
2.519314315426981e-22
2.5193020762048645e-22
2.519289199095219e-22
2.519275656780898e-22
2.5192614205333985e-22
2.5192464601520465e-22
2.5192307438996387e-22
2.5192142384353737e-22
2.5191969087439655e-22
2.519178718061185e-22
2.5191596277961177e-22
2.51913959744909e-22
2.5191185845256494e-22
2.519096544446494e-22
2.519073430452841e-22
2.519049193507026e-22
2.5190237821885756e-22
2.5189971425849425e-22
2.518969218177076e-22
2.5189399497195135e-22
2.518909275114339e-22
2.5188771292797377e-22
2.5188434440113487e-22
2.5188081478378315e-22
2.518771165868826e-22
2.5187324196360874e-22
2.518691826926678e-22
2.5186493016084275e-22
2.518604753447058e-22
2.5185580879144105e-22
2.518509205987648e-22
2.5184580039389216e-22
2.5184043731149016e-22
2.518348199706096e-22
2.518289364504784e-22
2.5182277426517878e-22
2.518163203371181e-22
2.5180956096921826e-22
2.51802481815808e-22
2.51795067852115e-22
2.517873033423355e-22
2.5177917180616297e-22
2.517706559837408e-22
2.517617377989491e-22
2.517523983209622e-22
2.517426177239671e-22
2.5173237524497473e-22
2.5172164913964585e-22
2.5171041663599987e-22
2.516986538859353e-22
2.5168633591446963e-22
2.516734365665388e-22
2.516599284512942e-22
2.516457828837606e-22
2.516309698236986e-22
2.5161545781159027e-22
2.5159921390159314e-22
2.5158220359126305e-22
2.515643907479955e-22
2.5154573753193377e-22
2.5152620431523635e-22
2.515057495974769e-22
2.5148432991705593e-22
2.5146189975837507e-22
2.5143841145459596e-22
2.514138150857612e-22
2.5138805837210255e-22
2.5136108656219494e-22
2.513328423158496e-22
2.513032655813605e-22
2.5127229346693615e-22
2.512398601059657e-22
2.512058965158539e-22
2.5117033045010606e-22
2.5113308624333703e-22
2.510940846488542e-22
2.510532426684626e-22
2.5101047337411383e-22
2.5096568572097256e-22
2.5091878435154675e-22
2.5086966939035253e-22
2.5081823622874215e-22
2.5076437529934556e-22
2.507079718396382e-22
2.5064890564411972e-22
2.505870508044926e-22
2.5052227543728646e-22
2.504544413983059e-22
2.5038340398321567e-22
2.5030901161358763e-22
2.502311055077026e-22
2.501495193353183e-22
2.5006407885560275e-22
2.4997460153739175e-22
2.4988089616085446e-22
2.4978276239968805e-22
2.4967999038275303e-22
2.495723602341981e-22
2.4945964159088626e-22
2.493415930960427e-22
2.4921796186781894e-22
2.4908848294152393e-22
2.4895287868413514e-22
2.488108581796419e-22
2.486621165836981e-22
2.4850633444596486e-22
2.4834317699841497e-22
2.481722934078336e-22
2.4799331599054165e-22
2.4780585938736764e-22
2.4760951969667357e-22
2.4740387356319374e-22
2.4718847722022495e-22
2.4696286548267025e-22
2.467265506881314e-22
2.4647902158323074e-22
2.4621974215204694e-22
2.459481503833982e-22
2.456636569735364e-22
2.453656439604622e-22
2.4505346328602723e-22
2.4472643528149997e-22
2.4438384707222104e-22
2.440249508964561e-22
2.4364896233337857e-22
2.4325505843471166e-22
2.428423757541577e-22
2.4241000826832705e-22
2.4195700518247867e-22
2.414823686138486e-22
2.4098505114479994e-22
2.404639532375356e-22
2.399179205013649e-22
2.3934574080295324e-22
2.387461412091468e-22
2.3811778475119477e-22
2.3745926699830675e-22
2.3676911242747842e-22
2.3604577057548524e-22
2.3528761195773634e-22
2.3449292373743267e-22
2.3365990512704632e-22
2.3278666250256074e-22
2.318712042092042e-22
2.309114350355607e-22
2.29905150330745e-22
2.288500297371304e-22
2.277436305084088e-22
2.2658338038006263e-22
2.2536656995598962e-22
2.2409034457159567e-22
2.227516955897025e-22
2.213474510811548e-22
2.198742658371374e-22
2.1832861065465346e-22
2.1670676083039463e-22
2.1500478379126103e-22
2.1321852578189974e-22
2.1134359752072256e-22
2.093753587258153e-22
2.0730890140069033e-22
2.0513903175690965e-22
2.0286025063572234e-22
2.004667322741025e-22
1.9795230124105036e-22
1.9531040734797918e-22
1.9253409831131977e-22
1.8961598991592164e-22
1.8654823339361586e-22
1.833224796912606e-22
