3.381820856238385e-24
3.377758914762158e-24
3.373933219111085e-24
3.370330749412346e-24
3.366939371959206e-24
3.363747780322353e-24
3.360745440773649e-24
3.357922541735124e-24
3.35526994698323e-24
3.352779152354833e-24
3.35044224571792e-24
3.348251869985177e-24
3.3462011889639665e-24
3.344283855850179e-24
3.3424939841873535e-24
3.340826121125471e-24
3.3392752228257025e-24
3.337836631869827e-24
3.336506056543356e-24
3.335279551872464e-24
3.334153502304146e-24
3.333124605928942e-24
3.332189860153866e-24
3.331346548741815e-24
3.330592230141466e-24
3.329924727039384e-24
3.329342117072639e-24
3.3288427246477046e-24
3.3284251138169684e-24
3.328088082171151e-24
3.327830655711076e-24
3.327652084668654e-24
3.327551840251589e-24
3.3275296122924865e-24
3.3275853077874485e-24
3.3277190503151294e-24
3.327931180331539e-24
3.328222256341587e-24
3.328593056952662e-24
3.329044583821304e-24
3.329578065508528e-24
3.330194962264888e-24
3.330896971771552e-24
3.331686035869119e-24
3.332564348311445e-24
3.333534363587795e-24
3.334598806862375e-24
3.335760685086917e-24
3.337023299348469e-24
3.3383902585214385e-24
3.339865494300348e-24
3.341453277697501e-24
3.343158237097566e-24
3.344985377969974e-24
3.346940104348863e-24
3.349028242199706e-24
3.351256064802004e-24
3.353630320287686e-24
3.3561582614861264e-24
3.358847678238189e-24
3.361706932353844e-24
3.364744995400652e-24
3.367971489523577e-24
3.371396731510097e-24
3.375031780328939e-24
3.37888848838497e-24
3.382979556747523e-24
3.387318594624455e-24
3.391920183368907e-24
3.3967999453205115e-24
3.401974617797326e-24
3.4074621325681605e-24
3.413281701148067e-24
3.4194539062711756e-24
3.4260007999048534e-24
3.432946008177115e-24
3.440314843593925e-24
3.448134424925045e-24
3.4564338051347676e-24
3.465244107726991e-24
3.474598671861638e-24
3.484533206580543e-24
3.495085954454794e-24
3.5062978649309495e-24
3.518212777609404e-24
3.5308776156343325e-24
3.544342589308354e-24
3.558661409967787e-24
3.57389151406261e-24
3.5900942972813395e-24
3.607335358441833e-24
3.6256847527369306e-24
3.645217253777576e-24
3.666012623717902e-24
3.688155890577794e-24
3.711737631700648e-24
3.736854262102408e-24
3.7636083262844094e-24
3.792108791904384e-24
3.822471343532072e-24
3.854818674565722e-24
3.8892807752619775e-24
3.9259952147415736e-24
3.965107414786878e-24
4.00677091325342e-24
4.051147614983772e-24
4.098408028246669e-24
4.148731484932251e-24
4.20230634301916e-24
4.259330170190804e-24
4.320009907913492e-24
4.384562015790342e-24
4.453212596561603e-24
4.526197502714751e-24
4.6037624262818885e-24
4.686162974007562e-24
4.773664730647776e-24
4.866543313677944e-24
4.965084423121097e-24
5.0695838905310574e-24
5.180347731357086e-24
5.29769220496194e-24
5.4219438864515325e-24
5.553439754200875e-24
5.692527296530199e-24
5.839564640407986e-24
5.994920704352205e-24
6.15897537688955e-24
6.332119721040395e-24
6.514756204353386e-24
6.707298953044887e-24
6.910174027832541e-24
7.123819718111117e-24
7.348686850223251e-24
7.585239104740342e-24
7.833953336899985e-24
8.09531989365022e-24
8.369842920126167e-24
8.658040647826461e-24
8.960445656258754e-24
9.277605099374934e-24
9.610080887704673e-24
9.958449816712502e-24
1.0323303631533149e-23
1.0705249017878988e-23
1.1104907508544237e-23
1.152291529456193e-23
1.1959922929680044e-23
1.2416594916434421e-23
1.2893609161686323e-23
1.3391656289094233e-23
1.3911438795588103e-23
1.445367003853954e-23
1.5019073039981713e-23
1.5608379093948813e-23
1.6222326162799256e-23
1.6861657048287837e-23
1.7527117323188644e-23
1.8219453009472615e-23
1.8939407989453884e-23
1.9687721136970052e-23
2.046512315660487e-23
2.127233312022734e-23
2.2110054691776485e-23
2.2978972033287725e-23
2.387974538770921e-23
2.4813006337114513e-23
2.577935273853902e-23
2.6779343343887067e-23
2.781349211518937e-23
2.8882262251973e-23
2.998605995362018e-23
3.112522794634328e-23
3.230003881173408e-23
3.35106881617129e-23
3.475728771300999e-23
3.6039858322919855e-23
3.7358323056857943e-23
3.8712500366975506e-23
4.010209746957941e-23
4.152670401701074e-23
4.2985786166764845e-23
4.4478681156537455e-23
4.6004592498305614e-23
4.756258590707179e-23
4.915158608019857e-23
5.0770374440969613e-23
5.241758795485252e-23
5.40917191186649e-23
5.579111721126253e-23
5.751399087945203e-23
5.925841211459093e-23
6.102232165397036e-23
6.280353581687485e-23
6.459975475867631e-23
6.640857209798995e-23
6.822748584258441e-23
7.005391051015708e-23
7.188519031123058e-23
7.371861323419667e-23
7.555142584787016e-23
