1.1106401133179468e-24
1.0690204180780258e-24
1.0358927860593638e-24
1.01083607985264e-24
9.933576564790619e-25
9.829007549749278e-25
9.78860414666189e-25
9.806051002413507e-25
9.87500310596058e-25
9.98930619547291e-25
1.0143175895619283e-24
1.0331323190822051e-24
1.0549025694452766e-24
1.079215214859027e-24
1.1057151307294577e-24
1.1341016775501396e-24
1.1641237852066363e-24
1.1955744120395065e-24
1.2282849196831876e-24
1.2621197069762814e-24
1.2969712956973272e-24
1.3327559555087563e-24
1.36940988702251e-24
1.4068859406811245e-24
1.4451508270980835e-24
1.4841827647045704e-24
1.5239695085942058e-24
1.5645067067780192e-24
1.605796534703074e-24
1.647846564499733e-24
1.690668831115031e-24
1.7342790629435124e-24
1.778696049525371e-24
1.8239411231650808e-24
1.8700377351948725e-24
1.9170111106800083e-24
1.9648879682057903e-24
2.0136962935469466e-24
2.0634651579831202e-24
2.114224573591864e-24
2.16600537915021e-24
2.2188391513638248e-24
2.27275813706981e-24
2.3277952027770052e-24
2.383983798545488e-24
2.4413579337123557e-24
2.4999521623960376e-24
2.55980157709187e-24
2.6209418089010977e-24
2.6834090332569596e-24
2.74723998015303e-24
2.812471948107195e-24
2.8791428211266886e-24
2.9472910882336275e-24
3.0169558649905203e-24
3.0881769167584274e-24
3.1609946833168293e-24
3.235450304644448e-24
3.3115856476471915e-24
3.389443333665625e-24
3.4690667666682895e-24
3.5505001620119696e-24
3.63378857567949e-24
3.718977933973731e-24
3.806115063608647e-24
3.8952477221545424e-24
3.986424628834995e-24
4.07969549568791e-24
4.17511105903403e-24
4.272723111309139e-24
4.3725845332390585e-24
4.47474932639277e-24
4.579272646093024e-24
4.6862108347464895e-24
4.795621455591721e-24
4.907563326877418e-24
5.022096556515481e-24
5.139282577226945e-24
5.2591841822113176e-24
5.38186556132288e-24
5.507392337879746e-24
5.63583160599483e-24
5.767251968618197e-24
5.901723576144912e-24
6.039318165749896e-24
6.180109101454936e-24
6.3241714148639605e-24
6.471581846746454e-24
6.622418889330568e-24
6.776762829498852e-24
6.934695792782887e-24
7.096301788271039e-24
7.261666754393129e-24
7.430878605697847e-24
7.604027280540841e-24
7.781204789826458e-24
7.962505266732169e-24
8.148025017544698e-24
8.337862573545763e-24
8.532118744046461e-24
8.730896670572759e-24
8.934301882221622e-24
9.142442352253777e-24
9.355428555928343e-24
9.573373529663043e-24
9.796392931439443e-24
1.0024605102622028e-23
1.0258131131140597e-23
1.0497094916112644e-23
1.0741623233933856e-23
1.099184580581475e-23
1.1247895366905391e-23
1.1509907736992087e-23
1.1778021892759102e-23
1.2052380041779083e-23
1.2333127698109396e-23
1.2620413759679719e-23
1.2914390587419251e-23
1.3215214086271801e-23
1.352304378798063e-23
1.3838042935803876e-23
1.4160378571265502e-23
1.4490221622792774e-23
1.482774699644594e-23
1.517313366879217e-23
1.5526564781815932e-23
1.5888227740116295e-23
1.6258314310362016e-23
1.6637020722929588e-23
1.702454777600486e-23
1.7421100942109298e-23
1.7826890476981052e-23
1.824213153107878e-23
1.8667044263622694e-23
1.9101853959313748e-23
1.9546791147662222e-23
2.0002091725303475e-23
2.0467997080846506e-23
2.0944754222852424e-23
2.1432615910719616e-23
2.1931840788479425e-23
2.244269352199225e-23
2.29654449389906e-23
2.3500372172459132e-23
2.404775880759258e-23
2.4607895031801733e-23
2.518107778840857e-23
2.5767610933954894e-23
2.6367805398762026e-23
2.698197935201173e-23
2.7610458369486783e-23
2.8253575606551964e-23
2.891167197404875e-23
2.958509631850445e-23
3.027420560729365e-23
3.0979365116904656e-23
3.170094862611052e-23
3.243933861450128e-23
3.3194926463424994e-23
3.396811266378518e-23
3.47593070276154e-23
3.556892890451188e-23
3.639740740350995e-23
3.724518161924242e-23
3.8112700864466576e-23
3.900042490691174e-23
3.9908824212795954e-23
4.083838019453773e-23
4.1789585465070316e-23
4.276294409713364e-23
4.375897189119837e-23
4.477819664474424e-23
4.582115843385149e-23
4.6888409893494287e-23
4.798051651410879e-23
4.9098056935308117e-23
5.02416232520372e-23
5.1411821327039346e-23
5.260927110953294e-23
5.383460695998432e-23
5.508847798537798e-23
5.637154837899844e-23
5.768449777133457e-23
5.902802158548638e-23
6.040283140144116e-23
6.180965533114594e-23
6.32492384029081e-23
6.472234294592053e-23
6.622974899068885e-23
6.777225468200499e-23
6.93506766881817e-23
7.09658506455251e-23
7.261863156583791e-23
7.430989430825648e-23
7.604053402693626e-23
7.781146662646238e-23
7.962362926421809e-23
8.147798080658156e-23
8.337550234851766e-23
8.531719770886163e-23
8.730409395952529e-23
