1.4271273565452106e-22
1.427122809661479e-22
1.427118048690384e-22
1.4271130635241944e-22
1.4271078435809227e-22
1.4271023777808618e-22
1.427096654523989e-22
1.4270906616640307e-22
1.4270843864838106e-22
1.4270778156675745e-22
1.4270709352732705e-22
1.4270637307020339e-22
1.4270561866680702e-22
1.4270482871657537e-22
1.4270400154357233e-22
1.4270313539294754e-22
1.4270222842717034e-22
1.4270127872217256e-22
1.4270028426324362e-22
1.4269924294076268e-22
1.4269815254570588e-22
1.4269701076497474e-22
1.4269581517651542e-22
1.4269456324408444e-22
1.42693252312004e-22
1.4269187959938193e-22
1.426904421943555e-22
1.4268893704776913e-22
1.4268736096684926e-22
1.4268571060828813e-22
1.4268398247128563e-22
1.4268217289001486e-22
1.4268027802588667e-22
1.4267829385944117e-22
1.4267621618175804e-22
1.426740405855418e-22
1.426717624558358e-22
1.4266937696010336e-22
1.4266687903810689e-22
1.4266426339110375e-22
1.4266152447061018e-22
1.4265865646662112e-22
1.426556532953279e-22
1.426525085861493e-22
1.4264921566825672e-22
1.4264576755642277e-22
1.4264215693615827e-22
1.4263837614823936e-22
1.4263441717243256e-22
1.4263027161047357e-22
1.4262593066828176e-22
1.4262138513722943e-22
1.426166253746813e-22
1.4261164128346691e-22
1.4260642229052404e-22
1.4260095732438512e-22
1.4259523479174176e-22
1.4258924255282037e-22
1.4258296789557262e-22
1.4257639750880613e-22
1.4256951745384246e-22
1.425623131349614e-22
1.4255476926843142e-22
1.4254686985003856e-22
1.4253859812119297e-22
1.425299365332515e-22
1.425208667103402e-22
1.4251136941034392e-22
1.425014244840245e-22
1.424910108322936e-22
1.4248010636133014e-22
1.4246868793580795e-22
1.4245673132965221e-22
1.4244421117466703e-22
1.4243110090666413e-22
1.424173727090268e-22
1.424029974536831e-22
1.4238794463917913e-22
1.423721823259857e-22
1.4235567706859912e-22
1.4233839384450577e-22
1.4232029597983025e-22
1.423013450713725e-22
1.422815009050729e-22
1.42260721370501e-22
1.4223896237147105e-22
1.4221617773223915e-22
1.4219231909947585e-22
1.421673358393942e-22
1.4214117493018392e-22
1.4211378084931713e-22
1.4208509545544002e-22
1.4205505786479785e-22
1.4202360432176083e-22
1.419906680632423e-22
1.419561791766832e-22
1.419200644512754e-22
1.4188224722235031e-22
1.41842647208072e-22
1.4180118033871724e-22
1.4175775857764552e-22
1.4171228973393342e-22
1.4166467726606123e-22
1.416148200763177e-22
1.4156261229546194e-22
1.4150794305718064e-22
1.4145069626184098e-22
1.4139075032905437e-22
1.4132797793846553e-22
1.4126224575830238e-22
1.411934141609762e-22
1.4112133692521368e-22
1.4104586092398117e-22
1.4096682579768508e-22
1.408840636117103e-22
1.4079739849777957e-22
1.407066462781499e-22
1.4061161407196562e-22
1.405120998828984e-22
1.4040789216703383e-22
1.402987693802759e-22
1.401844995040455e-22
1.4006483954842055e-22
1.399395350315384e-22
1.3980831943405581e-22
1.3967091362753168e-22
1.395270252755699e-22
1.3937634820612366e-22
1.3921856175379009e-22
1.3905333007053386e-22
1.3888030140338269e-22
1.3869910733730622e-22
1.3850936200177442e-22
1.3831066123907503e-22
1.3810258173256227e-22
1.3788468009285554e-22
1.3765649189988475e-22
1.3741753069867673e-22
1.3716728694643597e-22
1.3690522690868105e-22
1.3663079150174072e-22
1.3634339507905583e-22
1.360424241582983e-22
1.3572723608654048e-22
1.3539715764023326e-22
1.3505148355663787e-22
1.3468947499336962e-22
1.343103579122995e-22
1.3391332138397533e-22
1.3349751580848087e-22
1.3306205104837993e-22
1.3260599446934056e-22
1.321283688834073e-22
1.3162815039015756e-22
1.3110426611000378e-22
1.3055559180429688e-22
1.2998094937605718e-22
1.293791042450349e-22
1.2874876259032855e-22
1.2808856845342804e-22
1.2739710069425385e-22
1.2667286979191053e-22
1.2591431448193963e-22
1.251197982207687e-22
1.2428760546794095e-22
1.2341593777578748e-22
1.225029096756969e-22
1.2154654434944692e-22
1.2054476907318139e-22
1.1949541042098688e-22
1.1839618921388577e-22
1.1724471519937712e-22
1.1603848144549458e-22
1.1477485843219407e-22
1.1345108782178272e-22
1.1206427588881434e-22
1.1061138658839566e-22
1.0908923424049544e-22
1.0749447580585792e-22
1.0582360272816333e-22
1.0407293231427279e-22
1.0223859862319537e-22
1.0031654283207198e-22
9.830250304537689e-23
9.619200351152454e-23
9.398034320906754e-23
9.16625837628657e-23
8.923353664949781e-23
8.668774965086096e-23
8.401949251624311e-23
8.122274179738865e-23
7.829116482999364e-23
7.521810285209557e-23
7.199655328072801e-23
6.861915122401969e-23
6.507815040533875e-23
6.136540385812669e-23
5.747234508990316e-23
5.338997107172905e-23
4.910882974242889e-23
4.461901757307424e-23
