1.4827879026035413e-24
1.4694808621913007e-24
1.457252401026333e-24
1.446022807710318e-24
1.4357171965288472e-24
1.4262653585518567e-24
1.4176015978242015e-24
1.4096645554298044e-24
1.4023970241998503e-24
1.3957457567366633e-24
1.389661269262353e-24
1.384097643590919e-24
1.3790123292831903e-24
1.3743659477880773e-24
1.3701221001144068e-24
1.3662471793236389e-24
1.3627101888915868e-24
1.3594825677631884e-24
1.3565380227196638e-24
1.3538523684955953e-24
1.3514033759235219e-24
1.3491706282460713e-24
1.3471353856192829e-24
1.345280457733976e-24
1.3435900844032562e-24
1.3420498239014307e-24
1.3406464487912707e-24
1.3393678489401415e-24
1.3382029414004677e-24
1.337141586813095e-24
1.3361745119830306e-24
1.3352932382747439e-24
1.3344900154756005e-24
1.3337577607827261e-24
1.3330900025776288e-24
1.3324808286642656e-24
1.3319248386600363e-24
1.3314171002429723e-24
1.3309531089741783e-24
1.3305287514299597e-24
1.3301402713935611e-24
1.3297842388725004e-24
1.329457521722184e-24
1.3291572596718174e-24
1.3288808405626602e-24
1.3286258786224672e-24
1.328390194613002e-24
1.3281717976999747e-24
1.327968868906447e-24
1.3277797460216415e-24
1.3276029098477685e-24
1.3274369716768843e-24
1.3272806618992642e-24
1.32713281965287e-24
1.3269923834318382e-24
1.3268583825792578e-24
1.3267299295961927e-24
1.3266062132058681e-24
1.3264864921174671e-24
1.3263700894403382e-24
1.3262563877041359e-24
1.3261448244457684e-24
1.326034888328955e-24
1.3259261157662368e-24
1.325818088018057e-24
1.3257104287474888e-24
1.3256028020129539e-24
1.3254949106856104e-24
1.325386495281387e-24
1.3252773332017246e-24
1.3251672383804852e-24
1.3250560613385626e-24
1.3249436896511494e-24
1.3248300488364766e-24
1.3247151036791557e-24
1.3245988600047162e-24
1.3244813669267207e-24
1.3243627195919688e-24
1.324243062454141e-24
1.324122593111356e-24
1.3240015667482275e-24
1.3238803012290667e-24
1.323759182894641e-24
1.3236386731222569e-24
1.323519315715402e-24
1.3234017451975824e-24
1.3232866960934653e-24
1.3231750132894083e-24
1.3230676635759322e-24
1.3229657484855583e-24
1.3228705185514044e-24
1.3227833891250067e-24
1.322705957906133e-24
1.3226400243526836e-24
1.322587611155793e-24
1.3225509879830619e-24
1.3225326977129674e-24
1.3225355854045894e-24
1.3225628302697096e-24
1.3226179809389555e-24
1.3227049943401035e-24
1.322828278533904e-24
1.3229927398839475e-24
1.323203834966482e-24
1.323467627659277e-24
1.3237908518825606e-24
1.3241809804982088e-24
1.3246463009079e-24
1.3251959979252518e-24
1.3258402445276963e-24
1.3265903011238238e-24
1.3274586239973962e-24
1.328458983606729e-24
1.329606593431216e-24
1.3309182500544728e-24
1.3324124851573659e-24
1.3341097300691934e-24
1.3360324934577338e-24
1.3382055526687318e-24
1.3406561590985508e-24
1.3434142578355486e-24
1.3465127215982378e-24
1.3499875987468219e-24
1.3538783748140027e-24
1.3582282466403816e-24
1.363084407713561e-24
1.3684983427861976e-24
1.3745261292228816e-24
1.3812287418399056e-24
1.3886723571963812e-24
1.3969286524897577e-24
1.406075093297513e-24
1.4161952035184478e-24
1.427378809919959e-24
1.4397222528954063e-24
1.4533285542112746e-24
1.4683075319268502e-24
1.4847758521033525e-24
1.5028570068627408e-24
1.522681208047472e-24
1.5443851861854506e-24
1.5681118846707702e-24
1.5940100397509785e-24
1.6222336373520529e-24
1.6529412382934931e-24
1.686295163693549e-24
1.722460532014102e-24
1.7616041387494125e-24
1.8038931676248455e-24
1.84949372090485e-24
1.8985691526332017e-24
1.951278185926258e-24
2.0077727915604046e-24
2.068195802464218e-24
2.13267823593673e-24
2.2013362964534834e-24
2.2742680336292976e-24
2.3515496380659033e-24
2.4332313692679825e-24
2.519333129501698e-24
2.6098397238095934e-24
2.7046958817656644e-24
2.803801160628697e-24
2.9070049016522836e-24
3.0141014701292555e-24
3.1248260714036754e-24
3.238851493865971e-24
3.355786180229029e-24
3.475174057028726e-24
3.596496554221621e-24
3.719177204922561e-24
3.842589126053975e-24
3.9660655366226616e-24
4.088913275931082e-24
4.210429047082514e-24
4.329917856260317e-24
4.4467128731531744e-24
4.560195735406008e-24
4.669816192262975e-24
4.775109964203928e-24
4.875713783615064e-24
4.971376783165883e-24
5.0619676889165886e-24
5.147477613704314e-24
5.22801858280363e-24
5.303818242867327e-24
5.375211429603251e-24
5.442629417866941e-24
5.5065877331986586e-24
5.56767335751214e-24
5.626532066429535e-24
5.6838564859334885e-24
5.740375289831066e-24
5.796843808281048e-24
5.854036139673727e-24
5.912738788888307e-24
5.973745713722427e-24
6.0378546343778785e-24
6.105864420787896e-24
6.178573345134658e-24
6.256778044686592e-24
