1.483606103808441e-22
1.4854341670580538e-22
1.4871549842049205e-22
1.4887722069767854e-22
1.4902892670828685e-22
1.4917093835045513e-22
1.493035569332584e-22
1.4942706381652827e-22
1.4954172100814989e-22
1.4964777172009343e-22
1.497454408843774e-22
1.498349356300376e-22
1.4991644572213634e-22
1.499901439637206e-22
1.50056186561588e-22
1.5011471345662608e-22
1.501658486194154e-22
1.502097003117199e-22
1.50246361314394e-22
1.50275909122191e-22
1.5029840610585547e-22
1.5031389964183448e-22
1.5032242220984645e-22
1.5032399145850706e-22
1.5031861023911534e-22
1.5030626660763117e-22
1.5028693379483552e-22
1.5026057014454565e-22
1.5022711901973566e-22
1.501865086762951e-22
1.5013865210412608e-22
1.500834468351622e-22
1.5002077471785902e-22
1.4995050165759017e-22
1.4987247732234207e-22
1.497865348129695e-22
1.4969249029725487e-22
1.4959014260685282e-22
1.4947927279619584e-22
1.4935964366226122e-22
1.492309992240692e-22
1.490930641606577e-22
1.4894554320616372e-22
1.4878812050055968e-22
1.4862045889446942e-22
1.4844219920636785e-22
1.4825295943034595e-22
1.4805233389251036e-22
1.4783989235393412e-22
1.4761517905793017e-22
1.4737771171929873e-22
1.4712698045300242e-22
1.4686244663959983e-22
1.465835417245418e-22
1.4628966594830813e-22
1.4598018700411213e-22
1.4565443861972736e-22
1.453117190597546e-22
1.4495128954439894e-22
1.445723725806313e-22
1.4417415020125539e-22
1.4375576210719312e-22
1.433163037079676e-22
1.428548240550409e-22
1.4237032366229998e-22
1.4186175220767644e-22
1.4132800610940159e-22
1.4076792597005054e-22
1.4018029388103725e-22
1.3956383057971695e-22
1.3891719245080878e-22
1.3823896836316278e-22
1.3752767633240726e-22
1.3678175999926788e-22
1.3599958491271663e-22
1.3517943460631441e-22
1.3431950645524434e-22
1.3341790730073856e-22
1.3247264882757366e-22
1.3148164267928842e-22
1.3044269529460867e-22
1.2935350244747512e-22
1.2821164347147773e-22
1.2701457514836567e-22
1.257596252385248e-22
1.2444398562958673e-22
1.2306470507772923e-22
1.216186815136079e-22
1.2010265388358697e-22
1.185131934932922e-22
1.1684669481901125e-22
1.1509936574871303e-22
1.1326721721168648e-22
1.1134605215210818e-22
1.0933145379817352e-22
1.072187731737462e-22
1.0500311579565562e-22
1.0267932749373664e-22
1.0024197928486202e-22
9.768535122833153e-23
9.500341517875307e-23
9.21898163497659e-23
8.923785358910935e-23
8.614045826170477e-23
8.289017161843201e-23
7.947912053031427e-23
7.589899144067117e-23
7.214100239059793e-23
6.81958729417561e-23
6.405379183150684e-23
5.970438216504065e-23
5.513666395929549e-23
5.0339013874806436e-23
4.529912204914002e-23
4.0003946169457824e-23
3.443966359531284e-23
2.8591624486522764e-23
2.244431705299447e-23
1.598139665423048e-23
9.186157856357227e-24
2.0537692630706715e-24
5.498670987544783e-24
1.3409252886074714e-23
2.173957708665749e-23
3.0510930582739713e-23
3.974868461215647e-23
4.948030177412572e-23
5.973525743656262e-23
7.054515561354314e-23
8.194389804010122e-23
9.396788332140362e-23
1.0665623233721124e-22
1.2005104089676476e-22
1.3419766240620463e-22
1.4914502431327015e-22
1.6494598293458186e-22
1.8165772212411353e-22
1.9934220222844747e-22
2.1806666689053733e-22
2.3790421664372843e-22
2.5893445982767852e-22
2.8124425333006626e-22
3.0492854806534854e-22
3.300913569060115e-22
3.568468664252214e-22
3.853207180169026e-22
4.156514895821835e-22
4.479924152536636e-22
4.825133894154922e-22
5.194033113103487e-22
5.5887284012706015e-22
6.0115764697335525e-22
6.465222716585004e-22
6.952647203646575e-22
7.477219752759591e-22
8.042766355128729e-22
8.65364969787956e-22
9.31486744165516e-22
1.0032173000033195e-21
1.0812225056507223e-21
1.1662774157409445e-21
1.2592897553199043e-21
1.361329751380184e-21
1.4736684090167793e-21
1.5978271600355536e-21
1.7356430306871292e-21
1.889355304108288e-21
2.0617224261409717e-21
2.256182237026739e-21
2.477075487089384e-21
2.7299638666140334e-21
3.022092689414355e-21
3.363081322652793e-21
3.7659837909170364e-21
4.2489738545246145e-21
4.838130137663708e-21
5.572261291236959e-21
6.511756746014922e-21
7.75601298924007e-21
9.480992777169975e-21
1.2030509057243297e-20
1.6178861652190173e-20
2.4110015847240712e-20
4.5271909762216634e-20
2.4493906172020733e-19
6.851122379454131e-20
3.1701048219701903e-20
2.0892333987862192e-20
1.5736274328519192e-20
1.2718005267311273e-20
1.0735646028833408e-20
9.33325494113644e-21
8.288050581802242e-21
7.47826890181711e-21
6.831733223185437e-21
6.3029391309815206e-21
5.8617704805786025e-21
5.48749660046256e-21
5.16537551117463e-21
4.884632674296015e-21
4.637206115446179e-21
