9.187220784581725e-25
9.81595556146962e-25
1.0424050236940837e-24
1.1008579532293734e-24
1.156774047397357e-24
1.2100481826595689e-24
1.2606260529415697e-24
1.3084878790129427e-24
1.3536373232516773e-24
1.396093822576327e-24
1.4358872052726771e-24
1.4730538595835562e-24
1.507633973367261e-24
1.539669523905943e-24
1.569202800168037e-24
1.5962753075992758e-24
1.6209269507175802e-24
1.6431954193890564e-24
1.6631157256819003e-24
1.6807198528313643e-24
1.696036488176968e-24
1.7090908193194e-24
1.7199043780914698e-24
1.7284949208685814e-24
1.7348763366761452e-24
1.7390585767778547e-24
1.7410476011650025e-24
1.740845338758189e-24
1.738449659297443e-24
1.7338543559264825e-24
1.7270491384454694e-24
1.718019638186945e-24
1.706747426534355e-24
1.6932100503325097e-24
1.677381088934681e-24
1.659230239518735e-24
1.6387234397623035e-24
1.6158230402346311e-24
1.590488043285991e-24
1.5626744312965111e-24
1.5323356156219092e-24
1.4994230495458054e-24
1.463887065690017e-24
1.425678023217841e-24
1.3847478868139063e-24
1.3410524142296614e-24
1.2945542124609545e-24
1.2452270513132499e-24
1.1930620254766942e-24
1.1380764802045306e-24
1.080327143619871e-24
1.019929783326119e-24
9.570891736461166e-25
8.9214564174054e-25
8.256486189609568e-25
7.584742967592058e-25
6.920138353028613e-25
6.284660661250173e-25
5.712510362657516e-25
5.254431418116773e-25
4.977747798620323e-25
4.953306483062412e-25
5.227354515641678e-25
5.80058265361029e-25
6.637736628803126e-25
7.6936010715391425e-25
8.93010664126505e-25
1.032061491614255e-24
1.1848276874738377e-24
1.3503297251113978e-24
1.528070360884481e-24
1.7178816882912816e-24
1.919826358208362e-24
2.134135012203477e-24
2.3611668658142114e-24
2.6013849893604875e-24
2.8553410240163584e-24
3.1236660862031104e-24
3.407065850626692e-24
3.706318559515996e-24
4.022275173443184e-24
4.355861172989845e-24
4.7080797093078e-24
5.080015926354505e-24
5.472842363039156e-24
5.887825404795429e-24
6.326332800723189e-24
6.789842300451269e-24
7.279951498371863e-24
7.79838900470814e-24
8.347027095188668e-24
8.927896025693944e-24
9.543200236701401e-24
1.0195336716421705e-23
1.0886915842847779e-23
1.1620785085639054e-23
1.2400056021269781e-23
1.322813520213504e-23
1.4108759525955402e-23
1.5046036880673863e-23
1.6044492997789052e-23
1.710912564137193e-23
1.824546750058583e-23
1.9459659452852623e-23
2.0758536239507878e-23
2.2149727067055213e-23
2.3641774244089274e-23
2.524427372386826e-23
2.696804239690358e-23
2.882531823537501e-23
3.0830001025511026e-23
3.299794356452027e-23
3.534730602329222e-23
3.789898993553814e-23
4.067717332148786e-23
4.370997529264712e-23
4.7030287841004494e-23
5.0676825449568116e-23
5.46954612335185e-23
5.914094386006195e-23
6.407912602004719e-23
6.958988810419588e-23
7.577101828258752e-23
8.274342537205855e-23
9.065823417943051e-23
9.970657684821407e-23
1.1013329945323693e-22
1.2225643047467725e-22
1.364952250364798e-22
1.5341105763205206e-22
1.7376749145607667e-22
1.9861817791097228e-22
2.294315536366081e-22
2.682497081892484e-22
3.1781759897111917e-22
3.813767291748932e-22
4.6101842316520205e-22
5.51735508796146e-22
6.296513973342062e-22
6.545210411119918e-22
6.145915357070454e-22
5.425996847015855e-22
4.701635676169245e-22
4.0900564135628505e-22
3.60065525806811e-22
3.212457476883236e-22
2.9021678738459278e-22
2.6508668990180363e-22
2.4443998420726587e-22
2.272398037665027e-22
2.1272588535447653e-22
2.0033533298344062e-22
1.8964589363363593e-22
1.8033633376706299e-22
1.7215883988472072e-22
1.6491966836573884e-22
1.584654328808166e-22
1.5267326536338402e-22
1.474436642482281e-22
1.426952289560746e-22
1.3836073465514194e-22
1.3438417134485654e-22
1.307184851624877e-22
1.2732383714950203e-22
1.2416624745974256e-22
1.212165298566835e-22
1.1844944693576455e-22
1.1584303484865368e-22
1.1337805915896402e-22
1.1103757336952349e-22
1.0880655797379199e-22
1.0667162365687054e-22
1.0462076548095752e-22
1.0264315825753813e-22
1.0072898508529557e-22
9.88692930373768e-23
9.705587092792995e-23
9.5281145327834e-23
9.353809175135321e-23
9.182015830095404e-23
9.012119989880715e-23
8.843542132230989e-23
8.675732782842904e-23
8.50816820650383e-23
8.340346658197583e-23
8.171785113559827e-23
8.002016421909775e-23
7.830586845952359e-23
7.657053952085537e-23
7.480984838662239e-23
7.301954695352086e-23
7.119545707498839e-23
6.933346325980614e-23
6.742950966498385e-23
6.547960195125398e-23
6.347981531977727e-23
6.142631035975602e-23
5.931535915551427e-23
5.71433852671645e-23
5.490702281482633e-23
5.2603202359932985e-23
