1.4559600488847375e-24
1.3753185741672071e-24
1.3020751789150281e-24
1.2359734407973227e-24
1.1767702611000905e-24
1.1242295031023103e-24
1.0781153160041744e-24
1.038185595567815e-24
1.004186163476625e-24
9.758463044187611e-25
9.528762422878447e-25
9.349669480590912e-25
9.217923743541039e-25
9.130138675495632e-25
9.082862012632385e-25
9.072644802521193e-25
9.096111200966007e-25
9.150022074305116e-25
9.23132742214021e-25
9.337204965341605e-25
9.465084394908432e-25
9.612658408836316e-25
9.77788266213721e-25
9.958967174220226e-25
1.0154361723116346e-24
1.0362737471644327e-24
1.0582966658638203e-24
1.081410174981598e-24
1.105535503966105e-24
1.1306079357127763e-24
1.1565750262283234e-24
1.1833949924056612e-24
1.2110352730559015e-24
1.2394712591280169e-24
1.2686851833440113e-24
1.2986651563083482e-24
1.3294043347529939e-24
1.3609002073482652e-24
1.3931539840229696e-24
1.4261700756752844e-24
1.4599556523211676e-24
1.4945202689660329e-24
1.5298755497199957e-24
1.5660349218502993e-24
1.6030133925363515e-24
1.6408273620817418e-24
1.6794944681894336e-24
1.71903345668469e-24
1.759464074726056e-24
1.8008069831298056e-24
1.84308368492783e-24
1.886316467711202e-24
1.930528357673803e-24
1.9757430835900403e-24
2.0219850492292538e-24
2.0692793129285635e-24
2.11765157325229e-24
2.167128159825916e-24
2.217736028572892e-24
2.2695027607002444e-24
2.322456564888538e-24
2.3766262822184163e-24
2.4320413934438926e-24
2.488732028285233e-24
2.5467289764624104e-24
2.606063700244408e-24
2.666768348311485e-24
2.7288757707803083e-24
2.7924195352455755e-24
2.8574339437436737e-24
2.9239540505288125e-24
2.9920156806018764e-24
3.061655448925206e-24
3.1329107802746153e-24
3.2058199296918904e-24
3.2804220035098375e-24
3.356756980921281e-24
3.434865736083947e-24
3.514790060745534e-24
3.596572687376108e-24
3.6802573128275166e-24
3.765888622483142e-24
3.8535123149446026e-24
3.943175127220827e-24
4.03492486045676e-24
4.1288104061915074e-24
4.2248817731711945e-24
4.323190114711135e-24
4.423787756641289e-24
4.526728225831725e-24
4.632066279316817e-24
4.739857934039959e-24
4.850160497234706e-24
4.963032597441079e-24
5.078534216203129e-24
5.1967267204436116e-24
5.3176728955411724e-24
5.4414369791304044e-24
5.568084695640076e-24
5.6976832915956944e-24
5.830301571694058e-24
5.96600993569114e-24
6.104880416091671e-24
6.246986716701823e-24
6.3924042520320655e-24
6.541210187588558e-24
6.69348348107767e-24
6.849304924535702e-24
7.008757187417355e-24
7.171924860662758e-24
7.338894501764338e-24
7.50975468085961e-24
7.684596027886211e-24
7.86351128080502e-24
8.046595334933133e-24
8.233945293406516e-24
8.425660518804672e-24
8.621842685961061e-24
8.822595835982827e-24
9.028026431526943e-24
9.238243413343356e-24
9.45335825812239e-24
9.673485037678334e-24
9.898740479506802e-24
1.0129244028737162e-23
1.0365117911513683e-23
1.0606487199847763e-23
1.08534798779871e-23
1.1106226910284242e-23
1.1364862310677497e-23
1.1629523213763695e-23
1.1900349947514111e-23
1.2177486107688624e-23
1.2461078633968617e-23
1.2751277887852362e-23
1.3048237732375249e-23
1.335211561365844e-23
1.36630726443551e-23
1.398127368905068e-23
1.4306887451621925e-23
1.4640086564635304e-23
1.4981047680820357e-23
1.5329951566668973e-23
1.5686983198191477e-23
1.6052331858922123e-23
1.6426191240171357e-23
1.6808759543624244e-23
1.7200239586320003e-23
1.7600838908041113e-23
1.801076988124072e-23
1.8430249823465172e-23
1.885950111243881e-23
1.929875130378548e-23
1.974823325147118e-23
2.0208185231077022e-23
2.0678851065899426e-23
2.1160480255973443e-23
2.1653328110113144e-23
2.2157655880982265e-23
2.267373090328711e-23
2.320182673522591e-23
2.3742223303121853e-23
2.4295207049491467e-23
2.4861071084480662e-23
2.5440115340827595e-23
2.6032646732405e-23
2.663897931641625e-23
2.725943445933205e-23
2.789434100669961e-23
2.8544035456812804e-23
2.920886213841043e-23
2.9889173392498854e-23
3.0585329758303936e-23
3.129770016356737e-23
3.202666211915234e-23
3.27726019181832e-23
3.353591483971373e-23
3.431700535709325e-23
3.511628735110906e-23
3.5934184327977776e-23
3.67711296423541e-23
3.7627566725422876e-23
3.850394931820325e-23
3.94007417101396e-23
4.031841898317206e-23
4.1257467261246354e-23
4.2218383965635734e-23
4.3201678075883553e-23
4.4207870396709737e-23
4.523749383093739e-23
4.629109365851698e-23
4.7369227821789855e-23
4.8472467217157784e-23
4.960139599323227e-23
5.075661185552679e-23
5.1938726377953794e-23
5.314836532113207e-23
5.438616895761035e-23
5.565279240419891e-23
5.694890596147276e-23
5.827519546044385e-23
