2.8584371651173595e-24
2.8673191721943953e-24
2.8758527261645667e-24
2.884046594782394e-24
2.8919097437018477e-24
2.8994512617313637e-24
2.9066802963315863e-24
2.9136059981117745e-24
2.9202374732264637e-24
2.926583742703244e-24
2.9326537078470403e-24
2.938456120965873e-24
2.9439995607524096e-24
2.9492924117336165e-24
2.9543428472693988e-24
2.959158815642465e-24
2.9637480288347536e-24
2.9681179536328394e-24
2.972275804747975e-24
2.9762285396706052e-24
2.979982855014607e-24
2.983545184133118e-24
2.9869216958139036e-24
2.9901182938848756e-24
2.993140617579792e-24
2.9959940425315364e-24
2.998683682276404e-24
3.0012143901656224e-24
3.0035907615932543e-24
3.005817136459636e-24
3.0078976017991674e-24
3.009835994509753e-24
3.011635904127908e-24
3.0133006756007605e-24
3.0148334120116548e-24
3.016236977220273e-24
3.0175139983842207e-24
3.01866686833108e-24
3.0196977477550257e-24
3.020608567213791e-24
3.021401028904937e-24
3.0220766082030854e-24
3.022636554940843e-24
3.0230818944185797e-24
3.0234134281297096e-24
3.0236317341892023e-24
3.023737167454184e-24
3.0237298593269416e-24
3.0236097172311326e-24
3.023376423752711e-24
3.0230294354383436e-24
3.0225679812439087e-24
3.0219910606273506e-24
3.0212974412792466e-24
3.020485656486519e-24
3.0195540021241637e-24
3.018500533270936e-24
3.017323060445312e-24
3.0160191454589153e-24
3.014586096885283e-24
3.0130209651422e-24
3.011320537187675e-24
3.009481330830187e-24
3.0074995886548227e-24
3.005371271569693e-24
3.003092051977123e-24
3.0006573065777008e-24
2.9980621088170733e-24
2.9953012209879964e-24
2.9923690860046046e-24
2.9892598188681834e-24
2.985967197850579e-24
2.9824846554241964e-24
2.978805268976353e-24
2.9749217513513737e-24
2.970826441272926e-24
2.9665112937097177e-24
2.9619678702577762e-24
2.957187329628157e-24
2.9521604183421076e-24
2.9468774617564555e-24
2.9413283555618063e-24
2.9355025579206653e-24
2.9293890824436787e-24
2.922976492232022e-24
2.916252895257349e-24
2.909205941393444e-24
2.901822821468354e-24
2.8940902687685007e-24
2.8859945634974212e-24
2.877521540780859e-24
2.8686566029054487e-24
2.859384736599002e-24
2.8496905362971994e-24
2.8395582345033605e-24
2.8289717405373806e-24
2.817914689197084e-24
2.8063705011164154e-24
2.794322456919151e-24
2.781753787634385e-24
2.7686477842757076e-24
2.7549879300008347e-24
2.7407580588804056e-24
2.725942546022786e-24
2.7105265346627923e-24
2.694496206830535e-24
2.6778391054201104e-24
2.6605445168982955e-24
2.6426039255687996e-24
2.624011552290654e-24
2.6047649928797687e-24
2.584865974145618e-24
2.5643212487021075e-24
2.543143653372033e-24
2.5213533602189452e-24
2.4989793540161777e-24
2.476061175253803e-24
2.4526509735068677e-24
2.4288159219300994e-24
2.4046410494180885e-24
2.38023255195685e-24
2.3557216478636405e-24
2.3312690414835856e-24
2.3070700542563906e-24
2.2833604678150264e-24
2.2604230968639517e-24
2.2385950648665962e-24
2.218275687137142e-24
2.199934767997384e-24
2.1841209871145456e-24
2.171469885750141e-24
2.16271077639885e-24
2.1586717141789587e-24
2.160281530241759e-24
2.168567902973515e-24
2.1846506118061764e-24
2.209729552796269e-24
2.245067820847159e-24
2.2919711180158955e-24
2.3517657548217253e-24
2.4257783033846947e-24
2.515320260332575e-24
2.621680719393988e-24
2.7461290839921785e-24
2.8899285333498953e-24
3.0543596733257052e-24
3.2407528999164025e-24
3.450527662382099e-24
3.685237024916545e-24
3.946616543937327e-24
4.236637311840016e-24
4.557563910366522e-24
4.9120188841369145e-24
5.30305617692632e-24
5.734246816314288e-24
6.209781070774888e-24
6.734592443240471e-24
7.314510333947173e-24
7.95645015633066e-24
8.66865229727725e-24
9.460984798189127e-24
1.0345329266136575e-23
1.1336075506097836e-23
1.245075786970938e-23
1.3710874996518976e-23
1.5142943016170457e-23
1.6779835653654356e-23
1.8662451504229792e-23
2.0841689178763045e-23
2.3380536909061988e-23
2.6355634521017382e-23
2.985659295836144e-23
3.3978944252077057e-23
3.880165828890114e-23
4.433193001365156e-23
5.0393570840400123e-23
5.645900001718366e-23
6.154135255584438e-23
6.444235468498993e-23
6.446679899328642e-23
6.19464587861528e-23
5.790264361233089e-23
5.333564584942158e-23
4.8875124221177157e-23
4.4808520000192665e-23
4.121844056805208e-23
3.8090690384105693e-23
3.5374498025306924e-23
3.30108495670696e-23
3.094412635298728e-23
2.912597561953949e-23
2.7515873307733683e-23
2.6080432755444584e-23
2.4792353251995163e-23
2.3629370378545187e-23
2.2573336338634654e-23
2.1609459355092243e-23
2.0725693181173746e-23
1.991225534946312e-23
1.9161251266918838e-23
1.846638332201503e-23
