5.847821542657568e-24
5.777461511744908e-24
5.721389123696243e-24
5.6793018173287534e-24
5.650915937189734e-24
5.635965720048697e-24
5.634202320417694e-24
5.6453928746858126e-24
5.669319603731945e-24
5.705778954365848e-24
5.754580780116506e-24
5.8155475622360955e-24
5.888513671881725e-24
5.973324674592926e-24
6.069836678116329e-24
6.177915724601407e-24
6.297437228006425e-24
6.428285457391238e-24
6.570353066479115e-24
6.723540669664768e-24
6.887756464297804e-24
7.06291589883719e-24
7.248941386156563e-24
7.445762061022199e-24
7.653313580502904e-24
7.871537965823908e-24
8.100383483957518e-24
8.339804567037418e-24
8.589761767510152e-24
8.85022174673427e-24
9.121157294694035e-24
9.402547378246698e-24
9.694377215387704e-24
9.99663837283949e-24
1.0309328884314849e-23
1.0632453386740304e-23
1.0966023271849235e-23
1.1310056850473179e-23
1.166457952707637e-23
1.2029623982079361e-23
1.2405230359680771e-23
1.2791446459076404e-23
1.3188327927015918e-23
1.3595938449980224e-23
1.401434994427189e-23
1.4443642742678238e-23
1.4883905776381432e-23
1.5335236751177567e-23
1.5797742317111588e-23
1.6271538230893636e-23
1.675674951067068e-23
1.725351058282079e-23
1.7761965420706502e-23
1.8282267675373756e-23
1.8814580798403106e-23
1.9359078157185128e-23
1.9915943143061363e-23
2.0485369272793717e-23
2.106756028394219e-23
2.1662730224882763e-23
2.2271103540022968e-23
2.2892915151084532e-23
2.3528410535144653e-23
2.417784580025911e-23
2.4841487759415336e-23
2.5519614003670875e-23
2.621251297512598e-23
2.692048404066544e-23
2.764383756702214e-23
2.838289499803446e-23
2.913798893459847e-23
2.990946321812873e-23
3.06976730180043e-23
3.1502984923614054e-23
3.232577704152779e-23
3.3166439098243635e-23
3.4025372549024664e-23
3.490299069315966e-23
3.57997187960545e-23
3.671599421850787e-23
3.765226655344199e-23
3.8608997770337047e-23
3.958666236767872e-23
4.058574753360108e-23
4.160675331482436e-23
4.265019279418017e-23
4.371659227681036e-23
4.480649148506198e-23
4.592044376234996e-23
4.705901628596745e-23
4.82227902888187e-23
4.9412361290365784e-23
5.062833933658505e-23
5.1871349249120706e-23
5.314203088355121e-23
5.444103939686235e-23
5.576904552405994e-23
5.712673586399065e-23
5.851481317415092e-23
5.993399667490622e-23
6.138502236246788e-23
6.286864333122849e-23
6.438563010489799e-23
6.59367709767772e-23
6.752287235887825e-23
6.914475913993419e-23
7.080327505218202e-23
7.249928304696966e-23
7.42336656788889e-23
7.600732549861655e-23
7.782118545411613e-23
7.967618930018233e-23
8.157330201636074e-23
8.351351023278242e-23
8.549782266408813e-23
8.752727055115005e-23
8.960290811023177e-23
9.172581298973145e-23
9.389708673403923e-23
9.611785525433312e-23
9.838926930604192e-23
1.0071250497250005e-22
1.0308876415518942e-22
1.0551927506874796e-22
1.0800529274201483e-22
1.1054809952366696e-22
1.131490055920395e-22
1.1580934946877602e-22
1.1853049853625306e-22
1.2131384955631106e-22
1.2416082919237134e-22
1.2707289453200817e-22
1.3005153360923648e-22
1.3309826592727904e-22
1.362146429790628e-22
1.3940224876498674e-22
1.4266270030708151e-22
1.4599764815844243e-22
1.4940877690506889e-22
1.5289780566024449e-22
1.5646648855019258e-22
1.6011661518628473e-22
1.6385001112556792e-22
1.676685383151384e-22
1.715740955198035e-22
1.7556861872685068e-22
1.7965408153249415e-22
1.838324954979302e-22
1.8810591048027038e-22
1.9247641493058779e-22
1.969461361541828e-22
2.0151724053464165e-22
2.0619193371101118e-22
2.1097246071133793e-22
2.158611060260844e-22
2.208601936302099e-22
2.259720869385352e-22
2.3119918868836716e-22
2.3654394075208564e-22
2.4200882385608365e-22
2.475963572232769e-22
2.533090980969061e-22
2.5914964117229553e-22
2.6512061790842755e-22
2.7122469570260955e-22
2.7746457693286044e-22
2.838429978541945e-22
2.903627273152511e-22
2.9702656532650777e-22
3.0383734140882308e-22
3.107979127386741e-22
3.1791116210319583e-22
3.2517999556089487e-22
3.326073398853364e-22
3.401961397026366e-22
3.4794935433219455e-22
3.55869954296456e-22
3.6396091748184092e-22
3.7222522490709345e-22
3.8066585610627526e-22
3.8928578404834273e-22
3.9808796953045736e-22
4.0707535518514393e-22
4.1625085879554783e-22
4.256173661692826e-22
4.351777231165713e-22
4.449347270670819e-22
4.548911177332522e-22
4.650495669191962e-22
4.75412667820117e-22
4.859829229095062e-22
4.967627312303179e-22
5.077543744748227e-22
5.1896000182517235e-22
5.303816137950056e-22
5.4202104465078935e-22
5.538799432526597e-22
5.659597526612804e-22
5.782616879031997e-22
5.907867119761215e-22
6.035355102518293e-22
