6.374622709227021e-23
6.384274474146119e-23
6.393457447739761e-23
6.402191118048274e-23
6.410494018939595e-23
6.418383769494772e-23
6.425877111444258e-23
6.432989944734298e-23
6.43973736130003e-23
6.446133677116906e-23
6.45219246259913e-23
6.457926571408996e-23
6.46334816773987e-23
6.468468752129476e-23
6.47329918585892e-23
6.477849713989634e-23
6.482129987085955e-23
6.486149081670983e-23
6.489915519456946e-23
6.493437285392816e-23
6.496721844565465e-23
6.499776157991119e-23
6.502606697329036e-23
6.505219458549419e-23
6.507619974583846e-23
6.509813326982465e-23
6.511804156606033e-23
6.513596673369707e-23
6.515194665063624e-23
6.516601505262969e-23
6.517820160347448e-23
6.518853195641305e-23
6.519702780686594e-23
6.520370693658958e-23
6.520858324934379e-23
6.521166679811662e-23
6.521296380395785e-23
6.521247666641998e-23
6.521020396563103e-23
6.520614045595169e-23
6.520027705118449e-23
6.519260080128362e-23
6.518309486045631e-23
6.51717384465692e-23
6.515850679172133e-23
6.51433710838347e-23
6.512629839908574e-23
6.510725162497745e-23
6.508618937382528e-23
6.506306588640573e-23
6.503783092548713e-23
6.501042965892462e-23
6.498080253199976e-23
6.494888512860035e-23
6.491460802086777e-23
6.487789660684055e-23
6.483867093563272e-23
6.479684551961567e-23
6.475232913303856e-23
6.470502459649164e-23
6.465482854652934e-23
6.460163118976143e-23
6.454531604064007e-23
6.448575964210423e-23
6.44228312682103e-23
6.435639260776085e-23
6.428629742791579e-23
6.421239121665853e-23
6.413451080290512e-23
6.405248395296816e-23
6.396612894195469e-23
6.387525409859733e-23
6.377965732186635e-23
6.367912556759865e-23
6.357343430322092e-23
6.346234692849661e-23
6.334561416004628e-23
6.322297337719636e-23
6.309414792652268e-23
6.29588463821965e-23
6.281676175901515e-23
6.266757067471483e-23
6.251093245783795e-23
6.234648819712583e-23
6.217385972799598e-23
6.199264855127092e-23
6.180243467886453e-23
6.160277540060789e-23
6.13932039658295e-23
6.11732281726888e-23
6.094232885752593e-23
6.069995827570923e-23
6.044553836457828e-23
6.017845887807432e-23
5.989807538152796e-23
5.960370709381268e-23
5.929463456264813e-23
5.89700971572261e-23
5.862929036049089e-23
5.827136284136143e-23
5.789541328480114e-23
5.750048695496551e-23
5.708557196359868e-23
5.664959521233466e-23
5.619141797353384e-23
5.570983106967648e-23
5.520354960599031e-23
5.467120720485725e-23
5.411134968340912e-23
5.352242810746397e-23
5.290279114534862e-23
5.225067663391279e-23
5.156420225593066e-23
5.084135521267698e-23
5.007998075732643e-23
4.9277769433447735e-23
4.843224283748693e-23
4.754073769405631e-23
4.660038799693887e-23
4.5608104925759697e-23
4.456055419676251e-23
4.3454130443979057e-23
4.2284928151963835e-23
4.1048708570052423e-23
3.974086192693123e-23
3.835636412829618e-23
3.6889726953442147e-23
3.533494056100535e-23
3.36854068603191e-23
3.193386199156929e-23
3.007228577228296e-23
2.809179549794254e-23
2.5982520927593186e-23
2.373345667055259e-23
2.1332287654119458e-23
1.876518339045829e-23
1.6016559194219305e-23
1.3068814845983354e-23
9.902122003205419e-24
6.494727784184674e-24
2.82964169675323e-24
1.2498103614136265e-24
5.517052239843388e-24
1.0210266202032834e-23
1.5338571843129024e-23
2.0959837103629342e-23
2.714680704305153e-23
3.398893288850354e-23
4.1596937082638736e-23
5.010948117002048e-23
5.970266992424734e-23
7.060378925167644e-23
8.311161619866014e-23
9.76272721672629e-23
1.147026036405898e-22
1.3511892047577776e-22
1.6002091112626108e-22
1.911568121764143e-22
2.313381804947715e-22
2.853956435059961e-22
3.6239161240690424e-22
4.815596722690264e-22
6.921480992226073e-22
1.1693918509630321e-21
3.326160374405173e-21
4.322499223050421e-21
1.3572102458939314e-21
8.142666588897212e-22
5.848736429749553e-22
4.571818445081262e-22
3.750241122757876e-22
3.171039859768416e-22
2.735677204861806e-22
2.392265192660632e-22
2.1108581390639888e-22
1.8729428320378998e-22
1.6664401551254373e-22
1.4831172006712315e-22
1.3171545208443192e-22
1.1643085901324704e-22
1.0213996554947723e-22
8.859864583839654e-23
7.561528840184346e-23
6.303641968590375e-23
5.073682167227264e-23
3.8612742117954953e-23
2.657779659712867e-23
1.4565167850060707e-23
2.6958197749592973e-24
9.855494058233445e-24
2.2198182079138698e-23
3.4790401592628026e-23
4.7656331061565035e-23
6.083592144003039e-23
7.436972466322208e-23
8.82975465467105e-23
1.0265845120028392e-22
1.1749099047378417e-22
1.3283346260885802e-22
1.487241570442773e-22
1.6520157682648393e-22
