2.833529808742173e-22
2.6764126355696037e-22
2.530458594306099e-22
2.395357949286291e-22
2.2708240139066106e-22
2.1565925413750333e-22
2.0524211632711989e-22
1.9580888747255834e-22
1.8733955651296184e-22
1.798161593398516e-22
1.7322274068934058e-22
1.675453203227234e-22
1.6277186342551972e-22
1.5889225516450223e-22
1.558982793503751e-22
1.5378360116113964e-22
1.52543753888581e-22
1.521761296775069e-22
1.5267997423486828e-22
1.5405638549427229e-22
1.5630831623042084e-22
1.5944058062817486e-22
1.6345986482131603e-22
1.6837474142684643e-22
1.7419568811130776e-22
1.8093511023483355e-22
1.8860736762888777e-22
1.9722880557167791e-22
2.068177900344075e-22
2.1739474727992815e-22
2.2898220790423856e-22
2.4160485542085183e-22
2.552895794974397e-22
2.7006553396469413e-22
2.859641997281053e-22
3.0301945272433067e-22
3.21267637075848e-22
3.407476436096319e-22
3.615009939178514e-22
3.8357193015232236e-22
4.0700751075711016e-22
4.318577123588878e-22
4.581755380484518e-22
4.86017132302515e-22
5.154419028107616e-22
5.46512649490662e-22
5.792957009881705e-22
6.138610589835557e-22
6.502825506384186e-22
6.8863798954215205e-22
7.290093455355202e-22
7.714829238140866e-22
8.16149553734849e-22
8.63104787777353e-22
9.124491111349374e-22
9.64288162440145e-22
1.0187329661582711e-21
1.0759001772138847e-21
1.1359123384473889e-21
1.1988981515354172e-21
1.2649927620437351e-21
1.3343380593230809e-21
1.407082991996481e-21
1.483383899836697e-21
1.5634048628729246e-21
1.6473180686213588e-21
1.7353041983845734e-21
1.8275528336242104e-21
1.9242628834690884e-21
2.0256430344877946e-21
2.1319122239254736e-21
2.243300137672881e-21
2.360047734322808e-21
2.482407796746844e-21
2.610645512719295e-21
2.7450390862116117e-21
2.8858803810868614e-21
3.0334755990312165e-21
3.188145993685547e-21
3.350228623059591e-21
3.5200771424715145e-21
3.698062640369837e-21
3.8845745195958085e-21
4.080021426793128e-21
4.284832232860301e-21
4.49945706756185e-21
4.724368411608984e-21
4.960062249786082e-21
5.207059288923848e-21
5.46590624483738e-21
5.737177202600342e-21
6.021475054920763e-21
6.3194330236648354e-21
6.6317162700310804e-21
6.959023599251847e-21
7.302089266190406e-21
7.661684888692368e-21
8.038621476074318e-21
8.433751580813328e-21
8.847971582016389e-21
9.282224110145814e-21
9.73750062306675e-21
1.0214844144545504e-20
1.0715352177098456e-20
1.1240179802273339e-20
1.1790542982465018e-20
1.2367722079725183e-20
1.2973065608532501e-20
1.360799424045638e-20
1.427400508146692e-20
1.49726762431099e-20
1.5705671732001628e-20
1.647474668402466e-20
1.728175297188778e-20
1.8128645217841927e-20
1.901748724683812e-20
1.9950459018005494e-20
2.0929864077572457e-20
2.1958137579688527e-20
2.303785492653257e-20
2.4171741086505314e-20
2.5362680652198374e-20
2.6613728709929632e-20
2.792812259913909e-20
2.930929464860398e-20
3.0760885986928986e-20
3.2286761536371915e-20
3.389102631060873e-20
3.557804315341071e-20
3.735245207155646e-20
3.921919133047939e-20
4.118352051094287e-20
4.3251045737796643e-20
4.542774733508e-20
4.772001017735421e-20
5.0134657060928254e-20
5.267898544618986e-20
5.536080798696526e-20
5.818849731048048e-20
6.117103557436866e-20
6.431806942992845e-20
6.763997106540147e-20
7.114790617206609e-20
7.485390974320661e-20
7.877097078367491e-20
8.291312721198353e-20
8.729557238321636e-20
9.193477497399707e-20
9.684861417631069e-20
1.0205653261216414e-19
1.0757970967497257e-19
1.1344125859289842e-19
1.1966645111912125e-19
1.262829744425949e-19
1.3332122584210003e-19
1.4081465178841549e-19
1.4880013942887953e-19
1.573184702473148e-19
1.6641484764303915e-19
1.7613951296811124e-19
1.8654846763791904e-19
1.977043236982745e-19
2.0967730951280683e-19
2.2254646550021404e-19
2.3640107255286643e-19
2.5134236774078676e-19
2.67485617634684e-19
2.8496263749147287e-19
3.0392487515851657e-19
3.2454720949925114e-19
3.470326666867556e-19
3.716183218768328e-19
3.9858274883598623e-19
4.28255513106101e-19
4.610293892534773e-19
4.97376261430377e-19
5.378680655311119e-19
5.832047338529299e-19
6.342520314236152e-19
6.920935939845783e-19
7.581037943802542e-19
8.340517654694177e-19
9.222532474190615e-19
1.0257977956121549e-18
1.148898489467265e-18
1.2974478084109376e-18
1.4799346410763179e-18
1.709023301201208e-18
2.0044115124150017e-18
2.3983093346613134e-18
2.946641398293365e-18
3.753451846640085e-18
5.0252248331739755e-18
7.15870946234356e-18
1.0337204694490871e-17
1.1245060356563567e-17
8.432942423615655e-18
6.104947520231423e-18
4.6968651653102055e-18
3.813422781180148e-18
3.2203004790315512e-18
