3.9319886835597635e-24
3.747026616677221e-24
3.5725521563059576e-24
3.4080998364388056e-24
3.2532241446935988e-24
3.1074986832247944e-24
2.970515368608621e-24
2.8418836679423796e-24
2.7212298686260685e-24
2.6081963795732964e-24
2.5024410619099295e-24
2.4036365875811153e-24
2.3114698246660474e-24
2.225641248600086e-24
2.1458643788969572e-24
2.071865241321847e-24
2.0033818557794888e-24
1.940163750402964e-24
1.8819715024479256e-24
1.828576306587373e-24
1.779759571046827e-24
1.7353125417377353e-24
1.6950359541175447e-24
1.6587397119887324e-24
1.6262425918632672e-24
1.5973719709200811e-24
1.5719635760148254e-24
1.5498612507383077e-24
1.5309167371734415e-24
1.5149894688348953e-24
1.5019463712884016e-24
1.4916616671400444e-24
1.4840166824500107e-24
1.4788996521152711e-24
1.4762055223472493e-24
1.4758357490021452e-24
1.4776980911381795e-24
1.4817063997623468e-24
1.487780402233778e-24
1.495845483202454e-24
1.5058324632674086e-24
1.517677376734596e-24
1.5313212499480258e-24
1.5467098816769266e-24
1.5637936269698813e-24
1.5825271857691677e-24
1.6028693974157141e-24
1.6247830419950783e-24
1.6482346492829282e-24
1.6731943158644048e-24
1.6996355308218646e-24
1.7275350102289078e-24
1.7568725405455388e-24
1.7876308308931714e-24
1.8197953740879047e-24
1.8533543162339452e-24
1.8882983346197366e-24
1.9246205236166192e-24
1.9623162882484706e-24
2.0013832450868434e-24
2.0418211301149878e-24
2.0836317132056115e-24
2.126818718861276e-24
2.171387752877958e-24
2.2173462346020465e-24
2.2647033344698608e-24
2.313469916529782e-24
2.363658485669118e-24
2.4152831392805254e-24
2.4683595231209715e-24
2.5229047911320603e-24
2.5789375690064474e-24
2.6364779212978526e-24
2.6955473218888664e-24
2.7561686276399426e-24
2.818366055060018e-24
2.882165159843721e-24
2.947592819138531e-24
3.0146772164078943e-24
3.083447828770455e-24
3.1539354167008586e-24
3.226172015987593e-24
3.3001909318487245e-24
3.376026735115504e-24
3.453715260398508e-24
3.533293606156064e-24
3.614800136595172e-24
3.698274485333231e-24
3.7837575607595e-24
3.871291553039394e-24
3.960919942703639e-24
4.0526875107771326e-24
4.146640350400004e-24
4.2428258798965635e-24
4.341292857258124e-24
4.442091396001477e-24
4.5452729823719606e-24
4.650890493862293e-24
4.7589982190213744e-24
4.869651878530985e-24
4.9829086475256685e-24
5.098827179144533e-24
5.217467629292739e-24
5.338891682603253e-24
5.4631625795877524e-24
5.590345144963759e-24
5.720505817154748e-24
5.853712678963171e-24
5.990035489394046e-24
6.129545716653593e-24
6.2723165723061525e-24
6.418423046592246e-24
6.567941944917401e-24
6.720951925513477e-24
6.87753353828449e-24
7.037769264831946e-24
7.20174355968025e-24
7.369542892710185e-24
7.541255792816894e-24
7.716972892794882e-24
7.896786975472802e-24
8.080793021111017e-24
8.269088256084224e-24
8.461772202856698e-24
8.658946731285435e-24
8.86071611124511e-24
9.067187066648344e-24
9.278468830798356e-24
9.49467320319475e-24
9.715914607750206e-24
9.942310152456602e-24
1.0173979690590412e-23
1.0411045883328969e-23
1.0653634264021727e-23
1.0901873303966721e-23
1.1155894479795201e-23
1.1415832342527884e-23
1.1681824588282403e-23
1.1954012130668236e-23
1.2232539174915005e-23
1.2517553293910504e-23
1.2809205505762776e-23
1.3107650353575588e-23
1.341304598680926e-23
1.3725554244812193e-23
1.404534074212592e-23
1.4372574955973278e-23
1.4707430315735655e-23
1.5050084294555415e-23
1.5400718503078916e-23
1.5759518785395908e-23
1.6126675317307214e-23
1.650238270688039e-23
1.6886840097183685e-23
1.7280251271736164e-23
1.7682824762227936e-23
1.80947739587399e-23
1.8516317222621596e-23
1.8947678002001704e-23
1.9389084949963863e-23
1.984077204554621e-23
2.030297871740138e-23
2.077594997050159e-23
2.1259936515830367e-23
2.1755194902877962e-23
2.2261987655231668e-23
2.278058340977508e-23
2.3311257058364596e-23
2.38542898936176e-23
2.4409969757581767e-23
2.4978591193552932e-23
2.556045560223638e-23
2.6155871401667893e-23
2.6765154187837756e-23
2.7388626905918275e-23
2.8026620015847526e-23
2.867947167113175e-23
2.934752789526851e-23
3.003114276543789e-23
3.073067859929812e-23
3.1446506146250255e-23
3.217900478334062e-23
3.2928562716293985e-23
3.369557718360506e-23
3.448045466609995e-23
3.528361110124177e-23
3.6105472104445165e-23
3.694647319145593e-23
3.7807060007797384e-23
3.868768856798201e-23
3.9588825487196024e-23
4.051094823855786e-23
4.145454539498646e-23
4.2420116887420075e-23
4.340817427614564e-23
4.441924101035841e-23
4.545385270709032e-23
4.6512557433899854e-23
4.759591599725999e-23
4.870450222956251e-23
4.9838903300595474e-23
