4.088957277567952e-24
3.9399550120032576e-24
3.801985626121908e-24
3.6745136516162295e-24
3.557029477699914e-24
3.449048360130763e-24
3.350109465766692e-24
3.259774952264136e-24
3.1776290824744737e-24
3.1032773729494004e-24
3.0363457757400343e-24
2.9764798924064083e-24
2.923344218877967e-24
2.8766214195200672e-24
2.8360116285471954e-24
2.8012317767598543e-24
2.772014941513604e-24
2.7481097178627795e-24
2.729279608937472e-24
2.715302433827764e-24
2.705969751520436e-24
2.7010862997553963e-24
2.7004694480037123e-24
2.7039486641006503e-24
2.7113649943704743e-24
2.722570557337122e-24
2.7374280513188398e-24
2.755810276341438e-24
2.77759967089797e-24
2.8026878640965425e-24
2.830975243724243e-24
2.862370540691136e-24
2.896790430232271e-24
2.934159150132984e-24
2.9744081361340107e-24
3.017475674545759e-24
3.0633065719951685e-24
3.1118518421148264e-24
3.1630684088970166e-24
3.2169188263516635e-24
3.2733710140378284e-24
3.332398007992676e-24
3.393977726536515e-24
3.458092750402896e-24
3.524730116632059e-24
3.593881125653022e-24
3.6655411609770065e-24
3.739709520933047e-24
3.8163892618880134e-24
3.895587052403077e-24
3.977313037796564e-24
4.061580714604232e-24
4.1484068144497065e-24
4.23781119684789e-24
4.329816750504082e-24
4.424449302673375e-24
4.521737536181564e-24
4.6217129137232895e-24
4.724409609069794e-24
4.829864444847769e-24
4.9381168365619386e-24
5.0492087425571495e-24
5.163184619628311e-24
5.280091384010397e-24
5.399978377490011e-24
5.5228973383986724e-24
5.648902377264813e-24
5.7780499569082e-24
5.910398876781806e-24
6.04601026137419e-24
6.184947552497938e-24
6.327276505303481e-24
6.473065187862735e-24
6.622383984187796e-24
6.775305600544968e-24
6.9319050749484e-24
7.092259789719702e-24
7.25644948699932e-24
7.424556287128906e-24
7.596664709803091e-24
7.772861697907445e-24
7.95323664397763e-24
8.137881419205015e-24
8.326890404920901e-24
8.520360526513902e-24
8.71839128972087e-24
8.92108481925501e-24
9.128545899710107e-24
9.340882018742828e-24
9.558203412451249e-24
9.780623112979985e-24
1.0008256998270822e-23
1.0241223843996064e-23
1.0479645377626193e-23
1.0723646334607666e-23
1.0973354516708216e-23
1.122890085243712e-23
1.1490419459637856e-23
1.1758047710106239e-23
1.2031926296486121e-23
1.2312199301149606e-23
1.2599014267312255e-23
1.2892522272305525e-23
1.319287800297957e-23
1.3500239833334043e-23
1.381476990436516e-23
1.4136634206158978e-23
1.4466002662216134e-23
1.4803049216115694e-23
1.5147951920451636e-23
1.5500893028180174e-23
1.5862059086363804e-23
1.623164103216947e-23
1.660983429163768e-23
1.6996838880729545e-23
1.7392859508914416e-23
1.779810568547832e-23
1.8212791828362007e-23
1.863713737571752e-23
1.907136690028592e-23
1.9515710226441613e-23
1.997040254973353e-23
2.043568456080288e-23
2.0911802569256374e-23
2.1399008634412475e-23
2.1897560695631607e-23
2.2407722708232933e-23
2.292976478100163e-23
2.3463963317833892e-23
2.4010601162097186e-23
2.456996774575815e-23
2.5142359239169782e-23
2.57280787079339e-23
2.6327436270058318e-23
2.694074925997289e-23
2.7568342392615276e-23
2.8210547935100643e-23
2.8867705879548226e-23
2.9540164121305083e-23
3.022827863942481e-23
3.093241368720146e-23
3.165294197584102e-23
3.239024487518681e-23
3.3144712608591247e-23
3.3916744456511207e-23
3.4706748969828416e-23
3.5515144175382675e-23
3.634235779845956e-23
3.718882748608485e-23
3.805500102934247e-23
3.894133660218659e-23
3.984830298540817e-23
4.077637984002491e-23
4.1726057919475364e-23
4.269783934758098e-23
4.369223786847742e-23
4.470977910804193e-23
4.575100085873646e-23
4.681645334735583e-23
4.790669951559931e-23
4.9022315331929584e-23
5.016389002683551e-23
5.1332026457034304e-23
5.252734140972378e-23
5.375046587912026e-23
5.500204540122041e-23
5.628274044525011e-23
5.759322656642352e-23
5.893419501368028e-23
6.030635286546584e-23
6.171042346301868e-23
6.314714679822627e-23
6.461727979802578e-23
6.612159686893443e-23
6.766089005570387e-23
6.923596955455923e-23
7.084766428734286e-23
7.24968219051917e-23
7.418430963877455e-23
7.591101443154917e-23
7.767784341459987e-23
7.948572434277216e-23
8.133560655199301e-23
8.322846036873192e-23
8.516527841308642e-23
8.714707594979466e-23
8.917489098540056e-23
9.124978529607683e-23
9.337284471821596e-23
9.554517917914993e-23
9.776792394509457e-23
1.0004223936896499e-22
1.0236931308462457e-22
1.047503575911097e-22
1.0718661407756314e-22
1.096793502671971e-22
1.1222986334905898e-22
1.148394783102852e-22
1.1750954910240223e-22
1.2024146240827992e-22
1.230366324671822e-22
