1.3448506285097836e-24
1.3221918755259208e-24
1.3012212873777652e-24
1.2818341095797965e-24
1.2639297664624923e-24
1.2474119195140485e-24
1.232188510048914e-24
1.218171783335565e-24
1.2052782922651379e-24
1.19342887955843e-24
1.182548638350714e-24
1.1725668517345916e-24
1.1634169124581243e-24
1.1550362244631974e-24
1.1473660883036856e-24
1.140351572713614e-24
1.1339413747127708e-24
1.128087670657157e-24
1.1227459605808838e-24
1.1178749080528008e-24
1.1134361776018603e-24
1.1093942715645176e-24
1.105716367989823e-24
1.1023721610137572e-24
1.0993337048923404e-24
1.096575262670333e-24
1.0940731602639046e-24
1.0918056465539227e-24
1.0897527599240957e-24
1.0878962015352995e-24
1.086219215504034e-24
1.0847064760483187e-24
1.0833439815775735e-24
1.0821189556316998e-24
1.0810197545185383e-24
1.0800357814551383e-24
1.0791574069859715e-24
1.0783758954287005e-24
1.0776833370835295e-24
1.077072585934727e-24
1.0765372025714592e-24
1.0760714020575085e-24
1.075670006486827e-24
1.0753284019710463e-24
1.0750424998177955e-24
1.0748087016722125e-24
1.0746238684095236e-24
1.0744852925826894e-24
1.074390674246229e-24
1.0743380999943955e-24
1.074326025069706e-24
1.0743532584151994e-24
1.0744189505617243e-24
1.0745225842587264e-24
1.0746639677746334e-24
1.0748432308100792e-24
1.0750608229838307e-24
1.075317514868655e-24
1.075614401570058e-24
1.075952908857739e-24
1.0763348018751953e-24
1.0767621964686163e-24
1.0772375731918141e-24
1.0777637940585571e-24
1.0783441221285624e-24
1.0789822440271813e-24
1.079682295512261e-24
1.0804488902141209e-24
1.0812871516860896e-24
1.0822027489132861e-24
1.0832019354358177e-24
1.0842915922493675e-24
1.085479274650352e-24
1.0867732631940594e-24
1.0881826189323985e-24
1.0897172430913987e-24
1.0913879413375372e-24
1.0932064927651172e-24
1.0951857237134445e-24
1.0973395864914945e-24
1.0996832430479485e-24
1.1022331535750178e-24
1.105007169974453e-24
1.108024634042252e-24
1.1113064801439042e-24
1.1148753420550686e-24
1.1187556635306812e-24
1.1229738120418716e-24
1.127558194982144e-24
1.1325393774962304e-24
1.1379502009270226e-24
1.143825900712411e-24
1.150204222398702e-24
1.1571255342758654e-24
1.1646329349903254e-24
1.1727723543588098e-24
1.1815926455050787e-24
1.1911456663767197e-24
1.201486348683411e-24
1.2126727523435154e-24
1.2247661036375792e-24
1.2378308154580753e-24
1.2519344883149725e-24
1.2671478911106033e-24
1.2835449211292352e-24
1.3012025431884065e-24
1.3202007084552155e-24
1.3406222540196337e-24
1.3625527849143376e-24
1.3860805408429484e-24
1.411296250397583e-24
1.4382929759756354e-24
1.4671659529181765e-24
1.4980124265616439e-24
1.5309314909038886e-24
1.5660239324285495e-24
1.6033920823091425e-24
1.6431396797408895e-24
1.6853717485463674e-24
1.730194488502622e-24
1.7777151820753194e-24
1.8280421164627873e-24
1.881284520083905e-24
1.937552511922982e-24
1.996957061503962e-24
2.0596099567245977e-24
2.1256237763514075e-24
2.1951118636689535e-24
2.268188297586607e-24
2.3449678574277763e-24
2.4255659776478863e-24
2.5100986888385106e-24
2.5986825415502982e-24
2.691434509705892e-24
2.788471870644619e-24
2.8899120591456275e-24
2.9958724930949847e-24
3.1064703687886623e-24
3.221822424197957e-24
3.342044668852186e-24
3.467252079324859e-24
3.597558259636643e-24
3.733075066216499e-24
3.873912197392081e-24
4.0201767477137365e-24
4.1719727277574e-24
4.329400550404138e-24
4.4925564849543546e-24
4.661532080811949e-24
4.836413562866197e-24
5.017281201099564e-24
5.204208657373875e-24
5.397262312772237e-24
5.596500579316274e-24
5.801973200320113e-24
6.013720544083868e-24
6.231772896067166e-24
6.456149755104947e-24
6.6868591396252e-24
6.923896910204589e-24
7.167246115121942e-24
7.416876365855794e-24
7.672743249693617e-24
7.934787786776795e-24
8.202935938978236e-24
8.477098178006789e-24
8.75716912002091e-24
9.043027233835152e-24
9.334534629487985e-24
9.631536933517484e-24
9.93386325676354e-24
1.0241326259858878e-23
1.0553722320838154e-23
1.087083180841871e-23
1.119241946357818e-23
1.1518234891009561e-23
1.1848013160939032e-23
1.2181475520637209e-23
1.2518330213760503e-23
1.2858273404453828e-23
1.3200990201940073e-23
1.354615578013868e-23
1.3893436585742098e-23
1.424249162709662e-23
1.459297383528693e-23
1.4944531487961933e-23
1.5296809685712952e-23
1.564945187024932e-23
1.6002101373198635e-23
1.6354402984116618e-23
1.6706004526236405e-23
1.7056558428603248e-23
1.7405723283556383e-23
1.775316537899018e-23
1.8098560195515902e-23
1.844159385942669e-23
1.8781964543384365e-23
1.9119383807829163e-23
1.9453577877335777e-23
1.978428884748184e-23
2.0111275819165785e-23
