6.179977391715034e-12
6.058425571354529e-12
5.937569996020635e-12
5.8180875496485275e-12
5.699275296142198e-12
5.581709733853962e-12
5.4665946916991944e-12
5.350385681404176e-12
5.237472824019643e-12
5.125842657690041e-12
5.015222974432657e-12
4.9052897232953e-12
4.797675615073095e-12
4.692310163186739e-12
4.587403883017807e-12
4.4840236180682254e-12
4.382592385817608e-12
4.283091978743789e-12
4.185218859933848e-12
4.087501913171317e-12
3.9920986526883575e-12
3.8980922314688065e-12
3.805732672148094e-12
3.715109914903745e-12
3.6262826453633882e-12
3.5378821573032365e-12
3.451711280360324e-12
3.3669066196314047e-12
3.2841415553914334e-12
3.201967292520552e-12
3.121614660547026e-12
3.0426603180322793e-12
2.9645281159555387e-12
2.8882234649721916e-12
2.8129859666590373e-12
2.739636697824244e-12
2.6672818021931916e-12
2.5959522083241347e-12
2.526371467730974e-12
2.4576022719770406e-12
2.390323027553382e-12
2.324272999589228e-12
2.259399297496022e-12
2.1954324172008774e-12
2.132651712824152e-12
2.070966124135628e-12
2.0105652983930862e-12
1.951240924827412e-12
1.892916734254774e-12
1.8358626805834612e-12
1.7794646950829166e-12
1.7241901655882722e-12
1.6702438279688156e-12
1.616981437675152e-12
1.5647336645628423e-12
1.5133519958137978e-12
1.4628877760006674e-12
1.413505894743046e-12
1.365004018099351e-12
1.3173936463221549e-12
1.2706011872870548e-12
1.224853680888845e-12
1.1798352808581505e-12
1.1355899614972919e-12
1.0923326296655222e-12
1.0498304560422781e-12
1.0080975809403838e-12
9.672663290457342e-13
9.271658121640158e-13
8.879058401650185e-13
8.493549367256234e-13
8.116568737618095e-13
7.746916155278722e-13
7.385078074879221e-13
7.030345488546659e-13
6.68348601466539e-13
6.344230496005318e-13
6.011872446986938e-13
5.686984031557711e-13
5.369114220354412e-13
5.05835170776782e-13
4.754640851272646e-13
4.4580914211458336e-13
4.168199960854228e-13
3.8856081625237926e-13
3.6096496566152176e-13
3.3404524549709164e-13
3.0779941409932213e-13
2.82204554297333e-13
2.57266523025438e-13
2.329855408799599e-13
2.0934874985071942e-13
1.8632794894863916e-13
1.6393916922464709e-13
1.4217235865816489e-13
1.2100969408418012e-13
1.0044818655661681e-13
8.047673870690044e-14
6.109100849973225e-14
4.2278010192162524e-14
2.4029591339521124e-14
6.343690232345658e-15
1.0824106103121247e-14
2.743497873694874e-14
4.3524102214867535e-14
5.910127401880771e-14
7.417197620640585e-14
8.874904452937489e-14
1.0284665658967385e-13
1.1647216262809482e-13
1.2963635826027417e-13
1.4235087225931783e-13
1.5461936442427695e-13
1.6646811153806386e-13
1.7789235418460689e-13
1.8891732490151178e-13
1.9954431495350708e-13
2.0978212814602783e-13
2.1965522968046838e-13
2.2915841335481563e-13
2.3831285164976114e-13
2.471199575467617e-13
2.555971549063374e-13
2.6375329383848166e-13
2.716007549563857e-13
2.7914451206514356e-13
2.8639228128651314e-13
2.9336206573472826e-13
3.0005832503006833e-13
3.064890850076364e-13
3.126636520883464e-13
3.18595719543666e-13
3.242888410551889e-13
3.2975227154998495e-13
3.3499331416230493e-13
3.4002437813424066e-13
3.448524318362088e-13
3.49479680710045e-13
3.5391459425517413e-13
3.5816645859304503e-13
3.622438232359069e-13
3.6615058410082274e-13
3.6989616185690895e-13
3.7348189651539795e-13
3.7692211323786705e-13
3.8020993131422334e-13
3.8336300329801394e-13
3.8638044384457705e-13
3.892694810523344e-13
3.920380081174608e-13
3.9468308479920987e-13
3.9721850642746517e-13
3.996432003276833e-13
4.0196233303231494e-13
4.0418353573957803e-13
4.0631132911397053e-13
4.083366199755314e-13
4.1028290328650803e-13
4.1214037612841513e-13
4.139190094605632e-13
4.156183770134964e-13
4.17243610922166e-13
4.187993772920085e-13
4.20283710601157e-13
4.2169999021503846e-13
4.2305926818753697e-13
4.243562242633313e-13
4.255914243605842e-13
4.267755908095565e-13
4.2790706118613463e-13
4.289846153943731e-13
4.3001421935152516e-13
4.3099806278850976e-13
4.319398346741619e-13
4.328356918671355e-13
4.336919234241632e-13
4.345078262951879e-13
4.352880317223667e-13
4.360311709816974e-13
4.36740449212182e-13
4.374157096381083e-13
4.3806178688148557e-13
4.3867548896096664e-13
4.392583391047216e-13
4.398163107414241e-13
4.4034516299018865e-13
4.4085041441144735e-13
4.4132965426760355e-13
4.417856196413689e-13
4.4221821274599135e-13
4.426305343590384e-13
4.430207958759225e-13
4.4339098300901624e-13
4.4374213080479407e-13
4.4407223346860884e-13
4.4438654375001026e-13
4.4468427241027953e-13
4.449615370274488e-13
4.4522508850950563e-13
4.454719219299263e-13
4.4570412501686367e-13
