3.351612063035924e-22
3.3516019554605637e-22
3.3515913715312833e-22
3.351580288797949e-22
3.3515686837524405e-22
3.35155653177808e-22
3.351543807098932e-22
3.351530482723485e-22
3.3515165303886107e-22
3.351501920498861e-22
3.351486622064457e-22
3.3514706026346e-22
3.3514538282293744e-22
3.351436263267364e-22
3.351417870490164e-22
3.3513986108836075e-22
3.351378443594472e-22
3.351357325844496e-22
3.351335212838992e-22
3.3513120576722285e-22
3.351287811227917e-22
3.351262422074768e-22
3.351235836357676e-22
3.3512079976830625e-22
3.3511788469997878e-22
3.351148322473371e-22
3.351116359355622e-22
3.3510828898457244e-22
3.35104784294853e-22
3.3510111443218127e-22
3.350972716120078e-22
3.350932476828809e-22
3.350890341091794e-22
3.350846219529605e-22
3.350800018550152e-22
3.350751640150504e-22
3.3507009817088756e-22
3.350647935766022e-22
3.3505923897985885e-22
3.3505342259796752e-22
3.3504733209285437e-22
3.3504095454497427e-22
3.3503427642580823e-22
3.35027283569232e-22
3.350199611414102e-22
3.3501229360936174e-22
3.35004264707957e-22
3.349958574054509e-22
3.3498705386732194e-22
3.349778354184294e-22
3.3496818250341543e-22
3.3495807464513633e-22
3.349474904013335e-22
3.3493640731897425e-22
3.3492480188677058e-22
3.3491264948517156e-22
3.3489992433414276e-22
3.348865994385022e-22
3.3487264653055905e-22
3.3485803601018597e-22
3.348427368819627e-22
3.348267166894046e-22
3.3480994144607326e-22
3.347923755634086e-22
3.3477398177526824e-22
3.347547210587438e-22
3.3473455255135912e-22
3.3471343346435287e-22
3.346913189917982e-22
3.3466816221553156e-22
3.3464391400547155e-22
3.3461852291539975e-22
3.345919350736704e-22
3.3456409406885707e-22
3.345349408299145e-22
3.3450441350080657e-22
3.3447244730913386e-22
3.344389744285132e-22
3.3440392383461503e-22
3.343672211542518e-22
3.3432878850737747e-22
3.3428854434173955e-22
3.342464032595302e-22
3.3420227583601827e-22
3.3415606842951266e-22
3.34107682982378e-22
3.340570168126954e-22
3.340039623959953e-22
3.339484071367239e-22
3.3389023312891236e-22
3.338293169055505e-22
3.337655291760157e-22
3.3369873455120283e-22
3.3362879125560376e-22
3.3355555082577835e-22
3.3347885779453995e-22
3.333985493601887e-22
3.333144550402101e-22
3.332263963083746e-22
3.3313418621486856e-22
3.3303762898826936e-22
3.329365196187906e-22
3.328306434217138e-22
3.327197755801562e-22
3.3260368066616797e-22
3.324821121391201e-22
3.323548118203091e-22
3.322215093426257e-22
3.3208192157414716e-22
3.31935752014295e-22
3.317826901613881e-22
3.316224108501769e-22
3.3145457355776655e-22
3.312788216767084e-22
3.3109478175339674e-22
3.3090206269033583e-22
3.3070025491033538e-22
3.3048892948097934e-22
3.3026763719734698e-22
3.300359076210427e-22
3.297932480733276e-22
3.295391425802768e-22
3.2927305076754086e-22
3.289944067022737e-22
3.2870261767979506e-22
3.283970629519928e-22
3.2807709239510085e-22
3.277420251135168e-22
3.2739114797666304e-22
3.2702371408562886e-22
3.2663894116628505e-22
3.2623600988499578e-22
3.258140620833824e-22
3.253721989280321e-22
3.249094789710021e-22
3.244249161166988e-22
3.239174774905424e-22
3.2338608120445066e-22
3.228295940141544e-22
3.2224682886285267e-22
3.2163654230555016e-22
3.209974318081225e-22
3.203281329148315e-22
3.1962721627756674e-22
3.1889318454001672e-22
3.1812446906917433e-22
3.173194265266397e-22
3.1647633527134496e-22
3.155933915852152e-22
3.1466870571262173e-22
3.137002977038706e-22
3.126860930527857e-22
3.1162391811749195e-22
3.1051149531312213e-22
3.0934643806437055e-22
3.08126245505374e-22
3.068482969131997e-22
3.0550984586101934e-22
3.0410801407559627e-22
3.026397849833653e-22
3.011019969278815e-22
2.994913360408747e-22
2.9780432874757936e-22
2.9603733388612503e-22
2.9418653441940495e-22
2.92247928716197e-22
2.902173213773129e-22
2.8809031358040135e-22
2.8586229291562545e-22
2.835284226824753e-22
2.810836306156748e-22
2.785225970065121e-22
2.7583974218269343e-22
2.7302921330796446e-22
2.700848704593244e-22
2.6700027193696138e-22
2.637686587582041e-22
2.6038293828353727e-22
2.568356669182267e-22
2.5311903182880327e-22
2.4922483160890443e-22
2.4514445582314345e-22
2.4086886335217436e-22
2.363885594551712e-22
2.3169357145887657e-22
2.267734229742552e-22
2.216171065328292e-22
2.1621305452495008e-22
2.1054910831125883e-22
2.046124853663909e-22
1.9838974430060632e-22
1.9186674759006535e-22
1.850286218303014e-22
1.7785971530975664e-22
1.7034355268142655e-22
1.6246278649176705e-22
1.54199145307971e-22
1.4553337817161213e-22
1.3644519510523846e-22
1.2691320342490146e-22
1.1691483970106514e-22
