1.1643330952304296e-22
1.158722962428919e-22
1.1558139700840036e-22
1.155601523260489e-22
1.1580869070221018e-22
1.1632773042601752e-22
1.1711858275742376e-22
1.1818315654209498e-22
1.1952396427939493e-22
1.211441296745321e-22
1.2304739671089857e-22
1.2523814028406027e-22
1.2772137844454291e-22
1.305027863025272e-22
1.3358871165054747e-22
1.3698619238146645e-22
1.4070297575576663e-22
1.44747539618447e-22
1.491291156438899e-22
1.5385771471010908e-22
1.5894415451055807e-22
1.6440008952165027e-22
1.7023804345610442e-22
1.7647144434417183e-22
1.83114662398513e-22
1.9018305083301475e-22
1.9769298982162343e-22
2.0566193380120226e-22
2.141084623408613e-22
2.230523348219535e-22
2.325145491952175e-22
2.4251740510750804e-22
2.5308457171787323e-22
2.6424116055419497e-22
2.7601380379491895e-22
2.884307383983216e-22
3.015218965437387e-22
3.1531900289424026e-22
3.298556792432806e-22
3.451675571629169e-22
3.6129239933620515e-22
3.7827023032656684e-22
3.961434776155454e-22
4.1495712383053744e-22
4.347588711801882e-22
4.555993192291979e-22
4.775321572680654e-22
5.006143726712514e-22
5.2490647680118795e-22
5.504727501857194e-22
5.7738150890843925e-22
6.057053943690125e-22
6.3552168883971505e-22
6.66912659531645e-22
6.999659342234441e-22
7.347749118838121e-22
7.714392121641695e-22
8.100651681243625e-22
8.507663671420502e-22
8.936642456088459e-22
9.38888743775679e-22
9.865790279903512e-22
1.0368842885893346e-21
1.089964622872883e-21
1.1459920139765644e-21
1.2051514180431413e-21
1.2676419739629485e-21
1.3336783521553277e-21
1.4034922614131702e-21
1.4773341358947663e-21
1.5554750279047743e-21
1.6382087363874675e-21
1.725854206096757e-21
1.818758238460246e-21
1.917298562395946e-21
2.0218873220370664e-21
2.1329750488369326e-21
2.2510551982449708e-21
2.3766693466394123e-21
2.5104131631066064e-21
2.652943293897312e-21
2.804985325970432e-21
2.967343031531036e-21
3.1409091395566654e-21
3.3266779355841484e-21
3.525760060490867e-21
3.739399967011453e-21
3.968996604720049e-21
4.2161280477461936e-21
4.482580964616587e-21
4.770386070087158e-21
5.081861013452562e-21
5.419662572618597e-21
5.786850574553503e-21
6.1869667017552325e-21
6.62413234360995e-21
7.103171015666468e-21
7.6297627496476e-21
8.21064047439062e-21
8.853842090192385e-21
9.569037175480609e-21
1.0367954793603633e-20
1.1264949808495717e-20
1.2277761183019097e-20
1.342853953517904e-20
1.474525671868627e-20
1.6263663198411415e-20
1.8030037497870963e-20
2.0105084990200502e-20
2.2569493717162966e-20
2.553181216701623e-20
2.913931843448646e-20
3.359179603574102e-20
3.91545449983157e-20
4.615391354134223e-20
5.489746243146736e-20
6.535728488592703e-20
7.634893040383698e-20
8.455673779027579e-20
8.600724068179782e-20
8.056824941851467e-20
7.19148234432287e-20
6.320619734847775e-20
5.569193301663625e-20
4.954168022976271e-20
4.4571175954329364e-20
4.05402253268309e-20
3.723976454173152e-20
3.4506242137414494e-20
3.2215939073808434e-20
3.027590438490506e-20
2.861599594910559e-20
2.7182792808034425e-20
2.5935152437731174e-20
2.4841015871082923e-20
2.3875112020923933e-20
2.3017298614476778e-20
2.2251352510964917e-20
2.156407856251201e-20
2.0944646024441207e-20
2.0384089054823972e-20
1.987492675520516e-20
1.941087120779594e-20
1.8986600958333698e-20
1.859758366183061e-20
1.823993601666385e-20
1.7910312242014295e-20
1.760581459641062e-20
1.7323921058901775e-20
1.706242647960413e-20
1.6819394380700902e-20
1.6593117238831768e-20
1.6382083566721384e-20
1.618495048072e-20
1.6000520721101783e-20
1.5827723307534726e-20
1.5665597178257986e-20
1.5513277291048423e-20
1.5369982765334485e-20
1.523500672462502e-20
1.510770756169786e-20
1.498750139931897e-20
1.4873855559610716e-20
1.4766282887794326e-20
1.466433680217956e-20
1.456760696376144e-20
1.4475715476138398e-20
1.438831354089767e-20
1.4305078505234077e-20
1.4225711248472215e-20
1.4149933862164978e-20
1.407748758518244e-20
1.4008130960864233e-20
1.3941638187933485e-20
1.3877797641047998e-20
1.381641054000483e-20
1.3757289749515266e-20
1.3700258693990538e-20
1.364515037369458e-20
1.3591806470385318e-20
1.3540076532221578e-20
1.3489817228741607e-20
1.3440891668051655e-20
1.3393168769239608e-20
1.3346522683832127e-20
1.3300832260829661e-20
1.325598055050679e-20
1.321185434268831e-20
1.316834373571137e-20
1.3125341732565704e-20
1.3082743861288566e-20
1.3040447816778294e-20
1.2998353121597744e-20
1.2956360803506808e-20
1.291437308779325e-20
1.287229310248119e-20
1.2830024594774035e-20
1.2787471657233798e-20
1.2744538462306566e-20
1.2701129003841187e-20
1.2657146844512689e-20
