4.452833719614226e-25
5.014718412774694e-25
6.205360662349608e-25
7.704814251385165e-25
9.340662129545386e-25
1.10339548644334e-24
1.2748035172672642e-24
1.4465167250410643e-24
1.6176618224183273e-24
1.7878243899996867e-24
1.956838303196132e-24
2.12467834058755e-24
2.29140211027258e-24
2.457117044636792e-24
2.6219608468250814e-24
2.786089503778636e-24
2.949669733172452e-24
3.112874122556834e-24
3.2758779545112775e-24
3.438857116456562e-24
3.601986724768877e-24
3.7654402288864375e-24
3.929388843574261e-24
4.0940012088034076e-24
4.259443209384713e-24
4.4258779077237095e-24
4.5934655571591414e-24
4.762363672861219e-24
4.932727143790682e-24
5.1047083737551176e-24
5.278457442829797e-24
5.4541222826826986e-24
5.6318488610463156e-24
5.811781371736366e-24
5.99406242759473e-24
6.1788332543415945e-24
6.366233883871174e-24
6.55640334589126e-24
6.749479857109245e-24
6.945601007394163e-24
7.144903942523049e-24
7.347525543240995e-24
7.553602600494813e-24
7.763271986774821e-24
7.976670823543942e-24
8.193936644832003e-24
8.415207557048781e-24
8.640622395172204e-24
8.870320875422467e-24
9.104443744608745e-24
9.343132926306831e-24
9.586531664067024e-24
9.834784661826556e-24
1.0088038221749084e-23
1.0346440379659993e-23
1.061014103830225e-23
1.0879292098593532e-23
1.1154047589106945e-23
1.1434563793937526e-23
1.1720999379183154e-23
1.2013515518200784e-23
1.2312276015844469e-23
1.2617447431863756e-23
1.2929199203621627e-23
1.3247703768340185e-23
1.3573136685016062e-23
1.3905676756184522e-23
1.4245506149686162e-23
1.459281052061362e-23
1.49477791335499e-23
1.5310604985304537e-23
1.568148492826035e-23
1.6060619794443176e-23
1.6448214520535268e-23
1.6844478273921497e-23
1.7249624579835977e-23
1.7663871449912672e-23
1.8087441511997564e-23
1.8520562141806978e-23
1.896346559584138e-23
1.9416389146487483e-23
1.9879575218796864e-23
2.0353271529353832e-23
2.0837731227342967e-23
2.1333213037870415e-23
2.1839981407562865e-23
2.2358306652676173e-23
2.2888465110003068e-23
2.3430739290326805e-23
2.3985418034634463e-23
2.4552796673245745e-23
2.513317718839514e-23
2.5726868379514566e-23
2.6334186031697538e-23
2.6955453088201163e-23
2.7590999825895653e-23
2.8241164034140393e-23
2.890629119788517e-23
2.9586734684666734e-23
3.028285593490785e-23
3.099502465612696e-23
3.172361902370787e-23
3.246902588210263e-23
3.323164095257981e-23
3.40118690468165e-23
3.481012428293479e-23
3.56268303065926e-23
3.646242051763957e-23
3.7317338302398073e-23
3.819203726978522e-23
3.9086981494117304e-23
4.000264576067003e-23
4.093951582017242e-23
4.1898088647668873e-23
4.2878872708279426e-23
4.388238822220165e-23
4.4909167449611674e-23
4.5959754967499955e-23
4.703470796400866e-23
4.813459652642713e-23
4.926000395602025e-23
5.041152706934207e-23
5.158977651206969e-23
5.2795377097135826e-23
5.402896812603983e-23
5.52912037213577e-23
5.658275318894878e-23
5.790430137868896e-23
5.92565490013138e-23
6.064021307893633e-23
6.205602723692462e-23
6.350474217376715e-23
6.498712599972411e-23
6.650396466365711e-23
6.805606240326525e-23
6.964424210687086e-23
7.126934578360638e-23
7.293223504102832e-23
7.463379148139154e-23
7.637491717296748e-23
7.815653523963425e-23
7.997959016669345e-23
8.184504846135676e-23
8.375389904363295e-23
8.57071539025048e-23
8.770584845695317e-23
8.975104230344381e-23
9.184381954741219e-23
9.398528966626681e-23
9.61765878172283e-23
9.841887564199706e-23
1.0071334169194002e-22
1.0306120209801283e-22
1.0546370171745792e-22
1.0792211374814416e-22
1.104377415757708e-22
1.1301191813740969e-22
1.156460083806872e-22
1.1834140812507993e-22
1.2109954582505667e-22
1.2392188393543556e-22
1.2680991751453868e-22
1.2976517769407584e-22
1.3278923069686566e-22
1.3588367936796567e-22
1.3905016311649093e-22
1.422903600777555e-22
1.4560598740598379e-22
1.4899880247737062e-22
1.5247060257205163e-22
1.560232274019494e-22
1.5965855981001276e-22
1.6337852542967164e-22
1.6718509588179113e-22
1.7108028654411366e-22
1.7506616414427732e-22
1.7914483583301176e-22
1.8331846424620557e-22
1.8758926228150287e-22
1.9195949042803477e-22
1.9643146288900922e-22
2.010075495432267e-22
2.0569017413525991e-22
2.1048181256182624e-22
2.1538500711078507e-22
2.2040235399164414e-22
2.2553650524164198e-22
2.307901837261653e-22
2.3616616740681157e-22
2.4166730260153756e-22
2.47296505178406e-22
2.53056753633588e-22
2.5895108908465957e-22
2.649826439012913e-22
2.71154592543445e-22
2.7747020509611707e-22
2.839328180171159e-22
2.9054587614977547e-22
2.973128535769626e-22
3.042373420367304e-22
3.1132298026285506e-22
