7.348058740457825e-24
7.348149719237991e-24
7.348224733456687e-24
7.348283435804662e-24
7.34832548900647e-24
7.348350561169184e-24
7.348358321490069e-24
7.348348436282844e-24
7.34832056528671e-24
7.348274358224459e-24
7.348209451579596e-24
7.348125465563604e-24
7.348022001248735e-24
7.347898637841645e-24
7.347754930076619e-24
7.347590405708215e-24
7.347404563084115e-24
7.347196868781754e-24
7.34696675529176e-24
7.34671361873375e-24
7.3464368165903e-24
7.346135665445616e-24
7.345809438716861e-24
7.345457364365937e-24
7.345078622580964e-24
7.344672343416057e-24
7.344237604380098e-24
7.343773427963239e-24
7.343278779092933e-24
7.342752562508835e-24
7.342193620048295e-24
7.341600727832676e-24
7.340972593345795e-24
7.34030785239566e-24
7.339605065950122e-24
7.338862716837762e-24
7.338079206304952e-24
7.337252850419331e-24
7.336381876311257e-24
7.335464418242661e-24
7.334498513494264e-24
7.333482098060696e-24
7.332413002143536e-24
7.331288945431017e-24
7.330107532154136e-24
7.328866245907354e-24
7.327562444221767e-24
7.326193352879253e-24
7.324756059954348e-24
7.323247509570301e-24
7.321664495356479e-24
7.320003653591356e-24
7.318261456017587e-24
7.316434202312066e-24
7.314518012195798e-24
7.31250881716548e-24
7.310402351829893e-24
7.308194144831641e-24
7.305879509335105e-24
7.303453533060344e-24
7.300911067841146e-24
7.298246718685325e-24
7.295454832313546e-24
7.292529485152532e-24
7.289464470756909e-24
7.286253286632783e-24
7.28288912043514e-24
7.279364835509879e-24
7.275672955749272e-24
7.271805649729181e-24
7.267754714093939e-24
7.263511556154151e-24
7.25906717565974e-24
7.254412145710173e-24
7.249536592761498e-24
7.244430175687008e-24
7.239082063848201e-24
7.23348091412869e-24
7.227614846883181e-24
7.221471420749967e-24
7.215037606273965e-24
7.208299758284618e-24
7.201243586969749e-24
7.19385412758474e-24
7.186115708732608e-24
7.17801191914809e-24
7.169525572915633e-24
7.160638673047699e-24
7.151332373346392e-24
7.141586938468269e-24
7.13138170210768e-24
7.120695023210725e-24
7.10950424012733e-24
7.09778562260502e-24
7.08551432152325e-24
7.072664316262396e-24
7.059208359596741e-24
7.045117919995972e-24
7.030363121213403e-24
7.014912679034629e-24
6.998733835054054e-24
6.981792287340132e-24
6.964052117844731e-24
6.94547571640501e-24
6.926023701178675e-24
6.905654835347706e-24
6.88432593991681e-24
6.861991802425852e-24
6.838605081387244e-24
6.814116206251015e-24
6.788473272691641e-24
6.761621933001575e-24
6.73350528136759e-24
6.704063733796333e-24
6.673234902445896e-24
6.64095346411067e-24
6.607151022595679e-24
6.571755964708072e-24
6.5346933095824324e-24
6.4958845510463965e-24
6.45524749272424e-24
6.412696075566983e-24
6.368140197487888e-24
6.32148552477706e-24
6.272633294961743e-24
6.2214801107755615e-24
6.167917724900787e-24
6.1118328151499976e-24
6.053106749763412e-24
5.9916153425149806e-24
5.927228597346879e-24
5.859810442292236e-24
5.78921845250549e-24
5.71530356230315e-24
5.637909766236804e-24
5.556873809386658e-24
5.472024867297204e-24
5.3831842163031285e-24
5.290164895454425e-24
5.1927713619001524e-24
5.090799142521068e-24
4.9840344859414635e-24
4.872254021004213e-24
4.755224430680824e-24
4.6327021547160246e-24
4.504433140904846e-24
4.370152675144091e-24
4.2295853366322145e-24
4.082445150893413e-24
3.928436056997628e-24
3.76725287996028e-24
3.59858313067192e-24
3.422110195024268e-24
3.237518926882031e-24
3.0445055547782925e-24
2.8427956702805976e-24
2.6321781446334712e-24
2.4125723701350893e-24
2.1841703202285662e-24
1.947761258496924e-24
1.7055488336378217e-24
1.463456811609997e-24
1.2384967045339309e-24
1.0842416770562907e-24
1.1635809093736546e-24
1.7578610871649902e-24
1.840123232578312e-24
1.2628818666168969e-24
1.209856149949775e-24
1.4397027532093888e-24
1.781674156225333e-24
2.176725130883232e-24
2.6058992052519703e-24
3.062753821395159e-24
3.545142884921193e-24
4.052612580964199e-24
4.585471801769135e-24
5.144421122508933e-24
5.730390358208831e-24
6.344462120932064e-24
6.987833964566725e-24
7.661799147778795e-24
8.367736970673196e-24
9.10710832651436e-24
9.881454253234106e-24
1.0692396306254287e-23
1.1541638100868051e-23
1.2430967651838069e-23
1.3362260291967623e-23
1.4337482039400294e-23
1.5358693335328783e-23
1.642805310536883e-23
1.75478231176485e-23
1.8720372623451145e-23
1.994818327479042e-23
2.1233854319211745e-23
2.2580108076392574e-23
2.3989795704364444e-23
2.54659032657891e-23
2.701155810695417e-23
2.863003556417304e-23
