1.1022119238213497e-21
1.1018456520278463e-21
1.1042534502550642e-21
1.1094404386687675e-21
1.1174176401794405e-21
1.1282020040181275e-21
1.1418164419510203e-21
1.1582898771998004e-21
1.1776573061894593e-21
1.199959873253117e-21
1.2252449584449376e-21
1.2535662786664177e-21
1.284984002321227e-21
1.3195648777451109e-21
1.3573823756954703e-21
1.398516846206869e-21
1.4430556901583505e-21
1.4910935459202287e-21
1.5427324914961506e-21
1.5980822625922257e-21
1.657260487096999e-21
1.720392936477807e-21
1.7876137946480803e-21
1.859065944890946e-21
1.9349012754684126e-21
2.0152810045858814e-21
2.100376025424099e-21
2.1903672719990448e-21
2.2854461066496516e-21
2.3858147300133008e-21
2.4916866143875898e-21
2.6032869614383304e-21
2.7208531852665247e-21
2.8446354219041422e-21
2.9748970663686714e-21
3.1119153384747278e-21
3.255981878656421e-21
3.407403375140407e-21
3.566502223864822e-21
3.7336172226266816e-21
3.909104301020622e-21
4.093337287812432e-21
4.286708717471707e-21
4.489630677712436e-21
4.702535699945836e-21
4.925877694678879e-21
5.16013293400785e-21
5.405801083440064e-21
5.663406285433606e-21
5.9334982971536046e-21
6.216653685068161e-21
6.513477079181019e-21
6.824602489810807e-21
7.150694690016835e-21
7.492450666930855e-21
7.850601145400202e-21
8.225912187606358e-21
8.619186872422275e-21
9.031267058618081e-21
9.463035236075084e-21
9.915416469561173e-21
1.0389380439823925e-20
1.0885943586937254e-20
1.1406171361280445e-20
1.1951180587693786e-20
1.252214194868793e-20
1.3120282593134318e-20
1.3746888876781543e-20
1.440330924187719e-20
1.5090957243142066e-20
1.5811314728007606e-20
1.6565935179458238e-20
1.7356447230279008e-20
1.8184558358064268e-20
1.9052058771053543e-20
1.9960825495059276e-20
2.0912826672983647e-20
2.1910126088697458e-20
2.2954887927948295e-20
2.4049381789706705e-20
2.5195987962495278e-20
2.639720298067656e-20
2.7655645477108186e-20
2.897406234966754e-20
3.0355335259834866e-20
3.180248748326131e-20
3.3318691133499937e-20
3.49072747812578e-20
3.6571731493468935e-20
3.831572731796212e-20
4.014311024104661e-20
4.205791964853792e-20
4.406439632089773e-20
4.61669929975781e-20
4.837038554620651e-20
5.067948477747388e-20
5.309944894658934e-20
5.563569698752556e-20
5.82939225300489e-20
6.108010875068904e-20
6.400054411725313e-20
6.70618390859257e-20
7.027094382109938e-20
7.363516700581381e-20
7.71621958267661e-20
8.086011721161271e-20
8.473744041873634e-20
8.880312107143455e-20
9.30665867506188e-20
9.753776426093014e-20
1.0222710870139213e-19
1.0714563447842541e-19
1.1230494841024587e-19
1.1771728510443177e-19
1.2339554476789305e-19
1.2935333366530765e-19
1.3560500744224112e-19
1.421657175412535e-19
1.4905146099524553e-19
1.562791338451825e-19
1.638665885584693e-19
1.7183269573293191e-19
1.801974105232715e-19
1.889818441606388e-19
1.982083410923066e-19
2.0790056221358009e-19
2.180835747546111e-19
2.2878394951423327e-19
2.4002986606685213e-19
2.5185122677015485e-19
2.642797804310726e-19
2.77349256542002e-19
2.910955112895608e-19
3.055566863433725e-19
3.207733818753e-19
3.3678884535569553e-19
3.5364917760662976e-19
3.714035581876972e-19
3.901044920233534e-19
4.0980807982489444e-19
4.3057431466677853e-19
4.524674081135208e-19
4.75556148730164e-19
4.999142971473633e-19
5.256210220500253e-19
5.527613811059245e-19
5.814268535390247e-19
6.117159296527506e-19
6.437347637900063e-19
6.775979009395522e-19
7.134290826014283e-19
7.513621448686117e-19
7.915420200253416e-19
8.341258510920546e-19
8.792842414942627e-19
9.272026484444076e-19
9.780829433419986e-19
1.0321451625956e-18
1.0896294640268168e-18
1.1507983280370903e-18
1.2159390223189793e-18
1.2853663632693005e-18
1.3594258173018195e-18
1.4384969701506759e-18
1.5229973995669388e-18
1.613386997715472e-18
1.7101727661160556e-18
1.813914105225053e-18
1.9252286218342797e-18
2.0447983950875143e-18
2.1733766825130695e-18
2.311794884125969e-18
2.460969567545572e-18
2.6219091125669172e-18
2.795719357785297e-18
2.983607295177489e-18
3.1868812946759574e-18
3.406945716384762e-18
3.645286845393962e-18
3.903445531752486e-18
4.182970393602871e-18
4.485343384099075e-18
4.811866579016589e-18
5.1634970345001586e-18
5.540615338702914e-18
5.9427146464649676e-18
6.3680045755834824e-18
6.812943003509833e-18
7.271741529023328e-18
7.735941395927603e-18
8.194218204819178e-18
8.632619189208957e-18
9.03542244436053e-18
9.386684902184071e-18
9.67229800360521e-18
9.882094661598737e-18
1.001139431050434e-17
1.0061502119676793e-17
1.0039038478016934e-17
9.95440725472564e-18
9.819932776471952e-18
