5.81517488427844e-23
5.81675196823593e-23
5.81824937547666e-23
5.819670283930711e-23
5.821017709106403e-23
5.822294510499905e-23
5.823503397673032e-23
5.824646936010927e-23
5.825727552174176e-23
5.826747539254546e-23
5.827709061647696e-23
5.828614159650803e-23
5.82946475379741e-23
5.83026264893684e-23
5.831009538067864e-23
5.831707005934611e-23
5.832356532391873e-23
5.832959495548198e-23
5.833517174691741e-23
5.834030753006941e-23
5.834501320086167e-23
5.834929874243174e-23
5.835317324631852e-23
5.835664493175733e-23
5.835972116312693e-23
5.836240846556526e-23
5.836471253881979e-23
5.836663826932597e-23
5.836818974057329e-23
5.836937024174681e-23
5.837018227469686e-23
5.837062755922455e-23
5.83707070367075e-23
5.837042087206905e-23
5.836976845409792e-23
5.836874839411375e-23
5.83673585229841e-23
5.836559588647105e-23
5.836345673891844e-23
5.836093653524335e-23
5.835802992123217e-23
5.835473072210914e-23
5.83510319293586e-23
5.834692568576867e-23
5.834240326866603e-23
5.833745507130369e-23
5.833207058236314e-23
5.832623836352478e-23
5.83199460250585e-23
5.831318019938184e-23
5.830592651252725e-23
5.829816955345683e-23
5.828989284115819e-23
5.828107878944792e-23
5.82717086694111e-23
5.826176256938538e-23
5.825121935241366e-23
5.824005661106132e-23
5.822825061950804e-23
5.821577628280643e-23
5.820260708319138e-23
5.818871502332793e-23
5.817407056637204e-23
5.815864257270815e-23
5.814239823323227e-23
5.81253029990189e-23
5.810732050723139e-23
5.808841250310473e-23
5.80685387578205e-23
5.804765698210352e-23
5.802572273533769e-23
5.800268933000146e-23
5.797850773120861e-23
5.795312645112274e-23
5.792649143801434e-23
5.789854595970638e-23
5.786923048113924e-23
5.783848253577908e-23
5.780623659057993e-23
5.777242390417691e-23
5.773697237799304e-23
5.769980639991494e-23
5.766084668016123e-23
5.762001007897635e-23
5.757720942572775e-23
5.753235332898872e-23
5.748534597715238e-23
5.743608692909464e-23
5.738447089438533e-23
5.733038750251194e-23
5.727372106055087e-23
5.721435029868598e-23
5.715214810294392e-23
5.708698123447462e-23
5.701871003465938e-23
5.694718811530088e-23
5.687226203307568e-23
5.679377094742225e-23
5.67115462609221e-23
5.662541124123999e-23
5.653518062357003e-23
5.644066019249684e-23
5.634164634209443e-23
5.623792561300338e-23
5.612927420514013e-23
5.601545746459261e-23
5.589622934314602e-23
5.577133182876839e-23
5.564049434525584e-23
5.550343311907906e-23
5.535985051134072e-23
5.520943431253845e-23
5.505185699766518e-23
5.488677493892927e-23
5.47138275731413e-23
5.453263652053619e-23
5.434280465146553e-23
5.414391509705691e-23
5.393553019951795e-23
5.371719039729309e-23
5.348841303975469e-23
5.324869112550111e-23
5.299749195761065e-23
5.273425570840269e-23
5.2458393885286337e-23
5.2169287688173845e-23
5.1866286247648554e-23
5.154870473150988e-23
5.121582230555025e-23
5.086687993223229e-23
5.050107798841572e-23
5.011757368017312e-23
4.971547822909249e-23
4.929385379997724e-23
4.885171013446938e-23
4.838800084850221e-23
4.790161934340716e-23
4.739139427049585e-23
4.6856084476567727e-23
4.6294373342315884e-23
4.570486240622864e-23
4.5086064142067213e-23
4.4436393726858164e-23
4.3754159596463213e-23
4.303755253436666e-23
4.228463297248434e-23
4.1493316095277524e-23
4.066135422277177e-23
3.9786315793852413e-23
3.886556006357722e-23
3.78962063457642e-23
3.687509624366408e-23
3.5798746770802367e-23
3.466329150202278e-23
3.346440580565694e-23
3.21972106283058e-23
3.085614697584007e-23
2.94348097430295e-23
2.792572420777299e-23
2.6320040178090218e-23
2.4607105487031864e-23
2.2773858786013553e-23
2.080394507516747e-23
1.867639444332765e-23
1.6363593321564696e-23
1.3828079907833477e-23
1.101736835411269e-23
7.855785452849282e-24
4.2378819529066215e-24
8.134822971824021e-25
5.61623811633074e-24
1.2758545898646544e-23
2.3455005394936073e-23
4.3081253493476534e-23
1.0060921000936471e-22
8.073419070307761e-22
8.651023579330937e-23
4.1980109849094055e-23
2.4205966598048717e-23
1.350383274088219e-23
5.654998677774689e-24
1.4426540116789533e-24
6.929692407864126e-24
1.2372802817430901e-23
1.7651531417947252e-23
2.2867840844761952e-23
2.8096787529928746e-23
3.33930957457159e-23
3.879838390223133e-23
4.434581444844708e-23
5.006301345638734e-23
5.597394291230781e-23
6.210013634613265e-23
6.846153854498317e-23
7.507709275496269e-23
8.196516292638357e-23
8.91438458550412e-23
9.663120844428073e-23
1.0444547323742562e-22
1.1260516776598771e-22
1.2112924836621382e-22
