1.295737604220056e-24
1.2211662193278767e-24
1.1518675046086659e-24
1.0882584720756966e-24
1.0308353937968192e-24
9.801639131843118e-25
9.36855961645709e-25
9.01529916520851e-25
8.747534605638372e-25
8.56974412665263e-25
8.484520478880718e-25
8.492063771809742e-25
8.59001114786854e-25
8.773664330081773e-25
9.03654476035873e-25
9.371112087147707e-25
9.769468348301812e-25
1.0223924041644576e-24
1.0727377858131608e-24
1.1273521051931461e-24
1.1856907068981972e-24
1.2472932615926439e-24
1.311776902931384e-24
1.3788271586629776e-24
1.4481884108471574e-24
1.5196548502154548e-24
1.59306238091029e-24
1.6682816261822546e-24
1.7452120184491106e-24
1.8237768763483e-24
1.9039193408335776e-24
1.9855990388275912e-24
2.0687893526037838e-24
2.153475188068353e-24
2.239651151273299e-24
2.3273200577250867e-24
2.41649171254795e-24
2.507181911012826e-24
2.599411618497625e-24
2.6932062967486147e-24
2.7885953496777913e-24
2.8856116670474513e-24
2.9842912485255896e-24
3.084672893927289e-24
3.1867979480991786e-24
3.2907100910795768e-24
3.3964551658744485e-24
3.504081037595813e-24
3.6136374788279185e-24
3.7251760770138095e-24
3.8387501603770516e-24
3.9544147395226855e-24
4.072226462333859e-24
4.192243580203918e-24
4.3145259239537985e-24
4.439134888085986e-24
4.566133422224015e-24
4.695586028793792e-24
4.827558766147738e-24
4.962119256463331e-24
5.099336697855432e-24
5.239281880233977e-24
5.382027204506881e-24
5.527646704802328e-24
5.676216073418302e-24
5.82781268828006e-24
5.982515642691567e-24
6.140405777229706e-24
6.301565713628779e-24
6.4660798905541746e-24
6.634034601153875e-24
6.805518032323283e-24
6.980620305602338e-24
7.159433519673506e-24
7.342051794392443e-24
7.528571316345262e-24
7.719090385885485e-24
7.9137094656497e-24
8.112531230527176e-24
8.315660619085087e-24
8.523204886449474e-24
8.735273658629923e-24
8.951978988317346e-24
9.173435412141415e-24
9.399760009417211e-24
9.631072462384698e-24
9.867495117965498e-24
1.0109153051057044e-23
1.0356174129380416e-23
1.0608689079913956e-23
1.0866831556925093e-23
1.1130738211650399e-23
1.1400548763631145e-23
1.1676406073738633e-23
1.1958456218941585e-23
1.2246848568818483e-23
1.2541735863874823e-23
1.2843274295688427e-23
1.3151623588925805e-23
1.346694708526509e-23
1.378941182927165e-23
1.411918865626023e-23
1.4456452282189736e-23
1.480138139564032e-23
1.5154158751908838e-23
1.5514971269272573e-23
1.5884010127471457e-23
1.6261470868458743e-23
1.6647553499461664e-23
1.704246259841398e-23
1.7446407421809505e-23
1.7859602015026657e-23
1.8282265325184658e-23
1.871462131659053e-23
1.9156899088822286e-23
1.9609332997525587e-23
2.0072162777967143e-23
2.0545633671420945e-23
2.1029996554440818e-23
2.1525508071088193e-23
2.2032430768188558e-23
2.2551033233665785e-23
2.3081590238044112e-23
2.3624382879171538e-23
2.4179698730249297e-23
2.4747831991233153e-23
2.5329083643692446e-23
2.5923761609172415e-23
2.653218091119042e-23
2.71546638408881e-23
2.779154012647536e-23
2.84431471064935e-23
2.9109829907028694e-23
2.979194162294285e-23
3.048984350319425e-23
3.120390514036563e-23
3.1934504664473193e-23
3.268202894114866e-23
3.344687377428816e-23
3.422944411327661e-23
3.503015426486362e-23
3.5849428109795136e-23
3.668769932432031e-23
3.754541160663646e-23
3.842301890841589e-23
3.932098567148619e-23
4.023978706978564e-23
4.1179909256689374e-23
4.214184961783808e-23
4.312611702952496e-23
4.413323212284063e-23
4.516372755355726e-23
4.621814827800455e-23
4.729705183494436e-23
4.8401008633603804e-23
4.953060224795703e-23
5.0686429717408034e-23
5.186910185392549e-23
5.307924355579305e-23
5.431749412807389e-23
5.558450760989041e-23
5.688095310862299e-23
5.820751514116176e-23
5.956489398229578e-23
6.095380602036378e-23
6.23749841202133e-23
6.382917799365468e-23
6.531715457743191e-23
6.683969841879687e-23
6.839761206882932e-23
6.999171648352552e-23
7.162285143272933e-23
7.329187591698263e-23
7.499966859235646e-23
7.674712820323637e-23
7.85351740231848e-23
8.036474630380311e-23
8.223680673164111e-23
8.415233889311615e-23
8.611234874738376e-23
8.811786510711664e-23
9.016994012708026e-23
9.226964980034913e-23
9.441809446210495e-23
9.661639930068822e-23
9.88657148757252e-23
1.0116721764310014e-22
1.0352211048625177e-22
1.0593162325360993e-22
1.0839701330146937e-22
1.1091956604190545e-22
1.1350059549499401e-22
1.161414448445296e-22
1.1884348699654657e-22
1.2160812513934673e-22
1.2443679330414129e-22
1.273309569247424e-22
1.3029211339487418e-22
1.3332179262130686e-22
1.3642155757059605e-22
1.3959300480737828e-22
