2.4495838212250857e-24
2.3404710291105706e-24
2.2364308334945975e-24
2.1372427703549515e-24
2.0426966713136453e-24
1.952592209948401e-24
1.866738467517156e-24
1.784953516914145e-24
1.7070640236836147e-24
1.632904862923373e-24
1.5623187509139612e-24
1.4951558903107754e-24
1.4312736277380289e-24
1.3705361226299784e-24
1.3128140261739748e-24
1.25798416922826e-24
1.205929258120969e-24
1.1565375772839412e-24
1.1097026977474943e-24
1.0653231906219154e-24
1.023302344824998e-24
9.835478884878411e-25
9.459717136878383e-25
9.104896044208982e-25
8.770209680352512e-25
8.454885707022613e-25
8.158182778891916e-25
7.879388012110286e-25
7.617814534532138e-25
7.372799139493964e-25
7.143700068430431e-25
6.929894950114547e-25
6.730778925699048e-25
6.545762988499268e-25
6.374272565477252e-25
6.215746363451388e-25
6.069635497167769e-25
5.935402908726259e-25
5.812523078820241e-25
5.700482020318665e-25
5.598777534610209e-25
5.506919701512381e-25
5.424431565173666e-25
5.350849971866618e-25
5.285726511365044e-25
5.228628511958961e-25
5.179140040124774e-25
5.136862859229898e-25
5.101417307028188e-25
5.072443058591385e-25
5.049599749124375e-25
5.032567439251085e-25
5.021046913327335e-25
5.01475980865832e-25
5.013448579888224e-25
5.016876308075093e-25
5.024826367983883e-25
5.037101969945296e-25
5.053525594315247e-25
5.073938337286436e-25
5.098199186707681e-25
5.126184245821923e-25
5.1577859216529365e-25
5.192912093252026e-25
5.231485273345048e-25
5.273441775157986e-25
5.318730894485737e-25
5.367314115396195e-25
5.419164346437368e-25
5.474265192821925e-25
5.532610268826958e-25
5.594202553568138e-25
5.659053792386334e-25
5.727183945305097e-25
5.798620683356729e-25
5.873398933051974e-25
5.95156046883381e-25
6.033153553006678e-25
6.118232622376667e-25
6.206858020631594e-25
6.29909577534479e-25
6.395017418393526e-25
6.494699848518269e-25
6.598225234721396e-25
6.705680959219562e-25
6.817159598677224e-25
6.932758942503557e-25
7.052582047059976e-25
7.176737324707988e-25
7.305338666716268e-25
7.438505599152936e-25
7.5763634710202615e-25
7.719043673963927e-25
7.866683893098547e-25
8.019428388529915e-25
8.177428307377763e-25
8.340842026178487e-25
8.50983552374354e-25
8.684582784633018e-25
8.865266233594587e-25
9.05207720143143e-25
9.245216422886488e-25
9.444894567302338e-25
9.65133280287452e-25
9.864763395515133e-25
1.008543034337995e-24
1.0313590048276633e-24
1.0549512025233407e-24
1.07934796516318e-24
1.1045790957331227e-24
1.130675945736568e-24
1.1576715028803968e-24
1.1856004833413966e-24
1.214499428788601e-24
1.2444068083349073e-24
1.2753631255937814e-24
1.3074110310303279e-24
1.3405954397822564e-24
1.3749636551407825e-24
1.4105654978819397e-24
1.4474534416255283e-24
1.4856827544223697e-24
1.5253116467541679e-24
1.5664014261386582e-24
1.609016658534784e-24
1.6532253367432595e-24
1.6990990560072365e-24
1.7467131970094577e-24
1.7961471164911232e-24
1.8474843456988882e-24
1.9008127969072474e-24
1.956224978244152e-24
2.013818217092278e-24
2.073694892338226e-24
2.135962675767389e-24
2.2007347829231127e-24
2.268130233806283e-24
2.338274123743962e-24
2.411297904907254e-24
2.487339678857089e-24
2.56654450068376e-24
2.6490646951975214e-24
2.7350601858075644e-24
2.8246988366936676e-24
2.9181568089186255e-24
3.0156189311936893e-24
3.1172790862055747e-24
3.223340613202865e-24
3.334016727551621e-24
3.449530958820775e-24
3.5701176074424934e-24
3.6960222219431464e-24
3.827502097281679e-24
3.964826795184214e-24
4.108278689088297e-24
4.258153532062476e-24
4.41476105316176e-24
4.578425579298661e-24
4.7494866871225066e-24
4.928299884215583e-24
5.1152373233118336e-24
5.31068854837776e-24
5.515061277239111e-24
5.728782218443164e-24
5.952297928755256e-24
6.1860757084155154e-24
6.430604539407724e-24
6.686396068268573e-24
6.953985628075948e-24
7.233933318994689e-24
7.526825124149102e-24
7.833274089150255e-24
8.153921549036939e-24
8.489438406669116e-24
8.840526481809643e-24
9.207919902505838e-24
9.592386578974612e-24
9.994729715716319e-24
1.0415789423873594e-23
1.0856444374586134e-23
1.1317613544825768e-23
1.1800258016763173e-23
1.2305382870966726e-23
1.2834039180798621e-23
1.338732600774188e-23
1.3966392630714954e-23
1.4572440675224883e-23
1.5206726501740768e-23
1.5870563607270776e-23
1.6565325135719983e-23
1.7292446487076112e-23
1.8053428045167661e-23
1.8849837977893636e-23
1.9683315301664315e-23
2.055557268267188e-23
2.1468399936117847e-23
2.2423666971724687e-23
2.342332742919417e-23
2.4469422182764498e-23
2.5564082963711733e-23
2.6709536197594955e-23
