1.487984701561858e-23
1.6195355484661128e-23
1.7496447045444882e-23
1.8785038096383786e-23
2.0062981237100952e-23
2.1332068160903222e-23
2.259403258779746e-23
2.3850553182529994e-23
2.5103256430055493e-23
2.6353719451825485e-23
2.7603472755888215e-23
2.88540029161037e-23
3.01067551792145e-23
3.136313599995476e-23
3.262451550386721e-23
3.3892229880307e-23
3.516758370509945e-23
3.645185219678668e-23
3.774628340509042e-23
3.905210033653928e-23
4.037050301550441e-23
4.1702670485957867e-23
4.3049762752209927e-23
4.4412922662043443e-23
4.579327773462574e-23
4.7191941933890055e-23
4.861001738792488e-23
5.004859605988202e-23
5.1508761367045615e-23
5.299158975526281e-23
5.449815222587923e-23
5.602951581961596e-23
5.758674505901256e-23
5.917090334955775e-23
6.078305434381464e-23
6.242426326816304e-23
6.409559821480946e-23
6.579813140226919e-23
6.753294040266623e-23
6.930110934190939e-23
7.110373007019775e-23
7.294190330907619e-23
7.481673977325751e-23
7.672936126882535e-23
7.868090177449414e-23
8.067250849969626e-23
8.27053429291836e-23
8.478058184856323e-23
8.689941835819626e-23
8.906306287309393e-23
9.127274411358591e-23
9.352971008237202e-23
9.583522903922257e-23
9.819059046364048e-23
1.0059710601530831e-22
1.0305611048857815e-22
1.0556896276665184e-22
1.0813704677183445e-22
1.1076177241606594e-22
1.1344457655436153e-22
1.1618692393768853e-22
1.189903081719505e-22
1.2185625267832972e-22
1.2478631166305086e-22
1.2778207109009047e-22
1.3084514966348627e-22
1.339771998195852e-22
1.3717990872547859e-22
1.4045499929209225e-22
1.438042311968861e-22
1.4722940191919222e-22
1.507323477907112e-22
1.54314945058608e-22
1.5797911096624172e-22
1.6172680484775782e-22
1.6556002924333145e-22
1.6948083102918126e-22
1.7349130256836694e-22
1.7759358288298966e-22
1.817898588442414e-22
1.8608236638549066e-22
1.9047339173896808e-22
1.9496527269506214e-22
1.9956039988495404e-22
2.0426121809028438e-22
2.0907022757749278e-22
2.1398998545930902e-22
2.1902310708569397e-22
2.2417226746117053e-22
2.29440202690602e-22
2.3482971146241657e-22
2.4034365655314004e-22
2.459849663729045e-22
2.517566365390142e-22
2.5766173148576904e-22
2.63703386108158e-22
2.6988480744488317e-22
2.7620927639250905e-22
2.8268014946348772e-22
2.8930086057950524e-22
2.960749229078099e-22
3.0300593073382053e-22
3.100975613828602e-22
3.17353577179309e-22
3.247778274505776e-22
3.3237425057980797e-22
3.401468761049009e-22
3.4809982685903396e-22
3.5623732116801587e-22
3.645636750931131e-22
3.730833047271458e-22
3.8180072854094125e-22
3.9072056978555603e-22
3.9984755895041594e-22
4.091865362738783e-22
4.1874245431733315e-22
4.285203805925225e-22
4.38525500254321e-22
4.487631188525476e-22
4.592386651497239e-22
4.69957694000381e-22
4.809258893012328e-22
4.921490670067658e-22
5.036331782119099e-22
5.153843123152252e-22
5.274087002457331e-22
5.397127177676916e-22
5.52302888864446e-22
5.651858891974538e-22
5.78368549647038e-22
5.9185785993334725e-22
6.05660972326575e-22
6.197852054341378e-22
6.34238048087264e-22
6.490271633053917e-22
6.641603923640873e-22
6.796457589494364e-22
6.954914734110082e-22
7.117059371150405e-22
7.28297746897165e-22
7.452756996248234e-22
7.6264879684582665e-22
7.804262495769716e-22
7.986174831728217e-22
8.172321423237699e-22
8.362800961742232e-22
8.557714435405255e-22
8.757165182657e-22
8.961258947092847e-22
9.170103933345381e-22
9.383810864318025e-22
9.60249304019523e-22
9.826266398133877e-22
1.0055249573708817e-21
1.0289563964174788e-21
1.0529333792046773e-21
1.0774686171609659e-21
1.1025751175749265e-21
1.1282661905117816e-21
1.1545554558438835e-21
1.1814568504675225e-21
1.2089846357074111e-21
1.2371534048162057e-21
1.2659780907809813e-21
1.2954739741153713e-21
1.3256566910409486e-21
1.356542241768158e-21
1.388146998852687e-21
1.420487716030179e-21
1.4535815368742198e-21
1.4874460041688215e-21
1.522099068712926e-21
1.5575590994273783e-21
1.5938448924919866e-21
1.6309756817845629e-21
1.6689711485356185e-21
1.7078514321642152e-21
1.74763714079302e-21
1.788349362179108e-21
1.830009674318561e-21
1.872640158189585e-21
1.916263407760217e-21
1.9609025430252005e-21
2.006581222001351e-21
2.053323652793131e-21
2.101154607315265e-21
2.1500994327656926e-21
2.2001840673512693e-21
2.2514350510466276e-21
2.30387954214936e-21
2.357545330481047e-21
2.412460851594865e-21
2.4686552033128732e-21
2.526158158873369e-21
2.5850001846302416e-21
2.6452124538661486e-21
2.706826866469719e-21
2.769876063033314e-21
2.834393441513819e-21
2.900413177496753e-21
2.967970239366052e-21
