8.561151311378237e-11
9.031681105775136e-11
8.959424602575395e-11
8.647816605980282e-11
8.461283816531682e-11
7.558158833616675e-11
7.573446818241646e-11
7.276906656461268e-11
7.046680274430404e-11
6.684020747882222e-11
6.558969578044842e-11
6.349607154314951e-11
6.04820915463304e-11
5.872871372222443e-11
5.475336506447879e-11
5.510286354808179e-11
5.2727242789889895e-11
5.048962212121221e-11
4.916120141707146e-11
4.9200887660944616e-11
4.4804193135446386e-11
4.230314962031725e-11
4.3634098028398864e-11
3.943325037686966e-11
4.0064862492138825e-11
3.654561531881783e-11
3.7121855736026034e-11
3.385618314039108e-11
3.41676631682149e-11
3.223709758306898e-11
3.07810922795247e-11
2.9393524044964414e-11
2.789594600151193e-11
2.666739051704719e-11
2.6180046717631624e-11
2.4885718783636766e-11
2.4641680621050734e-11
2.320482134151666e-11
2.1774320139296868e-11
2.147140483808096e-11
2.0438675074537795e-11
1.9332294912253527e-11
1.8808213037437577e-11
1.8018069364109528e-11
1.7008860058040355e-11
1.653514760929007e-11
1.5848075445524893e-11
1.52011204805728e-11
1.455847966228525e-11
1.3796528193117548e-11
1.3499723439951713e-11
1.2736540735736502e-11
1.2332579385795492e-11
1.1712030074983366e-11
1.1213709552934591e-11
1.0638023320535918e-11
1.0182777173331789e-11
9.88751879920129e-12
9.405021861354868e-12
8.924871840501124e-12
8.544298170702697e-12
8.172993096368364e-12
7.877810392958002e-12
7.500854086111856e-12
7.207704987953435e-12
6.93177403394822e-12
6.588490928620529e-12
6.2975363605124685e-12
5.989683179929027e-12
5.774174093227895e-12
5.501793203811695e-12
5.251468416419705e-12
5.018688218554228e-12
4.804251305354606e-12
4.591401865043044e-12
4.370478754878916e-12
4.207855660831282e-12
4.005484371291834e-12
3.826386471845989e-12
3.6684374645792536e-12
3.4926141300263512e-12
3.3366102887275974e-12
3.1781163167058088e-12
3.0413704998926453e-12
2.907496153586735e-12
2.7838884013726207e-12
2.645556407826455e-12
2.5324050397099266e-12
2.4181883761814757e-12
2.3058987583938966e-12
2.2002884547365974e-12
2.1049384430593056e-12
2.009289866855158e-12
1.9148477765932783e-12
1.8279585783665655e-12
1.7495089531216323e-12
1.6654668841054808e-12
1.5919535858393606e-12
1.5172286439218603e-12
1.4496759366699485e-12
1.3832534022893204e-12
1.3198263116226392e-12
1.259147914008171e-12
1.201269798529087e-12
1.145864531244166e-12
1.0929857242005143e-12
1.042417517295335e-12
9.93828342526508e-13
9.479819943969466e-13
9.031851914658738e-13
8.613382524155237e-13
8.215476751019865e-13
7.830962980552814e-13
7.468963028543262e-13
7.112995225682458e-13
6.777898457812449e-13
6.461656155370667e-13
6.152177247417764e-13
5.85914798934985e-13
5.581187420955554e-13
5.317323508364272e-13
5.062566258268862e-13
4.817741853810436e-13
4.583038268446097e-13
4.364300527553891e-13
4.1529824518328984e-13
3.9490529559959896e-13
3.755941918893874e-13
3.57267610877525e-13
3.39532720526759e-13
3.227093346492769e-13
3.0664204611947226e-13
2.91300548342922e-13
2.766545340968686e-13
2.6266581327326785e-13
2.492953110802431e-13
2.3656297782000265e-13
2.2444079208089448e-13
2.1281213170688314e-13
2.0171519142715956e-13
1.9109761967915196e-13
1.8097809645810742e-13
1.713588197339939e-13
1.6212193421460827e-13
1.533343013629855e-13
1.4494838441555937e-13
1.369472749474123e-13
1.2931873212549328e-13
1.220211810052719e-13
1.1508855858663374e-13
1.0844634551950474e-13
1.0215125867362287e-13
9.610716553380254e-14
9.036477399429657e-14
8.489950517499216e-14
7.968988847112727e-14
7.471282257458844e-14
6.998083866659221e-14
6.547087427280451e-14
6.117567610665625e-14
5.709535460658222e-14
5.3210173730598367e-14
4.951833776316166e-14
4.60058891877747e-14
4.266662054287692e-14
3.949815814412328e-14
3.64911844013848e-14
3.363938496301561e-14
3.093564667293073e-14
2.8376837487450286e-14
2.5956637493855424e-14
2.3668622752446143e-14
2.1508017341846204e-14
1.9472269663089782e-14
1.7555523376313096e-14
1.575343144102045e-14
1.4062529444794524e-14
1.2480447219132621e-14
1.1002213216362627e-14
9.625512255825341e-15
8.347777149309237e-15
7.165761669744686e-15
6.077199740025111e-15
5.079858618982439e-15
4.1716739344983526e-15
3.3507834916395588e-15
2.6155610807330175e-15
1.9645145456215025e-15
1.3964488728071716e-15
9.104683422612365e-16
5.064445816862508e-16
1.88776827984522e-16
9.987735903893849e-17
2.4924792261378484e-16
3.356833214802078e-16
3.4580438109834974e-16
2.7901963386982093e-16
1.408980079381308e-16
1.261385177088214e-16
4.188520214375024e-16
8.053025851980077e-16
