2.386126513011898e-23
2.3853237582790082e-23
2.3844832814867484e-23
2.383603295168719e-23
2.3826819284700306e-23
2.3817172231421393e-23
2.3807071293569642e-23
2.3796495013274847e-23
2.378542092729661e-23
2.377382551911876e-23
2.3761684168847945e-23
2.374897110077463e-23
2.3735659328513004e-23
2.3721720597592518e-23
2.370712532536158e-23
2.3691842538103508e-23
2.3675839805203507e-23
2.3659083170244947e-23
2.3641537078877502e-23
2.362316430330387e-23
2.360392586322945e-23
2.3583780943102814e-23
2.356268680547148e-23
2.354059870026225e-23
2.3517469769812813e-23
2.3493250949423132e-23
2.346789086325097e-23
2.3441335715281242e-23
2.341352917520613e-23
2.3384412258895092e-23
2.3353923203270069e-23
2.3321997335279953e-23
2.328856693470141e-23
2.325356109049021e-23
2.3216905550361604e-23
2.3178522563296354e-23
2.3138330714622268e-23
2.3096244753328146e-23
2.305217541125264e-23
2.3006029213752404e-23
2.2957708281447692e-23
2.2907110122643882e-23
2.2854127415958134e-23
2.2798647782722465e-23
2.2740553548654624e-23
2.267972149431493e-23
2.2616022593793288e-23
2.2549321741104325e-23
2.247947746368403e-23
2.2406341622396434e-23
2.2329759097409917e-23
2.2249567459274294e-23
2.2165596624521053e-23
2.2077668495021813e-23
2.198559658038711e-23
2.1889185602562326e-23
2.17882310818202e-23
2.1682518903253995e-23
2.157182486285782e-23
2.145591419224532e-23
2.1334541060989048e-23
2.1207448055535853e-23
2.1074365633606853e-23
2.093501155291016e-23
2.0789090272991755e-23
2.0636292328936013e-23
2.0476293675618068e-23
2.0308755001125114e-23
2.0133321007897207e-23
1.9949619660098557e-23
1.9757261395624844e-23
1.9555838301123198e-23
1.934492324829341e-23
1.912406898968266e-23
1.889280721210413e-23
1.865064754574905e-23
1.8397076526940728e-23
1.8131556512450796e-23
1.7853524543188496e-23
1.7562391155015257e-23
1.7257539134357125e-23
1.6938322216255672e-23
1.660406372242286e-23
1.625405513689104e-23
1.5887554616841032e-23
1.55037854362864e-23
1.5101934360468725e-23
1.4681149949105844e-23
1.424054078714281e-23
1.3779173642493182e-23
1.3296071551571274e-23
1.2790211835550653e-23
1.2260524053799903e-23
1.1705887906645442e-23
1.1125131109399959e-23
1.051702727638495e-23
9.880293883950316e-24
9.213590437721778e-24
8.515517079126126e-24
7.784614092451392e-24
7.019363271213664e-24
6.218193288591029e-24
5.379494339275017e-24
4.50165666935263e-24
3.58318088503454e-24
2.6230599656448196e-24
1.6226793047975612e-24
6.084537250117592e-25
6.287104199560656e-25
1.7456434436706546e-24
2.950223602246775e-24
4.217099364980573e-24
5.5455738203065965e-24
6.937529976634801e-24
8.39555856961235e-24
9.922582185049899e-24
1.1521748623547938e-23
1.3196395894559681e-23
1.4950041404935073e-23
1.6786380849422233e-23
1.87092915809565e-23
2.072283833918319e-23
2.283128039440383e-23
2.5039079660116488e-23
2.73509095531023e-23
2.9771664490594347e-23
3.2306469971052044e-23
3.496069321622243e-23
3.7739954370804223e-23
4.06501382657077e-23
4.369740675954156e-23
4.688821167608452e-23
5.0229308360375624e-23
5.372776987762794e-23
5.739100188301943e-23
6.122675818914923e-23
6.524315706508642e-23
6.944869829705505e-23
7.385228104608178e-23
7.846322253808539e-23
8.329127762722892e-23
8.834665926525315e-23
9.36400599255278e-23
9.918267402166883e-23
1.0498622136751489e-22
1.110629717176268e-22
1.1742577045824703e-22
1.2408806546908723e-22
1.3106393524747773e-22
1.3836811830694046e-22
1.460160439596444e-22
1.5402386448926998e-22
1.6240848882348925e-22
1.7118761776051108e-22
1.8037978077776041e-22
1.9000437457920696e-22
2.0008170337033803e-22
2.1063302097855094e-22
2.2168057491466994e-22
2.332476524389929e-22
2.453586287109565e-22
2.580390171453345e-22
2.713155220328555e-22
2.852160935466234e-22
2.99769985263552e-22
3.150078142330228e-22
3.309616238111029e-22
3.4766494921153398e-22
3.6515288611381433e-22
3.834621623444767e-22
4.0263121235090123e-22
4.227002558468856e-22
4.437113790261709e-22
4.657086197336448e-22
4.88738056872105e-22
5.128479023958098e-22
5.380885991085912e-22
5.64512920988904e-22
5.921760794507639e-22
6.211358327854926e-22
6.51452600827856e-22
6.831895851395098e-22
7.164128932258123e-22
7.511916699902243e-22
7.875982302859922e-22
8.257082035572977e-22
8.656006771422135e-22
9.073583534883856e-22
9.510677046897027e-22
9.968191435287617e-22
1.0447071924210963e-21
1.0948306625292846e-21
1.1472928392797717e-21
1.2022016820013423e-21
1.259670021751226e-21
1.3198157580047678e-21
1.382762105137232e-21
1.4486377808854353e-21
1.5175772687201845e-21
1.5897210438126376e-21
1.6652158232327204e-21
