3.0668112352077056e-24
3.0651368246433474e-24
3.063551568545102e-24
3.06204499503486e-24
3.0606074133882173e-24
3.059229841318463e-24
3.0579039380402753e-24
3.056621942646332e-24
3.0553766173609703e-24
3.054161195266712e-24
3.0529693321256177e-24
3.0517950619477584e-24
3.0506327559810896e-24
3.049477084824305e-24
3.0483229833845438e-24
3.04716561842325e-24
3.0460003584538744e-24
3.0448227457716465e-24
3.043628470414317e-24
3.0424133458658486e-24
3.0411732863319254e-24
3.0399042854273536e-24
3.0386023961281645e-24
3.0372637118526556e-24
3.0358843485453047e-24
3.0344604276467857e-24
3.0329880598420945e-24
3.0314633294864373e-24
3.029882279615042e-24
3.0282408974504242e-24
3.0265351003252834e-24
3.024760721945566e-24
3.0229134989214768e-24
3.020989057500279e-24
3.0189829004365514e-24
3.0168903939406945e-24
3.014706754648016e-24
3.012427036553846e-24
3.0100461178633034e-24
3.007558687704683e-24
3.0049592326581036e-24
3.0022420230528324e-24
2.999401098986536e-24
2.9964302560222126e-24
2.9933230305179194e-24
2.9900726845459942e-24
2.9866721903576917e-24
2.9831142143506766e-24
2.97939110049514e-24
2.975494853175228e-24
2.9714171194022178e-24
2.9671491703536856e-24
2.962681882194935e-24
2.9580057161350947e-24
2.9531106976719887e-24
2.947986394976985e-24
2.9426218963706088e-24
2.937005786838178e-24
2.9311261235332026e-24
2.924970410214792e-24
2.918525570563347e-24
2.9117779203173423e-24
2.90471313817171e-24
2.8973162353766942e-24
2.8895715239733965e-24
2.8814625836004896e-24
2.8729722268037326e-24
2.8640824627784218e-24
2.85477445947105e-24
2.8450285039652443e-24
2.8348239610737875e-24
2.8241392300562368e-24
2.8129516993786925e-24
2.8012376994302353e-24
2.7889724531077648e-24
2.776130024178931e-24
2.762683263330195e-24
2.748603751805777e-24
2.7338617425413783e-24
2.7184260986955043e-24
2.7022642294811882e-24
2.6853420232006134e-24
2.667623777387136e-24
2.6490721259619304e-24
2.6296479633165087e-24
2.609310365239296e-24
2.588016506614292e-24
2.5657215758319465e-24
2.5423786858703436e-24
2.5179387820288874e-24
2.4923505463266825e-24
2.4655602986186498e-24
2.437511894536797e-24
2.4081466204326777e-24
2.377403085590889e-24
2.345217112101368e-24
2.3115216229398803e-24
2.2762465290151254e-24
2.239318616219873e-24
2.2006614339000107e-24
2.16019518665763e-24
2.1178366320917542e-24
2.073498988018366e-24
2.0270918540133597e-24
1.9785211539422084e-24
1.9276891087190963e-24
1.8744942522391416e-24
1.8188315088147875e-24
1.760592358415589e-24
1.6996651279978115e-24
1.6359354655894398e-24
1.569287082567414e-24
1.4996028956480006e-24
1.4267667758281364e-24
1.3506662394865282e-24
1.2711966400920337e-24
1.1882678224460791e-24
1.1018149604147906e-24
1.0118167931407412e-24
9.18327570573509e-25
8.215358182875834e-25
7.2187896533917315e-25
6.202828982291007e-25
5.187025625380206e-25
4.214306104882228e-25
3.3826412917312982e-25
2.8978653963802417e-25
3.018788569132976e-25
3.7615014542595277e-25
4.912332451794095e-25
6.304265989315228e-25
7.85801173814511e-25
9.538898907092108e-25
1.1331770857018727e-24
1.3230423369480022e-24
1.5233136105873026e-24
1.7340651232998174e-24
1.9555191233889908e-24
2.1879950797388882e-24
2.431882031759204e-24
2.68762296952745e-24
2.955705809960277e-24
3.236658167835551e-24
3.531044407499342e-24
3.8394641221972624e-24
4.1625515428044086e-24
4.500975575745557e-24
4.855440284301011e-24
5.2266856956849436e-24
5.615488858083295e-24
6.02266509813325e-24
6.44906944625667e-24
6.895598208412167e-24
7.36319067032449e-24
7.852830925398498e-24
8.365549821123844e-24
8.902427021353662e-24
9.464593183722174e-24
1.0053232252866604e-23
1.0669583871195524e-23
1.1314945909786066e-23
1.199067712267339e-23
1.2698199928354402e-23
1.343900332281089e-23
1.421464592877174e-23
1.5026759186314137e-23
1.587705069024363e-23
1.6767307680020176e-23
1.76994006883007e-23
1.8675287354465513e-23
1.969701640978494e-23
2.0766731841164946e-23
2.1886677240687048e-23
2.3059200348438604e-23
2.428675779640113e-23
2.5571920061441233e-23
2.691737663571327e-23
2.832594142306191e-23
2.980055837027301e-23
3.134430734228703e-23
3.296041025075077e-23
3.465223744553308e-23
3.642331437908185e-23
3.827732855373202e-23
4.0218136762307545e-23
4.224977263256551e-23
4.4376454486240895e-23
4.6602593523616135e-23
4.893280234471007e-23
5.137190381830532e-23
5.392494031014568e-23
5.659718328168933e-23
5.939414327086612e-23
6.232158026624583e-23
6.538551448598915e-23
6.859223757283484e-23
7.194832421620485e-23
7.546064421227862e-23
7.913637497255887e-23
8.298301449109499e-23
8.700839477999959e-23
