2.4817470697411963e-24
2.6963461220751093e-24
2.906010867058132e-24
3.1111788544928797e-24
3.3122934827542e-24
3.5097931587709205e-24
3.704105304322294e-24
3.895643134497353e-24
4.0848040704042296e-24
4.271969136463567e-24
4.457502958597882e-24
4.6417541302082895e-24
4.8250558008703536e-24
5.0077263956962206e-24
5.190070406173408e-24
5.37237921391016e-24
5.5549319221472845e-24
5.73799617858963e-24
5.921828979001903e-24
6.1066774449094156e-24
6.2927795713219496e-24
6.4803649424286966e-24
6.669655414180022e-24
6.860865763818155e-24
7.054204306735393e-24
7.24987348164924e-24
7.448070405179585e-24
7.648987397164531e-24
7.852812478141518e-24
8.059729840355501e-24
8.269920293860655e-24
8.483561689078823e-24
8.700829317261386e-24
8.921896290214216e-24
9.146933900597774e-24
9.376111964118791e-24
9.609599144755688e-24
9.847563264201042e-24
1.0090171596627668e-23
1.0337591149807552e-23
1.0589988933574918e-23
1.0847532216546256e-23
1.1110388771924561e-23
1.1378727113453624e-23
1.1652716721890274e-23
1.1932528263167859e-23
1.2218333798634825e-23
1.251030698819628e-23
1.2808623286887298e-23
1.3113460135511433e-23
1.342499714586663e-23
1.374341628110896e-23
1.4068902031638084e-23
1.4401641587161603e-23
1.474182500521766e-23
1.5089645376498526e-23
1.544529898769397e-23
1.5808985481786818e-23
1.618090801649641e-23
1.6561273421022564e-23
1.69502923514059e-23
1.7348179444990747e-23
1.775515347388848e-23
1.81714374982167e-23
1.859725901886046e-23
1.9032850130429733e-23
1.9478447674259704e-23
1.9934293392116876e-23
2.040063408035112e-23
2.0877721745070763e-23
2.1365813758321112e-23
2.18651730155729e-23
2.237606809462768e-23
2.2898773416186688e-23
2.3433569406232472e-23
2.398074266020922e-23
2.4540586109631686e-23
2.5113399190638018e-23
2.569948801524396e-23
2.6299165545058697e-23
2.6912751767703836e-23
2.754057387624488e-23
2.818296645139238e-23
2.884027164714796e-23
2.951283937956931e-23
3.020102751891444e-23
3.090520208549944e-23
3.1625737449209513e-23
3.2363016532642903e-23
3.3117431018513954e-23
3.388938156095085e-23
3.467927800088811e-23
3.5487539586251865e-23
3.6314595196050954e-23
3.716088356946811e-23
3.802685353949469e-23
3.89129642715385e-23
3.981968550687909e-23
4.074749781137208e-23
4.169689282932459e-23
4.266837354272259e-23
4.36624545361353e-23
4.4679662267082916e-23
4.572053534197501e-23
4.678562479855171e-23
4.787549439395817e-23
4.8990720898703205e-23
5.0131894397698764e-23
5.1299618597106546e-23
5.249451113766931e-23
5.371720391554763e-23
5.49683434091002e-23
5.62485910130002e-23
5.755862337975082e-23
5.889913276801912e-23
6.027082739844576e-23
6.167443181721547e-23
6.311068726695135e-23
6.458035206567727e-23
6.608420199363865e-23
6.762303068796572e-23
6.919765004583159e-23
7.08088906357198e-23
7.245760211730098e-23
7.414465366953749e-23
7.587093442805361e-23
7.763735393062821e-23
7.944484257219264e-23
8.129435206855511e-23
8.318685592916822e-23
8.512334993943724e-23
8.710485265221737e-23
8.913240588865466e-23
9.120707524836729e-23
9.332995062990014e-23
9.550214675970125e-23
9.772480373162928e-23
9.999908755615433e-23
1.023261907185839e-22
1.0470733274758023e-22
1.0714376079357774e-22
1.0963675021667154e-22
1.1218760518385193e-22
1.1479765927660732e-22
1.174682761074765e-22
1.2020084994639612e-22
1.2299680635551193e-22
1.2585760283531264e-22
1.2878472947671842e-22
1.3177970962461787e-22
1.34844100547383e-22
1.3797949411723773e-22
1.4118751749639018e-22
1.4446983383170194e-22
1.478281429554369e-22
1.5126418209373385e-22
1.5477972658006727e-22
1.5837659057459306e-22
1.620566277881006e-22
1.6582173220895704e-22
1.6967383883582482e-22
1.7361492440841499e-22
1.7764700814357062e-22
1.8177215246845924e-22
1.8599246375400087e-22
1.9031009304503885e-22
1.947272367876518e-22
1.9924613754927405e-22
2.0386908473304072e-22
2.0859841528169932e-22
2.1343651437112946e-22
2.1838581608948716e-22
2.2344880410122483e-22
2.286280122917901e-22
2.339260253912319e-22
2.393454795722839e-22
2.4488906302216503e-22
2.505595164804873e-22
2.5635963374261577e-22
2.622922621231968e-22
2.68360302874546e-22
2.745667115549887e-22
2.809144983429447e-22
2.8740672828895925e-22
2.940465215009824e-22
3.008370532549512e-22
3.07781554023779e-22
3.148833094166439e-22
3.2214566001963433e-22
3.2957200112883185e-22
3.3716578236522366e-22
3.4493050716176207e-22
3.528697321087181e-22
3.609870661467594e-22
3.6928616959279796e-22
3.7777075298453675e-22
3.864445757270131e-22
3.953114445248545e-22
4.04375211581073e-22
4.1363977254173057e-22
4.2310906416630428e-22
