5.9261892712316265e-24
5.923835572828502e-24
5.9215977040516196e-24
5.919470098830267e-24
5.9174474960202456e-24
5.915524922145045e-24
5.913697675265642e-24
5.911961309901622e-24
5.910311622931952e-24
5.908744640409294e-24
5.907256605226151e-24
5.905843965576316e-24
5.904503364158772e-24
5.9032316280752914e-24
5.90202575937687e-24
5.900882926216818e-24
5.899800454572203e-24
5.898775820497646e-24
5.897806642878428e-24
5.8968906766523035e-24
5.896025806471527e-24
5.895210040779062e-24
5.894441506274619e-24
5.8937184427481176e-24
5.893039198259973e-24
5.892402224649035e-24
5.891806073350564e-24
5.891249391508081e-24
5.890730918364038e-24
5.8902494819156826e-24
5.889803995823426e-24
5.889393456560211e-24
5.889016940791288e-24
5.888673602974852e-24
5.888362673174667e-24
5.8880834550769234e-24
5.887835324204177e-24
5.8876177263199575e-24
5.88743017601847e-24
5.8872722554944936e-24
5.887143613489118e-24
5.887043964407679e-24
5.88697308760702e-24
5.886930826849526e-24
5.8869170899222225e-24
5.886931848419624e-24
5.886975137689844e-24
5.8870470569437565e-24
5.887147769527806e-24
5.887277503361624e-24
5.887436551541926e-24
5.88762527311527e-24
5.887844094022372e-24
5.888093508217558e-24
5.8883740789675355e-24
5.8886864403343675e-24
5.889031298848146e-24
5.8894094353756325e-24
5.8898217071919564e-24
5.890269050263194e-24
5.890752481748529e-24
5.891273102731561e-24
5.8918321011913645e-24
5.8924307552248435e-24
5.8930704365329675e-24
5.8937526141848386e-24
5.89447885867443e-24
5.895250846286541e-24
5.896070363789573e-24
5.896939313474624e-24
5.897859718561595e-24
5.898833728995262e-24
5.8998636276556905e-24
5.90095183700979e-24
5.902100926232766e-24
5.9033136188307035e-24
5.904592800798125e-24
5.90594152934701e-24
5.907363042246879e-24
5.9088607678187395e-24
5.910438335629132e-24
5.912099587934394e-24
5.9138485919292564e-24
5.915689652858334e-24
5.9176273280538724e-24
5.9196664419681425e-24
5.9218121022746414e-24
5.92406971711811e-24
5.926445013599893e-24
5.92894405759228e-24
5.931573274982886e-24
5.93433947445844e-24
5.93724987194607e-24
5.940312116839558e-24
5.9435343201485664e-24
5.94692508471937e-24
5.9504935376878356e-24
5.954249365337852e-24
5.958202850552161e-24
5.9623649130568885e-24
5.966747152677041e-24
5.971361895836626e-24
5.9762222455550086e-24
5.9813421352100096e-24
5.986736386358554e-24
5.9924207709270394e-24
5.998412078106102e-24
6.004728186308818e-24
6.011388140575968e-24
6.018412235839245e-24
6.02582210648007e-24
6.033640822651199e-24
6.0418929938578094e-24
6.050604880325462e-24
6.059804512714096e-24
6.069521820768894e-24
6.0797887715314586e-24
6.0906395177665504e-24
6.102110557291662e-24
6.1142409039270694e-24
6.1270722708132626e-24
6.1406492668695045e-24
6.1550196071910356e-24
6.170234338202551e-24
6.186348078400281e-24
6.203419275524351e-24
6.221510481004557e-24
6.240688642515693e-24
6.261025415461729e-24
6.282597494179076e-24
6.305486963607424e-24
6.3297816721194865e-24
6.355575626127624e-24
6.382969406993768e-24
6.412070610658177e-24
6.4429943102713725e-24
6.475863541960944e-24
6.510809813691631e-24
6.547973636982686e-24
6.587505081032824e-24
6.62956434857331e-24
6.674322372525962e-24
6.721961432291846e-24
6.772675788243909e-24
6.826672332751152e-24
6.884171255833583e-24
6.945406723347907e-24
7.010627565446117e-24
7.080097972949054e-24
7.154098199248798e-24
7.232925265413841e-24
7.316893666334735e-24
7.406336076029602e-24
7.501604050639348e-24
7.603068728190926e-24
7.711121524895753e-24
7.826174828577434e-24
7.948662690778675e-24
8.079041520164471e-24
8.217790780992844e-24
8.365413701631491e-24
8.522437999319891e-24
8.689416628565349e-24
8.866928561665859e-24
9.055579610822253e-24
9.256003302082723e-24
9.468861811904493e-24
9.694846977375744e-24
9.934681391077316e-24
1.0189119591148231e-23
1.045894935633007e-23
1.0744993114588048e-23
1.104810947233612e-23
1.1369194869320089e-23
1.1709185361838617e-23
1.2069058534191729e-23
1.2449835535024961e-23
1.2852583231550208e-23
1.3278416470416705e-23
1.372850042920231e-23
1.420405303698099e-23
1.4706347436061812e-23
1.5236714449593158e-23
1.5796545011064212e-23
1.6387292501528777e-23
1.7010474928297443e-23
1.7667676864500548e-23
1.8360551051868372e-23
1.909081954878457e-23
1.9860274281565703e-23
2.0670776828352177e-23
2.1524257231251964e-23
2.2422711592704885e-23
2.3368198165646093e-23
2.436283159318299e-23
2.5408774891460493e-23
2.650822869867006e-23
2.766341723352806e-23
2.887657031829448e-23
3.014990072555558e-23
3.148557600669742e-23
