1.7089096130616484e-23
1.7090833201807828e-23
1.7092489594698868e-23
1.7094068787118706e-23
1.7095574096290327e-23
1.7097008685587913e-23
1.7098375570993083e-23
1.7099677627260436e-23
1.7100917593804556e-23
1.7102098080318473e-23
1.7103221572134042e-23
1.7104290435333834e-23
1.710530692162473e-23
1.710627317298119e-23
1.7107191226067978e-23
1.7108063016449917e-23
1.7108890382597142e-23
1.7109675069693056e-23
1.7110418733252678e-23
1.711112294255811e-23
1.711178918391766e-23
1.7112418863755453e-23
1.711301331153675e-23
1.7113573782535236e-23
1.7114101460447782e-23
1.711459745986111e-23
1.7115062828576443e-23
1.7115498549795014e-23
1.711590554417088e-23
1.7116284671732634e-23
1.7116636733680407e-23
1.7116962474059713e-23
1.711726258131646e-23
1.7117537689736083e-23
1.7117788380769444e-23
1.711801518424824e-23
1.711821857949284e-23
1.7118398996313788e-23
1.7118556815909713e-23
1.711869237166339e-23
1.71188059498369e-23
1.7118897790168376e-23
1.7118968086370364e-23
1.7119016986531288e-23
1.7119044593421087e-23
1.711905096470109e-23
1.7119036113038465e-23
1.711900000612622e-23
1.7118942566607546e-23
1.7118863671905396e-23
1.7118763153956178e-23
1.7118640798846862e-23
1.711849634635586e-23
1.7118329489394634e-23
1.7118139873350835e-23
1.711792709533018e-23
1.7117690703295883e-23
1.711743019510415e-23
1.7117145017432375e-23
1.7116834564599682e-23
1.711649817727514e-23
1.711613514107241e-23
1.7115744685027188e-23
1.711532597995393e-23
1.711487813667892e-23
1.7114400204145197e-23
1.7113891167385783e-23
1.711334994536059e-23
1.711277538865213e-23
1.7112166277015638e-23
1.7111521316777605e-23
1.7110839138077555e-23
1.7110118291947044e-23
1.7109357247219463e-23
1.7108554387263744e-23
1.710770800653529e-23
1.7106816306936607e-23
1.7105877393979183e-23
1.710488927273897e-23
1.7103849843596306e-23
1.7102756897750944e-23
1.7101608112502695e-23
1.7100401046286965e-23
1.7099133133454978e-23
1.7097801678786208e-23
1.7096403851722358e-23
1.7094936680309062e-23
1.709339704483259e-23
1.7091781671137584e-23
1.7090087123610524e-23
1.7088309797814105e-23
1.7086445912756307e-23
1.7084491502775832e-23
1.7082442409027398e-23
1.7080294270547455e-23
1.70780425148793e-23
1.7075682348238593e-23
1.7073208745195945e-23
1.7070616437852838e-23
1.706789990448972e-23
1.7065053357654572e-23
1.7062070731672786e-23
1.7058945669543357e-23
1.7055671509194356e-23
1.7052241269068004e-23
1.7048647632997173e-23
1.7044882934346118e-23
1.704093913936896e-23
1.703680782975989e-23
1.7032480184338165e-23
1.702794695984804e-23
1.7023198470798095e-23
1.7018224568326348e-23
1.7013014618011218e-23
1.700755747659743e-23
1.7001841467567724e-23
1.699585435550893e-23
1.698958331920084e-23
1.6983014923389437e-23
1.697613508912665e-23
1.696892906266096e-23
1.6961381382756956e-23
1.6953475846379862e-23
1.6945195472673926e-23
1.693652246510587e-23
1.6927438171721147e-23
1.691792304336903e-23
1.6907956589831386e-23
1.68975173337066e-23
1.6886582761931006e-23
1.687512927484385e-23
1.6863132132589968e-23
1.6850565398836404e-23
1.6837401881475977e-23
1.682361307032639e-23
1.680916907153759e-23
1.6794038538590463e-23
1.677818859961905e-23
1.6761584780970748e-23
1.6744190926566658e-23
1.672596911311645e-23
1.6706879560713073e-23
1.6686880538493375e-23
1.6665928265434447e-23
1.66439768054941e-23
1.662097795710457e-23
1.659688113661969e-23
1.657163325516972e-23
1.654517858871782e-23
1.6517458640790652e-23
1.6488411997519273e-23
1.6457974174252416e-23
1.6426077453417135e-23
1.6392650713276448e-23
1.63576192463322e-23
1.6320904567483345e-23
1.6282424210341644e-23
1.6242091512238399e-23
1.6199815385694194e-23
1.6155500076316942e-23
1.6109044906270614e-23
1.6060344002018413e-23
1.6009286005016033e-23
1.5955753765419304e-23
1.5899624015244927e-23
1.5840767023807617e-23
1.577904622881376e-23
1.5714317845942652e-23
1.5646430454592118e-23
1.5575224556572575e-23
1.5500532107500507e-23
1.5422176020156927e-23
1.533996963795021e-23
1.5253716174748765e-23
1.516320812516864e-23
1.5068226638886693e-23
1.4968540862494353e-23
1.486390724961926e-23
1.4754068836954415e-23
1.46387544947056e-23
1.4517678151660247e-23
1.4390538003948086e-23
1.4257015729691247e-23
1.411677569743801e-23
1.396946424085681e-23
1.3814708987515898e-23
1.3652118323678833e-23
1.3481281050112188e-23
1.3301766337702233e-23
1.3113124123510291e-23
1.2914886126160468e-23
1.2706567804902929e-23
1.2487671571376796e-23
1.2257691915197313e-23
1.2016123203035759e-23
1.1762471278734365e-23
1.1496270608922714e-23
1.1217109446276161e-23
1.0924666626801796e-23
1.0618765524436386e-23
1.0299453285750788e-23
