6.481508230643641e-23
6.498950838413771e-23
6.5155770648276e-23
6.531422194357298e-23
6.546519852867354e-23
6.560902079076173e-23
6.574599392635538e-23
6.587640858974773e-23
6.600054151051606e-23
6.611865608133882e-23
6.62310029174659e-23
6.633782038894023e-23
6.643933512678924e-23
6.653576250420929e-23
6.662730709379354e-23
6.671416310177403e-23
6.679651478016902e-23
6.687453681779359e-23
6.694839471083881e-23
6.701824511394652e-23
6.708423617239417e-23
6.714650783621835e-23
6.720519215680853e-23
6.726041356670397e-23
6.731228914318234e-23
6.736092885606334e-23
6.74064358004742e-23
6.744890641480565e-23
6.748843068457755e-23
6.752509233238945e-23
6.755896899456597e-23
6.759013238472633e-23
6.761864844464978e-23
6.764457748278752e-23
6.766797430064053e-23
6.768888830729303e-23
6.770736362235709e-23
6.772343916742481e-23
6.773714874636414e-23
6.774852111445948e-23
6.775758003657573e-23
6.776434433451315e-23
6.776882792349925e-23
6.777103983794988e-23
6.777098424651173e-23
6.776866045636699e-23
6.776406290674006e-23
6.775718115162851e-23
6.77479998315813e-23
6.773649863447156e-23
6.772265224510409e-23
6.770643028344069e-23
6.768779723136547e-23
6.766671234755022e-23
6.764312957038504e-23
6.761699740846543e-23
6.75882588184374e-23
6.755685106973542e-23
6.75227055958408e-23
6.748574783159585e-23
6.74458970360375e-23
6.740306610021627e-23
6.735716133941528e-23
6.730808226906084e-23
6.725572136368426e-23
6.719996379804807e-23
6.714068716970546e-23
6.707776120201502e-23
6.701104742660575e-23
6.694039884426335e-23
6.686565956302436e-23
6.678666441226858e-23
6.670323853137677e-23
6.661519693150019e-23
6.652234402884945e-23
6.642447314772125e-23
6.632136599137959e-23
6.621279207870781e-23
6.609850814444502e-23
6.59782575004713e-23
6.585176935555061e-23
6.571875809062136e-23
6.557892248640124e-23
6.543194489990759e-23
6.527749038605224e-23
6.511520576013479e-23
6.49447185967006e-23
6.476563615970804e-23
6.457754425841622e-23
6.438000602298296e-23
6.417256059292607e-23
6.395472171101024e-23
6.372597621425986e-23
6.348578241289764e-23
6.323356834696211e-23
6.296872990912945e-23
6.269062882101699e-23
6.239859044868934e-23
6.209190144120479e-23
6.176980717430245e-23
6.143150897876058e-23
6.107616113055756e-23
6.070286757672306e-23
6.031067836742209e-23
5.989858576056746e-23
5.946551996071527e-23
5.901034444828374e-23
5.853185084879146e-23
5.802875328423406e-23
5.749968213975664e-23
5.694317716838347e-23
5.635767984402648e-23
5.574152485829451e-23
5.509293063915291e-23
5.440998874816936e-23
5.369065198827331e-23
5.2932721023191144e-23
5.2133829273179214e-23
5.129142580709408e-23
5.0402755896312245e-23
4.9464838829412034e-23
4.847444250486932e-23
4.7428054217541125e-23
4.6321846929556654e-23
4.515164015947562e-23
4.391285442840578e-23
4.260045795574209e-23
4.120890398731864e-23
3.9732056748014626e-23
3.81631035168618e-23
3.649444970049871e-23
3.47175930080986e-23
3.282297189108309e-23
3.07997823364099e-23
2.8635756053550935e-23
2.631689261842233e-23
2.3827139921036444e-23
2.1148026640535163e-23
1.825828564741109e-23
1.513363943813392e-23
1.1747491469722657e-23
8.076588984706582e-24
4.15053006697885e-24
1.642324585560297e-24
5.782823308987776e-24
1.1212134084908324e-23
1.738768155664334e-23
2.4414359235328717e-23
3.248325903575571e-23
4.1867916328102695e-23
5.295953496423146e-23
6.633388154561334e-23
8.287363783856068e-23
1.0400459515560432e-22
1.3219022143109344e-22
1.7208600875165686e-22
2.336674786908027e-22
3.427861616195062e-22
5.923114192762847e-22
1.6357014009197939e-21
1.4316568497501605e-21
5.903929966537961e-22
3.6729828277542536e-22
2.65169192722609e-22
2.0570526170178116e-22
1.660134712824373e-22
1.370195698456338e-22
1.144144243527607e-22
9.588868104039724e-23
8.009183590674245e-23
6.617999454398175e-23
5.359777288175882e-23
4.196486619928159e-23
3.101515741354629e-23
2.0571073565210485e-23
1.0599618785908778e-23
3.251335221033895e-24
1.0416030381079387e-23
2.0098434089655254e-23
3.000645463597476e-23
4.0074053647139924e-23
5.0326414015979986e-23
6.080067272170238e-23
7.153503260411241e-23
8.256667179778052e-23
9.393148676376689e-23
1.0566429255659023e-22
1.1779912784166297e-22
1.30369562914234e-22
1.4340898220288759e-22
1.5695083580232502e-22
1.7102886227229885e-22
1.8567728712131201e-22
2.0093100098727232e-22
2.168257224707773e-22
2.333981480514633e-22
2.5068609302860944e-22
2.6872862517644834e-22
2.875661936513117e-22
3.0724075488539673e-22
3.2779589622688552e-22
