8.806114503593921e-24
8.806044003567028e-24
8.805975212529813e-24
8.805907768273691e-24
8.805841330481755e-24
8.80577557833183e-24
8.805710208288342e-24
8.805644932065172e-24
8.805579474743617e-24
8.80551357303034e-24
8.805446973642232e-24
8.805379431805155e-24
8.80531070985592e-24
8.805240575936453e-24
8.80516880277095e-24
8.805095166517126e-24
8.805019445683296e-24
8.80494142010414e-24
8.804860869967953e-24
8.804777574889254e-24
8.804691313020714e-24
8.804601860199085e-24
8.804508989119953e-24
8.804412468536559e-24
8.804312062478556e-24
8.804207529486083e-24
8.804098621855881e-24
8.803985084895201e-24
8.80386665618053e-24
8.803743064817555e-24
8.803614030699324e-24
8.803479263759757e-24
8.803338463219331e-24
8.803191316820402e-24
8.803037500049426e-24
8.802876675343342e-24
8.802708491277613e-24
8.802532581733509e-24
8.802348565041724e-24
8.802156043100494e-24
8.801954600464962e-24
8.801743803405946e-24
8.801523198935218e-24
8.801292313794936e-24
8.801050653408527e-24
8.800797700790598e-24
8.800532915413065e-24
8.800255732024793e-24
8.799965559422009e-24
8.799661779166627e-24
8.799343744249508e-24
8.79901077769544e-24
8.798662171107183e-24
8.798297183144585e-24
8.79791503793613e-24
8.797514923418878e-24
8.797095989603378e-24
8.796657346759861e-24
8.796198063521449e-24
8.795717164900637e-24
8.795213630214595e-24
8.794686390914766e-24
8.794134328316278e-24
8.793556271222222e-24
8.7929509934378e-24
8.792317211168816e-24
8.791653580299492e-24
8.790958693543246e-24
8.79023107746088e-24
8.789469189339561e-24
8.788671413926296e-24
8.787836060008719e-24
8.786961356836238e-24
8.78604545037399e-24
8.785086399381521e-24
8.784082171308393e-24
8.783030637997635e-24
8.781929571188513e-24
8.780776637808877e-24
8.779569395047475e-24
8.778305285195866e-24
8.776981630249277e-24
8.775595626255076e-24
8.774144337397247e-24
8.77262468980447e-24
8.771033465069208e-24
8.769367293464005e-24
8.767622646841575e-24
8.765795831203386e-24
8.763882978922007e-24
8.761880040600869e-24
8.759782776554988e-24
8.757586747894976e-24
8.755287307196342e-24
8.752879588735021e-24
8.75035849826903e-24
8.747718702345864e-24
8.744954617113807e-24
8.742060396614497e-24
8.739029920533294e-24
8.735856781382834e-24
8.732534271094172e-24
8.729055366988496e-24
8.725412717101983e-24
8.721598624834397e-24
8.717605032891228e-24
8.713423506487998e-24
8.70904521578376e-24
8.704460917509691e-24
8.699660935757346e-24
8.694635141889488e-24
8.689372933535242e-24
8.683863212629725e-24
8.678094362456693e-24
8.672054223651431e-24
8.66573006911928e-24
8.659108577823932e-24
8.65217580739769e-24
8.644917165524596e-24
8.637317380045485e-24
8.629360467732614e-24
8.62102970167993e-24
8.612307577253434e-24
8.603175776544677e-24
8.593615131269254e-24
8.583605584050446e-24
8.57312614802754e-24
8.562154864726961e-24
8.550668760133863e-24
8.538643798900965e-24
8.526054836631783e-24
8.512875570174762e-24
8.499078485866184e-24
8.484634805660159e-24
8.469514431086235e-24
8.453685884977356e-24
8.4371162509143e-24
8.419771110337115e-24
8.401614477279791e-24
8.382608730691183e-24
8.362714544314409e-24
8.341890814107303e-24
8.32009458320003e-24
8.297280964401919e-24
8.273403060288764e-24
8.248411880925467e-24
8.222256259306665e-24
8.194882764631718e-24
8.166235613570352e-24
8.136256579723512e-24
8.104884901541023e-24
8.072057189026235e-24
8.037707329639333e-24
8.001766393908831e-24
7.964162541376834e-24
7.924820927644037e-24
7.88366361344673e-24
7.840609476899005e-24
7.795574130274316e-24
7.74846984299055e-24
7.699205472812447e-24
7.647686407708529e-24
7.593814521312455e-24
7.537488145561546e-24
7.478602064844887e-24
7.417047536921573e-24
7.352712347007849e-24
7.28548090283229e-24
7.215234380187204e-24
7.141850930647637e-24
7.06520596579392e-24
6.985172535604182e-24
6.90162182285755e-24
6.814423780647875e-24
6.723447946760173e-24
6.628564477113507e-24
6.529645451262709e-24
6.426566516781486e-24
6.319208957160903e-24
6.2074622908940864e-24
6.091227539334113e-24
5.9704213399075625e-24
5.844981132254337e-24
5.71487171168138e-24
5.580093531963255e-24
5.440693254378484e-24
5.296777189820382e-24
5.148528475021708e-24
4.99622907175277e-24
4.8402879860033296e-24
4.681277470032306e-24
4.519979367803299e-24
4.357444116519773e-24
4.1950650433344965e-24
4.034670123706279e-24
3.87863159469397e-24
3.729989556563939e-24
3.592577242035497e-24
3.471121244817001e-24
3.371269737716378e-24
3.2994814703011615e-24
