1.334295504147452e-10
1.3057705453220017e-10
1.2811804965202245e-10
1.2478245592548176e-10
1.2161399455109244e-10
1.1920471853685294e-10
1.163467713817667e-10
1.1345682018965683e-10
1.1099982202714595e-10
1.0826009342541391e-10
1.061371851032236e-10
1.0372266510237545e-10
1.0141624068589805e-10
9.891610986911582e-11
9.667158645489496e-11
9.453052493617617e-11
9.232119223837228e-11
9.003054490088413e-11
8.812592176241988e-11
8.597346502688893e-11
8.409684794563489e-11
8.216255777701098e-11
8.037634532852012e-11
7.83483472030725e-11
7.679219745192296e-11
7.500191793485311e-11
7.324351544629252e-11
7.139496887844011e-11
6.982660271448977e-11
6.831410607761429e-11
6.673610198033085e-11
6.525721540152704e-11
6.366976355968106e-11
6.211859726481726e-11
6.077640168299762e-11
5.939926710520415e-11
5.7945415836468384e-11
5.667463657115273e-11
5.5317358960555514e-11
5.406755673875341e-11
5.288229040088157e-11
5.1587347470758755e-11
5.042247669629715e-11
4.923737831794002e-11
4.810550259540363e-11
4.693426760860586e-11
4.592029109606804e-11
4.4868386112596414e-11
4.3822616283048205e-11
4.274918529268044e-11
4.181479742921948e-11
4.077998513361803e-11
3.9879095750283676e-11
3.891841479770042e-11
3.80310953099427e-11
3.7055721905987115e-11
3.6224444796809925e-11
3.5423495011857886e-11
3.455565956109386e-11
3.372600802322895e-11
3.2956615378828926e-11
3.217335717930818e-11
3.1408716569298494e-11
3.065405717858175e-11
2.9931393079981925e-11
2.924744651543482e-11
2.853463064527264e-11
2.7834219143298564e-11
2.7180035520596724e-11
2.6539417841727274e-11
2.5885405062737104e-11
2.52767523060207e-11
2.4638299697429545e-11
2.4065667293343956e-11
2.346853851613265e-11
2.28863806879692e-11
2.2353533263422144e-11
2.1792360057895074e-11
2.1256061829361197e-11
2.074572336426576e-11
2.0226819954632982e-11
1.9714711025390197e-11
1.9223947718440328e-11
1.874326197927047e-11
1.827195572025248e-11
1.7822686985283607e-11
1.7356812864135666e-11
1.6922384084545847e-11
1.6487830685533927e-11
1.605648886916318e-11
1.5641113125760627e-11
1.524338150022424e-11
1.485035312720039e-11
1.4458688712239444e-11
1.4076042787125756e-11
1.3711458931559799e-11
1.3341527212101212e-11
1.2986237699452624e-11
1.2640609813557139e-11
1.229507468246378e-11
1.1958365728737356e-11
1.1632815849424211e-11
1.131401077612239e-11
1.1000194596921163e-11
1.0692279079781242e-11
1.0388791062555459e-11
1.0095976686521092e-11
9.806764843555224e-12
9.525196438008068e-12
9.248437178542765e-12
8.977249271233015e-12
8.71553466336761e-12
8.456210852815018e-12
8.206829319689931e-12
7.957558648917352e-12
7.716642874924518e-12
7.480140956710912e-12
7.249240946735639e-12
7.02116591458717e-12
6.802978599900575e-12
6.5888592914969176e-12
6.378751296231324e-12
6.172684542848624e-12
5.970030135155531e-12
5.776357266867307e-12
5.585143954348547e-12
5.397665441858156e-12
5.216215190653544e-12
5.03857709653677e-12
4.865953551991243e-12
4.697988174095188e-12
4.534183568687742e-12
4.374338661672061e-12
4.2188000406460645e-12
4.067559524764104e-12
3.920331858384711e-12
3.77754043811384e-12
3.639285241526465e-12
3.503928661029893e-12
3.3728071253514605e-12
3.245163144387962e-12
3.1209218901300703e-12
3.00131076252506e-12
2.884262039517286e-12
2.7713513324120555e-12
2.662303938590079e-12
2.5558171537486968e-12
2.4534444896437935e-12
2.3533002135469023e-12
2.25771915555489e-12
2.1640090367760873e-12
2.0744071367498544e-12
1.9871543861643866e-12
1.902845543714002e-12
1.821779192209438e-12
1.7434816952456667e-12
1.6675507106751635e-12
1.5946229819453475e-12
1.5239394064655368e-12
1.4558399684347811e-12
1.3903659668844025e-12
1.327197408793077e-12
1.2664406815122944e-12
1.2077728160203238e-12
1.1512904155836827e-12
1.0969983929342502e-12
1.0447383330516712e-12
9.944803615381352e-13
9.461417829739178e-13
8.996542611436668e-13
8.550669175822356e-13
8.121924091768576e-13
7.709797123738202e-13
7.314640566514968e-13
6.935356589281137e-13
6.571046721792788e-13
6.22126789828627e-13
5.886784872846972e-13
5.565335391586351e-13
5.257411442033745e-13
4.962483123196102e-13
4.679925600308422e-13
4.409385963191848e-13
4.1503907605721577e-13
3.902569412528355e-13
3.665475791166186e-13
3.4388553641875903e-13
3.222109347916675e-13
3.0150234023052286e-13
2.817190878807225e-13
2.628365642257131e-13
2.448129539509656e-13
2.2763773842233217e-13
2.112475912369541e-13
1.9564221370444205e-13
1.8078850536851943e-13
1.6665391428656097e-13
1.5321984508475882e-13
1.4045374805159062e-13
1.2834622200318333e-13
1.168690934783951e-13
