2.626965348104145e-22
2.627929528736417e-22
2.6288351827697836e-22
2.6296842322394876e-22
2.6304784789771017e-22
2.6312196084399527e-22
2.631909193292641e-22
2.6325486967481946e-22
2.633139475676077e-22
2.633682783483648e-22
2.634179772777289e-22
2.6346314978086855e-22
2.635038916711631e-22
2.6354028935341077e-22
2.6357242000697787e-22
2.63600351749298e-22
2.6362414378004865e-22
2.636438465063223e-22
2.636595016490413e-22
2.6367114233085265e-22
2.636787931456654e-22
2.636824702099948e-22
2.6368218119619086e-22
2.636779253476287e-22
2.6366969347589193e-22
2.636574679398987e-22
2.6364122260696476e-22
2.6362092279564853e-22
2.635965252003061e-22
2.6356797779711965e-22
2.635352197314334e-22
2.6349818118609825e-22
2.634567832305488e-22
2.634109376502547e-22
2.633605467561771e-22
2.633055031737608e-22
2.632456896110284e-22
2.6318097860520244e-22
2.631112322473247e-22
2.6303630188420333e-22
2.629560277970321e-22
2.6287023885595585e-22
2.6277875214976446e-22
2.6268137258988386e-22
2.6257789248776933e-22
2.624680911047009e-22
2.6235173417295307e-22
2.6222857338725124e-22
2.62098345865306e-22
2.6196077357619076e-22
2.618155627352287e-22
2.616624031639572e-22
2.6150096761369923e-22
2.61330911051102e-22
2.611518699040012e-22
2.6096346126578163e-22
2.607652820563531e-22
2.605569081377324e-22
2.603378933820769e-22
2.6010776868996675e-22
2.5986604095647302e-22
2.596121919825445e-22
2.593456773290077e-22
2.5906592511033217e-22
2.5877233472519112e-22
2.5846427552058505e-22
2.5814108538620313e-22
2.578020692754216e-22
2.574464976491457e-22
2.5707360483851195e-22
2.566825873221425e-22
2.5627260191348184e-22
2.558427638533839e-22
2.5539214480287496e-22
2.5491977073068115e-22
2.544246196897743e-22
2.5390561947683664e-22
2.5336164516812453e-22
2.5279151652485837e-22
2.5219399526074456e-22
2.5156778216381294e-22
2.5091151406421755e-22
2.50223760639081e-22
2.4950302104490006e-22
2.4874772036734777e-22
2.479562058776473e-22
2.4712674308392123e-22
2.4625751156513974e-22
2.453466005743638e-22
2.443920043971124e-22
2.433916174495857e-22
2.423432291004043e-22
2.4124451819831803e-22
2.400930472870138e-22
2.388862564867483e-22
2.3762145702096517e-22
2.3629582436438954e-22
2.349063909872456e-22
2.3345003866822734e-22
2.3192349034669628e-22
2.3032330148213053e-22
2.286458508862978e-22
2.268873309906793e-22
2.250437375085791e-22
2.2311085844786305e-22
2.2108426242647533e-22
2.189592862386969e-22
2.167310216155089e-22
2.14394301117313e-22
2.119436830916834e-22
2.093734356225836e-22
2.0667751939063314e-22
2.0384956935639015e-22
2.008828751701695e-22
1.9777036020253097e-22
1.9450455907914012e-22
1.9107759359208656e-22
1.874811468467589e-22
1.8370643548894007e-22
1.797441798405677e-22
1.7558457175451476e-22
1.712172399784179e-22
1.666312127948111e-22
1.6181487767919742e-22
1.5675593768890043e-22
1.5144136426311837e-22
1.458573460781537e-22
1.3998923356070264e-22
1.3382147861604408e-22
1.273375690764696e-22
1.2051995731823771e-22
1.1334998243341978e-22
1.0580778527836516e-22
9.787221565972612e-23
8.952073087855222e-23
8.072928487735189e-23
7.14722074487377e-23
6.172207375406331e-23
5.144956714050436e-23
4.062334884791672e-23
2.921000039066559e-23
1.7174508796741613e-23
4.4928486583919224e-24
8.951966483976132e-24
2.3099028827034343e-23
3.805028112939194e-23
5.38532597743865e-23
7.056403689516569e-23
8.824391993975432e-23
1.0695958491769451e-22
1.2678356853388833e-22
1.4779489433964424e-22
1.7007980519275074e-22
1.9373260719627097e-22
2.1885664024272606e-22
2.4556539600147975e-22
2.739838094422329e-22
3.042497559190134e-22
3.365157930159073e-22
3.7095119526303867e-22
4.0774434102207194e-22
4.471055250192393e-22
4.89270288099402e-22
5.345033790356297e-22
5.831034933515715e-22
6.35408973426125e-22
6.918047058769769e-22
7.527305208776474e-22
8.186914900414389e-22
8.902706439529674e-22
9.681448005982194e-22
1.0531044312980317e-21
1.14607882026392e-21
1.2481682413722073e-21
1.3606855485092496e-21
1.485210559166605e-21
1.623662072778446e-21
1.778394579077062e-21
1.9523301333455244e-21
2.149141284305949e-21
2.373509707372052e-21
2.631499809293433e-21
2.931111708174758e-21
3.2831228099807756e-21
3.702410446564949e-21
4.21011017254613e-21
4.837298177410057e-21
5.631620894142251e-21
6.6700470198482655e-21
8.08553729802137e-21
1.0129289966421655e-20
1.3339730783192051e-20
1.911708721524537e-20
3.259289891480828e-20
9.926344154948487e-20
9.899654912951548e-20
3.4403346307983743e-20
2.1098329464064403e-20
1.5364240358721584e-20
1.2167102481376454e-20
1.0125196057174604e-20
