9.531327826994293e-25
1.050098517433911e-24
1.1498779694735273e-24
1.2508110645422737e-24
1.3518832762912307e-24
1.4524899394948164e-24
1.5522882334082328e-24
1.6511043425592896e-24
1.7488746129380735e-24
1.8456076894744522e-24
1.9413597583304647e-24
2.0362181086807336e-24
2.130290070234507e-24
2.2236954860192566e-24
2.3165615492552977e-24
2.409019245698943e-24
2.50120090150363e-24
2.593238501725234e-24
2.685262551691826e-24
2.7774013240905137e-24
2.8697803819521366e-24
2.962522299948555e-24
3.0557465284392862e-24
3.149569360349406e-24
3.244103971713045e-24
3.339460514630767e-24
3.435746246976304e-24
3.5330656872182745e-24
3.631520785854466e-24
3.731211107006307e-24
3.832234015545689e-24
3.934684866204473e-24
4.03865719220177e-24
4.144242891438413e-24
4.251532409059495e-24
4.360614915392951e-24
4.471578478693165e-24
4.5845102323570014e-24
4.699496536331674e-24
4.8166231327483254e-24
4.935975295771071e-24
5.057637975805151e-24
5.181695938170776e-24
5.308233896590418e-24
5.437336641544218e-24
5.569089163902353e-24
5.703576774010162e-24
5.840885216532383e-24
5.981100781329171e-24
6.124310410577758e-24
6.270601802534117e-24
6.420063512021769e-24
6.5727850480474374e-24
6.728856968683704e-24
6.888370973550969e-24
7.051419994015296e-24
7.218098281402243e-24
7.388501493386407e-24
7.562726778819663e-24
7.740872861081463e-24
7.923040120211193e-24
8.109330674028198e-24
8.299848458255612e-24
8.494699306021505e-24
8.693991026634306e-24
8.897833484053226e-24
9.106338674927842e-24
9.31962080656215e-24
9.53779637470274e-24
9.760984241541609e-24
9.98930571376902e-24
1.0222884621020958e-23
1.0461847394634528e-23
1.0706323147027552e-23
1.0956443751534927e-23
1.1212343923078983e-23
1.1474161299502865e-23
1.1742036523921542e-23
1.201611332791656e-23
1.2296538615887401e-23
1.2583462550387668e-23
1.2877038638927376e-23
1.3177423821781591e-23
1.3484778561380065e-23
1.37992669330463e-23
1.4121056717308492e-23
1.4450319493795138e-23
1.4787230736757783e-23
1.5131969912393112e-23
1.548472057801101e-23
1.5845670482912072e-23
1.6215011671534772e-23
1.6592940588220492e-23
1.6979658184549348e-23
1.737537002838952e-23
1.778028641547538e-23
1.8194622483276566e-23
1.8618598327106588e-23
1.9052439118789508e-23
1.9496375227866754e-23
1.995064234534316e-23
2.0415481610082727e-23
2.089113973817084e-23
2.137786915471471e-23
2.1875928128894852e-23
2.2385580911793394e-23
2.290709787740299e-23
2.3440755666562385e-23
2.3986837334378952e-23
2.4545632500669015e-23
2.5117437504045504e-23
2.5702555559152092e-23
2.6301296917749964e-23
2.69139790331544e-23
2.754092672863931e-23
2.81824723694515e-23
2.883895603880374e-23
2.95107257178498e-23
3.019813746978672e-23
3.090155562788915e-23
3.162135298828838e-23
3.235791100663768e-23
3.311161999945936e-23
3.388287935022218e-23
3.4672097719753617e-23
3.547969326178857e-23
3.630609384297733e-23
3.715173726861682e-23
3.801707151252306e-23
3.890255495296076e-23
3.980865661362074e-23
4.0735856409882494e-23
4.168464540105181e-23
4.265552604777987e-23
4.364901247590715e-23
4.466563074561998e-23
4.570591912741472e-23
4.6770428383812994e-23
4.785972205695385e-23
4.8974376764108537e-23
5.011498249822134e-23
5.128214293603285e-23
5.2476475753264467e-23
5.369861294607959e-23
5.494920116043442e-23
5.622890202867513e-23
5.753839251277804e-23
5.88783652564252e-23
6.02495289442604e-23
6.16526086687637e-23
6.308834630551689e-23
6.4557500897283e-23
6.606084904507935e-23
6.759918530926163e-23
6.917332261836234e-23
7.078409268698585e-23
7.243234644305454e-23
7.411895446395799e-23
7.584480742218086e-23
7.76108165391935e-23
7.941791405196573e-23
8.126705368704398e-23
8.315921114277206e-23
8.509538458716217e-23
8.707659515992575e-23
8.910388748961889e-23
9.117833021802957e-23
9.330101653871992e-23
9.547306474057403e-23
9.769561877035923e-23
9.996984880044897e-23
1.0229695180627174e-22
1.0467815216610457e-22
1.071147022564449e-22
1.096078830685259e-22
1.121590048407158e-22
1.1476940768841968e-22
1.174404622592352e-22
1.201735703952852e-22
1.2297016579920887e-22
1.2583171473290823e-22
1.287597167002495e-22
1.3175570516274325e-22
1.3482124826523669e-22
1.3795794955742454e-22
1.411674487431739e-22
1.444514224390302e-22
1.4781158493165684e-22
1.5124968895951894e-22
1.5476752650594364e-22
1.5836692959104478e-22
1.620497710726404e-22
1.658179654827685e-22
1.6967346983189423e-22
1.7361828446646692e-22
1.776544538971987e-22
1.8178406764023237e-22
1.860092611136424e-22
1.9033221642161276e-22
1.9475516333643064e-22
1.9928038001537947e-22
