8.950818382166914e-22
8.952232933107588e-22
8.953576225663962e-22
8.954851110812075e-22
8.956060294273522e-22
8.957206342267982e-22
8.958291686970058e-22
8.959318631676142e-22
8.960289355701579e-22
8.961205919011104e-22
8.962070266597335e-22
8.962884232611767e-22
8.96364954426305e-22
8.964367825485994e-22
8.965040600390767e-22
8.965669296501276e-22
8.96625524778636e-22
8.966799697493242e-22
8.967303800787927e-22
8.96776862720779e-22
8.968195162932138e-22
8.968584312877375e-22
8.96893690261622e-22
8.969253680130255e-22
8.969535317399185e-22
8.969782411823592e-22
8.96999548749482e-22
8.970174996304607e-22
8.970321318904969e-22
8.970434765511761e-22
8.970515576564075e-22
8.970563923231674e-22
8.970579907775569e-22
8.970563563763085e-22
8.970514856135794e-22
8.970433681131574e-22
8.970319866061993e-22
8.970173168939777e-22
8.969993277962433e-22
8.969779810845287e-22
8.969532314002375e-22
8.969250261580778e-22
8.968933054335727e-22
8.968580018351302e-22
8.968190403602858e-22
8.96776338235513e-22
8.967298047395637e-22
8.966793410098013e-22
8.966248398311933e-22
8.965661854073332e-22
8.965032531132758e-22
8.964359092292615e-22
8.963640106553223e-22
8.962874046053196e-22
8.962059282807535e-22
8.961194085226144e-22
8.960276614413449e-22
8.959304920236422e-22
8.958276937152739e-22
8.957190479792535e-22
8.956043238281292e-22
8.954832773294646e-22
8.953556510833419e-22
8.952211736710506e-22
8.950795590733092e-22
8.949305060569002e-22
8.947736975285661e-22
8.946087998545122e-22
8.94435462143877e-22
8.942533154951084e-22
8.940619722027605e-22
8.938610249238604e-22
8.936500458011582e-22
8.934285855417777e-22
8.931961724490578e-22
8.929523114054273e-22
8.92696482803998e-22
8.924281414261949e-22
8.92146715263659e-22
8.91851604280622e-22
8.915421791148088e-22
8.912177797135809e-22
8.908777139020546e-22
8.905212558800424e-22
8.901476446443223e-22
8.897560823324343e-22
8.893457324843731e-22
8.889157182178204e-22
8.884651203126992e-22
8.879929752006477e-22
8.874982728544463e-22
8.86979954572465e-22
8.864369106526035e-22
8.858679779504036e-22
8.852719373151968e-22
8.846475108978581e-22
8.839933593238495e-22
8.833080787245432e-22
8.825901976188103e-22
8.818381736380926e-22
8.810503900854812e-22
8.802251523210601e-22
8.793606839635159e-22
8.784551228985031e-22
8.775065170832263e-22
8.765128201362304e-22
8.754718867005671e-22
8.743814675680716e-22
8.732392045512502e-22
8.720426250890654e-22
8.707891365713226e-22
8.694760203662171e-22
8.681004255336198e-22
8.666593622066778e-22
8.651496946220932e-22
8.635681337789137e-22
8.619112297040706e-22
8.601753633010031e-22
8.583567377573521e-22
8.564513694840214e-22
8.5445507855833e-22
8.523634786399737e-22
8.501719663278742e-22
8.478757099224072e-22
8.454696375560998e-22
8.429484246519604e-22
8.403064806668681e-22
8.37537935072932e-22
8.346366225269738e-22
8.315960671742638e-22
8.284094660283127e-22
8.25069671363623e-22
8.215691720539546e-22
8.179000737823532e-22
8.14054078043782e-22
8.100224598539474e-22
8.0579604407117345e-22
8.013651802297799e-22
7.967197157745379e-22
7.918489675765987e-22
7.867416915996639e-22
7.813860505742641e-22
7.7576957952408525e-22
7.698791489741518e-22
7.637009256548066e-22
7.572203304969004e-22
7.504219936942435e-22
7.4328970658730445e-22
7.358063700968352e-22
7.279539394095503e-22
7.197133645861828e-22
7.110645267288432e-22
7.019861693046732e-22
6.924558241811857e-22
6.824497318775804e-22
6.719427554837358e-22
6.6090828763465215e-22
6.493181498589134e-22
6.371424835399488e-22
6.2434963163902165e-22
6.109060102257645e-22
5.967759687460849e-22
5.819216378237418e-22
5.663027632397046e-22
5.498765245589688e-22
5.325973366746972e-22
5.144166323090837e-22
4.952826232454972e-22
4.751400377605689e-22
4.539298313714576e-22
4.315888676054204e-22
4.0804956502678345e-22
3.8323950621407187e-22
3.5708100376114075e-22
3.29490617685936e-22
3.0037861790288584e-22
2.6964838476533874e-22
2.3719574049359144e-22
2.0290820585032866e-22
1.6666418463896708e-22
1.2833211674228444e-22
8.776986100046947e-23
4.482682767711901e-23
1.5240960134505618e-24
4.897427108256369e-23
1.0016121807669737e-22
1.5452086211648084e-22
2.1229235775054573e-22
2.73743450489933e-22
3.3917066336507498e-22
4.0890272481167852e-22
4.833050110959981e-22
5.627848818092361e-22
6.477980331126659e-22
7.388560777216836e-22
8.365356297622927e-22
9.414892535267598e-22
1.0544587391488285e-21
1.1762913058516504e-21
1.30795951826613e-21
1.450585952492312e-21
