6.1885411167896295e-24
5.6981268022016195e-24
5.215488970001989e-24
4.739626601525903e-24
4.269557429640818e-24
3.804317679210076e-24
3.34296324647963e-24
2.8845738624096594e-24
2.4282641146193164e-24
1.9732123838353993e-24
1.5187453604397426e-24
1.0646449975681486e-24
6.128350864238977e-25
1.9408572210878743e-25
3.5783102133659834e-25
8.114838063118267e-25
1.2823908385361022e-24
1.7622001474079613e-24
2.250367253507994e-24
2.747404190038339e-24
3.254105536271195e-24
3.771374801547277e-24
4.300171021862446e-24
4.841489176591546e-24
5.396352359652184e-24
5.965808677878286e-24
6.550930263422213e-24
7.152813308541897e-24
7.772578622870235e-24
8.41137246629865e-24
9.070367527264536e-24
9.750763973505231e-24
1.0453790531936924e-23
1.1180705570221884e-23
1.1932798161478871e-23
1.2711389118605556e-23
1.351783198765838e-23
1.4353513991395528e-23
1.5219856915099792e-23
1.6118317927343755e-23
1.7050390328648816e-23
1.8017604221151684e-23
1.902152709245364e-23
2.0063764306869897e-23
2.1145959497294734e-23
2.2269794851035126e-23
2.3436991282954775e-23
2.4649308489509764e-23
2.590854487747162e-23
2.721653736135437e-23
2.8575161024145157e-23
2.9986328636197947e-23
3.145199002800313e-23
3.297413131307232e-23
3.4554773958234055e-23
3.619597369938773e-23
3.7899819302141283e-23
3.966843116766707e-23
4.1503959785958327e-23
4.340858403960957e-23
4.538450936333075e-23
4.743396576591157e-23
4.955920572312957e-23
5.1762501952283813e-23
5.404614508049517e-23
5.641244122153573e-23
5.886370947740889e-23
6.140227938317666e-23
6.403048831537154e-23
6.675067888626912e-23
6.956519634777437e-23
7.247638603047174e-23
7.548659084454901e-23
7.859814887049924e-23
8.181339106847578e-23
8.513463913494574e-23
8.85642035367522e-23
9.210438175106078e-23
9.57574567401097e-23
9.952569568814997e-23
1.0341134902658706e-22
1.0741664977199157e-22
1.1154381319828323e-22
1.157950368635225e-22
1.2017250100712322e-22
1.2467836933068676e-22
1.2931479017297766e-22
1.340838980842491e-22
1.3898781580216742e-22
1.440286566283948e-22
1.4920852719869087e-22
1.5452953063778625e-22
1.599937700853767e-22
1.6560335257537996e-22
1.7136039324974398e-22
1.7726701988005467e-22
1.8332537767463448e-22
1.8953763433936824e-22
1.9590598536340952e-22
2.024326594976535e-22
2.0911992439356088e-22
2.1597009236817587e-22
2.229855262639795e-22
2.301686453692177e-22
2.375219313679819e-22
2.450479342897037e-22
2.5274927842970725e-22
2.6062866821234394e-22
2.686888939756104e-22
2.7693283765180354e-22
2.8536347832770286e-22
2.939838976663975e-22
3.027972851770331e-22
3.118069433226562e-22
3.2101629245606956e-22
3.3042887558145245e-22
3.4004836293498102e-22
3.4987855638811366e-22
3.5992339367044913e-22
3.701869524245146e-22
3.8067345408668383e-22
3.9138726761330736e-22
4.0233291305396785e-22
4.135150649828169e-22
4.249385558051661e-22
4.366083789419616e-22
4.485296919137161e-22
4.607078193316671e-22
4.73148255812833e-22
4.858566688310668e-22
4.988389015161882e-22
5.1210097541978225e-22
5.256490932557349e-22
5.394896416303299e-22
5.536291937739762e-22
5.680745122885002e-22
5.828325519198036e-22
5.979104623645799e-22
6.133155911237069e-22
6.290554864162077e-22
6.451379001520898e-22
6.615707909835383e-22
6.783623274340068e-22
6.955208911165886e-22
7.130550800481652e-22
7.309737120620032e-22
7.492858283299946e-22
7.6800069699002385e-22
7.871278168948758e-22
8.066769214752465e-22
8.266579827274516e-22
8.470812153256163e-22
8.679570808614447e-22
8.892962922163648e-22
9.111098180607349e-22
9.334088874929427e-22
9.562049948030763e-22
9.79509904383361e-22
1.0033356557663764e-21
1.0276945688012988e-21
1.0525992489655732e-21
1.0780625928142902e-21
1.1040977935598572e-21
1.1307183467950585e-21
1.1579380563332724e-21
1.1857710401974554e-21
1.2142317367261562e-21
1.2433349108142529e-21
1.2730956602739083e-21
1.3035294223236632e-21
1.3346519801875862e-21
1.3664794698194824e-21
1.3990283867338514e-21
1.4323155929432789e-21
1.466358323995664e-21
1.5011741961181645e-21
1.5367812134341175e-21
1.5731977752730367e-21
1.610442683555725e-21
1.648535150236245e-21
1.6874948048126703e-21
1.7273417018661013e-21
1.7680963286454e-21
1.80977961266979e-21
1.8524129293205803e-21
1.8960181094467837e-21
1.9406174469086995e-21
1.9862337060952543e-21
2.0328901293493343e-21
2.080610444301445e-21
2.1294188710711783e-21
2.179340129306242e-21
2.23039944503132e-21
2.282622557251265e-21
2.336035724287635e-21
2.390665729776731e-21
2.446539888281092e-21
2.5036860504718347e-21
2.562132607772072e-21
2.6219084964258644e-21
2.683043200882297e-21
