2.42829153510396e-24
2.3190613519259192e-24
2.214901987426418e-24
2.1155932532149857e-24
2.020925306686922e-24
1.9306982028964642e-24
1.8447214662560653e-24
1.7628136808683893e-24
1.684802098291645e-24
1.6105222615281965e-24
1.5398176440081355e-24
1.4725393023146795e-24
1.4085455413705123e-24
1.3477015907716572e-24
1.2898792909243446e-24
1.2349567876122989e-24
1.1828182336015362e-24
1.1333534958850067e-24
1.0864578671845035e-24
1.0420317803767301e-24
9.999805245949737e-25
9.60213961900807e-25
9.226462436206875e-25
8.871955257209624e-25
8.537836829529519e-25
8.223360219471594e-25
7.927809939700553e-25
7.6504990866747895e-25
7.390766507912539e-25
7.147974026035616e-25
6.921503753398541e-25
6.710755537262008e-25
6.515144580298314e-25
6.334099284053726e-25
6.167059363182076e-25
6.013474275314918e-25
5.872802005045151e-25
5.744508230682016e-25
5.6280658895395755e-25
5.522955142312787e-25
5.428663720592474e-25
5.344687625062149e-25
5.270532126775781e-25
5.20571301136676e-25
5.149757997140486e-25
5.1022082533632695e-25
5.062619944929159e-25
5.030565733676787e-25
5.00563617436985e-25
4.987440953809917e-25
4.975609933711709e-25
4.969793970755791e-25
4.969665499733674e-25
4.974918877079556e-25
4.985270491882472e-25
5.000458659292028e-25
5.020243317033656e-25
5.044405549554149e-25
5.072746966366788e-25
5.105088961678051e-25
5.141271881702137e-25
5.181154124487974e-25
5.224611194891686e-25
5.271534734769275e-25
5.321831545742791e-25
5.375422619172742e-25
5.43224218535092e-25
5.492236791512268e-25
5.555364416072469e-25
5.62159362457321e-25
5.69090277115837e-25
5.763279247992469e-25
5.838718783866935e-25
5.917224792290016e-25
5.998807768592614e-25
6.083484734989837e-25
6.171278732090083e-25
6.262218355006751e-25
6.356337332002778e-25
6.453674143442473e-25
6.554271678747192e-25
6.658176929012543e-25
6.765440712961814e-25
6.876117433947462e-25
6.9902648657780175e-25
7.107943965232107e-25
7.229218709217684e-25
7.354155954634495e-25
7.482825319110848e-25
7.615299080895345e-25
7.751652096294547e-25
7.891961733162337e-25
8.036307819049869e-25
8.184772602734504e-25
8.33744072794593e-25
8.494399218203124e-25
8.655737471772036e-25
8.821547265838245e-25
8.991922769071976e-25
9.166960561844113e-25
9.346759663420862e-25
9.531421565535038e-25
9.72105027179642e-25
9.915752342461534e-25
1.0115636944139588e-24
1.0320815904061434e-24
1.0531403768586544e-24
1.0747517865665811e-24
1.0969278371018467e-24
1.1196808377820235e-24
1.143023396973018e-24
1.1669684297118164e-24
1.1915291656384927e-24
1.2167191572287986e-24
1.2425522883218069e-24
1.2690427829387791e-24
1.2962052143918861e-24
1.324054514683176e-24
1.3526059841960562e-24
1.3818753016833638e-24
1.4118785345573987e-24
1.4426321494891979e-24
1.4741530233254819e-24
1.5064584543331962e-24
1.5395661737829622e-24
1.5734943578838966e-24
1.6082616400836462e-24
1.6438871237489498e-24
1.6803903952428947e-24
1.717791537416563e-24
1.756111143534286e-24
1.795370331652316e-24
1.8355907594734247e-24
1.876794639699481e-24
1.9190047559074614e-24
1.9622444789746222e-24
2.0065377840804056e-24
2.0519092683150012e-24
2.0983841689251477e-24
2.145988382230802e-24
2.1947484832473297e-24
2.2446917460509804e-24
2.2958461649263246e-24
2.348240476338329e-24
2.401904181772814e-24
2.4568675714927552e-24
2.5131617492603413e-24
2.5708186580776727e-24
2.6298711070025773e-24
2.690352799099215e-24
2.7522983605870476e-24
2.8157433712555715e-24
2.8807243962165644e-24
2.9472790190698032e-24
3.0154458765634818e-24
3.085264694834996e-24
3.1567763273241263e-24
3.2300227944553154e-24
3.305047325192885e-24
3.381894400579231e-24
3.4606097993727614e-24
3.541240645910264e-24
3.6238354603267365e-24
3.7084442112724946e-24
3.7951183712783504e-24
3.883910974928446e-24
3.9748766800103584e-24
4.068071831822782e-24
4.1635545308338935e-24
4.261384703894005e-24
4.361624179221266e-24
4.464336765390575e-24
4.569588334573673e-24
4.677446910291299e-24
4.7879827599567245e-24
4.901268492507541e-24
5.017379161440823e-24
5.136392373587356e-24
5.258388403981744e-24
5.383450317208263e-24
5.5116640956252315e-24
5.643118774897744e-24
5.777906587294188e-24
5.9161231132319994e-24
6.0578674415875186e-24
6.2032423393178976e-24
6.3523544309775774e-24
6.5053143887474565e-24
6.662237133635224e-24
6.82324204854485e-24
6.988453203958862e-24
7.157999597022601e-24
7.332015404869658e-24
7.510640253081826e-24
7.694019500231207e-24
7.882304539516497e-24
8.075653118565271e-24
8.274229678549552e-24
8.47820571383162e-24
8.687760153441203e-24
8.903079765771131e-24
