7.429595582293395e-24
7.447223139478696e-24
7.45507248949903e-24
7.453160712381834e-24
7.44148428700718e-24
7.420019088853648e-24
7.388720346634287e-24
7.34752255792724e-24
7.296339363946488e-24
7.235063383665272e-24
7.163566007601013e-24
7.081697151726278e-24
6.989284972195186e-24
6.88613554191223e-24
6.772032490462419e-24
6.646736609644914e-24
6.5099854279066624e-24
6.361492758534325e-24
6.20094822877991e-24
6.02801680058751e-24
5.842338298927162e-24
5.643526972038855e-24
5.431171121076058e-24
5.204832858059332e-24
4.964048086841525e-24
4.7083268634022375e-24
4.4371544016996596e-24
4.14999319540907e-24
3.8462871230726866e-24
3.525469220782833e-24
3.186976598547563e-24
2.8302802321181006e-24
2.4549485043091647e-24
2.0607964019394274e-24
1.6482876934369184e-24
1.2198647021986657e-24
7.860262468529335e-25
4.123078681494347e-25
4.643506643336945e-25
9.131043567780275e-25
1.4533659585981573e-24
2.0368460354998035e-24
2.655460192802923e-24
3.307653989781797e-24
3.993645816025575e-24
4.714325192224844e-24
5.470908681172699e-24
6.264810284910278e-24
7.097586441194144e-24
7.970911084197545e-24
8.88656426539149e-24
9.846427475736858e-24
1.0852482551419583e-23
1.1906812640392784e-23
1.3011604441333451e-23
1.4169151286981458e-23
1.538185683047255e-23
1.665223919452033e-23
1.7982935500496347e-23
1.9376706727922614e-23
2.0836442875106233e-23
2.2365168404221153e-23
2.3966047962152372e-23
2.564239237363771e-23
2.739766490673892e-23
2.9235487813036003e-23
3.1159649146519184e-23
3.3174109866333885e-23
3.5283011229233236e-23
3.7490682478148446e-23
3.9801648833608394e-23
4.222063979489079e-23
4.475259775784456e-23
4.740268695633488e-23
5.017630273396971e-23
5.307908115270192e-23
5.611690894437267e-23
5.92959338110488e-23
6.262257507917898e-23
6.6103534712426e-23
6.974580868663846e-23
7.355669873035426e-23
7.754382443246474e-23
8.171513571815277e-23
8.607892569280266e-23
9.064384385171538e-23
9.541890965286539e-23
1.0041352644686905e-22
1.0563749575799011e-22
1.1110103190601376e-22
1.1681477695808424e-22
1.2278981599622927e-22
1.290376926836392e-22
1.3557042510875993e-22
1.42400521885638e-22
1.49540998481364e-22
1.570053937408313e-22
1.6480778657365276e-22
1.729628127631496e-22
1.8148568185118663e-22
1.903921940529248e-22
1.9969875714338678e-22
2.094224032526116e-22
2.195808055074948e-22
2.301922944417754e-22
2.4127587409549198e-22
2.5285123771497134e-22
2.6493878295979913e-22
2.77559626512145e-22
2.907356179762743e-22
3.044893529575132e-22
3.1884418517783485e-22
3.338242375128094e-22
3.4945441178527164e-22
3.657603971870855e-22
3.8276867714217824e-22
4.005065344737027e-22
4.190020546666429e-22
4.382841270825372e-22
4.5838244389734e-22
4.7932749660946145e-22
5.011505698782307e-22
5.2388373254217505e-22
5.475598255498835e-22
5.722124466658857e-22
5.978759316971011e-22
6.245853320735378e-22
6.5237638857496305e-22
6.812855009555874e-22
7.113496935237643e-22
7.426065760224311e-22
7.75094300345696e-22
8.08851512263554e-22
8.439172984653463e-22
8.803311288781214e-22
9.18132793760651e-22
9.5736233600685e-22
9.980599783083903e-22
1.0402660456178533e-21
1.0840208823566284e-21
1.1293647651335845e-21
1.1763378105194629e-21
1.2249798786810406e-21
1.275330472446555e-21
1.3274286324905314e-21
1.381312828825869e-21
1.4370208491924277e-21
1.4945896838754804e-21
1.5540554083874616e-21
1.6154530639651311e-21
1.6788165365787176e-21
1.7441784337929033e-21
1.8115699620968474e-21
1.8810208040412273e-21
1.9525589934881246e-21
2.026210795300294e-21
2.1020005829156136e-21
2.1799507179930115e-21
2.260081435570804e-21
2.3424107258769935e-21
2.4269542248292834e-21
2.5137251024140992e-21
2.6027339580834508e-21
2.6939887169032123e-21
2.7874945294601494e-21
2.8832536773326034e-21
2.9812654819110313e-21
3.0815262049824637e-21
3.1840289788999995e-21
3.2887637049668155e-21
3.3957169834938436e-21
3.5048720308793476e-21
3.616208598179577e-21
3.729702902706018e-21
3.845327543246893e-21
3.9630514261454695e-21
4.0828396944753404e-21
4.2046536536982646e-21
4.32845069284327e-21
4.4541841951365395e-21
4.581803484769633e-21
4.7112537211531286e-21
4.8424758352157125e-21
4.975406446942858e-21
5.1099777596881484e-21
5.246117521275519e-21
5.383748885321481e-21
5.52279036185714e-21
5.66315571645141e-21
5.804753906205822e-21
5.947488968954006e-21
6.091259969332718e-21
6.2359608994518426e-21
6.381480649049089e-21
6.527702847110807e-21
6.67450591753365e-21
6.821762958852232e-21
6.969341664990222e-21
7.117104332023144e-21
7.26490784602389e-21
7.412603532739879e-21
