7.846875194784356e-22
7.856671353716424e-22
7.865904000759439e-22
7.874592731044351e-22
7.882755984755646e-22
7.890411086331649e-22
7.897574281290197e-22
7.904260770754239e-22
7.910484743756624e-22
7.916259407387355e-22
7.921597014853144e-22
7.926508891504269e-22
7.931005458887288e-22
7.935096256875556e-22
7.938789963920377e-22
7.942094415471896e-22
7.945016620602741e-22
7.947562776875649e-22
7.949738283481127e-22
7.951547752677792e-22
7.952995019554816e-22
7.954083150142491e-22
7.95481444788204e-22
7.955190458472083e-22
7.955211973102175e-22
7.954879030074417e-22
7.954190914825345e-22
7.953146158335814e-22
7.9517425339387985e-22
7.949977052502154e-22
7.947845955990616e-22
7.945344709380977e-22
7.942467990918127e-22
7.939209680687477e-22
7.935562847482757e-22
7.931519733933082e-22
7.927071739862894e-22
7.922209403843175e-22
7.91692238289731e-22
7.911199430312351e-22
7.905028371508076e-22
7.89839607791372e-22
7.891288438787944e-22
7.8836903309244975e-22
7.875585586174713e-22
7.866956956714365e-22
7.857786077976384e-22
7.848053429169823e-22
7.837738291292738e-22
7.826818702548948e-22
7.815271411065645e-22
7.803071824806267e-22
7.79019395856852e-22
7.77661037794298e-22
7.762292140110307e-22
7.74720873133972e-22
7.731328001048879e-22
7.7146160922717375e-22
7.697037368379331e-22
7.678554335883572e-22
7.659127563145517e-22
7.638715594801533e-22
7.617274861711757e-22
7.594759586215335e-22
7.57112168247939e-22
7.546310651701348e-22
7.520273471922936e-22
7.492954482193901e-22
7.464295260809911e-22
7.43423449733719e-22
7.402707858113628e-22
7.369647844906786e-22
7.33498364638364e-22
7.298640982032102e-22
7.260541938152355e-22
7.220604795514404e-22
7.178743848254939e-22
7.134869213558806e-22
7.088886631656244e-22
7.040697255616363e-22
6.990197430419166e-22
6.937278460720375e-22
6.88182636672716e-22
6.823721627530455e-22
6.76283891123732e-22
6.699046791168824e-22
6.632207447383069e-22
6.56217635270241e-22
6.488801942393671e-22
6.411925266596727e-22
6.331379624522134e-22
6.246990179399088e-22
6.1585735530797825e-22
6.0659373991164525e-22
5.96887995309177e-22
5.867189558866842e-22
5.760644169314263e-22
5.649010820076437e-22
5.53204507466859e-22
5.409490439275385e-22
5.281077745355022e-22
5.146524498063592e-22
5.005534188454631e-22
4.857795567126839e-22
4.70298187691667e-22
4.540750042063584e-22
4.370739811006487e-22
4.1925728498195177e-22
4.0058517831551513e-22
3.810159179454578e-22
3.6050564755058665e-22
3.390082838996072e-22
3.1647539620311253e-22
2.9285607834273903e-22
2.680968134759158e-22
2.421413306852265e-22
2.149304535219166e-22
1.8640194088848345e-22
1.5649032258411436e-22
1.2512673854292333e-22
9.223882121146855e-23
5.775086506474749e-23
2.1587935230058448e-23
1.6381140315453293e-23
5.616184022998609e-23
9.79027070666031e-23
1.4169386253217844e-22
1.8763909746558368e-22
2.358486075736951e-22
2.8643884704613046e-22
3.395328151566132e-22
3.952604401093769e-22
4.537590115106296e-22
5.15173652374037e-22
5.796578301404126e-22
6.473739088867347e-22
7.184937459613933e-22
7.931993370241815e-22
8.716835140651106e-22
9.541507015198038e-22
1.0408177362871472e-21
1.131914758073757e-21
1.2276861772769963e-21
1.3283917287016611e-21
1.4343076199733142e-21
1.5457277850634048e-21
1.6629652545451602e-21
1.786353655401469e-21
1.9162488553736147e-21
2.053030768401283e-21
2.1971053402843646e-21
2.3489067359953473e-21
2.508899753008311e-21
2.6775824900326016e-21
2.855489300991064e-21
3.0431940736467976e-21
3.2413138739949408e-21
3.4505130053947446e-21
3.671507539904766e-21
3.905070387843962e-21
4.152036979712481e-21
4.413311652481883e-21
4.689874843206317e-21
4.9827912130488525e-21
5.293218844591436e-21
5.6224196827346226e-21
5.97177142339337e-21
6.342781087682139e-21
6.737100568097658e-21
7.15654449363409e-21
7.603110826517458e-21
8.079004688261284e-21
8.586666036143045e-21
9.12880191857038e-21
9.708424238900794e-21
1.0328894146845888e-20
1.0993974457745865e-20
1.1707891865975678e-20
1.2475411140707362e-20
1.3301924067428437e-20
1.419355677362089e-20
1.5157299845225928e-20
1.62011673444195e-20
1.7334392296516746e-20
1.8567668859679674e-20
1.9913454802333276e-20
2.1386352508676217e-20
2.3003593424858196e-20
2.4785660110368586e-20
2.6757094101277914e-20
2.8947557478566535e-20
3.139324632579846e-20
3.4138800022795254e-20
3.723992242320165e-20
4.0767044403758694e-20
4.4810545552900146e-20
4.9488366349792454e-20
5.495739932972478e-20
6.1431034497712e-20
6.920713356244474e-20
7.871445465713712e-20
