1.8097562708383538e-23
1.821175901598449e-23
1.8320603726836892e-23
1.8424327781510215e-23
1.852315125211984e-23
1.8617283809345987e-23
1.8706925167378433e-23
1.879226550772308e-23
1.8873485882770455e-23
1.8950758599973866e-23
1.902424758745033e-23
1.9094108741776948e-23
1.9160490258719127e-23
1.9223532947589344e-23
1.9283370529899294e-23
1.934012992294291e-23
1.9393931508901203e-23
1.944488939004648e-23
1.9493111630576366e-23
1.9538700485597162e-23
1.9581752617730214e-23
1.9622359301806296e-23
1.9660606618070327e-23
1.9696575634309742e-23
1.9730342577284148e-23
1.9761978993815914e-23
1.979155190187915e-23
1.981912393199838e-23
1.9844753459255812e-23
1.9868494726172622e-23
1.9890397956723266e-23
1.9910509461710737e-23
1.992887173571866e-23
1.994552354583334e-23
1.996050001231386e-23
1.9973832681364042e-23
1.9985549590149628e-23
1.9995675324178975e-23
2.0004231067152807e-23
2.0011234643367457e-23
2.0016700552738115e-23
2.0020639998497908e-23
2.002306090759665e-23
2.0023967943818895e-23
2.0023362513614333e-23
2.0021242764618706e-23
2.0017603576820757e-23
2.0012436546314714e-23
2.0005729961557508e-23
1.9997468772024304e-23
1.9987634549142463e-23
1.997620543935481e-23
1.9963156109146102e-23
1.99484576818333e-23
1.993207766590953e-23
1.991397987468922e-23
1.9894124336984684e-23
1.9872467198513333e-23
1.9848960613695947e-23
1.9823552627488916e-23
1.9796187046838457e-23
1.976680330132333e-23
1.973533629250672e-23
1.970171623147151e-23
1.9665868463974332e-23
1.9627713282596045e-23
1.9587165725223815e-23
1.9544135359128433e-23
1.9498526049853225e-23
1.945023571405168e-23
1.9399156055343382e-23
1.9345172282183943e-23
1.9288162806643448e-23
1.9227998922912788e-23
1.9164544464240092e-23
1.9097655436898345e-23
1.9027179629656867e-23
1.8952956197098164e-23
1.8874815214979317e-23
1.879257720566685e-23
1.8706052631510073e-23
1.86150413538143e-23
1.8519332054864682e-23
1.8418701620218687e-23
1.831291447821703e-23
1.8201721893386736e-23
1.8084861210076283e-23
1.796205504232421e-23
1.7833010405555643e-23
1.76974177852783e-23
1.7554950137453794e-23
1.7405261814683806e-23
1.7247987411746485e-23
1.708274052334445e-23
1.6909112406170515e-23
1.6726670536556804e-23
1.6534957054023293e-23
1.633348707998917e-23
1.612174689970646e-23
1.589919199416019e-23
1.5665244907154523e-23
1.5419292931136955e-23
1.516068559341e-23
1.4888731922255892e-23
1.460269747013124e-23
1.4301801068432336e-23
1.398521128541001e-23
1.3652042555586938e-23
1.3301350945560944e-23
1.2932129517428414e-23
1.254330324737614e-23
1.2133723453632103e-23
1.1702161685488231e-23
1.1247303024690939e-23
1.0767738754207453e-23
1.0261958361278937e-23
9.728340869535118e-24
9.165145554482413e-24
8.570502220620302e-24
7.942401478697327e-24
7.278686025780208e-24
6.5770452188128986e-24
5.835018394536878e-24
5.050020946153942e-24
4.2194335509956755e-24
3.340892319775454e-24
2.4133858843617274e-24
1.4432675910734596e-24
5.278914848691253e-25
9.013484101843848e-25
2.038652226656552e-24
3.2962975685114547e-24
4.647257768665029e-24
6.0931542536574754e-24
7.640317765475066e-24
9.297043310621561e-24
1.1073084905317624e-23
1.2979627074766712e-23
1.5029418534163026e-23
1.7236994347483078e-23
1.9618971497496736e-23
2.2194422682149564e-23
2.4985343406577402e-23
2.801723587757162e-23
3.1319842742589377e-23
3.492807615194395e-23
3.888320482521371e-23
4.3234386306447483e-23
4.804066721917399e-23
5.337362709876528e-23
5.932092102591179e-23
6.599109897141911e-23
7.352027300082901e-23
8.208151544101438e-23
9.189838874754342e-23
1.0326489370192081e-22
1.1657569272055693e-22
1.3237336168699034e-22
1.5142502050072813e-22
1.7485210802358538e-22
2.043618968435985e-22
2.4268771816700137e-22
2.94495980313178e-22
3.6846042681981685e-22
4.82729551199821e-22
6.826517126808633e-22
1.1213705952628805e-21
2.7958379599023134e-21
4.4149287506898426e-21
1.430339382752744e-21
8.520291769577677e-22
6.124094938484042e-22
4.814296045372448e-22
3.9871286156732404e-22
3.4158275779985864e-22
2.996237341852116e-22
2.673834899523147e-22
2.417314498951112e-22
2.2074150666821664e-22
2.031631210393485e-22
1.881485358281729e-22
1.7510223935981206e-22
1.6359321028795515e-22
1.5330138424366447e-22
1.439837229545277e-22
1.3545199269671417e-22
1.2755779329285936e-22
1.2018221897258466e-22
1.132285601729274e-22
1.0661705059310324e-22
1.0028101974354508e-22
9.416403018735056e-23
8.821771684962834e-23
8.240013501970661e-23
7.667448259039581e-23
7.100810183976929e-23
6.537169360266621e-23
5.973869654298732e-23
5.408479978389662e-23
4.838757169347094e-23
4.262620636012081e-23
