6.929394776437768e-24
6.933883756292325e-24
6.938141124844968e-24
6.942175248210064e-24
6.94599407900611e-24
6.949605167728989e-24
6.953015673782333e-24
6.956232376140909e-24
6.959261683626197e-24
6.962109644774408e-24
6.964781957284843e-24
6.967283977033705e-24
6.969620726645311e-24
6.971796903611232e-24
6.973816887951377e-24
6.975684749411518e-24
6.977404254192847e-24
6.978978871210486e-24
6.980411777877766e-24
6.98170586541405e-24
6.982863743675159e-24
6.983887745503195e-24
6.984779930594749e-24
6.985542088887235e-24
6.986175743458885e-24
6.986682152942842e-24
6.987062313452279e-24
6.987316960013147e-24
6.987446567503407e-24
6.987451351092343e-24
6.987331266178963e-24
6.987086007822598e-24
6.986715009660591e-24
6.986217442308007e-24
6.985592211230903e-24
6.984837954086282e-24
6.983953037520616e-24
6.982935553415661e-24
6.98178331457315e-24
6.980493849824893e-24
6.979064398557553e-24
6.977491904636786e-24
6.975773009716715e-24
6.973904045919196e-24
6.971881027864421e-24
6.969699644035327e-24
6.967355247454871e-24
6.964842845656311e-24
6.962157089921973e-24
6.959292263767281e-24
6.956242270643783e-24
6.953000620833274e-24
6.94956041750395e-24
6.945914341897593e-24
6.942054637613684e-24
6.937973093956778e-24
6.933661028308189e-24
6.929109267484908e-24
6.924308128041006e-24
6.919247395470997e-24
6.913916302265003e-24
6.908303504769019e-24
6.90239705879779e-24
6.896184393943383e-24
6.889652286524465e-24
6.882786831112876e-24
6.875573410572436e-24
6.867996664543743e-24
6.860040456301178e-24
6.851687837905299e-24
6.84292101357234e-24
6.833721301173804e-24
6.824069091776941e-24
6.813943807131297e-24
6.803323855001131e-24
6.79218658223629e-24
6.780508225470779e-24
6.768263859328702e-24
6.75542734201216e-24
6.74197125813687e-24
6.727866858673867e-24
6.713083997847622e-24
6.69759106682743e-24
6.681354924045565e-24
6.664340821957482e-24
6.646512330051837e-24
6.627831253903259e-24
6.608257550047019e-24
6.587749236436365e-24
6.566262298231537e-24
6.543750588644397e-24
6.520165724543514e-24
6.495456976502728e-24
6.469571152947212e-24
6.442452478024229e-24
6.4140424627870875e-24
6.384279769253438e-24
6.3531000668441074e-24
6.320435880671614e-24
6.28621643108412e-24
6.2503674638108075e-24
6.212811069982304e-24
6.173465495209912e-24
6.1322449368138085e-24
6.0890593281705554e-24
6.043814109016099e-24
5.9964099803741914e-24
5.946742642603234e-24
5.8947025147973535e-24
5.840174433543395e-24
5.783037328667027e-24
5.723163873232311e-24
5.66042010455543e-24
5.594665012420003e-24
5.52575008993658e-24
5.4535188416268366e-24
5.377806242189812e-24
5.298438138070493e-24
5.2152305822489706e-24
5.127989090590504e-24
5.036507805477044e-24
4.940568549253412e-24
4.839939745983604e-24
4.7343751852415695e-24
4.623612595747783e-24
4.507371990075056e-24
4.385353734177411e-24
4.257236288881165e-24
4.122673566664688e-24
3.98129185210002e-24
3.8326862608437776e-24
3.6764167871358705e-24
3.512004172566843e-24
3.338926251316142e-24
3.156616386706399e-24
2.9644678126176437e-24
2.7618528449988597e-24
2.5481784419556326e-24
2.3230314641745085e-24
2.086553072313338e-24
1.840430196774566e-24
1.5906558173866463e-24
1.3555848453669445e-24
1.188472924530914e-24
1.217484655875099e-24
1.6335974680807861e-24
2.6966873691102737e-24
5.3950029411325036e-24
1.1538269562263924e-23
5.729237556913579e-24
2.984951882847247e-24
1.8873819565168115e-24
1.4662424259031763e-24
1.492942960942783e-24
1.781220817361748e-24
2.1890037761966303e-24
2.6531650929241602e-24
3.1508924261885425e-24
3.6744102419161996e-24
4.2214726346598915e-24
4.791987220291555e-24
5.386756709810608e-24
6.00698129381723e-24
6.654052945158162e-24
7.329468807951119e-24
8.034795631609508e-24
8.771656886302365e-24
9.541730177935627e-24
1.0346749364294932e-23
1.118850878650136e-23
1.2068868410870187e-23
1.298975932493172e-23
1.395318934883542e-23
1.496124866909566e-23
1.6016115472988804e-23
1.7120061601187223e-23
1.827545823886062e-23
1.9484781686231537e-23
2.0750619229538238e-23
2.2075675152407285e-23
2.3462776919412172e-23
2.4914881539577144e-23
2.6435082161694515e-23
2.802661491059003e-23
2.969286598834938e-23
3.143737904730168e-23
3.326386291447908e-23
3.517619958805799e-23
3.7178452649041963e-23
3.927487600182615e-23
4.146992300764144e-23
4.37682560918376e-23
4.617475673030004e-23
4.8694535926331354e-23
5.133294519406901e-23
5.40955880251913e-23
5.698833192271215e-23
6.00173210423961e-23
6.318898932959889e-23
6.651007435666029e-23
6.998763203572797e-23
