2.663330950573654e-23
2.6648273377462775e-23
2.666247200142897e-23
2.6675935497389585e-23
2.668869242552815e-23
2.6700769847050464e-23
2.671219338159671e-23
2.6722987261592307e-23
2.6733174383659074e-23
2.674277635718711e-23
2.6751813550180664e-23
2.676030513246264e-23
2.676826911634204e-23
2.677572239482202e-23
2.678268077743282e-23
2.6789159023765766e-23
2.679517087477648e-23
2.680072908193027e-23
2.6805845434241867e-23
2.6810530783276283e-23
2.6814795066156305e-23
2.681864732663214e-23
2.682209573424949e-23
2.6825147601665206e-23
2.682780940014236e-23
2.683008677325592e-23
2.683198454884346e-23
2.6833506749220345e-23
2.683465659968667e-23
2.683543653533483e-23
2.683584820618318e-23
2.683589248063891e-23
2.683556944729679e-23
2.6834878415082315e-23
2.683381791173399e-23
2.6832385680625213e-23
2.683057867591588e-23
2.682839305602145e-23
2.682582417539213e-23
2.682286657457384e-23
2.6819513968538e-23
2.6815759233248413e-23
2.681159439044201e-23
2.680701059058142e-23
2.6801998093952177e-23
2.679654624985656e-23
2.679064347385874e-23
2.678427722303595e-23
2.6777433969177566e-23
2.677009916987425e-23
2.6762257237435795e-23
2.675389150556547e-23
2.674498419372463e-23
2.673551636910058e-23
2.672546790610239e-23
2.671481744328972e-23
2.670354233764243e-23
2.6691618616070013e-23
2.6679020924051767e-23
2.6665722471297724e-23
2.665169497430513e-23
2.663690859568537e-23
2.662133188012691e-23
2.660493168684844e-23
2.658767311839506e-23
2.6569519445611224e-23
2.6550432028628695e-23
2.653037023368728e-23
2.650929134559776e-23
2.6487150475653723e-23
2.6463900464773976e-23
2.6439491781663935e-23
2.6413872415750298e-23
2.638698776464829e-23
2.635878051589817e-23
2.632919052269453e-23
2.62981546733145e-23
2.6265606753936945e-23
2.6231477304527657e-23
2.6195693467441437e-23
2.6158178828376784e-23
2.6118853249296978e-23
2.607763269290152e-23
2.603442903821851e-23
2.5989149886851625e-23
2.594169835938988e-23
2.589197288145881e-23
2.5839866958860817e-23
2.5785268941201767e-23
2.572806177338354e-23
2.5668122734281636e-23
2.5605323161882935e-23
2.553952816411619e-23
2.5470596314541463e-23
2.539837933200504e-23
2.5322721743299638e-23
2.52434605277908e-23
2.5160424742890947e-23
2.5073435129152497e-23
2.4982303693670038e-23
2.4886833270332134e-23
2.4786817055357626e-23
2.468203811636981e-23
2.457226887311119e-23
2.445727054768202e-23
2.4336792581969862e-23
2.421057201966196e-23
2.4078332849928377e-23
2.393978530950609e-23
2.3794625139485942e-23
2.3642532792621673e-23
2.3483172586380074e-23
2.3316191796267254e-23
2.3141219683127966e-23
2.2957866447119895e-23
2.2765722099853525e-23
2.2564355244732219e-23
2.2353311753730425e-23
2.2132113326664472e-23
2.190025591628587e-23
2.165720799917024e-23
2.140240866815513e-23
2.1135265516779753e-23
2.0855152279455954e-23
2.0561406182525912e-23
2.0253324950328675e-23
1.9930163396113485e-23
1.959112950896502e-23
1.9235379923313845e-23
1.8862014624902315e-23
1.8470070703187795e-23
1.8058514900620992e-23
1.7626234627633357e-23
1.7172026998944893e-23
1.6694585287788014e-23
1.6192481968268983e-23
1.5664147189090405e-23
1.5107841042037712e-23
1.4521617272402993e-23
1.3903274989284958e-23
1.3250293243091646e-23
1.2559740654265102e-23
1.1828147912577917e-23
1.1051323673049884e-23
1.0224081824127389e-23
9.33982581404496e-24
8.389894830974946e-24
7.362499448917991e-24
6.240927550897509e-24
5.000447662538585e-24
3.603258852179344e-24
1.9977393272208426e-24
6.319018790996634e-25
2.9339126952923483e-24
7.261793254759407e-24
1.7403778953602423e-23
1.2450797145374574e-22
2.4212104824955532e-23
9.741044258679423e-24
4.349102426358167e-24
1.1514882486157817e-24
1.9478201952784705e-24
4.21723343580288e-24
6.399280703470727e-24
8.534475891920266e-24
1.0665417192709664e-23
1.2821317779421705e-23
1.502276552364197e-23
1.7285135270682078e-23
1.9620608611814366e-23
2.2039374832447565e-23
2.4550367934431653e-23
2.716173539037586e-23
2.9881146941270405e-23
3.271600503795064e-23
3.5673593073397585e-23
3.876118327493031e-23
4.1986117869496673e-23
4.535587222089609e-23
4.8878105632717666e-23
5.256070362732719e-23
5.641181430406577e-23
6.043988059006145e-23
6.465366967072936e-23
6.906230053036188e-23
7.367527028773175e-23
7.850247984047535e-23
8.355425921112884e-23
8.884139290153395e-23
9.437514550030813e-23
1.0016728774320166e-22
1.0623012319359336e-22
1.1257651568667818e-22
1.1921991766383176e-22
1.2617439951144162e-22
1.3345468001003518e-22
1.4107615799397564e-22
1.4905494531872192e-22
1.5740790123116434e-22
1.6615266823872727e-22
1.7530770957431371e-22
