1.0498627429930297e-09
9.941374067142302e-10
9.351468361902115e-10
7.404722121286199e-10
1.0495142986714091e-09
3.0563457344077015e-10
1.0495142986705805e-09
1.0348486308193446e-09
1.0496884919156786e-09
3.0673377792989384e-10
1.034681720371231e-09
1.0495142986705803e-09
1.049688491914849e-09
1.03468172037123e-09
9.93398171327286e-10
1.0495142986705799e-09
3.070531224833207e-10
1.034348058618666e-09
1.034348058618666e-09
7.350373921071121e-10
3.069935034120303e-10
1.0345148629793095e-09
1.0341813072644059e-09
3.0694880429951e-10
7.398658357268516e-10
3.0356409203542276e-10
7.346135295801484e-10
3.068892257273575e-10
1.0336813709895921e-09
1.0484703520873066e-09
1.0484703520873077e-09
3.067701379409699e-10
1.0333483447153452e-09
1.0333483447169294e-09
1.0336813709895921e-09
3.051796190691217e-10
1.0333483447169294e-09
1.0326829262596615e-09
1.04777554072042e-09
7.339363581192945e-10
1.0326829262580785e-09
1.0470816496334889e-09
1.0470816496334887e-09
1.0474284802554441e-09
3.063837401313463e-10
1.0320183519347415e-09
1.0316863808268441e-09
1.0463886769993542e-09
1.0463886770010022e-09
1.0306917293610143e-09
1.0313546201625444e-09
3.05998314485468e-10
7.172811356557914e-10
9.901578072027626e-10
1.0306917293610145e-09
3.0538759835179804e-10
3.052698170349061e-10
7.364197908475555e-10
9.892775273827996e-10
3.050345264115777e-10
3.049757603486122e-10
9.88106114067677e-10
1.0429375270107366e-09
3.049360252551424e-10
1.0270607922508651e-09
7.295647790791527e-10
9.86353891316729e-10
1.0257466962153826e-09
3.0299713063176485e-10
1.0395090670269839e-09
1.0250908905542177e-09
1.0388260781537274e-09
1.0237817562337587e-09
1.0367824858661518e-09
9.834465116017615e-10
1.021824224264684e-09
1.0211733527042056e-09
1.0211733527011109e-09
1.034070170666223e-09
1.0347469181620786e-09
1.0179312198467301e-09
1.0179312198528837e-09
9.226070331995739e-10
1.030028202570314e-09
1.030028202576701e-09
1.015352093230619e-09
3.007024136453426e-10
9.73112608699297e-10
1.0102323142200218e-09
9.731126086938868e-10
2.9898514985473687e-10
9.708439935810954e-10
9.697134311913828e-10
9.674597582844767e-10
2.976455743502941e-10
1.0026474271463844e-09
2.937160831207149e-10
1.0135213403489313e-09
2.957525796759715e-10
9.939391953141986e-10
1.0070657904101283e-09
1.0057845362262382e-09
1.0045065380824776e-09
9.508681371715488e-10
9.865929367796743e-10
8.963298249353321e-10
9.454568179286575e-10
2.8968326751534943e-10
9.74584508061116e-10
2.882051204796608e-10
9.358622888029383e-10
9.808271035702372e-10
9.640210613768437e-10
8.819001694552206e-10
9.66438441896721e-10
9.640812749696423e-10
6.739501154641017e-10
9.547664800375813e-10
9.524658379212825e-10
9.369271048145362e-10
6.643249121649921e-10
6.572388848820476e-10
8.905421324931743e-10
2.709207146927593e-10
6.479890536683672e-10
9.149845433697864e-10
9.086743051413768e-10
9.04515612667183e-10
8.572000174271111e-10
8.882546578434554e-10
8.783851616353827e-10
8.345714165307757e-10
8.311915679525352e-10
8.212081148477886e-10
8.114528260138818e-10
8.05072381937984e-10
8.269316375306801e-10
7.864987288501523e-10
5.539345125526768e-10
5.582956535852139e-10
5.405156859621916e-10
7.407943634564392e-10
5.312813477666898e-10
7.374502289825436e-10
7.07290144371121e-10
7.058452191654246e-10
6.654923452866897e-10
6.611437987424583e-10
6.402079436318965e-10
6.282574764553736e-10
1.809859536345264e-10
4.1840634149187223e-10
1.684875288660252e-10
5.463997835622737e-10
5.312813477734863e-10
5.076760466153092e-10
4.891996568514404e-10
4.386427266658036e-10
4.259410805408454e-10
3.8582076116870456e-10
3.3272353812982463e-10
3.2506029830713616e-10
2.053020287158608e-10
2.645570135365083e-10
2.2311680730957493e-10
1.872419187307946e-10
1.4445395431881937e-10
1.1028831549928384e-10
1.836058071872937e-11
9.80780537084382e-12
6.028449393002094e-11
1.1351981508098432e-10
1.5140522730368164e-10
1.9291038057741042e-10
1.768225360927803e-10
3.102650756761476e-10
3.860091042351918e-10
3.102650756761476e-10
5.256294185255429e-10
1.7309293514093306e-10
6.526110555088564e-10
7.38108226193373e-10
8.44601116948853e-10
8.848141351720995e-10
1.0153520932061312e-09
1.0927995671528507e-09
1.2199793912089955e-09
9.36666641523145e-10
1.3951325219018754e-09
1.5561941839805155e-09
1.6892022338977056e-09
1.8215360494291975e-09
1.3102319196347423e-09
6.081128042101005e-10
6.486588027662607e-10
2.2217588868524816e-09
2.4974816624303566e-09
1.8243276178584155e-09
8.482260144570018e-10
2.9848955626960343e-09
3.2802765372442685e-09
