1.1152919071701476e-23
1.1159442909455218e-23
1.1165665403757403e-23
1.1171599618213201e-23
1.1177258017122392e-23
1.1182652490807457e-23
1.1187794379826921e-23
1.1192694498115465e-23
1.1197363155091413e-23
1.1201810176769938e-23
1.1206044925920508e-23
1.1210076321303937e-23
1.1213912856024757e-23
1.121756261503202e-23
1.1221033291801103e-23
1.1224332204227605e-23
1.122746630976295e-23
1.123044221982028e-23
1.1233266213478096e-23
1.1235944250507647e-23
1.1238481983749128e-23
1.124088477086049e-23
1.1243157685461546e-23
1.1245305527695041e-23
1.1247332834225595e-23
1.1249243887695295e-23
1.1251042725655525e-23
1.1252733148991775e-23
1.1254318729858471e-23
1.1255802819139343e-23
1.1257188553448412e-23
1.1258478861685152e-23
1.1259676471156959e-23
1.1260783913281276e-23
1.1261803528878549e-23
1.1262737473066792e-23
1.1263587719767296e-23
1.1264356065830381e-23
1.1265044134789993e-23
1.1265653380253858e-23
1.1266185088936285e-23
1.1266640383339873e-23
1.1267020224090806e-23
1.1267325411932722e-23
1.1267556589382963e-23
1.1267714242054199e-23
1.1267798699643971e-23
1.1267810136593866e-23
1.126774857241953e-23
1.1267613871711561e-23
1.1267405743807342e-23
1.1267123742132275e-23
1.1266767263209323e-23
1.1266335545333597e-23
1.1265827666909416e-23
1.1265242544445819e-23
1.126457893020534e-23
1.1263835409501348e-23
1.1263010397637314e-23
1.126210213648096e-23
1.126110869066579e-23
1.1260027943410852e-23
1.1258857591949978e-23
1.1257595142559305e-23
1.1256237905172427e-23
1.1254782987570456e-23
1.1253227289134215e-23
1.125156749414415e-23
1.1249800064612499e-23
1.124792123263187e-23
1.1245926992222259e-23
1.1243813090658168e-23
1.1241575019255969e-23
1.1239208003599843e-23
1.1236706993184611e-23
1.1234066650450804e-23
1.1231281339186968e-23
1.1228345112272264e-23
1.1225251698730539e-23
1.122199449006604e-23
1.1218566525848279e-23
1.1214960478512569e-23
1.1211168637339766e-23
1.1207182891577941e-23
1.1202994712665097e-23
1.1198595135510738e-23
1.1193974738791271e-23
1.1189123624211804e-23
1.1184031394683556e-23
1.1178687131364245e-23
1.1173079369504728e-23
1.1167196073042585e-23
1.1161024607879502e-23
1.1154551713776058e-23
1.1147763474793072e-23
1.1140645288205191e-23
1.1133181831807506e-23
1.1125357029531887e-23
1.1117154015283968e-23
1.1108555094907816e-23
1.1099541706178095e-23
1.1090094376715034e-23
1.1080192679710811e-23
1.1069815187348397e-23
1.1058939421788278e-23
1.104754180358997e-23
1.1035597597426928e-23
1.1023080854945918e-23
1.1009964354611702e-23
1.099621953836874e-23
1.0981816444941488e-23
1.0966723639583013e-23
1.0950908140071046e-23
1.093433533873734e-23
1.091696892030376e-23
1.0898770775283934e-23
1.0879700908695175e-23
1.0859717343809255e-23
1.0838776020655166e-23
1.081683068896861e-23
1.0793832795265831e-23
1.0769731363700585e-23
1.074447287034332e-23
1.0718001110501478e-23
1.0690257058680579e-23
1.066117872076322e-23
1.0630700977964674e-23
1.05987554221025e-23
1.056527018169926e-23
1.0530169738420045e-23
1.0493374733333082e-23
1.045480176246959e-23
1.041436316115643e-23
1.037196677659552e-23
1.032751572817852e-23
1.0280908155050852e-23
1.0232036950483542e-23
1.0180789482679346e-23
1.0127047301737556e-23
1.0070685832641594e-23
1.0011574054322425e-23
9.949574165111211e-24
9.884541235239276e-24
9.816322847505822e-24
9.744758727843217e-24
9.669680368314063e-24
9.590910646133018e-24
9.508263443697074e-24
9.421543276435948e-24
9.330544937698851e-24
9.235053173060055e-24
9.134842400606392e-24
9.029676499301788e-24
8.919308694872722e-24
8.803481582453368e-24
8.681927338348884e-24
8.55436819092545e-24
8.420517244514188e-24
8.280079782711632e-24
8.132755221944144e-24
7.978239947484738e-24
7.816231349213307e-24
7.646433493389677e-24
7.468565034273167e-24
7.282370207181355e-24
7.087634084356421e-24
6.884203763800118e-24
6.672017868203363e-24
6.451147757075847e-24
6.221855343861065e-24
5.9846745565140555e-24
5.7405265238665896e-24
5.490882729997451e-24
5.237995630646615e-24
4.9852216791263725e-24
4.737464078259426e-24
4.5017529213385034e-24
4.287938729445221e-24
4.1093671447159445e-24
3.983196326035477e-24
3.92977044855341e-24
3.970470414793508e-24
4.124206285315394e-24
4.404073322823789e-24
4.8162172841221524e-24
5.361512566420485e-24
6.0387065126489265e-24
6.847315200231722e-24
7.789521350077232e-24
8.871216268233896e-24
1.0102619045623916e-23
1.1498847793490027e-23
1.3080699749446091e-23
1.4875833879429166e-23
1.692055704643716e-23
1.926249041381199e-23
2.1964549256353433e-23
2.5110950422179617e-23
2.8816464371297764e-23
3.324105469563628e-23
3.861382325146601e-23
