1.6090184109417746e-23
1.609509042024473e-23
1.6099762994245676e-23
1.61042116785478e-23
1.6108445851086014e-23
1.6112474439983386e-23
1.611630594202151e-23
1.611994844024014e-23
1.612340962069663e-23
1.6126696788418077e-23
1.612981688257683e-23
1.613277649091921e-23
1.6135581863473916e-23
1.6138238925568494e-23
1.6140753290178488e-23
1.6143130269634458e-23
1.614537488670681e-23
1.614749188509624e-23
1.6149485739342133e-23
1.615136066417932e-23
1.615312062335034e-23
1.6154769337900897e-23
1.6156310293967406e-23
1.6157746750076866e-23
1.6159081743972563e-23
1.6160318098977984e-23
1.6161458429914653e-23
1.6162505148580207e-23
1.6163460468807665e-23
1.61643264111027e-23
1.6165104806881378e-23
1.6165797302308326e-23
1.6166405361746164e-23
1.6166930270823188e-23
1.6167373139124336e-23
1.6167734902512386e-23
1.6168016325083416e-23
1.6168218000758288e-23
1.616834035451869e-23
1.6168383643283492e-23
1.616834795643043e-23
1.6168233215966763e-23
1.6168039176343707e-23
1.616776542391561e-23
1.6167411376046962e-23
1.616697627985845e-23
1.6166459210614037e-23
1.616585906974445e-23
1.6165174582500434e-23
1.6164404295234818e-23
1.616354657230403e-23
1.616259959258207e-23
1.6161561345585447e-23
1.616042962718997e-23
1.6159202034941803e-23
1.615787596294391e-23
1.615644859631214e-23
1.6154916905185847e-23
1.6153277638281857e-23
1.6151527315979125e-23
1.614966222291529e-23
1.6147678400082797e-23
1.6145571636406598e-23
1.6143337459785673e-23
1.614097112757711e-23
1.6138467616505636e-23
1.6135821611973426e-23
1.61330274967518e-23
1.6130079339023358e-23
1.612697087975767e-23
1.612369551938489e-23
1.6120246303746e-23
1.6116615909283367e-23
1.61127966274428e-23
1.6108780348253402e-23
1.6104558543050264e-23
1.610012224629922e-23
1.609546203648811e-23
1.6090568016043147e-23
1.6085429790223585e-23
1.60800364449514e-23
1.607437652352933e-23
1.6068438002191966e-23
1.6062208264441824e-23
1.60556740741113e-23
1.6048821547091917e-23
1.6041636121671157e-23
1.6034102527410775e-23
1.6026204752496268e-23
1.601792600949004e-23
1.6009248699409752e-23
1.6000154374054506e-23
1.5990623696493208e-23
1.5980636399631726e-23
1.597017124276309e-23
1.5959205966006438e-23
1.5947717242530995e-23
1.5935680628464023e-23
1.5923070510359667e-23
1.5909860050124078e-23
1.5896021127260152e-23
1.588152427831066e-23
1.5866338633355757e-23
1.5850431849424688e-23
1.5833770040663938e-23
1.5816317705107765e-23
1.5798037647874878e-23
1.5778890900618413e-23
1.5758836637037728e-23
1.5737832084252468e-23
1.5715832429833383e-23
1.5692790724262977e-23
1.5668657778597415e-23
1.5643382057076013e-23
1.5616909564421382e-23
1.5589183727549126e-23
1.5560145271396716e-23
1.552973208855096e-23
1.5497879102359647e-23
1.5464518123150885e-23
1.542957769720562e-23
1.539298294808002e-23
1.5354655409836254e-23
1.5314512851751046e-23
1.5272469093991928e-23
1.522843381375406e-23
1.5182312341292186e-23
1.5134005445234665e-23
1.5083409106553045e-23
1.50304142804547e-23
1.4974906645463108e-23
1.491676633883796e-23
1.4855867677454609e-23
1.479207886313717e-23
1.4725261671392164e-23
1.4655271122323503e-23
1.4581955132458638e-23
1.4505154146021477e-23
1.4424700744009492e-23
1.4340419229299615e-23
1.4252125185805516e-23
1.4159625009309494e-23
1.4062715407419397e-23
1.3961182865765711e-23
1.3854803076961787e-23
1.374334032856079e-23
1.3626546845304634e-23
1.3504162080712045e-23
1.33759119515465e-23
1.324150800811226e-23
1.3100646531681559e-23
1.295300754871296e-23
1.2798253749554339e-23
1.2636029296451322e-23
1.2465958502859966e-23
1.2287644361110868e-23
1.2100666890950488e-23
1.1904581274138613e-23
1.1698915731484096e-23
1.1483169087178664e-23
1.1256807950201557e-23
1.1019263422235956e-23
1.0769927215322222e-23
1.0508147025128757e-23
1.023322095985475e-23
9.944390755366008e-24
9.640833419708263e-24
9.321650823040437e-24
8.985856581036725e-24
8.63235934337566e-24
8.259941287364509e-24
7.867230210235332e-24
7.452663148192043e-24
7.014439065428919e-24
6.5504584073276975e-24
6.058249930277381e-24
5.534895789491e-24
4.977002765928879e-24
4.3808957915964085e-24
3.74368410982968e-24
3.067807528665551e-24
2.3809797471814898e-24
1.8292199352088458e-24
1.935918937875777e-24
3.2858256002458623e-24
6.44365690831296e-24
1.4965300326417756e-23
1.8570056792751616e-23
8.063871867109775e-24
4.200036613419542e-24
2.464653982698408e-24
2.168153513558005e-24
2.8818193486137277e-24
3.9328958352697094e-24
5.081916818720638e-24
6.277323415994833e-24
7.510747145754572e-24
8.784028366620676e-24
1.0101458185681058e-23
1.1467773119974914e-23
1.2887643394129946e-23
