7.0134792673123414e-12
6.852579315367532e-12
6.697740067249392e-12
6.548089458676883e-12
6.400084516335053e-12
6.2552052208204616e-12
6.1154841285010885e-12
5.974638314753453e-12
5.8403553217263625e-12
5.708575686431856e-12
5.58030716335986e-12
5.453136880524794e-12
5.3291831747717534e-12
5.207764828306281e-12
5.090125502381533e-12
4.974676098436945e-12
4.862004878234512e-12
4.75136456449383e-12
4.643974727560168e-12
4.5376447606052176e-12
4.4350886101104895e-12
4.333695884083343e-12
4.235482882187922e-12
4.139449413389173e-12
4.044774102578413e-12
3.953843278610073e-12
3.8630241578188175e-12
3.7751550402340975e-12
3.688827252797133e-12
3.605356073208777e-12
3.523605644877626e-12
3.4429890341452676e-12
3.3647085159464808e-12
3.287454035019401e-12
3.212391042226297e-12
3.139386581114194e-12
3.0676937698304063e-12
2.997835808451266e-12
2.929446749656583e-12
2.8623438877956645e-12
2.7969679899024386e-12
2.7331996702746915e-12
2.6704943332887887e-12
2.609489929597885e-12
2.549819121874684e-12
2.491607859995227e-12
2.43429380806478e-12
2.378594976747921e-12
2.3242546487145587e-12
2.270879936603693e-12
2.218707001062086e-12
2.16783884769486e-12
2.1181652620084953e-12
2.0695705681120403e-12
2.0220932186785765e-12
1.9754423554724836e-12
1.930146787594415e-12
1.885663762662567e-12
1.8421994479363226e-12
1.7997945988090338e-12
1.7583613940202538e-12
1.7177705091982833e-12
1.678201015942499e-12
1.6393006065577375e-12
1.6014089485760632e-12
1.5643723138702752e-12
1.5281555849816905e-12
1.4927659933012832e-12
1.458137390788969e-12
1.424297639545025e-12
1.391187379138738e-12
1.3589126929838234e-12
1.327195900970565e-12
1.296213621466267e-12
1.2659687637688686e-12
1.2364517329831135e-12
1.207531828714432e-12
1.1792396845746109e-12
1.1515895700080146e-12
1.1245141390833077e-12
1.0981127685666143e-12
1.0722366372922116e-12
1.0469704549939872e-12
1.0222226078542663e-12
9.980009323306567e-13
9.743264335480072e-13
9.511515545093252e-13
9.28527664894183e-13
9.063899361465864e-13
8.847066508955342e-13
8.635017637449823e-13
8.42768917154882e-13
8.224622246348362e-13
8.026083169536792e-13
7.831921788393344e-13
7.641764006494542e-13
7.455691363252238e-13
7.273613194235913e-13
7.095377178032887e-13
6.921117644543767e-13
6.750312697494381e-13
6.583184250110021e-13
6.419726218082093e-13
6.259684637160871e-13
6.102676850431199e-13
5.949378517583216e-13
5.799032752868579e-13
5.651828740933319e-13
5.507693698306581e-13
5.366587611761075e-13
5.22834317888501e-13
5.092995812125454e-13
4.96023594172403e-13
4.830352677358825e-13
4.702963274427348e-13
4.578179499914754e-13
4.456045735986964e-13
4.336217671024554e-13
4.2188464181343313e-13
4.103729636439357e-13
3.99100199688604e-13
3.880477735535915e-13
3.772044491756179e-13
3.6657809654712447e-13
3.5616180564203775e-13
3.4594903522531335e-13
3.3592879674962244e-13
3.2610387576620316e-13
3.1647413884209143e-13
3.070229425520362e-13
2.977591301157393e-13
2.886653204659457e-13
2.797524436505513e-13
2.7100763620456415e-13
2.6242742264543094e-13
2.540144835302807e-13
2.457582111514483e-13
2.376636101482881e-13
2.2971936661681555e-13
2.2192562317257253e-13
2.142825610134658e-13
2.067813313158974e-13
1.9943002365606963e-13
1.9221469036692803e-13
1.8514203386212376e-13
1.782029792685844e-13
1.7140316544912294e-13
1.6473485797067128e-13
1.581952753852048e-13
1.5179067264166272e-13
1.4550811823489026e-13
1.3935805055789034e-13
1.333286877844398e-13
1.274261033280421e-13
1.2164640001332116e-13
1.1598886414986572e-13
1.1045006963242962e-13
1.0503338056688886e-13
9.97329715891603e-14
9.45515856832152e-14
8.948750307071912e-14
8.454019678477223e-14
7.9708397898811e-14
7.499080272703664e-14
7.038692286334897e-14
6.589748874224989e-14
6.152059562274382e-14
5.725598761683118e-14
5.310308994675237e-14
4.906137488087047e-14
4.5130355464321716e-14
4.130940583651692e-14
3.759750369256228e-14
3.399498664173791e-14
3.0500219384470693e-14
2.7113244782432623e-14
2.3833077904431734e-14
2.0659719128117348e-14
1.7591892372816536e-14
1.4629273592512787e-14
1.1771212642788858e-14
9.016986054207614e-15
6.366011518587706e-15
3.8177375666925334e-15
1.3725995403984137e-15
9.792476636433988e-16
3.2218973791976344e-15
5.3668177831605455e-15
7.412856817435964e-15
9.360429665842489e-15
1.1210229381498165e-14
1.2962784449347629e-14
1.461866935609141e-14
1.617846168952161e-14
1.7642651436420948e-14
1.9011778861679662e-14
2.028632268686649e-14
2.1466478231440407e-14
2.2552659094659144e-14
2.3545224243735625e-14
2.4444383860090007e-14
