5.04584577589079e-24
5.048238969378281e-24
5.050534674698928e-24
5.052736159228268e-24
5.054846634064874e-24
5.056869247880692e-24
5.058807081819837e-24
5.060663145326438e-24
5.062440372794231e-24
5.064141620940741e-24
5.0657696668195756e-24
5.067327206393218e-24
5.068816853595644e-24
5.070241139823604e-24
5.071602513798948e-24
5.072903341752924e-24
5.0741459078872e-24
5.075332415071352e-24
5.076464985741156e-24
5.077545662965557e-24
5.0785764116542125e-24
5.0795591198793765e-24
5.080495600290626e-24
5.0813875916013944e-24
5.082236760130172e-24
5.083044701380069e-24
5.083812941643296e-24
5.0845429396179035e-24
5.0852360880258316e-24
5.085893715222957e-24
5.086517086792568e-24
5.087107407115005e-24
5.0876658209066926e-24
5.088193414723472e-24
5.088691218422735e-24
5.0891602065804664e-24
5.089601299859634e-24
5.0900153663262154e-24
5.090403222710578e-24
5.0907656356114685e-24
5.0911033226411375e-24
5.091416953509173e-24
5.0917071510440356e-24
5.091974492150609e-24
5.092219508703104e-24
5.092442688372128e-24
5.092644475384706e-24
5.092825271217333e-24
5.092985435220398e-24
5.0931252851742434e-24
5.093245097775617e-24
5.093345109054198e-24
5.093425514718758e-24
5.093486470431756e-24
5.09352809201281e-24
5.093550455569201e-24
5.093553597553525e-24
5.093537514747395e-24
5.093502164170333e-24
5.093447462913199e-24
5.093373287894889e-24
5.093279475541065e-24
5.093165821384441e-24
5.0930320795843814e-24
5.092877962365124e-24
5.0927031393708315e-24
5.092507236935442e-24
5.0922898372665825e-24
5.092050477540199e-24
5.091788648905152e-24
5.0915037953943926e-24
5.0911953127414635e-24
5.09086254709885e-24
5.090504793656053e-24
5.090121295154179e-24
5.089711240294232e-24
5.0892737620357964e-24
5.088807935782486e-24
5.088312777451098e-24
5.087787241419773e-24
5.087230218352188e-24
5.0866405328928096e-24
5.086016941228964e-24
5.085358128515275e-24
5.08466270615538e-24
5.083929208935958e-24
5.083156092007757e-24
5.082341727707851e-24
5.08148440221776e-24
5.08058231205102e-24
5.079633560364025e-24
5.0786361530840056e-24
5.0775879948468154e-24
5.076486884738171e-24
5.07533051183066e-24
5.0741164505093896e-24
5.0728421555785704e-24
5.071504957141377e-24
5.070102055244414e-24
5.0686305142798355e-24
5.067087257135105e-24
5.065469059083647e-24
5.063772541406297e-24
5.0619941647361624e-24
5.0601302221171636e-24
5.058176831768482e-24
5.0561299295457944e-24
5.0539852610915565e-24
5.051738373664944e-24
5.0493846076461724e-24
5.0469190877042056e-24
5.0443367136250885e-24
5.0416321507916385e-24
5.03879982031184e-24
5.035833888790667e-24
5.032728257743119e-24
5.02947655264797e-24
5.026072111642103e-24
5.02250797386116e-24
5.018776867431425e-24
5.014871197120078e-24
5.01078303166252e-24
5.006504090781057e-24
5.002025731917429e-24
4.997338936711917e-24
4.99243429726527e-24
4.987302002222911e-24
4.9819318227487885e-24
4.976313098443571e-24
4.970434723290866e-24
4.964285131736289e-24
4.957852284999307e-24
4.951123657763515e-24
4.9440862254050944e-24
4.936726451944594e-24
4.9290302789480896e-24
4.920983115643872e-24
4.912569830555522e-24
4.903774745023098e-24
4.894581629028691e-24
4.8849736998464536e-24
4.874933624056085e-24
4.8644435236784584e-24
4.85348498716853e-24
4.8420390862607665e-24
4.830086399744519e-24
4.8176070454983314e-24
4.804580722301368e-24
4.790986763233067e-24
4.776804202743144e-24
4.762011859983074e-24
4.746588441215184e-24
4.7305126649142096e-24
4.713763413521622e-24
4.696319916857104e-24
4.678161972854111e-24
4.659270212407079e-24
4.6396264165617286e-24
4.619213895456223e-24
4.598017940701815e-24
4.576026364477049e-24
4.553230141920733e-24
4.5296241757185285e-24
4.5052082064112594e-24
4.4799878952407574e-24
4.453976113024376e-24
4.427194473574868e-24
4.399675158253252e-24
4.371463087214128e-24
4.3426185025442204e-24
4.31322004119449e-24
4.283368388473055e-24
4.253190618864172e-24
4.222845348139336e-24
4.1925288372058396e-24
4.1624822084905695e-24
4.132999950083073e-24
4.1044398967808765e-24
4.077234880855493e-24
4.051906236587386e-24
4.029079312722867e-24
4.009501087422829e-24
3.9940598784925234e-24
3.983806994254246e-24
3.979979961792747e-24
3.984026720203842e-24
3.997629890396287e-24
4.022729999607677e-24
4.061546435281135e-24
4.1165950900848745e-24
4.190702262830572e-24
4.287015572519422e-24
4.409014422189437e-24
4.560524822122365e-24
4.7457458025955954e-24
4.9692968371444596e-24
5.236297289435419e-24
5.552489853757575e-24
5.9244206462114794e-24
6.359689775376359e-24
6.867288802941646e-24
