2.3875764270255677e-24
2.281192883042662e-24
2.1797844423121798e-24
2.0831365578428377e-24
1.99104480189764e-24
1.9033144237405147e-24
1.819759925952882e-24
1.7402046580567243e-24
1.664480426170911e-24
1.5924271174185863e-24
1.5238923377889127e-24
1.4587310621435481e-24
1.396805295047148e-24
1.3379837410957719e-24
1.2821414834245829e-24
1.2291596690967749e-24
1.1789252001226881e-24
1.131330428933026e-24
1.0862728572451312e-24
1.0436548374226129e-24
1.0033832756467745e-24
9.653693364965155e-25
9.295281488810947e-25
8.957785136836845e-25
8.64042613951107e-25
8.342457289946721e-25
8.063159543283511e-25
7.801839299360341e-25
7.557825798906332e-25
7.330468668000497e-25
7.119135648779076e-25
6.923210555797475e-25
6.742091496626591e-25
6.575189391846084e-25
6.421926823438089e-25
6.281737231770505e-25
6.154064470241536e-25
6.038362713880455e-25
5.934096704601198e-25
5.8407423023853845e-25
5.757787299498693e-25
5.6847324448470915e-25
5.621092618548476e-25
5.566398093209367e-25
5.520195818409678e-25
5.482050668323812e-25
5.451546598798173e-25
5.428287668824533e-25
5.411898891463911e-25
5.402026889983713e-25
5.398340345561185e-25
5.400530232719505e-25
5.408309847226727e-25
5.421414638233706e-25
5.439601861783302e-25
5.462650076560367e-25
5.4903585049446925e-25
5.522546283302725e-25
5.559051625235027e-25
5.599730920419464e-25
5.64445779001574e-25
5.693122117513833e-25
5.7456290716065175e-25
5.801898135305786e-25
5.861862153175294e-25
5.925466406356301e-25
5.992667723011252e-25
6.063433629981275e-25
6.137741549834689e-25
6.215578046083685e-25
6.296938118161625e-25
6.381824546756945e-25
6.470247289294422e-25
6.56222292469435e-25
6.65777414603455e-25
6.756929299342559e-25
6.859721966462723e-25
6.966190589738001e-25
7.076378136118508e-25
7.190331798250077e-25
7.308102730056295e-25
7.429745814370796e-25
7.555319460214974e-25
7.6848854273903165e-25
7.818508676156087e-25
7.956257239863068e-25
8.098202118533907e-25
8.244417191504437e-25
8.394979147349837e-25
8.54996742947794e-25
8.709464195861734e-25
8.87355429151696e-25
9.042325232463335e-25
9.215867200006186e-25
9.394273044276191e-25
9.577638296092566e-25
9.766061186285847e-25
9.959642671715147e-25
1.015848646732509e-24
1.0362699083588054e-24
1.0572389868868321e-24
1.0787671056170506e-24
1.1008657813938347e-24
1.1235468300474286e-24
1.146822372174546e-24
1.1707048392287729e-24
1.1952069798958633e-24
1.220341866741206e-24
1.2461229031108597e-24
1.2725638302719934e-24
1.2996787347891794e-24
1.3274820561190997e-24
1.3559885944280006e-24
1.3852135186224672e-24
1.4151723745852394e-24
1.4458810936327292e-24
1.4773560011683945e-24
1.5096138255626165e-24
1.5426717072307751e-24
1.5765472079278321e-24
1.61125832027455e-24
1.6468234774926782e-24
1.6832615633623384e-24
1.7205919224230006e-24
1.7588343704030586e-24
1.7980092048874244e-24
1.8381372162376686e-24
1.8792396987607422e-24
1.9213384621367535e-24
1.964455843109844e-24
2.008614717460121e-24
2.053838512238992e-24
2.1001512182966005e-24
2.147577403109683e-24
2.196142223896061e-24
2.2458714410502306e-24
2.296791431867431e-24
2.3489292046266794e-24
2.4023124129814825e-24
2.456969370677861e-24
2.512929066667305e-24
2.5702211805131303e-24
2.6288760981813516e-24
2.6889249282789337e-24
2.750399518502171e-24
2.8133324726854768e-24
2.8777571680793756e-24
2.943707773149355e-24
3.011219265713215e-24
3.0803274515412432e-24
3.151068983496707e-24
3.223481380811811e-24
3.2976030494101236e-24
3.373473301875117e-24
3.451132378809338e-24
3.530621469832873e-24
3.611982735853709e-24
3.695259331466642e-24
3.780495427198754e-24
3.867736234450185e-24
3.957028028125109e-24
4.048418172012669e-24
4.141955143915285e-24
4.23768856151146e-24
4.3356692082492065e-24
4.4359490613534625e-24
4.538581318730548e-24
4.6436204277789084e-24
4.7511221133977536e-24
4.86114341013751e-24
4.973742689701306e-24
5.088979693343566e-24
5.2069155649516e-24
5.327612881940827e-24
5.451135688586096e-24
5.577549532408066e-24
5.706921496797716e-24
5.839320238265827e-24
5.974816022976986e-24
6.113480763609594e-24
6.25538805722892e-24
6.400613230751275e-24
6.5492333717945866e-24
6.701327376126951e-24
6.856975990530397e-24
7.016261851145214e-24
7.179269534559226e-24
7.346085600319558e-24
7.516798632895385e-24
7.691499298620562e-24
7.870280385606526e-24
8.053236862165116e-24
8.240465933415653e-24
8.432067058424385e-24
8.628142052385914e-24
8.828795125374046e-24
9.034132920380646e-24
9.244264587512641e-24
9.459301844572114e-24
9.679359034142186e-24
9.90455320493985e-24
