3.6284304154374636e-22
3.641565000673662e-22
3.6629964346479794e-22
3.692770123707101e-22
3.730949181885857e-22
3.77761456447619e-22
3.8328652395381055e-22
3.8968183977179154e-22
3.9696097008155656e-22
4.0513935696253044e-22
4.1423435116667697e-22
4.242652489505526e-22
4.35253333043377e-22
4.472219178394672e-22
4.601963989116949e-22
4.742043069502518e-22
4.892753662448853e-22
5.054415578291364e-22
5.227371874295142e-22
5.411989583577973e-22
5.608660495065284e-22
5.817801986121603e-22
6.0398579096480235e-22
6.275299537538807e-22
6.524626562513862e-22
6.788368160477616e-22
7.067084115669566e-22
7.361366011020677e-22
7.671838486264948e-22
7.999160566503446e-22
8.34402706406345e-22
8.707170056672e-22
9.089360445099331e-22
9.49140959363299e-22
9.914171056895792e-22
1.0358542396716726e-21
1.08254670929849e-21
1.1315936552557255e-21
1.1830992220597375e-21
1.237172779884116e-21
1.2939291575607108e-21
1.3534888872590197e-21
1.4159784613646446e-21
1.4815306021247972e-21
1.550284544627908e-21
1.6223863337478513e-21
1.6979891356766955e-21
1.7772535647401035e-21
1.860348026188978e-21
1.947449075722393e-21
2.0387417965209913e-21
2.1344201946065966e-21
2.2346876133992575e-21
2.3397571683635695e-21
2.44985220271229e-21
2.565206765139459e-21
2.6860661106552372e-21
2.8126872255989772e-21
2.9453393779989297e-21
3.0843046944821225e-21
3.229878765003856e-21
3.3823712767449956e-21
3.542106678547561e-21
3.7094248774031234e-21
3.884681968496562e-21
4.068251000453732e-21
4.260522777495618e-21
4.461906700270121e-21
4.672831647258307e-21
4.893746898731177e-21
5.1251231053141764e-21
5.367453303362248e-21
5.621253979403419e-21
5.8870661861011055e-21
6.165456712232449e-21
6.457019309328325e-21
6.762375977824582e-21
7.082178315616636e-21
7.41710893209782e-21
7.767882930984865e-21
8.135249465287334e-21
8.519993368060287e-21
8.922936862665869e-21
9.344941356592968e-21
9.786909322946745e-21
1.0249786274041627e-20
1.0734562831746659e-20
1.1242276899413371e-20
1.1774015940547987e-20
1.2330919369610853e-20
1.2914181060646109e-20
1.3525051979676715e-20
1.416484294722141e-20
1.4834927537526687e-20
1.5536745121469626e-20
1.6271804060516106e-20
1.7041685059473466e-20
1.78480446860825e-20
1.8692619066150444e-20
1.9577227763074707e-20
2.0503777851394515e-20
2.147426819423422e-20
2.2490793935033358e-20
2.3555551214903302e-20
2.4670842126784852e-20
2.5839079918802074e-20
2.70627944595178e-20
2.8344637978479786e-20
2.9687391096048096e-20
3.10939691571035e-20
3.25674288842449e-20
3.411097536643042e-20
3.5727969399400365e-20
3.7421935196091955e-20
3.9196568484487195e-20
4.1055745011933684e-20
4.3003529475814074e-20
4.5044184899786436e-20
4.718218247722169e-20
4.942221190199693e-20
5.1769192209111837e-20
5.422828314681499e-20
5.680489710102129e-20
5.950471159609984e-20
6.233368239121856e-20
6.529805719585592e-20
6.840439002245427e-20
7.165955619524351e-20
7.507076803465788e-20
7.864559122646122e-20
8.239196189426916e-20
8.631820437317024e-20
9.043304969578339e-20
9.474565477764298e-20
9.926562229604946e-20
1.0400302123510263e-19
1.0896840806570153e-19
1.1417284851221212e-19
1.1962793983638568e-19
1.2534583356117263e-19
1.3133925851240686e-19
1.3762154405297801e-19
1.4420664332629069e-19
1.5110915629754805e-19
1.5834435233798598e-19
1.6592819203272112e-19
1.7387734782551183e-19
1.822092230593248e-19
1.9094196885757817e-19
2.0009449820222465e-19
2.0968649646382622e-19
2.1973842746748593e-19
2.302715340699124e-19
2.413078320184067e-19
2.528700956837811e-19
2.649818340355348e-19
2.776672549824839e-19
2.909512159494555e-19
3.048591582451246e-19
3.1941702248543335e-19
3.3465114199616147e-19
3.5058811079402e-19
3.672546223811424e-19
3.8467727527469322e-19
4.0288234095970773e-19
4.2189548961172693e-19
4.417414688835221e-19
4.624437311510956e-19
4.8402400458468e-19
5.065018041179567e-19
5.298938791116336e-19
5.542135956028222e-19
5.794702530677556e-19
6.056683376090915e-19
6.328067168264891e-19
6.608777851818815e-19
6.898665734131085e-19
7.197498406601267e-19
7.504951743486376e-19
7.820601287051379e-19
8.14391439897352e-19
8.474243617724894e-19
8.81082170980994e-19
9.152758944738346e-19
9.499043120143218e-19
9.84854285079917e-19
1.0200014550702478e-18
1.055211343046914e-18
1.0903408657956056e-18
1.1252402625617948e-18
1.159755400859429e-18
1.1937304043058293e-18
1.2270105188926987e-18
1.259445110927247e-18
1.2908906736204604e-18
1.3212137093380433e-18
1.3502933567934838e-18
1.3780236425591267e-18
1.404315257714676e-18
1.429096789540159e-18
1.452315370732902e-18
