9.094923536800895e-24
9.094194869155014e-24
9.093497857783802e-24
9.092830827388172e-24
9.092192183542348e-24
9.091580407798118e-24
9.090994053082462e-24
9.0904317393677e-24
9.089892149594034e-24
9.089374025826626e-24
9.08887616562982e-24
9.08839741864315e-24
9.087936683344438e-24
9.08749290398623e-24
9.087065067693417e-24
9.086652201709697e-24
9.086253370782676e-24
9.085867674676676e-24
9.085494245804333e-24
9.085132246967853e-24
9.084780869201475e-24
9.084439329707702e-24
9.084106869879631e-24
9.08378275340277e-24
9.08346626442975e-24
9.083156705821796e-24
9.082853397451475e-24
9.082555674560827e-24
9.082262886170094e-24
9.081974393532091e-24
9.081689568627265e-24
9.081407792695335e-24
9.08112845479907e-24
9.080850950416113e-24
9.080574680054962e-24
9.080299047891298e-24
9.080023460420897e-24
9.079747325125895e-24
9.07947004915036e-24
9.079191037982405e-24
9.078909694139147e-24
9.078625415851398e-24
9.078337595744896e-24
9.078045619514812e-24
9.077748864590717e-24
9.077446698788425e-24
9.07713847894602e-24
9.076823549540917e-24
9.076501241284611e-24
9.076170869692341e-24
9.075831733624334e-24
9.075483113795588e-24
9.075124271250912e-24
9.074754445802107e-24
9.074372854423929e-24
9.073978689605582e-24
9.073571117654238e-24
9.073149276947344e-24
9.072712276129903e-24
9.072259192253349e-24
9.07178906885233e-24
9.0713009139554e-24
9.070793698025985e-24
9.070266351829584e-24
9.069717764223063e-24
9.069146779861895e-24
9.068552196821135e-24
9.067932764125553e-24
9.067287179184483e-24
9.066614085126804e-24
9.065912068031076e-24
9.065179654046101e-24
9.064415306396773e-24
9.063617422269973e-24
9.062784329575488e-24
9.06191428357609e-24
9.061005463381622e-24
9.060055968301142e-24
9.059063814047413e-24
9.058026928787847e-24
9.056943149035815e-24
9.0558102153763e-24
9.054625768019514e-24
9.05338734217644e-24
9.052092363249853e-24
9.050738141834444e-24
9.049321868519778e-24
9.047840608489771e-24
9.046291295912335e-24
9.044670728113142e-24
9.042975559527453e-24
9.04120229542415e-24
9.039347285396471e-24
9.037406716614366e-24
9.035376606833313e-24
9.033252797155783e-24
9.03103094454121e-24
9.028706514061792e-24
9.026274770902029e-24
9.023730772100726e-24
9.021069358035846e-24
9.018285143653628e-24
9.015372509445087e-24
9.012325592175171e-24
9.009138275371644e-24
9.00580417958348e-24
9.002316652421672e-24
8.99866875839823e-24
8.994853268583532e-24
8.990862650106082e-24
8.986689055524215e-24
8.982324312104751e-24
8.977759911050447e-24
8.972986996725383e-24
8.967996355936451e-24
8.962778407338449e-24
8.957323191042098e-24
8.951620358516747e-24
8.945659162894527e-24
8.93942844979925e-24
8.932916648842845e-24
8.926111765953785e-24
8.919001376727209e-24
8.911572621015178e-24
8.903812199008236e-24
8.895706369097248e-24
8.887240947847544e-24
8.878401312466904e-24
8.869172406205845e-24
8.859538747193736e-24
8.849484441289615e-24
8.838993199612814e-24
8.828048361517979e-24
8.816632923894145e-24
8.804729577799867e-24
8.792320753599686e-24
8.77938867594446e-24
8.765915430143588e-24
8.751883041715311e-24
8.737273571177703e-24
8.722069226465063e-24
8.706252495728333e-24
8.689806303714938e-24
8.672714195432735e-24
8.654960551397853e-24
8.6365308394625e-24
8.617411909034729e-24
8.597592334458172e-24
8.577062815443319e-24
8.555816643761097e-24
8.533850246962612e-24
8.51116382171645e-24
8.487762071509076e-24
8.46365506599313e-24
8.438859242263065e-24
8.413398571870015e-24
8.387305921554482e-24
8.360624640585863e-24
8.333410413382414e-24
8.30573342288758e-24
8.277680878161786e-24
8.249359968992272e-24
8.22090132121634e-24
8.192463039088802e-24
8.16423543558684e-24
8.136446568182544e-24
8.109368716411774e-24
8.08332595849224e-24
8.058703027076726e-24
8.035955648464449e-24
8.015622594321189e-24
7.99833969868835e-24
7.984856113544219e-24
7.976053090196457e-24
7.972965576965038e-24
7.976806910328547e-24
7.988996840147708e-24
8.011193062142179e-24
8.045326324913024e-24
8.093639028289832e-24
8.158727031535485e-24
8.243584145291608e-24
8.351648495221515e-24
8.486849621332749e-24
8.653654800557576e-24
8.857112587084499e-24
9.102890784849791e-24
9.397304637229023e-24
9.747328268713115e-24
1.016057721808076e-23
1.06452405348228e-23
1.1209924930465487e-23
1.1863347805827032e-23
1.2613777546197936e-23
1.346806742631895e-23
1.4430070944478588e-23
1.5498189426629634e-23
1.666185905907384e-23
1.7897075528986662e-23
1.9161777722077238e-23
2.0393156876304937e-23
