5.2719068186621485e-25
5.393569176682642e-25
5.579732312086862e-25
5.811856748389918e-25
6.0740847808263405e-25
6.35362186749619e-25
6.6405216228470565e-25
6.9272251622271795e-25
7.208063578324998e-25
7.478816927105359e-25
7.7363569683273945e-25
7.978370798995359e-25
8.203152105001051e-25
8.409445287301204e-25
8.596329579547923e-25
8.763132936375309e-25
8.909367958044358e-25
9.034684141848367e-25
9.138832301402405e-25
9.221638148699419e-25
9.282982882517516e-25
9.322789251667876e-25
9.341012027313392e-25
9.337632174580536e-25
9.312654297559818e-25
9.266107172854264e-25
9.198047409452724e-25
9.108566498997288e-25
8.997801773003114e-25
8.865952087951174e-25
8.713299446983887e-25
8.540238279221292e-25
8.34731478822145e-25
8.13527971954071e-25
7.905159168577851e-25
7.658349743371718e-25
7.39674656857167e-25
7.122915186183149e-25
6.84032091433803e-25
6.553630288593056e-25
6.26909548069587e-25
5.995016998261447e-25
5.742239864787567e-25
5.524557092577298e-25
5.358765540193364e-25
5.263991161319369e-25
5.259933997249628e-25
5.364106400124481e-25
5.588920242840527e-25
5.9399801120121685e-25
6.416414606998636e-25
7.012838564096165e-25
7.721774494251029e-25
8.5355809704647e-25
9.447579518132584e-25
1.0452517390872125e-24
1.154662758223998e-24
1.2727498660798642e-24
1.399388234446942e-24
1.5345501785765153e-24
1.6782885516482847e-24
1.8307233118612602e-24
1.9920310646123864e-24
2.1624371147580245e-24
2.3422095333040925e-24
2.531654801551358e-24
2.731114677414471e-24
2.94096400659811e-24
3.1616092668422026e-24
3.393487685359563e-24
3.63706680950027e-24
3.892844440870649e-24
4.161348865824364e-24
4.443139332248049e-24
4.7388067353299784e-24
5.0489744846207795e-24
5.374299531983903e-24
5.715473545591896e-24
6.07322421940893e-24
6.4483167109253844e-24
6.841555202525626e-24
7.253784583951107e-24
7.685892255011785e-24
8.138810049073925e-24
8.613516279014924e-24
9.111037908321118e-24
9.63245285086957e-24
1.0178892403689702e-23
1.0751543817705812e-23
1.1351653012110894e-23
1.1980527438597986e-23
1.2639539102307737e-23
1.3330127746861577e-23
1.4053804211450458e-23
1.481215396848303e-23
1.560684085080896e-23
1.643961097815978e-23
1.7312296892901044e-23
1.8226821915846158e-23
1.9185204733287087e-23
2.0189564227114504e-23
2.1242124560237266e-23
2.234522053020559e-23
2.3501303204331708e-23
2.4712945850016935e-23
2.598285017462922e-23
2.731385288932164e-23
2.870893261170631e-23
3.017121712229777e-23
3.170399098988447e-23
3.331070358055186e-23
3.499497746510314e-23
3.6760617238802e-23
3.8611618766604065e-23
4.0552178865539646e-23
4.258670543453491e-23
4.4719828039954737e-23
4.695640896066033e-23
4.9301554695023227e-23
5.1760627925523354e-23
5.433925993227876e-23
5.704336343822602e-23
5.987914586145911e-23
6.285312293806864e-23
6.59721326668069e-23
6.924334951187077e-23
7.267429877723966e-23
7.627287105389642e-23
8.004733659801264e-23
8.40063594845974e-23
8.815901133210648e-23
9.25147843506852e-23
9.708360342226478e-23
1.018758368481516e-22
1.069023053424007e-22
1.1217428875779221e-22
1.1770352993712586e-22
1.2350223498065552e-22
1.295830690918542e-22
1.3595914700890385e-22
1.4264401690442476e-22
1.4965163640598158e-22
1.5699633925756905e-22
1.646927908350215e-22
1.7275593062158096e-22
1.8120089934675997e-22
1.9004294841192661e-22
1.9929732880193746e-22
2.0897915662202626e-22
2.1910325200338214e-22
2.2968394820044095e-22
2.4073486740289286e-22
2.5226866009638875e-22
2.642967048211004e-22
2.768287659238156e-22
2.898726073592053e-22
3.034335620865177e-22
3.175140579714815e-22
3.3211310339680564e-22
3.472257384046068e-22
3.6284246058195786e-22
3.789486388217702e-22
3.955239328309935e-22
4.125417405154247e-22
4.299687010447353e-22
4.477642855119263e-22
4.658805112448759e-22
4.842618177282123e-22
5.028451427220708e-22
5.2156023390960045e-22
5.403302246309827e-22
5.590724930441097e-22
5.776998085164636e-22
5.961217518872085e-22
6.142463767527071e-22
6.319820585395192e-22
6.492394580243643e-22
6.659335132547874e-22
6.819853636548579e-22
6.973241096714462e-22
7.118883180718023e-22
7.25627198956081e-22
7.3850140211635845e-22
7.504834045348297e-22
7.615574928927654e-22
7.717193646680475e-22
7.80975395489813e-22
7.89341639188917e-22
7.968426285000754e-22
8.035100545741631e-22
8.093813959345534e-22
8.144985565965791e-22
8.189065684227395e-22
8.226523977515155e-22
8.257838769856101e-22
8.283487870409353e-22
8.30394083172255e-22
8.319652729834079e-22
8.331059313827967e-22
8.338573393318331e-22
8.342582398415597e-22
