1.8551912155618844e-12
1.8065332091550395e-12
1.7630193678701578e-12
1.7226400049212977e-12
1.686205743401191e-12
1.6530580236524631e-12
1.6227928528643047e-12
1.5949446039379392e-12
1.5701217417228598e-12
1.5473793995871083e-12
1.5271032954995063e-12
1.5080075258165397e-12
1.4906294347095237e-12
1.475017035847357e-12
1.4607213278692735e-12
1.447492548334642e-12
1.4360325797385944e-12
1.4254936215067027e-12
1.4156547576435096e-12
1.4066306514237558e-12
1.3987149960959677e-12
1.3913194947782446e-12
1.3846142901647051e-12
1.3787319041988934e-12
1.3731444402881014e-12
1.3682506275840524e-12
1.3635696322986784e-12
1.3595750495534288e-12
1.355800753544423e-12
1.3524175326650203e-12
1.3494782564594464e-12
1.3467628305246042e-12
1.3441511848707977e-12
1.3418636461853288e-12
1.3397699335838423e-12
1.3379064906826389e-12
1.3362389048555334e-12
1.3347458615907235e-12
1.3333040792180449e-12
1.3320603815389368e-12
1.3309255867573198e-12
1.3300155917953085e-12
1.329105932664344e-12
1.32822381119755e-12
1.3274551177759485e-12
1.326772673856704e-12
1.3262199626708523e-12
1.3257727697431084e-12
1.325164172150246e-12
1.3248127827953037e-12
1.3242514858289219e-12
1.323992597540732e-12
1.323699792095342e-12
1.323384313676507e-12
1.323198010706253e-12
1.3229689971402682e-12
1.322748760464234e-12
1.322530556094186e-12
1.3224422961845503e-12
1.3223133054467878e-12
1.32216909255061e-12
1.3221103458135643e-12
1.3219801574070155e-12
1.321901371170006e-12
1.321868664529064e-12
1.3217648862489762e-12
1.3217374395544865e-12
1.321705419107176e-12
1.3216678715822056e-12
1.3216072142550394e-12
1.3215930251834798e-12
1.3216486693252251e-12
1.321542435716252e-12
1.3214826579518923e-12
1.3215135447299955e-12
1.3215447968266995e-12
1.3215158083623879e-12
1.321494199032218e-12
1.321550698890193e-12
1.3214924727805933e-12
1.3215348560583353e-12
1.321538930626991e-12
1.3215844585161569e-12
1.321566806875951e-12
1.321569303010923e-12
1.321553667933671e-12
1.321588221959397e-12
1.3215924613585425e-12
1.321618688203958e-12
1.3216380490498357e-12
1.3216261690186718e-12
1.3216830314648137e-12
1.3216621587493873e-12
1.321675270198432e-12
1.321681609482343e-12
1.3216649741714684e-12
1.3216950738209392e-12
1.3217181058466936e-12
1.3217336973840908e-12
1.3217317734503249e-12
1.3217191238835257e-12
1.3217673677701103e-12
1.3217458778416723e-12
1.3217808831164625e-12
1.321765688148112e-12
1.3218053935270946e-12
1.3217762604839019e-12
1.3218034006263906e-12
1.321803088819356e-12
1.32182144710607e-12
1.3218399049572737e-12
1.3218355199805192e-12
1.3218182342794964e-12
1.321833300250054e-12
1.3218220804938193e-12
1.3218305823018661e-12
1.3218606807673908e-12
1.3218582052126355e-12
1.3218819033399462e-12
1.3218721653063723e-12
1.321874568558479e-12
1.321874852678401e-12
1.3218751934621337e-12
1.3219073930195525e-12
1.3218911849710195e-12
1.3218996442178187e-12
1.3218871692107736e-12
1.3219020348889063e-12
1.3219094635371503e-12
1.3219116062796924e-12
1.3219148800685282e-12
1.3219135064502607e-12
1.3219194508910518e-12
1.3219066411052665e-12
1.3219108733102072e-12
1.3219161783807703e-12
1.321920346291461e-12
1.3219309528797299e-12
1.3219209524738884e-12
1.3219270060940707e-12
1.3219178452873148e-12
1.3219213804871778e-12
1.3219224055709977e-12
1.3219312139484953e-12
1.321934705387064e-12
1.3219274409626872e-12
1.3219274124971157e-12
1.3219213993087925e-12
1.3219269539686434e-12
1.3219197851073928e-12
1.3219220281264501e-12
1.321917026043714e-12
1.3219207173188815e-12
1.3219126233481408e-12
1.3219017385004312e-12
1.3219088782869392e-12
1.3219028229334975e-12
1.3218956610717004e-12
1.3218975382487681e-12
1.321897445279355e-12
1.3218849195714257e-12
1.3218892033253681e-12
1.3218791953357555e-12
1.3218775496569582e-12
1.321875829129033e-12
1.3218772563397823e-12
1.3218713913340212e-12
1.3218553488042728e-12
1.3218513077265624e-12
1.3218440571658716e-12
1.3218386537344498e-12
1.3218270996270245e-12
1.3218252483351699e-12
1.3218139339437991e-12
1.3218027215247184e-12
1.3217934995581373e-12
1.3217874793210923e-12
1.321776840466264e-12
1.3217643270255017e-12
1.3217578653983575e-12
1.3217406395341774e-12
1.3217345247794993e-12
1.3217173788124638e-12
1.3217033284496715e-12
1.3216908929009457e-12
1.3216718457094075e-12
1.3216554284925593e-12
1.3216411256588688e-12
1.3216218318988455e-12
1.3216069327785344e-12
1.3215883585619951e-12
1.3215675198763605e-12
1.3215442474788564e-12
1.3215245558845671e-12
1.3214996812997898e-12
1.321473306581682e-12
1.3214525617249813e-12
1.3214243403980585e-12
1.3213978599972921e-12
1.321367337296989e-12
1.3213384754801628e-12
