3.476630482360327e-24
3.475426810778423e-24
3.474306425652053e-24
3.473263447767138e-24
3.472292465796753e-24
3.471388498770122e-24
3.470546961645874e-24
3.469763633738952e-24
3.469034629770022e-24
3.468356373324374e-24
3.46772557252379e-24
3.467139197730673e-24
3.466594461118155e-24
3.4660887979531696e-24
3.46561984945215e-24
3.465185447080116e-24
3.464783598174939e-24
3.464412472787928e-24
3.4640703916412115e-24
3.463755815110574e-24
3.4634673331499096e-24
3.4632036560808224e-24
3.4629636061769915e-24
3.462746109979204e-24
3.4625501912821324e-24
3.462374964739235e-24
3.4622196300364916e-24
3.462083466590155e-24
3.461965828727394e-24
3.461866141312529e-24
3.461783895784401e-24
3.461718646574044e-24
3.461670007873879e-24
3.461637650732872e-24
3.461621300453811e-24
3.461620734271532e-24
3.46163577929245e-24
3.46166631067784e-24
3.461712250054859e-24
3.46177356414082e-24
3.461850263567687e-24
3.461942401894997e-24
3.4620500748006956e-24
3.462173419440298e-24
3.46231261396609e-24
3.462467877198673e-24
3.4626394684443665e-24
3.462827687452567e-24
3.463032874507931e-24
3.46325541065313e-24
3.463495718038269e-24
3.463754260394046e-24
3.464031543625872e-24
3.464328116527101e-24
3.464644571609771e-24
3.464981546051809e-24
3.4653397227600875e-24
3.4657198315492054e-24
3.466122650436132e-24
3.466549007051428e-24
3.466999780167912e-24
3.4674759013481904e-24
3.467978356712654e-24
3.468508188830013e-24
3.469066498732635e-24
3.469654448059289e-24
3.470273261328331e-24
3.470924228344449e-24
3.471608706742508e-24
3.472328124672305e-24
3.473083983628326e-24
3.473877861428757e-24
3.4747114153484664e-24
3.4755863854107674e-24
3.476504597843119e-24
3.477467968702156e-24
3.478478507673674e-24
3.479538322053521e-24
3.480649620915438e-24
3.4818147194723364e-24
3.4830360436375386e-24
3.484316134792828e-24
3.485657654770447e-24
3.487063391056217e-24
3.488536262221288e-24
3.490079323590258e-24
3.491695773153373e-24
3.4933889577309135e-24
3.49516237939799e-24
3.4970197021778695e-24
3.498964759012407e-24
3.501001559018056e-24
3.503134295035951e-24
3.505367351484702e-24
3.507705312524588e-24
3.510152970541602e-24
3.512715334959939e-24
3.5153976413912596e-24
3.518205361129049e-24
3.5211442109959905e-24
3.52422016355217e-24
3.527439457671472e-24
3.530808609493233e-24
3.534334423755679e-24
3.538024005517079e-24
3.5418847722700185e-24
3.545924466453375e-24
3.550151168365799e-24
3.554573309483522e-24
3.559199686184343e-24
3.564039473878347e-24
3.569102241544891e-24
3.57439796667361e-24
3.5799370506060606e-24
3.585730334272549e-24
3.591789114317272e-24
3.5981251596026214e-24
3.604750728081562e-24
3.611678584024732e-24
3.618922015586582e-24
3.62649485269232e-24
3.6344114852247704e-24
3.642686881487677e-24
3.651336606918951e-24
3.6603768430246424e-24
3.669824406501282e-24
3.679696768511485e-24
3.690012074074376e-24
3.700789161529874e-24
3.712047582032609e-24
3.7238076190288504e-24
3.736090307667084e-24
3.748917454090645e-24
3.762311654558912e-24
3.7762963143418016e-24
3.7908956663315375e-24
3.806134789314594e-24
3.8220396258472506e-24
3.83863699967884e-24
3.855954632668177e-24
3.874021161141572e-24
3.892866151644083e-24
3.912520116040274e-24
3.933014525926913e-24
3.95438182632653e-24
3.9766554486395485e-24
3.999869822842403e-24
4.024060388929748e-24
4.049263607612048e-24
4.0755169702931775e-24
4.102859008368288e-24
4.1313293018988484e-24
4.16096848773934e-24
4.191818267209472e-24
4.223921413425503e-24
4.257321778425131e-24
4.2920643002419846e-24
4.32819501010763e-24
4.365761039980947e-24
4.404810630627214e-24
4.4453931404906954e-24
4.487559055626217e-24
4.531360000975525e-24
4.576848753294178e-24
4.624079256053007e-24
4.673106636655558e-24
4.7239872263286895e-24
4.776778583057815e-24
4.831539517951156e-24
4.888330125428634e-24
4.947211817641213e-24
5.008247363535236e-24
5.071500932984422e-24
5.137038146419137e-24
5.204926130390262e-24
5.275233579511764e-24
5.348030825234395e-24
5.4233899119122584e-24
5.501384680634959e-24
5.582090861312174e-24
5.665586173513963e-24
5.751950436591509e-24
5.841265689627974e-24
5.9336163218010466e-24
6.0290892137756886e-24
6.1277738907901345e-24
6.229762688151995e-24
6.335150929922429e-24
6.444037121639338e-24
6.556523158014337e-24
6.672714546635017e-24
6.792720648815294e-24
6.916654938863999e-24
7.044635283187494e-24
7.176784240808192e-24
7.313229387070307e-24
7.454103662520626e-24
7.599545749198514e-24
7.749700476851468e-24
7.904719261915227e-24
8.064760582468121e-24
