2.4282747609398205e-24
2.4281087810432777e-24
2.4280465569547036e-24
2.4280733916996982e-24
2.4281760497435912e-24
2.4283426204691672e-24
2.4285623931594474e-24
2.4288257426286526e-24
2.429124024688251e-24
2.4294494806768764e-24
2.4297951503303107e-24
2.4301547923118928e-24
2.4305228117691097e-24
2.4308941943255955e-24
2.4312644459608243e-24
2.4316295382694605e-24
2.4319858586309397e-24
2.4323301648565396e-24
2.4326595439153458e-24
2.432971374371967e-24
2.4332632921994582e-24
2.4335331596578398e-24
2.4337790369553763e-24
2.4339991564324955e-24
2.43419189903018e-24
2.4343557728268026e-24
2.434489393442593e-24
2.4345914661312414e-24
2.4346607693917987e-24
2.4346961399487754e-24
2.4346964589621954e-24
2.4346606393397708e-24
2.4345876140362075e-24
2.4344763252325155e-24
2.4343257142989987e-24
2.434134712452789e-24
2.4339022320286197e-24
2.4336271582880103e-24
2.4333083416992555e-24
2.4329445906240216e-24
2.4325346643541367e-24
2.4320772664444074e-24
2.4315710382927724e-24
2.431014552922136e-24
2.430406308922191e-24
2.429744724511711e-24
2.4290281316854565e-24
2.4282547704111393e-24
2.4274227828454604e-24
2.426530207538839e-24
2.4255749736007032e-24
2.4245548947990116e-24
2.4234676635687953e-24
2.4223108449053066e-24
2.421081870119004e-24
2.4197780304305486e-24
2.4183964703840076e-24
2.4169341810580484e-24
2.4153879930554476e-24
2.4137545692508856e-24
2.4120303972786825e-24
2.4102117817421276e-24
2.408294836125899e-24
2.4062754743944184e-24
2.4041494022590744e-24
2.401912108096999e-24
2.3995588535056275e-24
2.397084663477402e-24
2.394484316178601e-24
2.3917523323191383e-24
2.3888829640988436e-24
2.3858701837177764e-24
2.382707671440304e-24
2.3793888032019846e-24
2.3759066377527324e-24
2.3722539033301115e-24
2.3684229838608623e-24
2.3644059046908863e-24
2.3601943178495915e-24
2.355779486858588e-24
2.3511522711007123e-24
2.3463031097737962e-24
2.3412220054616744e-24
2.33589850736605e-24
2.330321694255948e-24
2.324480157207488e-24
2.318361982224634e-24
2.3119547328567037e-24
2.305245432953307e-24
2.2982205497337755e-24
2.290865977386603e-24
2.2831670214652316e-24
2.2751083844053053e-24
2.2666741525616727e-24
2.257847785252775e-24
2.248612106407186e-24
2.2389492995409604e-24
2.2288409069560052e-24
2.2182678342513496e-24
2.20721036148454e-24
2.195648162626981e-24
2.183560335334895e-24
2.170925443530452e-24
2.1577215758737468e-24
2.1439264239456904e-24
2.1295173848861647e-24
2.114471694400659e-24
2.0987665975276228e-24
2.082379566432893e-24
2.0652885768997645e-24
2.047472458239772e-24
2.0289113352920274e-24
2.0095871862565738e-24
1.9894845466764417e-24
1.9685913984190495e-24
1.946900293629697e-24
1.9244097781553056e-24
1.9011261979691247e-24
1.8770659970899417e-24
1.8522586482595116e-24
1.8267504006170424e-24
1.8006090848501865e-24
1.7739302894368812e-24
1.746845315913562e-24
1.719531440833168e-24
1.6922251605253466e-24
1.6652392719157477e-24
1.638984840768723e-24
1.6139993052522804e-24
1.5909821086955225e-24
1.5708392616093621e-24
1.5547379591063617e-24
1.5441716470131604e-24
1.5410345977423554e-24
1.5477032291523927e-24
1.5671198020131288e-24
1.6028745422274958e-24
1.659287469482556e-24
1.7415037801605684e-24
1.855635551523528e-24
2.0089996020675407e-24
2.2104989858666716e-24
2.4711428542265326e-24
2.8045276800939638e-24
3.2266249951793055e-24
3.7529600221886535e-24
4.388378534575642e-24
5.100625990557775e-24
5.7758811295687415e-24
6.2074052455915185e-24
6.223967747265428e-24
5.865954906975059e-24
5.32727478707638e-24
4.7735838627552045e-24
4.28337343469713e-24
3.8782745645915e-24
3.556389505422195e-24
3.309142063826303e-24
3.1275650129715165e-24
3.0040151008065995e-24
2.9322542077446185e-24
2.9070910374737015e-24
2.9240262277119957e-24
2.9790331386696506e-24
3.0684736157825406e-24
3.1890978311871986e-24
3.338073333991318e-24
3.513006661413036e-24
3.7119426043243254e-24
3.933341397080661e-24
4.176040917634232e-24
4.439211945679178e-24
4.722312758126009e-24
5.025046980030745e-24
5.347326623289901e-24
5.6892408980915565e-24
6.051030603574625e-24
6.43306752314382e-24
6.835838111168468e-24
7.259930765585943e-24
7.706026048782733e-24
8.174889301416567e-24
8.66736520430497e-24
9.184373908506391e-24
9.726908450277546e-24
1.0296033203177809e-23
1.0892883199282742e-23
1.1518664154967084e-23
1.2174653115142185e-23
1.2862199593141786e-23
1.3582727177248847e-23
1.433773551834612e-23
1.5128802683138857e-23
1.595758782798314e-23
1.6825834167147398e-23
1.7735372270127555e-23
1.8688123567457983e-23
1.968610420430328e-23
2.0731429091032773e-23
2.1826316342758942e-23
2.2973091776681902e-23
