5.724365847481601e-24
5.674687650434929e-24
5.638461600758912e-24
5.615527664292494e-24
5.605747549540188e-24
5.609003947778717e-24
5.625199786513867e-24
5.6542574938509796e-24
5.696118271737808e-24
5.750741376374508e-24
5.818103404485628e-24
5.898197584415179e-24
5.9910330713518526e-24
6.096634246147599e-24
6.215040017383531e-24
6.3463031266507705e-24
6.490489456864778e-24
6.647677343820581e-24
6.817956891134518e-24
7.00142928900743e-24
7.198206137259708e-24
7.408408773370359e-24
7.632167606419762e-24
7.869621458032647e-24
8.120916911769102e-24
8.386207672497135e-24
8.665653937701122e-24
8.959421782871466e-24
9.267682563293786e-24
9.59061233492191e-24
9.928391297108977e-24
1.0281203260088657e-23
1.0649235140415636e-23
1.1032676487390852e-23
1.1431719043711735e-23
1.1846556343440984e-23
1.2277383350424814e-23
1.2724396139976672e-23
1.3187791626610664e-23
1.3667767340303692e-23
1.4164521253336612e-23
1.4678251659668125e-23
1.5209157108126503e-23
1.5757436390515663e-23
1.6323288585012156e-23
1.690691315503676e-23
1.75085101029779e-23
1.8128280177892097e-23
1.876642513565068e-23
1.942314804961551e-23
2.009865366918804e-23
2.079314882369781e-23
2.150684286802206e-23
2.223994816635829e-23
2.2992680610274354e-23
2.3765260166694656e-23
2.4557911451498132e-23
2.5370864324027e-23
2.6204354498002062e-23
2.7058624164031457e-23
2.793392261923248e-23
2.8830506899344773e-23
2.9748642408979303e-23
3.068860354573024e-23
3.1650674314279696e-23
3.2635148926872667e-23
3.364233238639284e-23
3.467254104951087e-23
3.5726103166581137e-23
3.6803359396247823e-23
3.790466329251443e-23
3.903038176240116e-23
4.0180895493172714e-23
4.135659934728422e-23
4.2557902724954335e-23
4.378522989317093e-23
4.503902028123506e-23
4.631972874204955e-23
4.762782578008701e-23
4.8963797745185895e-23
5.032814699312682e-23
5.172139201330379e-23
5.314406752313943e-23
5.459672453079952e-23
5.607993036586754e-23
5.759426867818136e-23
5.914033940593313e-23
6.071875871246218e-23
6.233015889229843e-23
6.397518824632597e-23
6.565451092596893e-23
6.736880674591855e-23
6.911877096517258e-23
7.090511403574295e-23
7.272856131750473e-23
7.458985275937629e-23
7.648974254446875e-23
7.842899869811428e-23
8.040840265719346e-23
8.242874879854029e-23
8.449084392477002e-23
8.659550670449094e-23
8.874356706471546e-23
9.093586553270468e-23
9.317325252360951e-23
9.545658757134505e-23
9.77867384989086e-23
1.0016458052358503e-22
1.0259099529475503e-22
1.0506686985813351e-22
1.0759309554388716e-22
1.1017056677296076e-22
1.128001797765504e-22
1.1548283122540387e-22
1.1821941676114019e-22
1.2101082942797493e-22
1.2385795799532616e-22
1.2676168516975954e-22
1.297228856871961e-22
1.3274242428292486e-22
1.358211535310595e-22
1.3895991154981178e-22
1.421595195659799e-22
1.454207793336011e-22
1.4874447040136485e-22
1.521313472233368e-22
1.5558213610940367e-22
1.5909753200931994e-22
1.626781951278078e-22
1.6632474736607383e-22
1.7003776858828496e-22
1.7381779270832407e-22
1.7766530359889296e-22
1.815807308185593e-22
1.855644451610935e-22
1.896167540252328e-22
1.9373789661099744e-22
1.979280389446587e-22
2.0218726873865944e-22
2.0651559009594405e-22
2.1091291806514769e-22
2.153790730604806e-22
2.199137751587276e-22
2.245166382889933e-22
2.2918716433436282e-22
2.3392473716362736e-22
2.3872861661885627e-22
2.4359793248342264e-22
2.485316784574399e-22
2.53528706174459e-22
2.5858771928947986e-22
2.6370726767894927e-22
2.688857417876643e-22
2.741213671659439e-22
2.7941219923962945e-22
2.847561183589967e-22
2.9015082517361578e-22
2.9559383637996915e-22
3.010824808945248e-22
3.066138964972635e-22
3.1218502699916114e-22
3.1779261998052366e-22
3.234332251470191e-22
3.2910319334968575e-22
3.347986763103436e-22
3.4051562709117765e-22
3.4624980134194847e-22
3.519967593520688e-22
3.5775186893283604e-22
3.635103091430601e-22
3.6926707486253734e-22
3.750169822161832e-22
3.8075467483791305e-22
3.8647463094863867e-22
3.9217117122468167e-22
3.9783846740975164e-22
4.0347055162035835e-22
4.090613262838142e-22
4.146045746315429e-22
4.200939716687362e-22
4.255230955234164e-22
4.3088543907623175e-22
4.361744217591661e-22
4.413834014093174e-22
4.465056860523817e-22
4.515345454939663e-22
4.564632225875343e-22
4.612849440503122e-22
4.659929306983907e-22
4.705804069775762e-22
4.750406096615464e-22
4.7936679560895055e-22
4.835522484634219e-22
4.875902842000039e-22
4.914742554263861e-22
4.95197554357961e-22
4.987536144014082e-22
5.021359102893884e-22
5.053379567264966e-22
5.083533055152494e-22
5.1117554114890375e-22
