2.8787053910030586e-23
2.886414791800564e-23
2.9005898740684436e-23
2.9212433839353915e-23
2.948400247561454e-23
2.982097485311154e-23
3.02238414009818e-23
3.069321218876184e-23
3.122981646215674e-23
3.1834502288985384e-23
3.250823630411428e-23
3.3252103541802307e-23
3.406730734375728e-23
3.4955169330464453e-23
3.591712942339468e-23
3.695474590391071e-23
3.8069695496617686e-23
3.926377346174971e-23
4.053889368247342e-23
4.18970887319585e-23
4.334050990420002e-23
4.487142719300659e-23
4.649222920228412e-23
4.820542297094613e-23
5.00136336951328e-23
5.191960433073035e-23
5.392619505823975e-23
5.603638259282943e-23
5.825325932217061e-23
6.058003225469333e-23
6.302002176186969e-23
6.55766600982249e-23
6.825348968391033e-23
7.105416113541394e-23
7.398243103163173e-23
7.70421594036463e-23
8.023730693840223e-23
8.357193188910524e-23
8.705018668615054e-23
9.067631424667235e-23
9.445464398258516e-23
9.838958751035998e-23
1.0248563406948579e-22
1.0674734566036403e-22
1.1117935191560859e-22
1.1578634472420173e-22
1.2057307263017967e-22
1.2554433503468272e-22
1.307049762319634e-22
1.3605987931606842e-22
1.4161395999878236e-22
1.4737216038393756e-22
1.533394427462884e-22
1.5952078336904713e-22
1.659211664936699e-22
1.725455784437456e-22
1.7939900198020534e-22
1.8648641095482862e-22
1.9381276532237598e-22
2.013830065752655e-22
2.0920205366765926e-22
2.1727479948388185e-22
2.2560610791761884e-22
2.342008116108865e-22
2.4306371040908796e-22
2.521995705748795e-22
2.6161312480591546e-22
2.713090730823772e-22
2.8129208438020517e-22
2.9156679926017834e-22
3.0213783334840605e-22
3.1300978170756306e-22
3.241872240902436e-22
3.3567473106486903e-22
3.4747687097775734e-22
3.5959821773356512e-22
3.720433593414785e-22
3.848169071839883e-22
3.9792350595511464e-22
4.1136784420512114e-22
4.251546654288532e-22
4.392887796311555e-22
4.537750752882675e-22
4.686185316481466e-22
4.838242312820213e-22
4.993973728190915e-22
5.153432837941405e-22
5.316674335325925e-22
5.483754460160255e-22
5.654731126561471e-22
5.829664049174432e-22
6.008614867510309e-22
6.191647267758817e-22
6.378827101677127e-22
6.570222502296938e-22
6.76590399608049e-22
6.9659446112733e-22
7.170419982359135e-22
7.379408450396688e-22
7.59299115924736e-22
7.811252147768717e-22
8.034278437730627e-22
8.262160117862878e-22
8.49499042399384e-22
8.732865815411936e-22
8.97588604773387e-22
9.224154242379809e-22
9.477776953056554e-22
9.736864229190108e-22
1.000152967706431e-21
1.0271890518192045e-21
1.0548067646111092e-21
1.0830185680975112e-21
1.1118373022878084e-21
1.1412761903632414e-21
1.1713488437798688e-21
1.2020692672794414e-21
1.233451863826728e-21
1.2655114395447677e-21
1.2982632085939956e-21
1.3317227980868317e-21
1.3659062529966434e-21
1.4008300411076476e-21
1.4365110579965679e-21
1.472966632085138e-21
1.5102145297362562e-21
1.5482729604318586e-21
1.5871605820077271e-21
1.6268965059890009e-21
1.6675003029837466e-21
1.7089920081452927e-21
1.751392126737049e-21
1.7947216397317798e-21
1.839002009495176e-21
1.8842551855201193e-21
1.93050361018898e-21
1.9777702245866698e-21
2.0260784743215507e-21
2.0754523153326763e-21
2.125916219724215e-21
2.1774951815027124e-21
2.2302147223144537e-21
2.284100897041867e-21
2.3391802993572662e-21
2.395480067081311e-21
2.4530278873940162e-21
2.511852001848311e-21
2.571981211161087e-21
2.6334448796648026e-21
2.6962729395322253e-21
2.7604958945577195e-21
2.8261448235442886e-21
2.893251383294343e-21
2.9618478109591734e-21
3.031966925954896e-21
3.1036421310808053e-21
3.1769074130688772e-21
3.2517973422735026e-21
3.328347071545796e-21
3.406592334123154e-21
3.486569440525116e-21
3.568315274338958e-21
3.651867286769624e-21
3.737263489873532e-21
3.824542448335679e-21
3.913743269736814e-21
4.004905593103607e-21
4.098069575657467e-21
4.193275877602161e-21
4.290565644808498e-21
4.389980489237883e-21
4.4915624668945506e-21
4.595354053200861e-21
4.701398115543058e-21
4.809737882826419e-21
4.920416911797478e-21
5.0334790499175534e-21
5.148968394597499e-21
5.266929248452574e-21
5.387406070424695e-21
5.510443422442602e-21
5.6360859113089314e-21
5.7643781255529975e-21
5.8953645669895305e-21
6.029089576457747e-21
6.165597253706977e-21
6.304931370749716e-21
6.44713527852558e-21
6.592251806438908e-21
6.740323154300322e-21
6.891390776316039e-21
7.04549525676636e-21
7.20267617666721e-21
7.362971971406675e-21
7.526419778286504e-21
7.693055274095351e-21
7.862912501741393e-21
8.03602368565001e-21
8.212419035449693e-21
8.392126537193578e-21
8.575171731728075e-21
