3.429948069909669e-24
3.2553062953450844e-24
3.089060355337921e-24
2.930844820913022e-24
2.7803109476467327e-24
2.637125962562127e-24
2.500972390041723e-24
2.371547415447339e-24
2.2485622851281438e-24
2.1317417414538906e-24
2.0208234914285888e-24
1.9155577073133283e-24
1.8157065575005993e-24
1.7210437656320052e-24
1.6313541956205291e-24
1.5464334598131198e-24
1.4660875470052104e-24
1.3901324663692198e-24
1.3183939025977255e-24
1.250706876667522e-24
1.1869154056364278e-24
1.1268721538126987e-24
1.070438066547234e-24
1.0174819769049479e-24
9.67880174698809e-25
9.215159270457844e-25
8.782789399684186e-25
8.380647519447448e-25
8.007740530311919e-25
7.66311927554987e-25
7.345870246013045e-25
7.055106685927945e-25
6.789959318384626e-25
6.549567012465567e-25
6.333067812075628e-25
6.139590823077267e-25
5.968249492025279e-25
5.81813679000837e-25
5.688322728907386e-25
5.577854485382057e-25
5.485759203931767e-25
5.411049320428259e-25
5.352730025171945e-25
5.309808303680636e-25
5.281302880566712e-25
5.26625436016377e-25
5.263734904858334e-25
5.272856902918325e-25
5.292780228137566e-25
5.322717858064397e-25
5.361939773114951e-25
5.409775189518445e-25
5.465613276094358e-25
5.528902566818372e-25
5.599149311118647e-25
5.67591500818937e-25
5.758813357379426e-25
5.847506830868153e-25
5.941703043080874e-25
6.041151058010916e-25
6.145637743788096e-25
6.254984255229486e-25
6.369042700632361e-25
6.487693028915692e-25
6.61084015722302e-25
6.738411346811462e-25
6.870353825965063e-25
7.006632652195743e-25
7.147228801645217e-25
7.292137470890804e-25
7.441366574879028e-25
7.594935424181371e-25
7.752873564869966e-25
7.915219764880353e-25
8.082021131594036e-25
8.253332346413651e-25
8.429215003233614e-25
8.609737038875512e-25
8.794972244692304e-25
8.984999849650349e-25
9.179904166238413e-25
9.379774291501675e-25
9.584703856393572e-25
9.794790817437072e-25
1.0010137285407658e-24
1.0230849386408853e-24
1.0457037151274816e-24
1.0688814429777334e-24
1.0926298826535947e-24
1.1169611655964618e-24
1.141887791391854e-24
1.1674226264031699e-24
1.193578903699742e-24
1.2203702241288052e-24
1.247810558401419e-24
1.275914250081081e-24
1.3046960193783892e-24
1.3341709676701902e-24
1.3643545826727628e-24
1.395262744208668e-24
1.4269117305165511e-24
1.4593182250609624e-24
1.4924993238045728e-24
1.5264725429136322e-24
1.5612558268697792e-24
1.596867556967043e-24
1.633326560177638e-24
1.6706521183707793e-24
1.7088639778743536e-24
1.7479823593698566e-24
1.7880279681143825e-24
1.8290220044839788e-24
1.8709861748363185e-24
1.913942702689244e-24
1.9579143402164737e-24
2.002924380058641e-24
2.0489966674537402e-24
2.0961556126869326e-24
2.1444262038641077e-24
2.1938340200127392e-24
2.2444052445135535e-24
2.296166678869369e-24
2.349145756814435e-24
2.403370558772584e-24
2.4588698266676996e-24
2.5156729790957772e-24
2.5738101268630682e-24
2.6333120889000188e-24
2.69421040855647e-24
2.7565373702882593e-24
2.8203260167412306e-24
2.8856101662430782e-24
2.952424430711087e-24
3.020804233985263e-24
3.090785830595356e-24
3.1624063249727265e-24
3.2357036911169135e-24
3.3107167927256964e-24
3.3874854038014304e-24
3.466050229742522e-24
3.546452928932511e-24
3.62873613483776e-24
3.712943478624691e-24
3.799119612310223e-24
3.8873102324560244e-24
3.977562104421006e-24
4.069923087182169e-24
4.16444215874129e-24
4.261169442126152e-24
4.360156232005282e-24
4.461455021925457e-24
4.5651195321913826e-24
4.671204738398381e-24
4.77976690063751e-24
4.890863593384001e-24
5.0045537360906566e-24
5.120897624497991e-24
5.239956962681864e-24
5.3617948958519536e-24
5.4864760439233235e-24
5.6140665358763255e-24
5.744634044924085e-24
5.8782478245079066e-24
6.014978745138083e-24
6.154899332104356e-24
6.298083804069938e-24
6.444608112579314e-24
6.59454998249199e-24
6.747988953372422e-24
6.905006421855564e-24
7.06568568500923e-24
7.230111984723383e-24
7.39837255314555e-24
7.570556659189995e-24
7.746755656148108e-24
7.927063030423637e-24
8.111574451423528e-24
8.300387822630019e-24
8.493603333885303e-24
8.691323514916773e-24
8.893653290134047e-24
9.100700034732631e-24
9.312573632129091e-24
9.529386532772021e-24
9.751253814351782e-24
9.978293243454837e-24
1.021062533869227e-23
1.0448373435344427e-23
1.0691663751559207e-23
1.094062545614355e-23
1.1195390737993676e-23
1.1456094877201342e-23
1.1722876317888708e-23
1.1995876742810427e-23
1.227524114977667e-23
1.2561117929946513e-23
1.2853658948041939e-23
1.3153019624539412e-23
1.3459359019894976e-23
1.3772839920863266e-23
1.409362892897193e-23
