4.00362945221015e-23
4.004664208616736e-23
4.005649962469915e-23
4.006588805566082e-23
4.0074827301182113e-23
4.00833363298834e-23
4.0091433197172995e-23
4.00991350835989e-23
4.010645833134333e-23
4.011341847893166e-23
4.012003029423423e-23
4.0126307805827087e-23
4.0132264332784004e-23
4.013791251295771e-23
4.014326432981416e-23
4.0148331137875977e-23
4.015312368682845e-23
4.015765214434091e-23
4.016192611765038e-23
4.0165954673955375e-23
4.0169746359660634e-23
4.0173309218517513e-23
4.0176650808693633e-23
4.0179778218812105e-23
4.0182698082994644e-23
4.0185416594934673e-23
4.0187939521040284e-23
4.0190272212663075e-23
4.019241961745109e-23
4.0194386289838174e-23
4.019617640070201e-23
4.0197793746204643e-23
4.0199241755836945e-23
4.020052349968317e-23
4.020164169492231e-23
4.020259871157716e-23
4.0203396577527234e-23
4.0204036982791485e-23
4.020452128309342e-23
4.020485050271433e-23
4.020502533663916e-23
4.020504615200437e-23
4.020491298884361e-23
4.0204625560137624e-23
4.0204183251167295e-23
4.020358511816654e-23
4.020282988627237e-23
4.0201915946769323e-23
4.0200841353618885e-23
4.019960381926844e-23
4.01982007097294e-23
4.019662903891237e-23
4.0194885462210586e-23
4.0192966269310557e-23
4.019086737622178e-23
4.018858431650131e-23
4.0186112231656534e-23
4.0183445860706144e-23
4.01805795288702e-23
4.017750713537292e-23
4.017422214032212e-23
4.017071755064179e-23
4.016698590502362e-23
4.0163019257864014e-23
4.015880916215285e-23
4.0154346651270015e-23
4.014962221965555e-23
4.014462580230422e-23
4.0139346753040584e-23
4.013377382152463e-23
4.012789512893609e-23
4.0121698142281463e-23
4.011516964726395e-23
4.010829571965757e-23
4.0101061695113675e-23
4.009345213733645e-23
4.008545080454947e-23
4.007704061417568e-23
4.006820360565025e-23
4.005892090127738e-23
4.004917266503851e-23
4.0038938059257046e-23
4.002819519901234e-23
4.001692110419967e-23
4.0005091649113696e-23
3.9992681509441413e-23
3.9979664106530444e-23
3.996601154880009e-23
3.995169457014573e-23
3.993668246519225e-23
3.9920943021229375e-23
3.990444244665733e-23
3.9887145295768367e-23
3.9869014389665573e-23
3.985001073312119e-23
3.9830093427155555e-23
3.9809219577110724e-23
3.978734419597679e-23
3.9764420102710054e-23
3.974039781527835e-23
3.971522543812318e-23
3.9688848543769373e-23
3.966121004819739e-23
3.963225007968547e-23
3.960190584071157e-23
3.9570111462516404e-23
3.9536797851946234e-23
3.9501892530061783e-23
3.9465319462078024e-23
3.942699887808771e-23
3.9386847084019886e-23
3.934477626228592e-23
3.930069426135191e-23
3.925450437374329e-23
3.920610510153404e-23
3.915538990874815e-23
3.910224695957506e-23
3.904655884176169e-23
3.8988202273961075e-23
3.892704779604181e-23
3.886295944130911e-23
3.879579438916079e-23
3.8725402597092325e-23
3.865162641026675e-23
3.857430014737049e-23
3.849324966069789e-23
3.840829186889551e-23
3.831923425980353e-23
3.8225874361682574e-23
3.812799917992111e-23
3.802538459661607e-23
3.7917794730029085e-23
3.78049812504805e-23
3.768668264941625e-23
3.756262345681468e-23
3.74325134033902e-23
3.729604652190039e-23
3.715290018241572e-23
3.700273405506954e-23
3.6845188993956755e-23
3.667988583360061e-23
3.65064240905382e-23
3.632438055889974e-23
3.6133307790364714e-23
3.593273244592543e-23
3.572215350366953e-23
3.5501040310335754e-23
3.5268830454729316e-23
3.502492744532179e-23
3.4768698166678665e-23
3.449947008911532e-23
3.421652819951184e-23
3.391911161802122e-23
3.3606409859014606e-23
3.327755868875656e-23
3.293163552328997e-23
3.256765430079123e-23
3.218455975419762e-23
3.178122099189504e-23
3.1356424279121836e-23
3.090886489907231e-23
3.0437137941758736e-23
2.9939727839203466e-23
2.9414996443780835e-23
2.8861169382444235e-23
2.827632038837207e-23
2.7658353235283343e-23
2.7004980816335033e-23
2.631370083059413e-23
2.5581767407414695e-23
2.4806157841320197e-23
2.398353347804086e-23
2.3110193530976506e-23
2.218202044172725e-23
2.1194415113840698e-23
2.0142220235356215e-23
1.9019629965425235e-23
1.7820085017854097e-23
1.6536154476493887e-23
1.5159412452244084e-23
1.3680335546758664e-23
1.2088297890065946e-23
1.0371895253102715e-23
8.520370772081877e-24
6.529228377504421e-24
4.426632691998841e-24
2.463600241865891e-24
2.3621318660183732e-24
4.799200537567551e-24
8.086877700745111e-24
1.195082743987808e-23
1.6447056449306075e-23
2.172552317696719e-23
2.8023155582100614e-23
3.570426062182856e-23
4.5348229374007666e-23
5.793097514264905e-23
7.52321809221565e-23
1.0087669760409992e-22
1.4355888456575167e-22
2.3060234913032536e-22
