2.049681617796568e-24
2.045641054581723e-24
2.0419372645520513e-24
2.0385430847053962e-24
2.035433554950368e-24
2.0325857526619833e-24
2.0299786379018872e-24
2.0275929089318335e-24
2.025410867606738e-24
2.0234162942010448e-24
2.0215943312028227e-24
2.019931375599062e-24
2.018414979173243e-24
2.0170337563393177e-24
2.0157772990453016e-24
2.0146360982919014e-24
2.013601471827247e-24
2.012665497596539e-24
2.011820952544603e-24
2.0110612563897227e-24
2.0103804200075522e-24
2.0097729980851594e-24
2.0092340457256587e-24
2.008759078704286e-24
2.008344037096763e-24
2.007985252019424e-24
2.0076794152392635e-24
2.007423551429302e-24
2.0072149928611567e-24
2.007051356342435e-24
2.0069305222211393e-24
2.006850615293252e-24
2.0068099874623634e-24
2.006807202012468e-24
2.0068410193661164e-24
2.006910384210717e-24
2.0070144138854208e-24
2.007152387929906e-24
2.0073237387049377e-24
2.00752804300209e-24
2.007765014567209e-24
2.0080344974687527e-24
2.008336460248224e-24
2.0086709907954564e-24
2.0090382918966494e-24
2.009438677407842e-24
2.0098725690107926e-24
2.010340493512291e-24
2.010843080651571e-24
2.0113810613838723e-24
2.0119552666113056e-24
2.012566626335056e-24
2.013216169205492e-24
2.0139050224492195e-24
2.01463441215422e-24
2.0154056638963604e-24
2.016220203692161e-24
2.0170795592646945e-24
2.0179853616106433e-24
2.0189393468583055e-24
2.0199433584072825e-24
2.0209993493418693e-24
2.0221093851112254e-24
2.0232756464702622e-24
2.024500432675862e-24
2.0257861649341244e-24
2.0271353900945775e-24
2.0285507845880866e-24
2.0300351586055694e-24
2.0315914605149254e-24
2.0332227815140987e-24
2.0349323605181333e-24
2.0367235892785303e-24
2.038600017732932e-24
2.0405653595835153e-24
2.0426234981021055e-24
2.044778492160027e-24
2.04703458248037e-24
2.0493961981101063e-24
2.051867963109132e-24
2.054454703452686e-24
2.0571614541432295e-24
2.0599934665271526e-24
2.0629562158109852e-24
2.066055408771048e-24
2.0692969916495054e-24
2.0726871582290465e-24
2.0762323580771734e-24
2.0799393049502156e-24
2.0838149853458018e-24
2.08786666719157e-24
2.0921019086563305e-24
2.0965285670688184e-24
2.1011548079275285e-24
2.1059891139839983e-24
2.1110402943801312e-24
2.116317493818985e-24
2.121830201746741e-24
2.1275882615222225e-24
2.133601879548975e-24
2.1398816343433366e-24
2.1464384855108253e-24
2.1532837826018445e-24
2.160429273816687e-24
2.1678871145287036e-24
2.1756698755940627e-24
2.1837905514155075e-24
2.192262567727565e-24
2.20109978907036e-24
2.210316525919525e-24
2.2199275414400142e-24
2.2299480578328505e-24
2.240393762244753e-24
2.25128081221251e-24
2.2626258406157883e-24
2.2744459601149277e-24
2.2867587670527927e-24
2.2995823448036044e-24
2.312935266555213e-24
2.3268365975158273e-24
2.341305896540782e-24
2.3563632171801667e-24
2.3720291081536977e-24
2.3883246132649374e-24
2.4052712707732346e-24
2.4228911122479915e-24
2.4412066609364953e-24
2.460240929682901e-24
2.4800174184428027e-24
2.5005601114440063e-24
2.521893474050602e-24
2.5440424493933046e-24
2.567032454834632e-24
2.5908893783427888e-24
2.615639574852403e-24
2.641309862694502e-24
2.667927520181183e-24
2.695520282432829e-24
2.7241163385374313e-24
2.753744329132324e-24
2.7844333444983224e-24
2.816212923255429e-24
2.8491130517471888e-24
2.8831641641978697e-24
2.918397143723491e-24
2.954843324272559e-24
2.992534493568095e-24
3.0315028971163694e-24
3.071781243341651e-24
3.1134027098997574e-24
3.1564009512163263e-24
3.200810107288512e-24
3.2466648137816914e-24
3.294000213445749e-24
3.34285196886844e-24
3.39325627657663e-24
3.4452498824899124e-24
3.4988700987250025e-24
3.55415482174412e-24
3.611142551835554e-24
3.6698724139103555e-24
3.730384179595636e-24
3.792718290602092e-24
3.8569158833411164e-24
3.923018814765451e-24
3.991069689406773e-24
4.061111887583334e-24
4.1331895947517355e-24
4.2073478319780845e-24
4.283632487505826e-24
4.362090349400294e-24
4.442769139253007e-24
4.5257175469327424e-24
4.610985266374612e-24
4.698623032403113e-24
4.78868265859065e-24
4.881217076158744e-24
4.976280373935354e-24
5.0739278393886026e-24
5.174216000764722e-24
5.2772026703653565e-24
5.382946989008462e-24
5.491509471725511e-24
5.602952054757896e-24
5.717338143925993e-24
5.834732664455603e-24
5.955202112359432e-24
6.078814607485091e-24
6.205639948356137e-24
6.335749668949846e-24
6.469217097574425e-24
6.606117418029628e-24
6.746527733258552e-24
6.890527131725883e-24
7.038196756788659e-24
7.189619879361111e-24
7.344881974215849e-24
7.504070800310728e-24
7.667276485584834e-24
7.834591616730221e-24
8.006111334519968e-24
