3.939958017565715e-23
2.683270004788326e-23
1.5056670666505448e-23
4.05113249021581e-24
6.232829077834789e-24
1.5779269542764916e-23
2.462845004220066e-23
3.2797020712457583e-23
4.030203202272248e-23
4.715932764760496e-23
5.338342537481888e-23
5.898751557462392e-23
6.398347939711227e-23
6.83819103118974e-23
7.219213499284277e-23
7.542223233506944e-23
7.807905018547744e-23
8.016821963365052e-23
8.169416680877605e-23
8.266012216731276e-23
8.306812727167972e-23
8.291903906578931e-23
8.221253165500478e-23
8.09470955986699e-23
7.91200347251299e-23
7.672746048420259e-23
7.376428386507157e-23
7.022420493558171e-23
6.60997001206007e-23
6.138200747238726e-23
5.606111050098785e-23
5.0125721921562197e-23
4.356327087366889e-23
3.635990422769355e-23
2.850054031148691e-23
1.9969161123121718e-23
1.0750908400700392e-23
9.79623649477022e-25
9.884462333169933e-24
2.1298781299984367e-23
3.3498143956973036e-23
4.6503963872355757e-23
6.03430627006252e-23
7.504461292506089e-23
9.063978501072604e-23
1.0716171361613958e-22
1.2464553585818402e-22
1.4312845387427487e-22
1.626498090270923e-22
1.832511637118017e-22
2.0497638934851875e-22
2.2787176007829715e-22
2.5198605205866274e-22
2.773706484269856e-22
3.040796500874737e-22
3.3216999252832327e-22
3.617015689092394e-22
3.927373596855761e-22
4.253435690568597e-22
4.595897685480908e-22
4.955490480516038e-22
5.332981746772895e-22
5.729177597791003e-22
6.1449243454727175e-22
6.581110345774819e-22
7.038667938510623e-22
7.518575485856501e-22
8.021859514401609e-22
8.5495969658657e-22
9.10291756188104e-22
9.683006288557754e-22
1.0291106006854311e-21
1.0928520195135127e-21
1.1596615830646766e-21
1.2296826417032644e-21
1.3030655165427164e-21
1.379967833707871e-21
1.4605548755944555e-21
1.5449999500180787e-21
1.633484778193492e-21
1.7261999025531108e-21
1.8233451154532368e-21
1.9251299099023185e-21
2.031773953497198e-21
2.143507586832787e-21
2.260572347728193e-21
2.3832215226926105e-21
2.511720727147981e-21
2.6463485160137878e-21
2.7873970263717376e-21
2.9351726540224538e-21
3.0899967658860804e-21
3.2522064503003727e-21
3.422155307430446e-21
3.600214282126378e-21
3.786772541746489e-21
3.982238401625677e-21
4.1870403010276086e-21
4.4016278326831406e-21
4.6264728291352606e-21
4.86207050944945e-21
5.108940690011042e-21
5.367629063445969e-21
5.6387085500166374e-21
5.922780726104037e-21
6.22047733476613e-21
6.532461883801756e-21
6.859431337022725e-21
7.202117905041545e-21
7.561290942229921e-21
7.937758957138668e-21
8.332371744269797e-21
8.746022645510919e-21
9.17965095059867e-21
9.634244446485464e-21
1.0110842126187106e-20
1.0610537069245409e-20
1.1134479506010046e-20
1.1683880079902513e-20
1.2260013322594825e-20
1.2864221358395996e-20
1.3497917856067314e-20
1.4162592246955467e-20
1.4859814231481608e-20
1.5591238597012183e-20
1.6358610372560382e-20
1.7163770348731983e-20
1.8008660993630442e-20
1.8895332798140654e-20
1.982595108900658e-20
2.080280334942411e-20
2.1828307093790344e-20
2.29050183459986e-20
2.403564077669534e-20
2.5223035561780794e-20
2.6470232028901792e-20
2.778043917023713e-20
2.9157058101723055e-20
3.060369556694537e-20
3.2124178587975447e-20
3.3722570380758364e-20
3.540318766717034e-20
3.717061952651588e-20
3.9029747961030444e-20
4.0985770346027834e-20
4.3044223990763434e-20
4.521101303565372e-20
4.7492437949910527e-20
4.989522794795569e-20
5.24265766542326e-20
5.509418140590117e-20
5.790628665565333e-20
6.087173197368905e-20
6.400000522485842e-20
6.730130162267918e-20
7.078658937377108e-20
7.44676828867087e-20
7.835732450479242e-20
8.246927596571012e-20
8.681842102632099e-20
9.142088083154562e-20
9.629414395538066e-20
1.0145721328291209e-19
1.0693077242275174e-19
1.1273737473776866e-19
1.1890165864803444e-19
1.2545059358672223e-19
1.324137618389355e-19
1.3982368258491815e-19
1.477161856324903e-19
1.5613084401828413e-19
1.6511147668048727e-19
1.7470673470090992e-19
1.8497078775297624e-19
1.9596413173521652e-19
2.077545426302812e-19
2.204182094195608e-19
2.3404108515957426e-19
2.487205086044463e-19
2.645671604488416e-19
2.817074372982549e-19
3.002863539263311e-19
3.204711121651432e-19
3.4245552515933664e-19
3.664655452280622e-19
3.927662307831939e-19
4.216706063169102e-19
4.535510487120516e-19
4.888540715929501e-19
5.2811976987115515e-19
5.720077071112188e-19
6.213318993081114e-19
6.771088391221543e-19
7.406245984103426e-19
8.135304560051792e-19
8.97982267083472e-19
9.968487020409966e-19
1.1140315943711297e-18
1.2549752689878518e-18
1.4275085400989997e-18
1.6433017587629307e-18
