3.924542773629855e-23
3.9232592436850714e-23
3.9318584911278014e-23
3.9503583792186793e-23
3.978797758943352e-23
4.017236548228066e-23
4.065755855706573e-23
4.1244581491462736e-23
4.1934674692157063e-23
4.272929688429172e-23
4.3630128163709185e-23
4.4639073514583004e-23
4.575826680070468e-23
4.699007523838974e-23
4.833710435999036e-23
4.98022034781593e-23
5.138847166189065e-23
5.309926423652493e-23
5.493819982085269e-23
5.690916791561364e-23
5.901633705876407e-23
6.126416356399748e-23
6.36574008601909e-23
6.620110945065575e-23
6.890066751225003e-23
7.176178215567318e-23
7.479050136965216e-23
7.799322667290633e-23
8.137672649924822e-23
8.494815034264497e-23
8.871504369032436e-23
9.268536377376707e-23
9.686749616876634e-23
1.0127027227742164e-22
1.059029877266084e-22
1.1077542171910517e-22
1.1589785737531447e-22
1.2128110310540638e-22
1.2693651505336253e-22
1.328760206567374e-22
1.391121433672966e-22
1.4565802858043875e-22
1.525274708227902e-22
1.5973494224999575e-22
1.6729562250867867e-22
1.7522543001862965e-22
1.8354105473444707e-22
1.9225999244715237e-22
2.0140058068955393e-22
2.1098203631136765e-22
2.2102449479286043e-22
2.315490513678692e-22
2.425778040305564e-22
2.5413389850257674e-22
2.662415752397226e-22
2.789262185604578e-22
2.9221440798180565e-22
3.061339718499691e-22
3.207140433571124e-22
3.3598511903748053e-22
3.5197911983992648e-22
3.68729454876067e-22
3.8627108794669543e-22
4.0464060695110133e-22
4.2387629628758695e-22
4.440182123554333e-22
4.651082622715349e-22
4.871902859160202e-22
5.103101414267828e-22
5.345157942594815e-22
5.598574099376255e-22
5.863874506120044e-22
6.14160775557579e-22
6.432347457298906e-22
6.736693325066973e-22
7.055272307417577e-22
7.388739762531487e-22
7.737780678714855e-22
8.103110941678793e-22
8.485478649819752e-22
8.885665478627068e-22
9.304488095359897e-22
9.742799625000162e-22
1.0201491168492876e-21
1.0681493374149554e-21
1.118377806302732e-21
1.1709359908952583e-21
1.2259298173755082e-21
1.2834698498096565e-21
1.3436714748132887e-21
1.4066550917992254e-21
1.4725463087934262e-21
1.541476143765451e-21
1.6135812314035972e-21
1.6890040352231642e-21
1.7678930648735164e-21
1.850403098445025e-21
1.9366954095628757e-21
2.0269379989821657e-21
2.1213058303502642e-21
2.2199810697530123e-21
2.323153328565758e-21
2.4310199091003123e-21
2.543786052418081e-21
2.6616651876115875e-21
2.7848791817645765e-21
2.9136585896886686e-21
3.0482429024118332e-21
3.1888807933043385e-21
3.3358303605604062e-21
3.48935936462035e-21
3.6497454589923445e-21
3.817276412711031e-21
3.992250322552254e-21
4.1749758129141925e-21
4.36577222102995e-21
4.564969765063103e-21
4.772909692294386e-21
4.989944404464728e-21
5.2164375570537486e-21
5.452764128984712e-21
5.6993104590429084e-21
5.956474244947592e-21
6.224664500775457e-21
6.5043014681258406e-21
6.795816476100231e-21
7.099651744902939e-21
7.41626012759022e-21
7.746104784112803e-21
8.089658781634952e-21
8.447404614791487e-21
8.819833639292694e-21
9.207445412132878e-21
9.610746931466872e-21
1.0030251768911734e-20
1.0466479087479897e-20
1.091995253762175e-20
1.139119902451607e-20
1.1880747339619821e-20
1.238912665010701e-20
1.2916864839423547e-20
1.3464486693745923e-20
1.4032511929313528e-20
1.4621453055923272e-20
1.523181307410449e-20
1.5864083003509755e-20
1.651873924249998e-20
1.719624075937965e-20
1.789702611910106e-20
1.8621510350141337e-20
1.937008165890894e-20
2.0143098002158017e-20
2.094088353021386e-20
2.176372491661763e-20
2.2611867594310845e-20
2.3485511919499936e-20
2.4384809290619456e-20
2.5309858251748622e-20
2.6260700612541775e-20
2.723731762387626e-20
2.8239626246203264e-20
2.9267475557061675e-20
3.032064334162411e-20
3.139883291482308e-20
3.250167022679848e-20
3.362870130140753e-20
3.4779390059941397e-20
3.5953116581433394e-20
3.7149175848787746e-20
3.8366777026873873e-20
3.960504331934953e-20
4.086301243641566e-20
4.213963771261688e-20
4.343378989445254e-20
4.4744259620259407e-20
4.6069760592733265e-20
4.740893345213747e-20
4.8760350327694357e-20
5.012252005150882e-20
5.149389399490911e-20
5.2872872484976806e-20
5.425781174517857e-20
5.564703129058158e-20
5.703882170576661e-20
5.843145272373828e-20
5.982318151156207e-20
6.121226107522048e-20
6.259694868120823e-20
6.397551420265453e-20
6.534624828910382e-20
6.670747026649467e-20
6.805753568243774e-20
6.93948434066059e-20
7.071784221788814e-20
7.202503680602383e-20
7.331499313463882e-20
7.458634312195351e-20
7.583778859723695e-20
7.706810451561639e-20
7.827614141665314e-20
7.946082712261538e-20
