1.4188796808855876e-22
1.4192278930951255e-22
1.4195585825044688e-22
1.419872450957924e-22
1.4201701645842028e-22
1.4204523552123342e-22
1.420719621715148e-22
1.4209725312814718e-22
1.4212116206222808e-22
1.4214373971107532e-22
1.4216503398611905e-22
1.4218509007461697e-22
1.4220395053573394e-22
1.4222165539093591e-22
1.4223824220901818e-22
1.4225374618593542e-22
1.4226820021952453e-22
1.4228163497944606e-22
1.422940789722666e-22
1.423055586020594e-22
1.4231609822643622e-22
1.4232572020834912e-22
1.4233444496350253e-22
1.4234229100374986e-22
1.4234927497643516e-22
1.423554116996728e-22
1.4236071419391207e-22
1.4236519370946403e-22
1.42368859750515e-22
1.4237172009520956e-22
1.4237378081222277e-22
1.4237504627363417e-22
1.4237551916419282e-22
1.4237520048702608e-22
1.4237408956578982e-22
1.4237218404318003e-22
1.4236947987597944e-22
1.423659713264228e-22
1.4236165095005305e-22
1.4235650957989826e-22
1.4235053630695043e-22
1.4234371845708152e-22
1.4233604156407877e-22
1.4232748933890586e-22
1.4231804363513596e-22
1.4230768441041307e-22
1.422963896838405e-22
1.4228413548933512e-22
1.4227089582469842e-22
1.422566425963807e-22
1.4224134555982755e-22
1.4222497225515713e-22
1.422074879383124e-22
1.42188855507112e-22
1.4216903542252994e-22
1.4214798562460684e-22
1.4212566144311714e-22
1.4210201550261149e-22
1.4207699762171007e-22
1.4205055470650773e-22
1.4202263063766726e-22
1.4199316615112067e-22
1.4196209871209367e-22
1.4192936238211034e-22
1.4189488767883168e-22
1.4185860142822862e-22
1.4182042660899056e-22
1.417802821886711e-22
1.417380829512986e-22
1.4169373931606231e-22
1.416471571466637e-22
1.4159823755100024e-22
1.4154687667061423e-22
1.4149296545959473e-22
1.4143638945236605e-22
1.413770285198996e-22
1.413147566138102e-22
1.4124944149776893e-22
1.4118094446572912e-22
1.4110912004621357e-22
1.4103381569214531e-22
1.4095487145554601e-22
1.4087211964626838e-22
1.4078538447420097e-22
1.406944816739984e-22
1.4059921811163562e-22
1.404993913718723e-22
1.4039478932575916e-22
1.402851896771632e-22
1.4017035948740694e-22
1.4005005467694602e-22
1.399240195029076e-22
1.3979198601149312e-22
1.3965367346386353e-22
1.3950878773436113e-22
1.3935702067961951e-22
1.3919804947721007e-22
1.3903153593241368e-22
1.388571257513438e-22
1.3867444777901947e-22
1.3848311320045957e-22
1.382827147031458e-22
1.3807282559879967e-22
1.3785299890251232e-22
1.376227663671033e-22
1.3738163747042337e-22
1.3712909835325368e-22
1.3686461070527503e-22
1.365876105964721e-22
1.3629750725112017e-22
1.359936817614922e-22
1.3567548573798515e-22
1.3534223989248103e-22
1.3499323255128603e-22
1.3462771809394586e-22
1.3424491531390381e-22
1.3384400569672948e-22
1.3342413161135533e-22
1.3298439440948336e-22
1.3252385242785796e-22
1.3204151888782578e-22
1.315363596862312e-22
1.3100729107102429e-22
1.304531771945269e-22
1.2987282753695471e-22
1.292649941914737e-22
1.2862836900214985e-22
1.2796158054466771e-22
1.272631909387944e-22
1.2653169248076394e-22
1.2576550408181779e-22
1.249629674985532e-22
1.241223433376392e-22
1.232418068164783e-22
1.2231944325846692e-22
1.2135324329782885e-22
1.2034109776695773e-22
1.1928079223270978e-22
1.1817000114530718e-22
1.170062815538641e-22
1.1578706633834137e-22
1.1450965689366085e-22
1.1317121519341707e-22
1.1176875514095232e-22
1.1029913309954415e-22
1.08759037464671e-22
1.0714497711207795e-22
1.0545326850983628e-22
1.0368002122889535e-22
1.018211215148791e-22
9.987221348025934e-23
9.782867735199647e-23
9.568560402378705e-23
9.343776491569068e-23
9.107957580048001e-23
8.860505276157038e-23
8.600775774783229e-23
8.328073017196441e-23
8.041639946935881e-23
7.740647126533992e-23
7.424177625921253e-23
7.091206540504416e-23
6.74057260278321e-23
6.370937868676163e-23
5.980728930088885e-23
5.568048624810884e-23
5.1305389714714165e-23
4.6651601869920604e-23
4.167818434097851e-23
3.6327054787795134e-23
3.051052589386925e-23
2.4085983067286248e-23
1.6800040056654364e-23
8.168581111622096e-24
3.874229222706936e-24
2.2262381656737594e-23
7.944420825839001e-23
1.4768002277157676e-22
3.334056824662759e-23
8.910535232052756e-24
6.191024995090496e-24
1.7668085264587665e-23
2.8254251277105036e-23
3.849741829318389e-23
4.870882923456546e-23
5.906431307064301e-23
6.967451197101438e-23
8.061637547374778e-23
9.194834604683786e-23
1.037182694337262e-22
1.1596779886662147e-22
1.287349914240117e-22
1.4205591780274492e-22
1.5596570753114102e-22
1.704992580686156e-22
1.8569173716116807e-22
2.015789545370148e-22
2.181976492751805e-22
2.355857220279229e-22
2.5378243097357784e-22
2.728285640594973e-22
