2.985759947390797e-11
2.9196673302459895e-11
2.858606554253833e-11
2.7811487429175288e-11
2.7214333430025425e-11
2.649318961615142e-11
2.59247978770512e-11
2.5268740687259564e-11
2.469081478938169e-11
2.3991594715266532e-11
2.3483765245507243e-11
2.2888318888625895e-11
2.235671816672131e-11
2.1824893482522064e-11
2.1219289528080542e-11
2.072228901308588e-11
2.0193595348614175e-11
1.969377175622706e-11
1.922939796015958e-11
1.8752037285688858e-11
1.823742608191262e-11
1.7765090473341555e-11
1.7376686003095244e-11
1.6852538702546883e-11
1.648328115674912e-11
1.6027531324984045e-11
1.564792577990524e-11
1.5172368322789406e-11
1.4812168591173918e-11
1.4447951361423906e-11
1.4041093266148052e-11
1.3654910354819818e-11
1.3287408238872674e-11
1.290872546333359e-11
1.2589572474821877e-11
1.2232851343515719e-11
1.1916002276142127e-11
1.1591782354644886e-11
1.1238668873496096e-11
1.0957998448477513e-11
1.063779391682645e-11
1.0317984643379372e-11
1.0030947883786128e-11
9.741784531606395e-12
9.444924741991009e-12
9.1778527179863e-12
8.911820252589465e-12
8.649771882531957e-12
8.390967616116323e-12
8.125139460113389e-12
7.900010136862125e-12
7.637294972562021e-12
7.421318059518322e-12
7.180642419864937e-12
6.957830738337293e-12
6.7251299635587355e-12
6.513417294836821e-12
6.318965283509913e-12
6.10440768272862e-12
5.900109194325337e-12
5.708360920064215e-12
5.5206753808425475e-12
5.341032585793769e-12
5.155942072660922e-12
4.984741979341624e-12
4.819516010612977e-12
4.6488865577392416e-12
4.486787735203693e-12
4.327396471650107e-12
4.182689961244905e-12
4.02949114130495e-12
3.883256604216086e-12
3.742506474242192e-12
3.61043143487001e-12
3.4783870456093847e-12
3.3482940995196044e-12
3.228663918634393e-12
3.1062701588357647e-12
2.990730205711159e-12
2.879493791491067e-12
2.76854034724267e-12
2.6626798168186345e-12
2.5600167891988052e-12
2.4601356275531357e-12
2.365792760864645e-12
2.2743553687323626e-12
2.182946328939813e-12
2.097751583144736e-12
2.0144258369991324e-12
1.9331741518006247e-12
1.855733914555854e-12
1.781672172505537e-12
1.7095497359531211e-12
1.6398372938075485e-12
1.5725585620300617e-12
1.5087551334708452e-12
1.4457653667105712e-12
1.3864627513901969e-12
1.3288721476059103e-12
1.2734254340197304e-12
1.2200322038991503e-12
1.1687976262292274e-12
1.1194383137248794e-12
1.0720898569195204e-12
1.0264792633557095e-12
9.827096318986812e-13
9.406567214112025e-13
9.00281963398513e-13
8.614944853918534e-13
8.241686530149036e-13
7.883919897346502e-13
7.543093941262241e-13
7.213906431336165e-13
6.900028386508031e-13
6.596141888557722e-13
6.305910899775147e-13
6.028251512619796e-13
5.761248090462087e-13
5.50496389566509e-13
5.260939209716279e-13
5.027030034104852e-13
4.802158622039326e-13
4.586764939389917e-13
4.379770317618807e-13
4.182999407245506e-13
3.9938042195264285e-13
3.812307246312306e-13
3.6389797433162977e-13
3.473042043639644e-13
3.314232520523713e-13
3.1622730064591023e-13
3.0167830477885364e-13
2.87765826220709e-13
2.744476813587686e-13
2.617081272852614e-13
2.49512151396823e-13
2.378666044284926e-13
2.2673352420394637e-13
2.1606732245422775e-13
2.058680123623044e-13
1.9611505973962403e-13
1.86776948031741e-13
1.778714850351911e-13
1.6933475466308847e-13
1.6118586229488044e-13
1.534005609572132e-13
1.4594584243625586e-13
1.388322924322912e-13
1.3201594591021356e-13
1.255228817425738e-13
1.192970397149765e-13
1.1336355303263338e-13
1.0768288047044217e-13
1.0225573025224875e-13
9.707525365877681e-14
9.212478935284162e-14
8.738962118454395e-14
8.28715254644082e-14
7.854992661907891e-14
7.442343995025048e-14
7.048328862565576e-14
6.671882701011319e-14
6.31247092392885e-14
5.96897633932296e-14
5.640990172010745e-14
5.327851049112193e-14
5.028804206750139e-14
4.74330103153149e-14
4.4706875609014636e-14
4.2104212129652664e-14
3.9620783708513475e-14
3.725008703145762e-14
3.4987282363776815e-14
3.2828524888734354e-14
3.076864324195793e-14
2.880314071940453e-14
2.6928127819043126e-14
2.5140846359744437e-14
2.343581413897638e-14
2.181042783627586e-14
2.0261220317060835e-14
1.878494781873454e-14
1.7378468423713754e-14
1.603880445369918e-14
1.4763296303073034e-14
1.3549177277753537e-14
1.2394052738199885e-14
1.1295356205340455e-14
1.0250896831817092e-14
9.258459653057047e-15
8.31605322216715e-15
7.421666767401556e-15
6.5735485195660925e-15
5.769792775498169e-15
5.008878572111917e-15
4.289219365620925e-15
3.609331255088627e-15
2.967855624004903e-15
2.3634923085106713e-15
1.7950981767955625e-15
1.2616100484535015e-15
