1.844290046044491e-24
1.8698988743980226e-24
1.894444943564775e-24
1.917941031600563e-24
1.9404029472995253e-24
1.961848786610204e-24
1.9822983195111673e-24
2.001772484116276e-24
2.0202929690666023e-24
2.037881868732504e-24
2.054561398554049e-24
2.0703536601202145e-24
2.0852804474306054e-24
2.0993630872821673e-24
2.112622307944968e-24
2.125078131287968e-24
2.136749784332644e-24
2.1476556268820016e-24
2.1578130924241132e-24
2.1672386399642098e-24
2.1759477148149206e-24
2.1839547166865542e-24
2.191272973677738e-24
2.197914720982862e-24
2.2038910833127658e-24
2.209212060175564e-24
2.213886513290865e-24
2.2179221555180516e-24
2.221325540766758e-24
2.224102054436196e-24
2.2262559039923393e-24
2.22779010934856e-24
2.2287064927619573e-24
2.2290056679993567e-24
2.228687028563117e-24
2.227748734799123e-24
2.226187699740253e-24
2.2239995735649015e-24
2.2211787265790077e-24
2.2177182306569366e-24
2.2136098391046252e-24
2.2088439649404166e-24
2.203409657623184e-24
2.1972945782968376e-24
2.1904849736675067e-24
2.182965648684687e-24
2.1747199382648968e-24
2.1657296783777513e-24
2.1559751769153137e-24
2.1454351848871133e-24
2.1340868686392743e-24
2.1219057839831674e-24
2.1088658533591664e-24
2.0949393474564724e-24
2.0800968730829352e-24
2.0643073695493067e-24
2.04753811642393e-24
2.0297547562647645e-24
2.0109213368916223e-24
1.9910003789778716e-24
1.9699529763025375e-24
1.947738938009271e-24
1.9243169848101733e-24
1.89964501443301e-24
1.8736804559899887e-24
1.84638073867747e-24
1.817703907756751e-24
1.7876094307264503e-24
1.756059249821167e-24
1.723019154601562e-24
1.6884605719938734e-24
1.6523629028158952e-24
1.6147165764399931e-24
1.5755270525863906e-24
1.5348200762204701e-24
1.4926485941901005e-24
1.4491018773860365e-24
1.404317565871278e-24
1.3584975679769534e-24
1.3119289854195321e-24
1.2650114597242935e-24
1.218292424486206e-24
1.1725114487672985e-24
1.1286536736349555e-24
1.088009435133689e-24
1.0522313970812646e-24
1.023371093990112e-24
1.0038652063254647e-24
9.964353352539066e-25
1.0038779442821304e-24
1.0287661444436536e-24
1.0731493586306101e-24
1.1383702449404269e-24
1.2250744061650385e-24
1.333391033095639e-24
1.4631912283654828e-24
1.61433052139209e-24
1.786827478957783e-24
1.9809747705320503e-24
2.1974012730907327e-24
2.4371074445806413e-24
2.7014916506529497e-24
2.992379427757905e-24
3.3120635413959676e-24
3.663360551725572e-24
4.049689079495273e-24
4.4751756995440085e-24
4.9447962049212476e-24
5.4645629537151406e-24
6.041773464838289e-24
6.685342018959597e-24
7.406245854448572e-24
8.218132460137243e-24
9.138157509050608e-24
1.0188159306111123e-23
1.1396334120404441e-23
1.2799673037005621e-23
1.4447582888115637e-23
1.6407391912755922e-23
1.8772926476116497e-23
2.1678198593596728e-23
2.5319710462581557e-23
2.999313836541998e-23
3.615207409845106e-23
4.4488402446057734e-23
5.595944337825436e-23
7.128096300599132e-23
8.810786649851679e-23
9.624275053801501e-23
8.83559506571368e-23
7.369586102654823e-23
6.064782215295715e-23
5.077019547654042e-23
4.345047711568491e-23
3.7933047884427297e-23
3.366564758453749e-23
3.0278796828468524e-23
2.752681476423731e-23
2.5243522771087435e-23
2.3313846492806877e-23
2.1656149239016206e-23
2.021117610148836e-23
1.893500992492449e-23
1.7794485513733515e-23
1.676413831381925e-23
1.582413188685703e-23
1.495882390492436e-23
1.4155758189886028e-23
1.340494760980468e-23
1.2698360403230409e-23
1.2029552724950026e-23
1.1393409836628846e-23
1.0785971522220696e-23
1.0204326446130026e-23
9.646566772196944e-24
9.111799224250197e-24
8.600212119287453e-24
8.113199309412256e-24
7.653539937000439e-24
7.225624460399301e-24
6.835697547783971e-24
6.4920511699740066e-24
6.2050446024285226e-24
5.986767776765955e-24
5.850153761546232e-24
5.8074754273067856e-24
5.868480087162102e-24
6.038782179613657e-24
6.31920424064993e-24
6.706333283626088e-24
7.19393826949269e-24
7.774584461093979e-24
8.440926419927985e-24
9.186496687277349e-24
1.0006054167319108e-23
1.0895643397503625e-23
1.1852502202489071e-23
1.2874909853772936e-23
1.3962026692016543e-23
1.511374875267095e-23
1.633058556472128e-23
1.761356170892227e-23
1.8964139601531936e-23
2.0384160011980204e-23
2.1875796908005956e-23
2.344152365859448e-23
2.5084088190813803e-23
2.680649514634019e-23
2.861199357583167e-23
3.05040689995551e-23
3.248643895496347e-23
3.456305135981736e-23
3.673808517712872e-23
3.901595297305165e-23
4.140130510283876e-23
4.389903524314605e-23
4.651428716251227e-23
4.9252462518286213e-23
5.211922967126213e-23
5.51205333599373e-23
5.826260524960306e-23
