6.331451855107944e-24
6.245693738350481e-24
6.1594625146978614e-24
6.072584518281837e-24
5.9848857248225935e-24
5.896191489487463e-24
5.8063262972491896e-24
5.715113527372229e-24
5.622375234124289e-24
5.52793194640175e-24
5.4316024896996024e-24
5.333203834804375e-24
5.2325509788029694e-24
5.129456865580603e-24
5.023732355040278e-24
4.915186253002119e-24
4.8036254173814346e-24
4.688854961143846e-24
4.5706785792223826e-24
4.448899035798166e-24
4.323318861209949e-24
4.1937413259377296e-24
4.059971785164874e-24
3.921819525297806e-24
3.7791002997633704e-24
3.631639825379027e-24
3.479278638953443e-24
3.321878913751021e-24
3.159334153512541e-24
2.9915831988349382e-24
2.818630841443151e-24
2.640578810428408e-24
2.457673464649787e-24
2.2703811376851793e-24
2.079510544289495e-24
1.886417403628877e-24
1.6933555341465336e-24
1.5040892026871945e-24
1.3249496009912506e-24
1.1665088304332747e-24
1.0454866420657766e-24
9.842903678296344e-25
1.0030324542320288e-24
1.106528385279392e-24
1.2826557427332895e-24
1.5138507929122434e-24
1.785860334536941e-24
2.0893255049022546e-24
2.4185510501905164e-24
2.7701503858294808e-24
3.1421314741920773e-24
3.533348973609892e-24
3.9431835128271814e-24
4.371351946083833e-24
4.817792447306652e-24
5.28259296872176e-24
5.7659454048604795e-24
6.268115387748693e-24
6.789421834127343e-24
7.330222728849744e-24
7.890904990491545e-24
8.471877068945893e-24
9.073563410454102e-24
9.696400225716761e-24
1.0340832186306464e-23
1.1007309796745086e-23
1.1696287269772522e-23
1.2408220785854794e-23
1.3143567054258871e-23
1.3902782117963924e-23
1.4686320361986068e-23
1.5494633696845995e-23
1.6328170897460635e-23
1.7187377083743e-23
1.8072693333434861e-23
1.8984556420584632e-23
1.992339867502814e-23
2.088964795946063e-23
2.1883727761368776e-23
2.2906057397379036e-23
2.3957052327560885e-23
2.5037124576971726e-23
2.6146683261331364e-23
2.7286135213189074e-23
2.845588570436874e-23
2.965633925983844e-23
3.0887900557561464e-23
3.2150975408248954e-23
3.344597180841134e-23
3.477330105961363e-23
3.6133378946412596e-23
3.7526626965142965e-23
3.895347359552888e-23
4.0414355606930526e-23
4.1909719391035225e-23
4.3440022312953233e-23
4.5005734072774063e-23
4.6607338070002287e-23
4.8245332763648086e-23
4.992023302119079e-23
5.1632571450177e-23
5.338289970675332e-23
5.517178977613479e-23
5.69998352205708e-23
5.886765239113487e-23
6.077588160025212e-23
6.272518825269772e-23
6.471626393327855e-23
6.674982745026384e-23
6.882662583403762e-23
7.094743529126729e-23
7.311306211509174e-23
7.532434355268922e-23
7.758214863174365e-23
7.988737894780063e-23
8.224096941491672e-23
8.464388898219353e-23
8.709714131900692e-23
8.96017654720297e-23
9.215883649719709e-23
9.476946606985631e-23
9.743480307645763e-23
1.0015603419107759e-22
1.029343844401503e-22
1.0577111775860804e-22
1.0866753754073925e-22
1.116249871887263e-22
1.1464485066211704e-22
1.1772855303080868e-22
1.208775610346052e-22
1.24093383651769e-22
1.2737757267911614e-22
1.3073172332599984e-22
1.3415747482432297e-22
1.3765651105669477e-22
1.4123056120449667e-22
1.448814004177764e-22
1.4861085050849193e-22
1.5242078066859448e-22
1.563131082144228e-22
1.6028979935856947e-22
1.6435287001046838e-22
1.6850438660665865e-22
1.7274646697184923e-22
1.7708128121154474e-22
1.815110526370544e-22
1.8603805872374459e-22
1.9066463210312586e-22
1.9539316158942208e-22
2.0022609324120005e-22
2.0516593145868834e-22
2.102152401171805e-22
2.1537664373708483e-22
2.206528286909842e-22
2.2604654444830783e-22
2.315606048577377e-22
2.371978894681184e-22
2.4296134488786927e-22
2.4885398618356707e-22
2.54878898317815e-22
2.610392376271228e-22
2.6733823333960358e-22
2.7377918913331582e-22
2.8036548473538375e-22
2.8710057756218734e-22
2.939880044010257e-22
3.010313831335171e-22
3.082344145011605e-22
3.1560088391306695e-22
3.2313466329659343e-22
3.3083971299057595e-22
3.3872008368193697e-22
3.4677991838552145e-22
3.550234544675078e-22
3.634550257124948e-22
3.720790644343202e-22
3.8090010363075887e-22
3.89922779182086e-22
3.9915183209321477e-22
4.0859211077972665e-22
4.182485733968362e-22
4.281262902116713e-22
4.382304460179389e-22
4.485663425924116e-22
4.591394011925961e-22
4.699551650944295e-22
4.810193021691149e-22
4.923376074971662e-22
5.039160060185912e-22
5.15760555216598e-22
5.278774478329728e-22
5.402730146116422e-22
5.529537270680273e-22
5.659262002794296e-22
5.791971956926135e-22
5.9277362394314205e-22
6.06662547680203e-22
6.208711843903241e-22
6.354069092115369e-22
6.502772577282329e-22
6.65489928736662e-22
