8.329598399425132e-24
7.821000076651898e-24
7.347559576497393e-24
6.908273102110953e-24
6.502209437641761e-24
6.1285079669592055e-24
5.786376842853588e-24
5.475091303751886e-24
5.193992135770666e-24
4.942484278831357e-24
4.720035576184633e-24
4.526175667495095e-24
4.3604950256043966e-24
4.222644136785757e-24
4.1123328231330926e-24
4.029329703957261e-24
3.9734617909967114e-24
3.9446142104293895e-24
3.942730043841174e-24
3.9678102809771184e-24
4.019913879437257e-24
4.099157930071293e-24
4.205717930800696e-24
4.3398281750085804e-24
4.501782262693205e-24
4.6919337430707414e-24
4.9106968964628396e-24
5.158547661690522e-24
5.436024713443657e-24
5.74373069268031e-24
6.0823335922741536e-24
6.452568299914068e-24
6.855238300538199e-24
7.29121754122324e-24
7.761452462248403e-24
8.266964198961727e-24
8.808850959936676e-24
9.388290587768767e-24
1.0006543309653186e-23
1.0664954685648943e-23
1.1364958763275643e-23
1.2108081447828929e-23
1.2895944098538621e-23
1.3730267361497706e-23
1.4612875251061652e-23
1.5545699492343536e-23
1.6530784138300725e-23
1.7570290475944127e-23
1.8666502237249062e-23
1.9821831131510145e-23
2.103882271712581e-23
2.2320162632136314e-23
2.3668683204296952e-23
2.5087370463047552e-23
2.657937157742429e-23
2.814800274582739e-23
2.979675756554044e-23
3.152931591207809e-23
3.3349553360819284e-23
3.5261551185921445e-23
3.7269606974325274e-23
3.937824589573344e-23
4.159223267273443e-23
4.391658429891615e-23
4.635658355676443e-23
4.8917793391521066e-23
5.1606072201930955e-23
5.442759011401892e-23
5.738884630983945e-23
6.049668748940308e-23
6.375832755095073e-23
6.718136858241232e-23
7.077382326532407e-23
7.454413880177601e-23
7.850122248534177e-23
8.265446904819788e-23
8.701378992947834e-23
9.158964462371713e-23
9.639307428395821e-23
1.0143573777130654e-22
1.067299503620493e-22
1.1228872534491178e-22
1.1812581876500545e-22
1.242557775978506e-22
1.3069399166688548e-22
1.37456749651456e-22
1.4456129957013313e-22
1.5202591416663835e-22
1.5986996167342547e-22
1.681139824820325e-22
1.7677977231006107e-22
1.858904725237099e-22
1.954706683528745e-22
2.0554649582446248e-22
2.161457583405096e-22
2.272980539426922e-22
2.390349144359666e-22
2.5138995769419835e-22
2.643990546429308e-22
2.7810051261178876e-22
2.92535276976732e-22
3.077471532749232e-22
3.2378305227810804e-22
3.4069326086270523e-22
3.5853174192279063e-22
3.7735646704904525e-22
3.972297862516562e-22
4.182188396572388e-22
4.403960168731759e-22
4.638394706142782e-22
4.8863369224891205e-22
5.148701581832857e-22
5.426480574995968e-22
5.720751130520448e-22
6.032685103627477e-22
6.363559512314047e-22
6.71476852070793e-22
7.087837107347233e-22
7.484436701675768e-22
7.906403127771645e-22
8.355757262685599e-22
8.834728900990376e-22
9.345784421494586e-22
9.891658981972933e-22
1.0475394130349908e-21
1.1100381925544915e-21
1.177041692041283e-21
1.2489757689799663e-21
1.3263200010764964e-21
1.4096164350160325e-21
1.4994801028240722e-21
1.596611736350763e-21
1.701813234319234e-21
1.816006601856636e-21
1.94025730550324e-21
2.0758032904592534e-21
2.2240913250340186e-21
2.386822919722835e-21
2.566012889770934e-21
2.764064804304073e-21
2.9838692681156675e-21
3.228933491437212e-21
3.503554363823165e-21
3.813052990967618e-21
4.164097602429575e-21
4.565155998884507e-21
5.0271419961606244e-21
5.5643593978389546e-21
6.19591457728145e-21
6.947889447742272e-21
7.85679027830202e-21
8.975219246748752e-21
1.0381584244712614e-20
1.2197489091087635e-20
1.4620431572804802e-20
1.7988176852633994e-20
2.290786111926613e-20
3.048287275389306e-20
4.227222241448332e-20
5.611852358562018e-20
5.630096740619176e-20
4.374738481605708e-20
3.313366626353804e-20
2.6209722978466956e-20
2.1643489165501226e-20
1.8480311879180656e-20
1.618402367102535e-20
1.4451149478615264e-20
1.3101806464598205e-20
1.2024035945560621e-20
1.1145021084950332e-20
1.0415563647502554e-20
9.80131838791525e-21
9.277625390339174e-21
8.826343272568369e-21
8.433840790362715e-21
8.089683880616889e-21
7.785753976672154e-21
7.515641637326285e-21
7.274220544643716e-21
7.057342449072874e-21
6.861614933569031e-21
6.684236972768753e-21
6.522875524035773e-21
6.375571709238061e-21
6.240668644522766e-21
6.116755316832113e-21
6.002622500220383e-21
5.897227807045687e-21
5.7996677421654934e-21
5.70915517763052e-21
5.625001060667298e-21
5.5465994554741025e-21
5.4734152310129426e-21
5.404973864283088e-21
5.340852946554783e-21
5.280675069319368e-21
5.224101834875405e-21
5.170828788841075e-21
5.120581112501336e-21
5.0731099445718215e-21
