8.130158524470415e-24
9.10432149952636e-24
1.0025909645075868e-23
1.0896875301303003e-23
1.1719064535992766e-23
1.2494220533548111e-23
1.322398701578834e-23
1.3909911573829172e-23
1.4553448859617404e-23
1.5155963615120018e-23
1.5718733530596245e-23
1.6242951929770457e-23
1.6729730282885887e-23
1.7180100550148627e-23
1.7595017358791365e-23
1.7975360017260302e-23
1.8321934370051265e-23
1.8635474496616897e-23
1.891664425757073e-23
1.916603869118957e-23
1.9384185262929162e-23
1.9571544970419858e-23
1.9728513306086614e-23
1.985542107927279e-23
1.9952535099433836e-23
2.0020058721662068e-23
2.0058132255532344e-23
2.0066833237917126e-23
2.0046176570153588e-23
1.9996114519621205e-23
1.9916536585489588e-23
1.9807269228089245e-23
1.9668075461062672e-23
1.949865430510665e-23
1.9298640101863833e-23
1.906760168615038e-23
1.880504141444394e-23
1.8510394047216476e-23
1.818302548241881e-23
1.7822231337141818e-23
1.7427235374214133e-23
1.6997187770301768e-23
1.6531163221957094e-23
1.6028158886067617e-23
1.54870921513936e-23
1.490679823853506e-23
1.4286027626932227e-23
1.362344331001246e-23
1.2917617884253327e-23
1.2167030486702532e-23
1.1370063612421935e-23
1.0524999877187851e-23
9.630018862033283e-24
8.683194336233376e-24
7.682492545083787e-24
6.625773302388053e-24
5.5107988905868526e-24
4.335267947525235e-24
3.0969514108179296e-24
1.794482437723364e-24
4.43632510544417e-25
1.0466058885709396e-24
2.5604415065933407e-24
4.158226923765865e-24
5.838950866237994e-24
7.605607365340823e-24
9.461863479293942e-24
1.141171080556027e-23
1.3459395767467862e-23
1.560940524278547e-23
1.7866468097995872e-23
2.0235562664921373e-23
2.272192702848621e-23
2.5331070992427373e-23
2.806878927852038e-23
3.094117578465186e-23
3.3954638844502166e-23
3.71159174881703e-23
4.043209873332572e-23
4.391063595469868e-23
4.755936839229074e-23
5.138654186848575e-23
5.540083079307075e-23
5.961136154337159e-23
6.402773731526646e-23
6.866006454959645e-23
7.351898104799696e-23
7.861568590235015e-23
8.396197137321122e-23
8.957025686473756e-23
9.54536251570519e-23
1.0162586107159951e-22
1.0810149276165278e-22
1.1489583583752852e-22
1.2202504055654422e-22
1.295061423293903e-22
1.3735711581917539e-22
1.4559693293667946e-22
1.542456250652189e-22
1.633243498826963e-22
1.728554631856375e-22
1.8286259616176028e-22
1.9337073860539094e-22
2.0440632862116861e-22
2.1599734942247337e-22
2.281734338948011e-22
2.409659776706752e-22
2.54408261546616e-22
2.685355841652502e-22
2.8338540599627595e-22
2.989975057678052e-22
3.154141506396741e-22
3.3268028156449542e-22
3.5084371546404024e-22
3.699553660441274e-22
3.900694853127076e-22
4.1124392812303514e-22
4.335404423727398e-22
4.570249878383301e-22
4.817680870313797e-22
5.078452119211281e-22
5.353372109156843e-22
5.643307811209255e-22
5.949189916078539e-22
6.272018642989901e-22
6.612870200456614e-22
6.97290398647098e-22
7.353370629459869e-22
7.755620987106566e-22
8.181116239777157e-22
8.631439237454861e-22
9.10830728659329e-22
9.613586594972735e-22
1.0149308632193713e-21
1.0717688709050983e-21
1.1321147136270905e-21
1.1962333390962329e-21
1.2644153802262794e-21
1.3369803370231415e-21
1.4142802456806531e-21
1.4967039243278303e-21
1.5846819039798697e-21
1.6786921775809043e-21
1.779266929772707e-21
1.887000448682065e-21
2.0025584690934794e-21
2.1266892584723476e-21
2.2602368379436733e-21
2.404156832970486e-21
2.5595355852529268e-21
2.7276133369012635e-21
2.909812535176371e-21
3.1077726279823e-21
3.3233931558351526e-21
3.558887541635022e-21
3.816850809490442e-21
4.1003456301556225e-21
4.413012747601394e-21
4.759214243642658e-21
5.1442216207652494e-21
5.574465945774677e-21
6.0578753217726004e-21
6.604337422868896e-21
7.226344661874251e-21
7.939911962465514e-21
8.765911508670812e-21
9.732063251175692e-21
1.0875989861806685e-20
1.2250063589785796e-20
1.3929400695832435e-20
1.6025668475457225e-20
1.871229116728035e-20
2.2273709244943948e-20
2.7210261607995527e-20
3.448773082194486e-20
4.622652865238365e-20
6.804151755924985e-20
1.1932576033692579e-19
2.387761179042418e-19
1.4721302393196076e-19
8.290841800686863e-20
5.715798586340988e-20
4.3873950919273673e-20
3.584822026652627e-20
3.0495627888045745e-20
2.6679598531979793e-20
2.382579279472451e-20
2.161364068344266e-20
1.9850418613508554e-20
1.8413402240908082e-20
1.7220775117203122e-20
1.6215913986620458e-20
1.5358393469325266e-20
1.4618584423242796e-20
1.397427694431857e-20
1.3408495237543643e-20
1.2908041381855793e-20
1.246249924523396e-20
1.2063537529261776e-20
1.1704412293591384e-20
1.1379605239013344e-20
