1.5810199803516832e-24
1.6081710013683396e-24
1.6381036540484808e-24
1.6705333005481608e-24
1.705216286089749e-24
1.7419461221313495e-24
1.780549554341141e-24
1.8208827144854266e-24
1.8628274853508487e-24
1.9062881551916583e-24
1.9511883979812256e-24
1.9974685881588604e-24
2.0450834405483467e-24
2.0939999553390427e-24
2.144195641703956e-24
2.195656991520585e-24
2.2483781743631686e-24
2.3023599264229697e-24
2.3576086078241704e-24
2.414135405079871e-24
2.471955658703697e-24
2.5310882975213196e-24
2.591555364144531e-24
2.65338161813406e-24
2.7165942050164713e-24
2.7812223813576214e-24
2.8472972870708345e-24
2.9148517580621145e-24
2.98392017270305e-24
3.054538327154369e-24
3.1267433348636035e-24
3.2005735467227028e-24
3.2760684886130836e-24
3.353268813436904e-24
3.4322162659296846e-24
3.5129536576229155e-24
3.5955248509913664e-24
3.67997475103342e-24
3.766349303259555e-24
3.8546954972027926e-24
3.945061374489934e-24
4.0374960409657434e-24
4.1320496821691225e-24
4.228773581721402e-24
4.327720142314277e-24
4.428942908844293e-24
4.532496593461202e-24
4.638437102368217e-24
4.746821564111031e-24
4.857708359225256e-24
4.971157151091252e-24
5.087228917972051e-24
5.205985986040299e-24
5.327492063536261e-24
5.451812275638485e-24
5.5790132004388626e-24
5.7091629056995986e-24
5.842330986525316e-24
5.978588603817294e-24
6.118008523600692e-24
6.26066515723789e-24
6.4066346024779426e-24
6.555994685337859e-24
6.708825002887392e-24
6.8652069668862e-24
7.025223848439933e-24
7.188960823488042e-24
7.35650501917754e-24
7.527945561452524e-24
7.703373623402755e-24
7.882882474777451e-24
8.066567532462779e-24
8.254526412059421e-24
8.446858980780866e-24
8.643667411040141e-24
8.845056235695243e-24
9.051132404196994e-24
9.262005339988195e-24
9.477786999345363e-24
9.6985919313581e-24
9.92453733928352e-24
1.0155743143244922e-23
1.0392332044514216e-23
1.0634429590876473e-23
1.0882164243806533e-23
1.1135667447059868e-23
1.139507369664699e-23
1.1660520612796843e-23
1.1932149012954093e-23
1.221010298710665e-23
1.2494529974231545e-23
1.2785580841066061e-23
1.3083409962092667e-23
1.338817530184766e-23
1.3700038498762312e-23
1.401916495130824e-23
1.4345723905616367e-23
1.4679888545705522e-23
1.5021836085239514e-23
1.5371747861820724e-23
1.5729809433218404e-23
1.6096210675872915e-23
1.647114588573906e-23
1.6854813881467448e-23
1.7247418109841147e-23
1.764916675378408e-23
1.8060272842816366e-23
1.8480954366192838e-23
1.891143438841686e-23
1.9351941167513888e-23
1.9802708276417807e-23
2.0263974726475518e-23
2.0735985094632993e-23
2.1218989652771573e-23
2.1713244500565942e-23
2.22190117014629e-23
2.2736559421363033e-23
2.3266162071001574e-23
2.3808100451394298e-23
2.4362661902712848e-23
2.4930140456473262e-23
2.5510836991875556e-23
2.6105059394700032e-23
2.671312272093747e-23
2.7335349363579896e-23
2.7972069223829576e-23
2.862361988546398e-23
2.929034679416057e-23
2.9972603440406526e-23
3.0670751546956e-23
3.138516126034259e-23
3.2116211347339073e-23
3.2864289395234103e-23
3.362979201772167e-23
3.441312506467896e-23
3.521470383748204e-23
3.603495330879529e-23
3.687430834768554e-23
3.77332139506287e-23
3.8612125476451273e-23
3.951150888787566e-23
4.0431840998710696e-23
4.137360972565315e-23
4.233731434763511e-23
4.3323465769569676e-23
4.433258679296896e-23
4.536521239341772e-23
4.642189000309301e-23
4.750317980098382e-23
4.8609655009911483e-23
4.974190219915564e-23
5.090052159546328e-23
5.2086127401349113e-23
5.329934811908865e-23
5.45408268842917e-23
5.581122180516999e-23
5.71112063126497e-23
5.84414695147897e-23
5.98027165625123e-23
6.119566902203656e-23
6.262106525755992e-23
6.407966082060976e-23
6.557222885014008e-23
6.709956048135133e-23
6.866246526438999e-23
7.026177159124295e-23
7.189832713535079e-23
7.357299929766234e-23
7.5286675665479e-23
7.704026448358686e-23
7.883469513054301e-23
8.067091861207523e-23
8.254990806084764e-23
8.447265925529711e-23
8.644019113696637e-23
8.845354635893046e-23
9.051379182465654e-23
9.262201925672967e-23
9.477934577544804e-23
9.698691448235802e-23
9.924589506138504e-23
1.0155748440411055e-22
1.0392290723021888e-22
1.063434167377165e-22
1.0882029526661896e-22
1.1135485495843672e-22
1.139484384615098e-22
1.1660241963730746e-22
1.1931820427475078e-22
1.2209723082338943e-22
1.2494097115768137e-22
1.278509313713584e-22
1.3082865251103213e-22
1.338757114326792e-22
1.36993721625283e-22
1.4018433402359016e-22
1.4344923789339943e-22
1.4679016173253677e-22
1.5020887413979859e-22
1.5370718476073854e-22
1.5728694520996397e-22
