3.049888896445732e-23
3.082112958151298e-23
3.112759699416233e-23
3.1418941257932315e-23
3.169578028532172e-23
3.195870115558635e-23
3.2208261358595665e-23
3.244498997538912e-23
3.266938879790751e-23
3.2881933390242416e-23
3.308307409363196e-23
3.327323697727787e-23
3.345282473698148e-23
3.362221754343853e-23
3.378177384194197e-23
3.393183110513128e-23
3.4072706540306564e-23
3.420469775274084e-23
3.4328083366293e-23
3.444312360256036e-23
3.4550060819673624e-23
3.464912001176709e-23
3.4740509270036346e-23
3.482442020622825e-23
3.490102833928374e-23
3.497049344576895e-23
3.503295987464853e-23
3.5088556826812913e-23
3.5137398599748446e-23
3.5179584797536506e-23
3.521520050637064e-23
3.524431643558748e-23
3.526698902415081e-23
3.528326051239065e-23
3.529315897868595e-23
3.5296698340653006e-23
3.529387832027727e-23
3.5284684372261274e-23
3.5269087574762145e-23
3.524704448147333e-23
3.5218496933882356e-23
3.5183371832341484e-23
3.514158086437336e-23
3.509302018844316e-23
3.503757007118971e-23
3.497509447584913e-23
3.490544059932643e-23
3.4828438355085105e-23
3.474389979866456e-23
3.465161849228429e-23
3.455136880457749e-23
3.444290514104656e-23
3.4325961100333657e-23
3.4200248550820925e-23
3.406545662148933e-23
3.39212506002021e-23
3.3767270731860256e-23
3.3603130907938386e-23
3.342841723795375e-23
3.324268649227088e-23
3.304546440437933e-23
3.2836243819354853e-23
3.2614482673549356e-23
3.2379601788709837e-23
3.21309824615929e-23
3.186796382768467e-23
3.158983997487229e-23
3.129585677968336e-23
3.0985208434996704e-23
3.065703363389319e-23
3.031041136931818e-23
2.9944356303534026e-23
2.955781365460763e-23
2.914965353941747e-23
2.871866470351719e-23
2.826354755747673e-23
2.778290642672914e-23
2.7275240907049417e-23
2.6738936200185217e-23
2.6172252283194858e-23
2.5573311740139892e-23
2.494008605490712e-23
2.4270380128198355e-23
2.3561814738682764e-23
2.2811806616360375e-23
2.2017545733388833e-23
2.117596934143649e-23
2.0283732192262013e-23
1.933717226621406e-23
1.8332271198442035e-23
1.7264608432063062e-23
1.612930794237421e-23
1.492097617823824e-23
1.3633629698891544e-23
1.2260610983631858e-23
1.0794491491027058e-23
9.226963739863207e-24
7.548734934009268e-24
5.74948319553047e-24
3.818237377308684e-24
1.748286493592002e-24
5.931525509784118e-25
2.963037994549829e-24
5.588596068256748e-24
8.446788514961823e-24
1.1564420802145878e-23
1.4976045493383594e-23
1.8723670072649898e-23
2.2858356927407895e-23
2.7442688507228654e-23
3.2554212960669114e-23
3.829025636414768e-23
4.4774746660484656e-23
5.2168091638089274e-23
6.068182890231195e-23
7.060097067461046e-23
8.231921031428357e-23
9.639654410112528e-23
1.136579345486075e-22
1.3537171142689504e-22
1.6359458761321213e-22
2.0189826047656696e-22
2.5708106062438774e-22
3.438763891469737e-22
5.012924813599188e-22
8.77393955984958e-22
2.953857519518178e-21
2.2195897519425753e-21
8.442189279012959e-22
5.266324223088099e-22
3.850065748059267e-22
3.0426351394273443e-22
2.5165522496656655e-22
2.143144686381245e-22
1.8615570288246774e-22
1.6392614769960038e-22
1.4572809823652322e-22
1.3037872029427238e-22
1.171013872590915e-22
1.05364167099609e-22
9.47896399311932e-23
8.510181153032794e-23
7.609346095943665e-23
6.760529785493552e-23
5.951222930917673e-23
5.171406111182653e-23
4.412905482786753e-23
3.668938598594632e-23
2.933793468617948e-23
2.2026164552557898e-23
1.471358006136475e-23
7.375374275217853e-24
8.976376157057234e-25
7.725960799770604e-24
1.5392174437267027e-23
2.3241752784168542e-23
3.1288180560806084e-23
3.955399839277246e-23
4.806274144879406e-23
5.683796332130934e-23
6.59031348986118e-23
7.528171884608882e-23
8.499728297909068e-23
9.507361810412957e-23
1.0553485096857145e-22
1.1640555022820295e-22
1.2771082565377765e-22
1.3947642149406752e-22
1.5172880507252955e-22
1.6449525162880964e-22
1.7780392635408545e-22
1.9168396443755307e-22
2.0616554979765058e-22
2.21279993188415e-22
2.3705981014308736e-22
2.5353879929677536e-22
2.7075212145586176e-22
2.8873637981358207e-22
3.0752970167993494e-22
3.2717182195778067e-22
3.4770416870143046e-22
3.6916995102377336e-22
3.9161424957465626e-22
4.150841098445532e-22
4.396286383813991e-22
4.652991024781931e-22
4.921490330278319e-22
5.202343311849891e-22
5.496133788235687e-22
5.803471529088367e-22
6.124993441988791e-22
6.461364801615651e-22
6.813280526170658e-22
7.18146649777573e-22
7.566680935493188e-22
7.96971581528593e-22
8.3913983435197385e-22
8.832592484081717e-22
9.294200539261804e-22
9.777164788598209e-22
1.0282469180431433e-21
