1.2525054001817728e-12
1.216021272520387e-12
1.1779200504466142e-12
1.1377683861791836e-12
1.0988306064080038e-12
1.0569416139946762e-12
1.020776361194529e-12
9.839725796160477e-13
9.497102933568032e-13
9.114368303607172e-13
8.788899848426935e-13
8.45705599930984e-13
8.134181574671035e-13
7.818958308354665e-13
7.50362033613443e-13
7.217928657517891e-13
6.92720591870415e-13
6.656259281496302e-13
6.388498852839643e-13
6.135838024555889e-13
5.874809835103045e-13
5.63351979006167e-13
5.41045904919827e-13
5.175667670310759e-13
4.968369626303654e-13
4.753117766616129e-13
4.557921379161204e-13
4.3578554079761166e-13
4.175105956945512e-13
3.998489290781201e-13
3.825110875088613e-13
3.657228255331459e-13
3.498864536574273e-13
3.346122046207385e-13
3.2016641870311293e-13
3.0596074066741973e-13
2.926650710411151e-13
2.79676186707929e-13
2.6710485443520084e-13
2.5545514289152226e-13
2.4391948083140757e-13
2.3288281668378177e-13
2.2247631237587653e-13
2.1240854561719486e-13
2.0269439820193824e-13
1.9351804556740108e-13
1.8468849267537016e-13
1.762244051060807e-13
1.6809956233867568e-13
1.6028588951336863e-13
1.5292369132539547e-13
1.4573336774021818e-13
1.389899410373983e-13
1.324329410541038e-13
1.2618820613718465e-13
1.2018789209580123e-13
1.1448294568480818e-13
1.0905133575562274e-13
1.0379839446830513e-13
9.878232257929566e-14
9.399621534571858e-14
8.942797586258318e-14
8.505939617324778e-14
8.08600407314237e-14
7.686879242069055e-14
7.304741815243078e-14
6.9377801320828e-14
6.588066531846127e-14
6.252836121119718e-14
5.93412568101508e-14
5.627731458436253e-14
5.335246930172754e-14
5.0559569390556076e-14
4.789321897360279e-14
4.534227920085337e-14
4.290179904790675e-14
4.0576645854614374e-14
3.8348590635485807e-14
3.622038534439453e-14
3.4188118283819906e-14
3.2243126394699696e-14
3.0385495104201584e-14
2.8610656123930533e-14
2.691481715086702e-14
2.529630337992864e-14
2.3748886073915997e-14
2.2268369447436172e-14
2.0856176365457415e-14
1.9507051590669237e-14
1.8216876024833033e-14
1.6985042745299673e-14
1.5808718119652773e-14
1.468407238201278e-14
1.36106249670066e-14
1.258456756206038e-14
1.1604798130837857e-14
1.0668364921199827e-14
9.774673273084669e-15
8.920669710151334e-15
8.104855667254488e-15
7.325555709578733e-15
6.581606597944899e-15
5.870717539786272e-15
5.191936081667945e-15
4.543626304678124e-15
3.924708715639924e-15
3.33353130053801e-15
2.7691841930080112e-15
2.230444695067238e-15
1.7165190237622835e-15
1.2267099048692287e-15
7.617494990978868e-16
3.3095778431108103e-16
1.8955123207914674e-16
5.553161061847473e-16
9.386143567679204e-16
1.308711498199757e-15
1.6632672818219646e-15
2.0023569433656674e-15
2.3263544026027634e-15
2.6358428147533576e-15
2.931361122964076e-15
3.2135179620976563e-15
3.482910080494717e-15
3.740100603874888e-15
3.985533444947393e-15
4.219793876072922e-15
4.443398284832529e-15
4.656724056132145e-15
4.860307422216955e-15
5.054568725048273e-15
5.23977797111177e-15
5.416588854099725e-15
5.585133620773607e-15
5.745834557003333e-15
5.899115754636098e-15
6.0452177350068564e-15
6.184509979831093e-15
6.317150878670966e-15
6.44357772648521e-15
6.563960277421109e-15
6.6785586577027854e-15
6.787745448485942e-15
6.89150409121247e-15
6.990324176764309e-15
7.084223684042021e-15
7.173515274468915e-15
7.258316109831186e-15
7.338822202178172e-15
7.415266020341504e-15
7.487671546353905e-15
7.556324831306548e-15
7.621320387602157e-15
7.682763748186904e-15
7.740833998901122e-15
7.795622278943122e-15
7.847230628138941e-15
7.895904673402077e-15
7.941545938632655e-15
7.984443248924867e-15
8.02450090093441e-15
8.061939832021936e-15
8.096778336631456e-15
8.129091361415117e-15
8.158958225519093e-15
8.186490170615941e-15
8.211634822870313e-15
8.234545200875448e-15
8.255215221962737e-15
8.273698173482698e-15
8.29002595148035e-15
8.304303348606942e-15
8.316498102289379e-15
8.326635129922165e-15
8.334710481427726e-15
8.340771215454338e-15
8.344851891901216e-15
8.346955904397198e-15
8.347062678642223e-15
8.345172990508577e-15
8.341256305318852e-15
8.335379758477192e-15
8.327481378122568e-15
8.317511394987379e-15
8.305516709914736e-15
8.29140846949163e-15
8.275186532252276e-15
8.256834206542055e-15
8.236280088365314e-15
8.21348748422078e-15
8.188402388760963e-15
8.16098342424679e-15
8.131123562895325e-15
8.098830312113492e-15
8.063970118792663e-15
8.02647507855649e-15
7.986292412759219e-15
7.943293021237239e-15
7.897423821128623e-15
7.848522325625443e-15
7.796556591761356e-15
