1.098645463765554e-23
1.0987615881413556e-23
1.0988723371303929e-23
1.0989779309856139e-23
1.0990785803210513e-23
1.0991744864437984e-23
1.099265841676426e-23
1.0993528296696187e-23
1.0994356257048928e-23
1.0995143969872548e-23
1.099589302927764e-23
1.0996604954159264e-23
1.0997281190819929e-23
1.0997923115491343e-23
1.099853203675629e-23
1.0999109197870602e-23
1.0999655778986984e-23
1.100017289928166e-23
1.1000661618984629e-23
1.1001122941315683e-23
1.1001557814326799e-23
1.1001967132653219e-23
1.1002351739173575e-23
1.1002712426581721e-23
1.1003049938870945e-23
1.10033649727324e-23
1.1003658178868951e-23
1.1003930163225982e-23
1.1004181488140557e-23
1.1004412673409689e-23
1.1004624197279928e-23
1.1004816497358314e-23
1.100498997144632e-23
1.1005144978297727e-23
1.1005281838301201e-23
1.1005400834088303e-23
1.1005502211067722e-23
1.100558617788632e-23
1.1005652906817291e-23
1.1005702534075961e-23
1.1005735160063287e-23
1.1005750849537683e-23
1.1005749631714346e-23
1.1005731500292685e-23
1.1005696413411415e-23
1.1005644293530812e-23
1.1005575027241634e-23
1.1005488465000466e-23
1.1005384420790041e-23
1.1005262671704386e-23
1.1005122957457106e-23
1.1004964979811817e-23
1.100478840193383e-23
1.100459284766053e-23
1.1004377900690014e-23
1.1004143103685129e-23
1.100388795729143e-23
1.1003611919066963e-23
1.1003314402320766e-23
1.1002994774858853e-23
1.1002652357633448e-23
1.1002286423293485e-23
1.1001896194633182e-23
1.1001480842934649e-23
1.1001039486201971e-23
1.1000571187281704e-23
1.1000074951867009e-23
1.0999549726380203e-23
1.0998994395729431e-23
1.0998407780934945e-23
1.0997788636619154e-23
1.0997135648356033e-23
1.0996447429873284e-23
1.0995722520101712e-23
1.0994959380065265e-23
1.0994156389605439e-23
1.099331184393242e-23
1.0992423949995854e-23
1.0991490822667612e-23
1.0990510480728003e-23
1.0989480842646894e-23
1.098839972215083e-23
1.0987264823566309e-23
1.0986073736929392e-23
1.098482393285102e-23
1.0983512757126971e-23
1.0982137425080625e-23
1.0980695015626975e-23
1.0979182465043762e-23
1.0977596560437797e-23
1.09759339328911e-23
1.097419105027258e-23
1.0972364209699468e-23
1.0970449529632188e-23
1.096844294158547e-23
1.0966340181437464e-23
1.0964136780318273e-23
1.0961828055057725e-23
1.0959409098171435e-23
1.0956874767363643e-23
1.0954219674523354e-23
1.0951438174189903e-23
1.0948524351462571e-23
1.0945472009327603e-23
1.0942274655374363e-23
1.093892548787204e-23
1.0935417381175265e-23
1.0931742870426762e-23
1.0927894135522944e-23
1.0923862984306603e-23
1.0919640834949595e-23
1.0915218697485506e-23
1.0910587154451614e-23
1.0905736340596128e-23
1.0900655921605149e-23
1.0895335071801734e-23
1.088976245076583e-23
1.088392617882263e-23
1.0877813811343365e-23
1.0871412311799806e-23
1.0864708023510752e-23
1.085768664001594e-23
1.085033317400852e-23
1.0842631924754867e-23
1.0834566443925788e-23
1.0826119499759712e-23
1.0817273039474063e-23
1.0808008149836917e-23
1.079830501580585e-23
1.0788142877136366e-23
1.0777499982857317e-23
1.0766353543504412e-23
1.0754679680998341e-23
1.0742453376046737e-23
1.0729648412943625e-23
1.0716237321633189e-23
1.0702191316896888e-23
1.0687480234516445e-23
1.0672072464256831e-23
1.065593487950487e-23
1.0639032763391434e-23
1.0621329731215252e-23
1.0602787648977314e-23
1.0583366547825436e-23
1.0563024534198378e-23
1.054171769544806e-23
1.0519400000708843e-23
1.0496023196771888e-23
1.0471536698711383e-23
1.0445887475000538e-23
1.0419019926843202e-23
1.0390875761440484e-23
1.0361393858900863e-23
1.0330510132497969e-23
1.0298157381975053e-23
1.0264265139594515e-23
1.0228759508634893e-23
1.0191562994045334e-23
1.0152594324986286e-23
1.011176826901076e-23
1.0068995437681053e-23
1.0024182083473228e-23
9.977229887901816e-24
9.928035740906076e-24
9.876491511688568e-24
9.822483811392839e-24
9.7658937482742e-24
9.706596676365032e-24
9.644461939101376e-24
9.579352609990778e-24
9.511125233208845e-24
9.439629568085997e-24
9.364708342861585e-24
9.28619702496708e-24
9.203923617605306e-24
9.117708495739962e-24
9.027364299097603e-24
8.932695905826555e-24
8.833500518635012e-24
8.7295679063552e-24
8.620680859099669e-24
8.506615936130914e-24
8.38714461460577e-24
8.262034987887585e-24
8.131054219109829e-24
7.993972036447512e-24
7.850565671954296e-24
7.700626812131061e-24
7.543971370120838e-24
7.380453243911594e-24
7.209983749258961e-24
7.032559198055439e-24
6.84830026783991e-24
6.657508583834511e-24
6.460748626796631e-24
6.258967154853918e-24
6.053668439233933e-24
5.8471725733513344e-24
5.642996626838535e-24
5.446414165639605e-24
5.265263876634535e-24
