3.7006469840533736e-23
3.701791239167411e-23
3.702881787190427e-23
3.7039209413567077e-23
3.704910905885261e-23
3.705853780654913e-23
3.7067515656590824e-23
3.707606165246907e-23
3.7084193921638095e-23
3.7091929713956724e-23
3.709928543828785e-23
3.710627669729389e-23
3.7112918320538855e-23
3.7119224395942905e-23
3.7125208299663844e-23
3.713088272447366e-23
3.7136259706674374e-23
3.7141350651638356e-23
3.714616635799325e-23
3.7150717040530645e-23
3.715501235186996e-23
3.715906140294097e-23
3.716287278229716e-23
3.716645457433975e-23
3.7169814376466156e-23
3.717295931517936e-23
3.7175896061209847e-23
3.7178630843655133e-23
3.718116946320187e-23
3.718351730441807e-23
3.7185679347180417e-23
3.7187660177233384e-23
3.718946399591176e-23
3.719109462905134e-23
3.71925555351042e-23
3.7193849812465684e-23
3.719498020604878e-23
3.719594911309782e-23
3.7196758588276e-23
3.71974103480141e-23
3.7197905774143406e-23
3.719824591683006e-23
3.7198431496791414e-23
3.7198462906815644e-23
3.719834021259302e-23
3.71980631528454e-23
3.7197631138760446e-23
3.7197043252737023e-23
3.7196298246426493e-23
3.719539453807182e-23
3.719433020914478e-23
3.719310300025179e-23
3.719171030634168e-23
3.7190149171146586e-23
3.71884162809056e-23
3.718650795730814e-23
3.718442014967254e-23
3.7182148426329654e-23
3.7179687965189884e-23
3.7177033543495815e-23
3.717417952670322e-23
3.717111985649674e-23
3.716784803790017e-23
3.7164357125455176e-23
3.716063970844699e-23
3.715668789512653e-23
3.715249329591881e-23
3.7148047005566197e-23
3.714333958416703e-23
3.713836103708029e-23
3.713310079364058e-23
3.712754768465051e-23
3.7121689918585737e-23
3.711551505647638e-23
3.7109009985403215e-23
3.710216089055209e-23
3.709495322576581e-23
3.708737168253092e-23
3.707940015733704e-23
3.707102171732307e-23
3.7062218564151454e-23
3.705297199602971e-23
3.704326236778237e-23
3.703306904890988e-23
3.70223703795168e-23
3.7011143624036205e-23
3.6999364922635056e-23
3.69870092402024e-23
3.6974050312796123e-23
3.6960460591447563e-23
3.694621118319013e-23
3.6931271789175285e-23
3.6915610639762303e-23
3.689919442640856e-23
3.688198823023677e-23
3.686395544709703e-23
3.684505770897073e-23
3.682525480154554e-23
3.680450457775473e-23
3.678276286711222e-23
3.675998338061693e-23
3.673611761103287e-23
3.67111147282985e-23
3.668492146984194e-23
3.665748202554076e-23
3.662873791707338e-23
3.6598627871372723e-23
3.6567087687896e-23
3.653405009940193e-23
3.649944462590191e-23
3.6463197421457305e-23
3.642523111343628e-23
3.6385464633876785e-23
3.634381304252492e-23
3.6300187341137675e-23
3.625449427859013e-23
3.620663614631798e-23
3.6156510563572115e-23
3.6104010251974415e-23
3.604902279878349e-23
3.5991430408271204e-23
3.5931109640583906e-23
3.586793113739338e-23
3.580175933360665e-23
3.573245215438869e-23
3.5659860696631987e-23
3.558382889404351e-23
3.5504193164864044e-23
3.5420782041235694e-23
3.533341577912825e-23
3.524190594766963e-23
3.51460549966163e-23
3.504565580063261e-23
3.494049117890118e-23
3.4830333388506586e-23
3.4714943589855253e-23
3.459407128228658e-23
3.4467453707818953e-23
3.433481522081765e-23
3.419586662112651e-23
3.405030444796714e-23
3.389781023163505e-23
3.37380496996819e-23
3.357067193389958e-23
3.3395308474012585e-23
3.32115723634497e-23
3.3019057131998854e-23
3.281733570946596e-23
3.260595926362797e-23
3.23844559548482e-23
3.215232959852913e-23
3.190905822530066e-23
3.1654092527103737e-23
3.138685417546587e-23
3.110673399579325e-23
3.0813089978617805e-23
3.050524510517777e-23
3.0182484960247586e-23
2.9844055099685494e-23
2.9489158133309365e-23
2.911695047510189e-23
2.872653870184905e-23
2.8316975447462706e-23
2.78872547424082e-23
2.743630668467508e-23
2.696299129869501e-23
2.6466091399275866e-23
2.5944304225343906e-23
2.539623153849608e-23
2.482036778706366e-23
2.4215085807693203e-23
2.357861935908716e-23
2.2909041534965686e-23
2.220423775390243e-23
2.1461871523854433e-23
2.0679340454900687e-23
1.9853718929158552e-23
1.8981682249978527e-23
1.805940469376307e-23
1.708242021507881e-23
1.6045428879624968e-23
1.494202331682505e-23
1.3764296152359112e-23
1.2502270658555626e-23
1.1143077930637333e-23
9.669823623269198e-24
8.060367560940879e-24
6.288142012982426e-24
4.341478609042939e-24
2.441968034757189e-24
2.7700977587454794e-24
6.518775426626994e-24
1.337447278403544e-23
2.896301302175914e-23
7.282521728146483e-23
3.3982526873329774e-23
1.5979338318428134e-23
8.18632518149881e-24
3.685854238032718e-24
2.8755074171558364e-24
5.43479765302158e-24
