3.2033566370382558e-24
3.2013862072878096e-24
3.199542686299573e-24
3.1978165977692687e-24
3.1961991919671062e-24
3.1946823869865787e-24
3.19325871467456e-24
3.191921270881716e-24
3.1906636696968213e-24
3.1894800013522114e-24
3.1883647935099044e-24
3.1873129756588287e-24
3.186319846373906e-24
3.185381043205812e-24
3.1844925149882913e-24
3.1836504963657746e-24
3.1828514843595224e-24
3.1820922168046004e-24
3.181369652503136e-24
3.180680952951547e-24
3.1800234655106557e-24
3.1793947078982404e-24
3.178792353892892e-24
3.1782142201474078e-24
3.1776582540177987e-24
3.1771225223217137e-24
3.1766052009471296e-24
3.176104565238414e-24
3.1756189810928653e-24
3.175146896706269e-24
3.174686834910908e-24
3.1742373860540887e-24
3.1737972013694083e-24
3.173364986796847e-24
3.172939497211279e-24
3.172519531022191e-24
3.1721039251104353e-24
3.171691550070383e-24
3.1712813057285374e-24
3.1708721169117045e-24
3.170462929440043e-24
3.1700527063221138e-24
3.169640424130851e-24
3.1692250695408214e-24
3.1688056360087772e-24
3.1683811205806396e-24
3.167950520809292e-24
3.1675128317687945e-24
3.1670670431514122e-24
3.166612136434913e-24
3.1661470821084393e-24
3.165670836945904e-24
3.1651823413166162e-24
3.1646805165236266e-24
3.164164262160548e-24
3.1636324534785574e-24
3.1630839387554088e-24
3.1625175366590535e-24
3.1619320335987086e-24
3.161326181056751e-24
3.160698692895174e-24
3.160048242630624e-24
3.1593734606726655e-24
3.158672931519945e-24
3.1579451909096222e-24
3.15718872291556e-24
3.156401956991309e-24
3.1555832649542388e-24
3.15473095790767e-24
3.153843283098137e-24
3.1529184207058496e-24
3.1519544805662076e-24
3.1509494988217617e-24
3.149901434503826e-24
3.1488081660443523e-24
3.147667487718872e-24
3.1464771060230883e-24
3.1452346359858138e-24
3.1439375974228817e-24
3.1425834111376956e-24
3.1411693950756492e-24
3.1396927604414338e-24
3.13815060779029e-24
3.1365399231060753e-24
3.134857573882711e-24
3.133100305226912e-24
3.1312647360045947e-24
3.1293473550569714e-24
3.1273445175154632e-24
3.1252524412520974e-24
3.1230672035036817e-24
3.1207847377186603e-24
3.118400830679098e-24
3.1159111199610134e-24
3.113311091804567e-24
3.1105960794753277e-24
3.107761262213468e-24
3.1048016648762927e-24
3.1017121584017888e-24
3.098487461232753e-24
3.095122141868282e-24
3.0916106227258673e-24
3.0879471855358137e-24
3.084125978505053e-24
3.0801410255425884e-24
3.0759862378622404e-24
3.0716554283418326e-24
3.0671423290615206e-24
3.0624406125090097e-24
3.0575439170254835e-24
3.0524458771243826e-24
3.0471401594463194e-24
3.0416205051891513e-24
3.0358807800228674e-24
3.029915032608056e-24
3.02371756304576e-24
3.017283002782564e-24
3.0106064077025847e-24
3.0036833664627723e-24
2.996510126392272e-24
2.9890837397040046e-24
2.9814022331158677e-24
2.973464804591169e-24
2.9652720513732988e-24
2.9568262342214506e-24
2.9481315835755374e-24
2.9391946541678925e-24
2.9300247357446386e-24
2.9206343287473087e-24
2.91103969513059e-24
2.9012614961201077e-24
2.8913255305008124e-24
2.8812635890133803e-24
2.8711144426606436e-24
2.860924985325137e-24
2.850751553475291e-24
2.840661448815314e-24
2.8307346922255187e-24
2.821066040342407e-24
2.811767297720539e-24
2.8029699595352082e-24
2.7948282191008135e-24
2.787522372782262e-24
2.78126264886817e-24
2.7762934768625086e-24
2.7728981970696834e-24
2.7714041853492642e-24
2.7721883301674763e-24
2.7756827499908756e-24
2.7823805705287483e-24
2.7928414946991992e-24
2.8076967916491227e-24
2.827653198686889e-24
2.853495088180228e-24
2.886084078215488e-24
2.9263550988638966e-24
2.9753077362353238e-24
3.0339914856786255e-24
3.1034833373515602e-24
3.1848558830668677e-24
3.2791338572075786e-24
3.387236744937926e-24
3.509904864543041e-24
3.647606429363238e-24
3.800423898428567e-24
3.96792017820223e-24
4.148989807139769e-24
4.3417080658928005e-24
4.543202273585982e-24
4.749582958913246e-24
4.955983863229662e-24
5.156760983535375e-24
5.3458826025915374e-24
5.517498763257829e-24
5.666616475055247e-24
5.789749035572451e-24
5.8853865783205495e-24
5.954171243915939e-24
5.998745040091445e-24
6.0233330343803304e-24
6.0331860948884084e-24
6.0340157582616426e-24
6.031518971359275e-24
6.031038910069187e-24
6.037363524122116e-24
6.0546370106121915e-24
6.086350548030484e-24
6.1353812205669965e-24
6.204055739764867e-24
6.294223697182313e-24
6.407331698645602e-24
6.544494035563111e-24
6.706558068517783e-24
6.89416365411939e-24
7.10779643801256e-24
7.34783491534007e-24
7.614591316416196e-24
7.908346421409904e-24
8.229378533915878e-24
8.577987069427242e-24
8.95451125872429e-24
