6.334567185530924e-23
6.334527145761166e-23
6.334483198435462e-23
6.334435250288474e-23
6.334383199572783e-23
6.334326935842667e-23
6.334266339719645e-23
6.334201282638747e-23
6.33413162657574e-23
6.334057223753946e-23
6.333977916330767e-23
6.333893536062397e-23
6.333803903946999e-23
6.333708829844729e-23
6.333608112074293e-23
6.333501536985094e-23
6.333388878503736e-23
6.333269897654624e-23
6.333144342052753e-23
6.33301194536838e-23
6.332872426762009e-23
6.332725490288604e-23
6.332570824269864e-23
6.332408100632857e-23
6.332236974214392e-23
6.332057082028461e-23
6.331868042496729e-23
6.331669454638607e-23
6.331460897221238e-23
6.33124192786548e-23
6.33101208210793e-23
6.330770872415593e-23
6.330517787151719e-23
6.330252289490698e-23
6.329973816279259e-23
6.329681776842006e-23
6.329375551728673e-23
6.329054491399972e-23
6.328717914850163e-23
6.328365108162475e-23
6.327995322994688e-23
6.327607774992194e-23
6.327201642124164e-23
6.326776062939919e-23
6.326330134741996e-23
6.325862911671329e-23
6.325373402701172e-23
6.324860569535131e-23
6.324323324404897e-23
6.323760527763147e-23
6.323170985866627e-23
6.32255344824413e-23
6.321906605044575e-23
6.321229084258488e-23
6.320519448808447e-23
6.3197761935009e-23
6.318997741833821e-23
6.318182442653226e-23
6.317328566650973e-23
6.316434302697391e-23
6.315497753999975e-23
6.314516934080503e-23
6.313489762562118e-23
6.312414060757062e-23
6.311287547046315e-23
6.310107832040411e-23
6.30887241351229e-23
6.307578671090562e-23
6.306223860702281e-23
6.304805108753665e-23
6.30331940603568e-23
6.301763601342792e-23
6.300134394790037e-23
6.298428330815143e-23
6.296641790850534e-23
6.294770985649749e-23
6.292811947252135e-23
6.290760520568255e-23
6.28861235456918e-23
6.286362893059912e-23
6.284007365018153e-23
6.281540774477565e-23
6.278957889934224e-23
6.276253233253955e-23
6.273421068056639e-23
6.270455387553409e-23
6.267349901810497e-23
6.264098024413441e-23
6.26069285850225e-23
6.257127182149284e-23
6.253393433048117e-23
6.249483692480883e-23
6.245389668530738e-23
6.241102678503451e-23
6.236613630520879e-23
6.23191300424805e-23
6.226990830711751e-23
6.221836671169662e-23
6.21643959498362e-23
6.21078815645165e-23
6.204870370548535e-23
6.198673687524363e-23
6.192184966307623e-23
6.185390446656074e-23
6.178275719994985e-23
6.170825698886315e-23
6.163024585055877e-23
6.154855835921698e-23
6.146302129541046e-23
6.137345327911587e-23
6.127966438546449e-23
6.118145574236422e-23
6.107861910925276e-23
6.097093643599425e-23
6.085817940101825e-23
6.074010892778067e-23
6.061647467842595e-23
6.048701452368584e-23
6.035145398782686e-23
6.02095056674854e-23
6.006086862321644e-23
5.990522774240063e-23
5.974225307228345e-23
5.957159912149534e-23
5.93929041290107e-23
5.920578929849263e-23
5.900985799681588e-23
5.880469491498648e-23
5.858986518940859e-23
5.836491348226186e-23
5.812936301827493e-23
5.788271457664479e-23
5.762444543538688e-23
5.735400826629347e-23
5.707082997786679e-23
5.677431050414036e-23
5.646382153663316e-23
5.613870519662861e-23
5.579827264557856e-23
5.544180262992233e-23
5.506853995787668e-23
5.467769390472397e-23
5.426843654377998e-23
5.383990099835997e-23
5.339117961194785e-23
5.2921322033691646e-23
5.242933321287706e-23
5.1914171299330806e-23
5.1374745446658905e-23
5.080991351105395e-23
5.0218479643987213e-23
4.959919176801871e-23
4.895073894056984e-23
4.8271748586735605e-23
4.7560783606203106e-23
4.6816339343443434e-23
4.6036840412897114e-23
4.5220637374704223e-23
4.436600325511762e-23
4.347112989506847e-23
4.253412412964426e-23
4.155300377913635e-23
4.05256934408738e-23
3.945002008615763e-23
3.8323708412695434e-23
3.714437597992515e-23
3.590952806625093e-23
3.461655225099253e-23
3.326271266604227e-23
3.1845143876386084e-23
3.036084432857381e-23
2.880666924226862e-23
2.7179322792579467e-23
2.547534930824764e-23
2.3691122987394077e-23
2.1822835279497615e-23
1.9866478231925004e-23
1.781782029360335e-23
1.5672366829630677e-23
1.3425286408043543e-23
1.107125154687104e-23
8.604035970520425e-24
6.01534234345433e-24
3.293571669562854e-24
2.0848136334282146e-24
2.3427185600550235e-24
5.453748191825373e-24
8.710382272948525e-24
1.2111225479915984e-23
1.56677165905448e-23
1.9389035809585364e-23
2.3283757263670405e-23
2.7360434839567746e-23
3.1627826983072886e-23
3.6095000597886144e-23
4.0771389347717517e-23
4.5666833041205235e-23
5.079160869682253e-23
5.615645786473561e-23
6.177261264481635e-23
6.765182113956415e-23
