1.4182171345721695e-22
1.4185342997287e-22
1.418832478865774e-22
1.4191123048668804e-22
1.4193743716497696e-22
1.4196192354291242e-22
1.4198474158996729e-22
1.4200593973403917e-22
1.420255629644791e-22
1.420436529276754e-22
1.4206024801566376e-22
1.4207538344764229e-22
1.4208909134490695e-22
1.421014007991003e-22
1.4211233793405058e-22
1.421219259613225e-22
1.4213018522951048e-22
1.421371332675586e-22
1.4214278482196164e-22
1.421471518881706e-22
1.4215024373605477e-22
1.4215206692969332e-22
1.4215262534125957e-22
1.4215192015932337e-22
1.4214994989143186e-22
1.4214671036089957e-22
1.4214219469806774e-22
1.4213639332563068e-22
1.4212929393844244e-22
1.4212088147733624e-22
1.4211113809722083e-22
1.421000431292147e-22
1.4208757303677041e-22
1.4207370136573391e-22
1.4205839868822632e-22
1.4204163254013694e-22
1.4202336735226952e-22
1.420035643748011e-22
1.4198218159506712e-22
1.4195917364836778e-22
1.4193449172161429e-22
1.4190808344978406e-22
1.4187989280470525e-22
1.4184985997608445e-22
1.4181792124455147e-22
1.417840088463668e-22
1.417480508294907e-22
1.4170997090084154e-22
1.4166968826425724e-22
1.416271174489096e-22
1.415821681278087e-22
1.415347449258812e-22
1.4148474721750879e-22
1.4143206891264288e-22
1.4137659823155798e-22
1.4131821746729555e-22
1.4125680273563496e-22
1.4119222371183476e-22
1.4112434335368073e-22
1.4105301761031478e-22
1.4097809511603006e-22
1.4089941686853734e-22
1.4081681589098713e-22
1.4073011687694312e-22
1.4063913581769447e-22
1.4054367961089945e-22
1.404435456499454e-22
1.4033852139297668e-22
1.4022838391073994e-22
1.4011289941226315e-22
1.3999182274731757e-22
1.3986489688467942e-22
1.397318523649167e-22
1.3959240672667024e-22
1.394462639051028e-22
1.3929311360123865e-22
1.3913263062082817e-22
1.3896447418128186e-22
1.3878828718524857e-22
1.3860369545911211e-22
1.3841030695487526e-22
1.3820771091367755e-22
1.3799547698899877e-22
1.3777315432779842e-22
1.3754027060740946e-22
1.3729633102617442e-22
1.3704081724554905e-22
1.3677318628134948e-22
1.3649286934161696e-22
1.3619927060858004e-22
1.3589176596196816e-22
1.355697016407192e-22
1.3523239284020697e-22
1.3487912224163439e-22
1.345091384703541e-22
1.3412165447947384e-22
1.3371584585501921e-22
1.3329084903881098e-22
1.3284575946461042e-22
1.3237962960336747e-22
1.3189146691265116e-22
1.313802316854241e-22
1.308448347927375e-22
1.3028413531477124e-22
1.2969693805410357e-22
1.2908199092488334e-22
1.2843798221086062e-22
1.2776353768494175e-22
1.2705721758229266e-22
1.2631751341823126e-22
1.2554284464173495e-22
1.2473155511415555e-22
1.2388190940217746e-22
1.2299208887257594e-22
1.220601875754567e-22
1.21084207900717e-22
1.2006205599101796e-22
1.1899153689237053e-22
1.1787034942070658e-22
1.1669608071998604e-22
1.1546620048351668e-22
1.1417805480536046e-22
1.1282885962340282e-22
1.1141569370801801e-22
1.0993549114104258e-22
1.083850332194619e-22
1.0676093970075574e-22
1.0505965929073949e-22
1.0327745924641869e-22
1.0141041393478405e-22
9.94543921419211e-23
9.740504286841692e-23
9.525777925927852e-23
9.300776020740703e-23
9.064986900106341e-23
8.817868815884443e-23
8.558846926335072e-23
8.287309610780709e-23
8.002603874661552e-23
7.704029491425447e-23
7.390831354498826e-23
7.062189234386869e-23
6.717203683148358e-23
6.354876062686902e-23
5.974079343040834e-23
5.57351391005969e-23
5.151638080637269e-23
4.706554015525604e-23
4.235810763668723e-23
3.736043375877936e-23
3.202261729700177e-23
2.6263143094681023e-23
1.9931460771920535e-23
1.2700795265925013e-23
3.723116728968026e-24
1.1643632881925329e-23
1.426401676892418e-22
1.9618858662820684e-23
1.3782092318516642e-24
1.2132950843833139e-23
2.1742185189738837e-23
3.0924415281857845e-23
4.0095847608090305e-23
4.944366479556138e-23
5.90702275211924e-23
6.904114319565349e-23
7.940430982480676e-23
9.019850903782302e-23
1.0145768968931328e-22
1.132132811506574e-22
1.2549552995126198e-22
1.3833431996881748e-22
1.5175970482768413e-22
1.6580227290786115e-22
1.8049341157043295e-22
1.958655090941656e-22
2.119521173361967e-22
2.2878808939200017e-22
2.4640970135326355e-22
2.6485476421993987e-22
2.8416272984226794e-22
3.0437479388500302e-22
3.255339976217927e-22
3.4768533014052535e-22
3.708758319985069e-22
3.951547012033049e-22
4.2057340208112728e-22
4.471857780742725e-22
4.750481679091536e-22
5.042195272700044e-22
5.347615543062149e-22
5.667388211919435e-22
6.002189111645196e-22
6.352725612017203e-22
6.719738118327962e-22
7.104001625671041e-22
7.506327358660637e-22
7.927564478155846e-22
8.368601857770928e-22
8.830369960894205e-22
9.313842808507422e-22
