1.6565579286877827e-24
1.662324183337667e-24
1.6681042322788706e-24
1.673863142787572e-24
1.6795705943470142e-24
1.6852003676535546e-24
1.6907298806962387e-24
1.6961397689646244e-24
1.701413506660528e-24
1.706537065736131e-24
1.711498609619505e-24
1.716288218592397e-24
1.7208976439311236e-24
1.725320088095323e-24
1.729550008437384e-24
1.733582942098819e-24
1.73741534995307e-24
1.7410444776417853e-24
1.7444682319306218e-24
1.747685070779976e-24
1.7506939056833807e-24
1.753494014973409e-24
1.7560849669283555e-24
1.758466551637737e-24
1.7606387206965327e-24
1.7626015339014032e-24
1.7643551122157216e-24
1.7658995963556006e-24
1.767235110426613e-24
1.7683617301121263e-24
1.7692794549789453e-24
1.769988184525465e-24
1.7704876976530325e-24
1.770777635292241e-24
1.770857485963914e-24
1.770726574100528e-24
1.770384050996864e-24
1.7698288883016182e-24
1.7690598740029382e-24
1.7680756109028712e-24
1.7668745176171866e-24
1.765454832181406e-24
1.7638146183881647e-24
1.7619517750295988e-24
1.7598640482693695e-24
1.7575490474249714e-24
1.7550042645015135e-24
1.752227097885051e-24
1.7492148806790975e-24
1.7459649142499e-24
1.742474507640711e-24
1.7387410236199303e-24
1.7347619322475357e-24
1.7305348729781482e-24
1.7260577264729347e-24
1.7213286974642386e-24
1.7163464102147978e-24
1.7111100183347922e-24
1.7056193309731276e-24
1.6998749576836804e-24
1.693878474589203e-24
1.6876326148260246e-24
1.6811414866568138e-24
1.6744108230872664e-24
1.6674482673173957e-24
1.6602636988992633e-24
1.6528696060551897e-24
1.6452815102287442e-24
1.6375184495791663e-24
1.6296035287687307e-24
1.6215645429986628e-24
1.6134346847744408e-24
1.6052533422599596e-24
1.5970669982194466e-24
1.5889302383224994e-24
1.5809068768419548e-24
1.5730712063004145e-24
1.5655093751669245e-24
1.5583208939749545e-24
1.5516202648836574e-24
1.5455387223937482e-24
1.5402260633285948e-24
1.5358525320847026e-24
1.5326107125322679e-24
1.5307173611602144e-24
1.5304150980025705e-24
1.531973854189013e-24
1.5356919601816812e-24
1.5418967503729795e-24
1.5509445620164062e-24
1.5632200239776523e-24
1.5791345674237621e-24
1.5991241482178175e-24
1.6236462479225778e-24
1.6531763107611521e-24
1.6882038665439183e-24
1.729228669616846e-24
1.7767572355661017e-24
1.8313001680647055e-24
1.8933706322470918e-24
1.9634842522517673e-24
2.042160602265921e-24
2.1299263419398525e-24
2.2273199391009947e-24
2.3348978422352263e-24
2.453241922039252e-24
2.582967997184684e-24
2.7247352893044955e-24
2.8792567071627883e-24
3.0473099300568357e-24
3.2297493371609017e-24
3.427518906778343e-24
3.641666284421431e-24
3.873358290898937e-24
4.123898212976555e-24
4.3947452925593815e-24
4.6875369095950904e-24
5.004114042968063e-24
5.3465506965506966e-24
5.717188098194864e-24
6.1186746205898066e-24
6.5540125367042984e-24
7.026612907811492e-24
7.540360103917724e-24
8.099687660188827e-24
8.709667350150269e-24
9.376113449751005e-24
1.0105704073557632e-23
1.0906120999888058e-23
1.1786208243140398e-23
1.2756147218293755e-23
1.3827641717717702e-23
1.5014097464955472e-23
1.6330766032026912e-23
1.779479702939145e-23
1.9425098856968196e-23
2.124183695049341e-23
2.3265286670871383e-23
2.5513594958460795e-23
2.799879749238974e-23
3.072025244637552e-23
3.365469950207486e-23
3.674291616545942e-23
3.987520427968428e-23
4.288224481829758e-23
4.5542737423622044e-23
4.7618905768844337e-23
4.891769134360936e-23
4.9352175313325015e-23
4.8966971080929874e-23
4.7912348207585937e-23
4.6387205274913266e-23
4.4584868549314747e-23
4.266164439100525e-23
4.0728236748927525e-23
3.885479766444424e-23
3.708083241007934e-23
3.5424939190480005e-23
3.3892496419638967e-23
3.2481082354882903e-23
3.1184039068876584e-23
2.9992702383027e-23
2.889773874686043e-23
2.7889910538428767e-23
2.6960487136751883e-23
2.6101442508202002e-23
2.530552790475197e-23
2.4566274341210502e-23
2.387795801765219e-23
2.3235548444298873e-23
2.2634650789590397e-23
2.2071448949811266e-23
2.1542652811833154e-23
2.1045451407118817e-23
2.0577472577988423e-23
2.013674921694897e-23
1.9721691778101618e-23
1.9331066617063008e-23
1.8963979583258343e-23
1.861986424700864e-23
1.8298474112022803e-23
1.7999878039422113e-23
1.7724458107140418e-23
1.7472908957947083e-23
1.7246237588841893e-23
1.704576239362385e-23
1.687311013331759e-23
1.673020939006763e-23
1.661927906467129e-23
1.65428105146113e-23
1.6503542214987362e-23
1.6504426258418678e-23
1.6548586628153673e-23
1.6639270126312684e-23
1.677979167886978e-23
1.697347677764231e-23
1.7223604530051458e-23
1.7533355228004245e-23
1.7905766253248974e-23
1.8343699570739706e-23
1.8849822964285646e-23
