2.3183879458695652e-23
2.1895120937399415e-23
2.069791647377724e-23
1.9589725229713233e-23
1.8568195378569775e-23
1.7631159104427907e-23
1.6776627993243867e-23
1.6002788806231788e-23
1.530799962668073e-23
1.46907863722361e-23
1.4149839665639172e-23
1.3684012057469837e-23
1.3292315595413587e-23
1.2973919734999588e-23
1.2728149587384947e-23
1.255448450022119e-23
1.2452556968083407e-23
1.2422151869448311e-23
1.2463206027804915e-23
1.2575808095228066e-23
1.2760198757659777e-23
1.3016771262147064e-23
1.3346072267375917e-23
1.374880301985365e-23
1.422582085904088e-23
1.477814105553322e-23
1.5406938987094827e-23
1.6113552657932232e-23
1.689948556720047e-23
1.7766409933294885e-23
1.8716170281129922e-23
1.9750787400296727e-23
2.0872462682742239e-23
2.208358284945384e-23
2.338672507647381e-23
2.4784662531516564e-23
2.6280370333383065e-23
2.7877031947376424e-23
2.957804603092618e-23
3.138703374467693e-23
3.33078465453845e-23
3.534457447808823e-23
3.750155498616992e-23
3.978338225915225e-23
4.2194917139298073e-23
4.474129760943487e-23
4.742794988574952e-23
5.0260600140768864e-23
5.324528688321009e-23
5.638837402297094e-23
5.969656465118215e-23
6.317691556694427e-23
6.683685258424513e-23
7.068418665439731e-23
7.4727130841396e-23
7.897431818971898e-23
8.343482052627735e-23
8.811816824062621e-23
9.30343710900312e-23
9.819394007855978e-23
1.0360791046221674e-22
1.092878659350039e-22
1.152459640539454e-22
1.2149496296434763e-22
1.280482494901209e-22
1.3491986865758978e-22
1.421245547251741e-22
1.4967776379553105e-22
1.5759570809100977e-22
1.6589539197814998e-22
1.7459464983174556e-22
1.8371218583443722e-22
1.9326761581338788e-22
2.032815112215792e-22
2.1377544537775427e-22
2.2477204208576163e-22
2.3629502676146914e-22
2.4836928020315023e-22
2.6102089514955046e-22
2.742772357788241e-22
2.8816700031109826e-22
3.0272028688740606e-22
3.1796866290914137e-22
3.3394523803343357e-22
3.506847410328472e-22
3.6822360074110674e-22
3.866000313213767e-22
4.058541221090592e-22
4.26027932298078e-22
4.471655907578879e-22
4.69313401287952e-22
4.925199536376872e-22
5.168362406426544e-22
5.423157818529086e-22
5.690147540553548e-22
5.969921291222344e-22
6.263098196478714e-22
6.570328328709551e-22
6.892294334164481e-22
7.229713154307778e-22
7.583337847287962e-22
7.953959516177078e-22
8.342409351156285e-22
8.74956079338684e-22
9.176331828928903e-22
9.623687421737662e-22
1.0092642095512198e-21
1.058426267498106e-21
1.109967119808526e-21
1.1640048011508593e-21
1.220663506304923e-21
1.2800739405528193e-21
1.342373692819337e-21
1.4077076333021234e-21
1.4762283374874169e-21
1.54809653862042e-21
1.623481610891789e-21
1.7025620858113972e-21
1.7855262044772053e-21
1.8725725087036533e-21
1.9639104742695045e-21
2.0597611898547858e-21
2.1603580856060206e-21
2.2659477156582292e-21
2.3767905993893954e-21
2.493162126679396e-21
2.615353533000544e-21
2.7436729507902815e-21
2.8784465442479043e-21
3.02001973549847e-21
3.168758530923238e-21
3.3250509574828137e-21
3.489308619953189e-21
3.6619683912877865e-21
3.843494249744357e-21
4.034379278052503e-21
4.2351478417547444e-21
4.446357965966516e-21
4.668603932208362e-21
4.902519119723687e-21
5.148779118843832e-21
5.408105147601078e-21
5.681267806929106e-21
5.9690912146113004e-21
6.27245756368751e-21
6.592312157412887e-21
6.929668980376153e-21
7.28561687399077e-21
7.661326394715005e-21
8.058057445208465e-21
8.477167782441183e-21
8.920122523130847e-21
9.388504786124895e-21
9.884027634034892e-21
1.0408547503581114e-20
1.096407934607856e-20
1.1552813738166254e-20
1.2177136268650325e-20
1.2839649563127892e-20
1.3543198374765601e-20
1.429089825091012e-20
1.5086168384265797e-20
1.593276937818797e-20
1.6834846804457886e-20
1.7796981615302686e-20
1.882424869928618e-20
1.9922285154301504e-20
2.1097370207033077e-20
2.2356519156917767e-20
2.3707594291676486e-20
2.5159436447682984e-20
2.6722021821719673e-20
2.840664984707597e-20
3.022616951902598e-20
3.2195253619589084e-20
3.4330733021850066e-20
3.665200690145115e-20
3.9181549592917326e-20
4.194554150513797e-20
4.497466068049417e-20
4.830508430833137e-20
5.19797673694498e-20
5.605009096001407e-20
6.057800933107641e-20
6.563887783856964e-20
7.132522249671431e-20
7.775182935815758e-20
8.506271039370428e-20
9.344077710870894e-20
1.0312148064980278e-19
1.1441234833959796e-19
1.2772140121239558e-19
1.4359906869589979e-19
1.62800605680539e-19
1.8637894707544741e-19
2.1581913966050932e-19
2.5321413801149004e-19
3.014138706427676e-19
3.637933196574112e-19
4.422972756530934e-19
5.30268428578842e-19
