7.890727973606271e-24
7.939593666247508e-24
7.986182499374012e-24
8.030592857763141e-24
8.072918553679115e-24
8.113249019994881e-24
8.151669494790547e-24
8.188261197709394e-24
8.223101498351744e-24
8.256264076986872e-24
8.287819077855785e-24
8.317833255333303e-24
8.346370113211358e-24
8.373490037357075e-24
8.399250421990783e-24
8.42370578982214e-24
8.446907906270737e-24
8.468905887992827e-24
8.489746305921739e-24
8.509473283025294e-24
8.528128586970383e-24
8.54575171787977e-24
8.562379991353542e-24
8.57804861692161e-24
8.592790772085442e-24
8.606637672095099e-24
8.619618635604926e-24
8.631761146338068e-24
8.643090910885782e-24
8.653631912757798e-24
8.663406462792898e-24
8.672435246031905e-24
8.680737365147804e-24
8.688330380519753e-24
8.695230347032733e-24
8.70145184767501e-24
8.707008024001614e-24
8.711910603523337e-24
8.716169924074406e-24
8.719794955207213e-24
8.722793316652781e-24
8.725171293883281e-24
8.7269338508019e-24
8.728084639583387e-24
8.728626007679071e-24
8.728559001994627e-24
8.727883370242963e-24
8.726597559467659e-24
8.72469871172558e-24
8.722182656910012e-24
8.719043902690844e-24
8.715275621538766e-24
8.710869634795948e-24
8.70581639374519e-24
8.700104957625907e-24
8.693722968533912e-24
8.686656623136401e-24
8.678890641124607e-24
8.67040823031609e-24
8.661191048314862e-24
8.651219160620942e-24
8.640470995077472e-24
8.628923292530313e-24
8.61655105356435e-24
8.603327481170984e-24
8.58922391918737e-24
8.57420978633781e-24
8.558252505692308e-24
8.54131742934514e-24
8.523367758100102e-24
8.504364455935068e-24
8.484266158999935e-24
8.463029078886143e-24
8.440606899886553e-24
8.416950669943665e-24
8.392008684965435e-24
8.36572636616225e-24
8.338046130036573e-24
8.308907250630055e-24
8.278245713608501e-24
8.245994061728992e-24
8.212081231212341e-24
8.176432378501338e-24
8.138968696857726e-24
8.099607222208446e-24
8.058260627615064e-24
8.014837005698781e-24
7.969239638306317e-24
7.921366752661242e-24
7.8711112631911e-24
7.81836049817815e-24
7.762995910324275e-24
7.704892770273517e-24
7.643919842084553e-24
7.579939039595396e-24
7.512805062580514e-24
7.44236501156064e-24
7.368457980101394e-24
7.290914623423997e-24
7.209556702168888e-24
7.124196600194815e-24
7.034636815399571e-24
6.940669422706672e-24
6.842075508628813e-24
6.738624577212989e-24
6.630073927762288e-24
6.516168005587779e-24
6.396637728288279e-24
6.271199791850419e-24
6.1395559634504415e-24
6.001392371588169e-24
5.85637880963531e-24
5.7041680768791835e-24
5.544395392989371e-24
5.376677939593946e-24
5.200614609658252e-24
5.0157860871042166e-24
4.8217554448567214e-24
4.618069555313446e-24
4.404261781665307e-24
4.179856714095789e-24
3.944378231689122e-24
3.697363107021337e-24
3.438384136296359e-24
3.16709026736629e-24
2.883278472844198e-24
2.587028252373989e-24
2.278968106329746e-24
1.960842828796712e-24
1.6368320716394769e-24
1.3169335218463758e-24
1.0263213746934016e-24
8.280578994935779e-25
8.293881552759394e-25
1.060500106695888e-24
1.4387775164806373e-24
1.8997264418514405e-24
2.416289626925026e-24
2.978241326736615e-24
3.582049797693854e-24
4.227121386621343e-24
4.914349507312619e-24
5.645506430701925e-24
6.422972581484354e-24
7.249615107067169e-24
8.128739353276055e-24
9.064079919331016e-24
1.0059815987774499e-23
1.1120603806881451e-23
1.2251623237655984e-23
1.345863747001653e-23
1.4748066366349576e-23
1.6127074876001486e-23
1.760367882428438e-23
1.9186871258025716e-23
2.0886773530615838e-23
2.271481652781209e-23
2.468395897628727e-23
2.6808951771398495e-23
2.9106659884553863e-23
3.1596456906962677e-23
3.4300711999994455e-23
3.72453954487691e-23
4.046083788006122e-23
4.398269058351108e-23
4.7853151886198363e-23
5.2122549653583974e-23
5.685140658515416e-23
6.211316916620594e-23
6.799786284904897e-23
7.461706169763419e-23
8.211075822454608e-23
9.065703710303625e-23
1.0048598221525606e-22
1.1190014241003362e-22
1.2530546044661767e-22
1.4125946183789118e-22
1.6054903592397613e-22
1.843212896493927e-22
2.143147823396749e-22
2.5329309364687916e-22
3.059190094362108e-22
3.8068419212339076e-22
4.946844762365889e-22
6.872253068468175e-22
1.0637714234464315e-21
1.856168216373381e-21
1.9819805175599247e-21
1.1907994150323402e-21
7.954503791813876e-22
5.947617363762529e-22
4.767881656356588e-22
3.9976355087292633e-22
3.4566989322353496e-22
3.0562245324182837e-22
2.7477052406197465e-22
2.502519467728653e-22
2.302723782879551e-22
2.136510611537623e-22
1.9957963319975406e-22
1.8748614012788227e-22
