1.4571919828278046e-22
1.4571909303945644e-22
1.4571893548545152e-22
1.4571872528706888e-22
1.4571846199889963e-22
1.4571814506288386e-22
1.457177738071302e-22
1.4571734744448893e-22
1.4571686507089284e-22
1.4571632566343484e-22
1.4571572807820843e-22
1.457150710478767e-22
1.4571435317898846e-22
1.4571357294902478e-22
1.4571272870316927e-22
1.4571181865080441e-22
1.4571084086170428e-22
1.457097932619549e-22
1.4570867362954268e-22
1.4570747958965275e-22
1.4570620860962239e-22
1.4570485799358242e-22
1.4570342487672808e-22
1.4570190621924007e-22
1.457002987998557e-22
1.4569859920900967e-22
1.456968038416295e-22
1.456949088894609e-22
1.4569291033301731e-22
1.4569080393302778e-22
1.4568858522146305e-22
1.456862494920511e-22
1.4568379179029073e-22
1.4568120690294814e-22
1.456784893469921e-22
1.4567563335796273e-22
1.4567263287775145e-22
1.456694815417336e-22
1.4566617266528402e-22
1.4566269922958738e-22
1.4565905386674164e-22
1.456552288441423e-22
1.4565121604806947e-22
1.4564700696647134e-22
1.4564259267091234e-22
1.4563796379763187e-22
1.456331105276707e-22
1.4562802256604754e-22
1.4562268911991378e-22
1.4561709887565504e-22
1.4561123997489283e-22
1.4560509998931181e-22
1.4559866589431337e-22
1.4559192404135435e-22
1.455848601290126e-22
1.4557745917262672e-22
1.455697054725123e-22
1.4556158258064096e-22
1.4555307326574362e-22
1.4554415947675274e-22
1.455348223044942e-22
1.4552504194156155e-22
1.4551479764028939e-22
1.4550406766871953e-22
1.4549282926449447e-22
1.4548105858654146e-22
1.4546873066448248e-22
1.454558193456466e-22
1.4544229723955824e-22
1.4542813565981173e-22
1.4541330456318237e-22
1.4539777248586912e-22
1.4538150647670786e-22
1.4536447202722975e-22
1.4534663299841212e-22
1.453279515439713e-22
1.4530838803001805e-22
1.4528790095092046e-22
1.4526644684119615e-22
1.452439801832285e-22
1.452204533106257e-22
1.4519581630702498e-22
1.4517001690009539e-22
1.4514300035054696e-22
1.4511470933589303e-22
1.450850838287141e-22
1.4505406096917558e-22
1.450215749315327e-22
1.4498755678430031e-22
1.4495193434384628e-22
1.449146320210493e-22
1.448755706607186e-22
1.4483466737341778e-22
1.4479183535935308e-22
1.4474698372392965e-22
1.447000172845929e-22
1.4465083636853328e-22
1.4459933660085435e-22
1.4454540868267817e-22
1.4448893815881648e-22
1.4442980517440252e-22
1.4436788422005322e-22
1.4430304386495644e-22
1.4423514647733531e-22
1.4416404793168767e-22
1.440895973021783e-22
1.440116365415014e-22
1.4393000014456142e-22
1.4384451479622442e-22
1.4375499900235527e-22
1.4366126270345171e-22
1.4356310686989345e-22
1.434603230780422e-22
1.4335269306627144e-22
1.4323998826990862e-22
1.4312196933412276e-22
1.4299838560373484e-22
1.4286897458877935e-22
1.4273346140472427e-22
1.4259155818606694e-22
1.4244296347211086e-22
1.4228736156357314e-22
1.4212442184846078e-22
1.4195379809613972e-22
1.4177512771752154e-22
1.4158803099025616e-22
1.4139211024693171e-22
1.4118694902456254e-22
1.409721111734996e-22
1.4074713992409598e-22
1.4051155690829818e-22
1.402648611351143e-22
1.4000652791666465e-22
1.3973600774301474e-22
1.3945272510317636e-22
1.3915607724975177e-22
1.3884543290404756e-22
1.3852013089921084e-22
1.381794787585094e-22
1.3782275120487876e-22
1.3744918859869428e-22
1.3705799530079512e-22
1.3664833795629605e-22
1.3621934369536988e-22
1.3577009824765149e-22
1.3529964396406975e-22
1.3480697774557946e-22
1.3429104886815393e-22
1.3375075670318533e-22
1.3318494832969413e-22
1.32592416025122e-22
1.3197189463779016e-22
1.3132205882848714e-22
1.3064152017833733e-22
1.2992882415371309e-22
1.2918244692171587e-22
1.2840079200733825e-22
1.2758218678992413e-22
1.2672487882074498e-22
1.2582703195579739e-22
1.2488672230765236e-22
1.239019339777316e-22
1.2287055458424912e-22
1.2179037056708772e-22
1.2065906224835276e-22
1.1947419864334819e-22
1.1823323200873286e-22
1.1693349211254313e-22
1.1557218019595787e-22
1.1414636264114576e-22
1.1265296429748388e-22
1.1108876144473419e-22
1.0945037440414277e-22
1.0773425973854107e-22
1.0593670203494861e-22
1.0405380523205468e-22
1.0208148346870772e-22
1.0001545140081881e-22
9.785121398568268e-23
9.558405562395735e-23
9.320902868494268e-23
9.072094125315172e-23
8.811434411511923e-23
8.538351681978933e-23
8.252245271513511e-23
7.952484270402532e-23
7.638405771088101e-23
7.309312917211555e-23
6.964472728125111e-23
6.603113626401805e-23
6.224422496735293e-23
5.827541116498178e-23
5.411561523252805e-23
4.975519618088744e-23
4.518385571285022e-23
4.039047941397515e-23
3.5362844145652956e-23
3.0087006640300186e-23
2.4545822193126776e-23
1.871458938789358e-23
1.2544011607426475e-23
