1.8773472584600173e-23
1.8188322724590057e-23
1.7657508855219488e-23
1.717990446966289e-23
1.6754496056415845e-23
1.6380380946761273e-23
1.6056765398694016e-23
1.57829629132105e-23
1.5558392779359403e-23
1.5382578844917346e-23
1.525514851003324e-23
1.5175831941646055e-23
1.5144461506956663e-23
1.5160971424702053e-23
1.522539763346783e-23
1.533787787675261e-23
1.5498652005000457e-23
1.570806249530365e-23
1.596655518998663e-23
1.62746802557782e-23
1.663309336577825e-23
1.7042557106926222e-23
1.75039426161791e-23
1.801823144910242e-23
1.858651768508263e-23
1.9210010273893528e-23
1.989003562884494e-23
2.0628040472303158e-23
2.1425594939908665e-23
2.2284395950378497e-23
2.320627084838758e-23
2.4193181328603845e-23
2.5247227649610712e-23
2.6370653147079732e-23
2.7565849056256266e-23
2.883535965451051e-23
3.0181887735450084e-23
3.160830042685537e-23
3.311763536548336e-23
3.4713107242633914e-23
3.6398114735215136e-23
3.817624783797745e-23
4.005129561349308e-23
4.2027254377498506e-23
4.4108336338201365e-23
4.6298978709273814e-23
4.8603853317389694e-23
5.1027876726344637e-23
5.357622090108429e-23
5.625432443626007e-23
5.906790437534444e-23
6.202296864780607e-23
6.51258291533778e-23
6.838311552410033e-23
7.180178959652805e-23
7.53891606283222e-23
7.915290129535902e-23
8.31010645075229e-23
8.724210108351235e-23
9.158487832723648e-23
9.613869955082156e-23
1.0091332459178488e-22
1.0591899137462896e-22
1.1116643857004767e-22
1.1666692940788773e-22
1.2243227670334423e-22
1.2847486915929865e-22
1.3480769901130142e-22
1.4144439108576344e-22
1.4839923334588103e-22
1.5568720900443622e-22
1.6332403028726434e-22
1.7132617393610875e-22
1.797109185453131e-22
1.8849638383205791e-22
1.977015719465651e-22
2.0734641093470028e-22
2.174518004730966e-22
2.2803966000376293e-22
2.391329794038603e-22
2.5075587233475735e-22
2.6293363242374644e-22
2.756927924417661e-22
2.8906118665193046e-22
3.0306801651394865e-22
3.1774391994336326e-22
3.3312104433744026e-22
3.492331235934841e-22
3.6611555936190664e-22
3.8380550679377423e-22
4.0234196505766137e-22
4.2176587292583045e-22
4.421202097454698e-22
4.634501021382629e-22
4.8580293679274605e-22
5.092284797487491e-22
5.337790025870695e-22
5.595094159937836e-22
5.864774111770859e-22
6.1474360967420255e-22
6.44371722114786e-22
6.7542871655571485e-22
7.079849970539761e-22
7.421145931992191e-22
7.778953613733101e-22
8.154091985920109e-22
8.547422698301067e-22
8.959852498294293e-22
9.392335804597517e-22
9.845877447885943e-22
1.0321535591613578e-21
1.0820424846319101e-21
1.1343719592886059e-21
1.1892657530791307e-21
1.2468543469735905e-21
1.3072753383610282e-21
1.3706738748799423e-21
1.437203118991502e-21
1.5070247458534182e-21
1.580309477317727e-21
1.6572376551988467e-21
1.7379998570476913e-21
1.822797558322446e-21
1.9118438449980317e-21
2.0053641810818706e-21
2.1035972361408263e-21
2.206795778199615e-21
2.3152276381655847e-21
2.429176752634362e-21
2.5489442921689433e-21
2.674849883732308e-21
2.8072329359498152e-21
2.946454078055075e-21
3.0928967229599357e-21
3.2469687675266256e-21
3.409104444148541e-21
3.5797663387201385e-21
3.759447593082159e-21
3.948674310194716e-21
4.148008185380656e-21
4.358049386611026e-21
4.5794397105784535e-21
4.812866047379811e-21
5.059064184178318e-21
5.318822989685683e-21
5.5929890186787445e-21
5.882471588247045e-21
6.1882483754782945e-21
6.5113716000178e-21
6.85297485862198e-21
7.2142806809347e-21
7.596608906079553e-21
8.001385951484574e-21
8.430155100446338e-21
8.884587911448353e-21
9.366496876583798e-21
9.877849482658858e-21
1.0420783800251086e-20
1.0997625793728642e-20
1.1610908507594632e-20
1.2263393298285793e-20
1.295809331874214e-20
1.369829937933677e-20
1.4487608364834027e-20
1.5329954286155795e-20
1.6229641962961375e-20
1.719138323948788e-20
1.8220335464477723e-20
1.932214154398377e-20
2.0502970634155087e-20
2.1769557825329844e-20
2.3129240198900662e-20
2.4589985678868196e-20
2.616040900618643e-20
2.784976696041341e-20
2.966792184189879e-20
3.162525729336382e-20
3.373252530838433e-20
3.600059570734389e-20
3.8440070312088793e-20
4.1060713680299165e-20
4.387064271596288e-20
4.6875209668427364e-20
5.007551360391166e-20
5.34664922367625e-20
5.703459566325425e-20
6.075513278551821e-20
6.458954012416573e-20
6.848303597693663e-20
7.23633794742707e-20
7.614164179808282e-20
7.971589012047351e-20
8.297828619467669e-20
8.582525338967358e-20
8.816919793129334e-20
8.994930976073583e-20
9.113874654644641e-20
9.174636834130631e-20
9.181283395883312e-20
9.140250582074577e-20
9.059352133063033e-20
