7.420131659404415e-24
5.0454148118391975e-24
2.8202622700836112e-24
7.416450445613878e-25
1.2039669067923764e-24
3.0074032549515567e-24
4.679434656756207e-24
6.222897587874412e-24
7.640970591963711e-24
8.93663460421422e-24
1.0112627489608242e-23
1.1171438811091452e-23
1.2115311753537152e-23
1.2946246619007425e-23
1.3666004519713622e-23
1.427611084600964e-23
1.4777858359206336e-23
1.5172309850870695e-23
1.5460300345003872e-23
1.564243883375003e-23
1.5719109543342124e-23
1.5690472729697833e-23
1.555646500424738e-23
1.5316799191304878e-23
1.4970963719130096e-23
1.4518221548433836e-23
1.395760864548868e-23
1.3287932014060077e-23
1.2507767315425197e-23
1.1615456138480191e-23
1.0609103057646516e-23
9.486572805543831e-24
8.245488413695346e-24
6.883232863553972e-24
5.396963413903115e-24
3.78368301931463e-24
2.0407412401325963e-24
1.988605028431975e-25
1.8632290857661433e-24
4.021344925843597e-24
6.3282381940791564e-24
8.787722842836268e-24
1.1404831917840355e-23
1.4185073756646678e-23
1.713434348305192e-23
2.025891141381343e-23
2.356542864903388e-23
2.706093830719152e-23
3.0752889343498785e-23
3.4649151968869534e-23
3.875803431892249e-23
4.308830024740223e-23
4.7649188209034916e-23
5.2450431237762725e-23
5.7502278046791e-23
6.281551528854785e-23
6.840149102024378e-23
7.42721394261905e-23
8.044000685278516e-23
8.691827921617521e-23
9.372081084666936e-23
1.0086215483809383e-22
1.0835759497429495e-22
1.1622317930942416e-22
1.244757554830417e-22
1.3313300785579791e-22
1.4221349655654686e-22
1.5173669853685676e-22
1.6172305073458855e-22
1.7219399545411243e-22
1.8317202807697848e-22
1.946807472236017e-22
2.0674490749360606e-22
2.193904749200257e-22
2.32644685280715e-22
2.4653610541879867e-22
2.610946977332469e-22
2.7635188801049657e-22
2.9234063677840206e-22
3.090955143751045e-22
3.266527799372984e-22
3.4505046452529263e-22
3.643284586158953e-22
3.845286042090759e-22
4.0569479180997733e-22
4.278730625648758e-22
4.511117158481423e-22
4.754614226167455e-22
5.009753448698997e-22
5.277092615743001e-22
5.557217014401887e-22
5.8507408295996575e-22
6.158308621486258e-22
6.480596884582362e-22
6.8183156937036765e-22
7.1722104420771e-22
7.543063677443889e-22
7.931697042374448e-22
8.338973325504075e-22
8.765798630837984e-22
9.21312467291226e-22
9.68195120609969e-22
1.017332859706102e-21
1.0688360550015655e-21
1.1228206995286104e-21
1.1794087152412731e-21
1.2387282780062084e-21
1.3009141625900637e-21
1.3661081090844948e-21
1.4344592123148051e-21
1.5061243359192238e-21
1.5812685529350307e-21
1.6600656148786517e-21
1.7426984514946244e-21
1.8293597035273178e-21
1.9202522911078915e-21
2.0155900205755115e-21
2.115598232769682e-21
2.220514496241287e-21
2.33058934899607e-21
2.4460870928849478e-21
2.5672866450192696e-21
2.6944824512152285e-21
2.827985466694706e-21
2.96812421014623e-21
3.1152458975440797e-21
3.269717663101498e-21
3.4319278752305216e-21
3.602287556528795e-21
3.781231917423365e-21
3.969222014736053e-21
4.16674654696046e-21
4.374323800071403e-21
4.592503758829323e-21
4.821870400844043e-21
5.063044191547836e-21
5.316684802233592e-21
5.583494074480783e-21
5.864219257446115e-21
6.159656549213911e-21
6.470654975213572e-21
6.798120643134334e-21
7.143021417542802e-21
7.506392063795892e-21
7.889339918735106e-21
8.293051151181042e-21
8.718797685220657e-21
9.167944876388614e-21
9.641960026165816e-21
1.0142421859018711e-20
1.0671031082008844e-20
1.1229622177389378e-20
1.1820176603922122e-20
1.2444837601038789e-20
1.3105926837865692e-20
1.3805963174770086e-20
1.4547683858514587e-20
1.5334068534966414e-20
1.6168366517343018e-20
1.705412785245985e-20
1.7995238799074595e-20
1.89959624883143e-20
2.0060985658192363e-20
2.1195472555003753e-20
2.240512732501534e-20
2.369626647491343e-20
2.5075903406040877e-20
2.6551847356719713e-20
2.813281978428381e-20
2.982859182469056e-20
3.1650147442889444e-20
3.360987810992881e-20
3.5721816169720184e-20
3.8001916478413054e-20
4.046839797528051e-20
4.3142161218879535e-20
4.6047301307084534e-20
4.921174402736885e-20
5.266803974615131e-20
5.645436373303716e-20
6.061578776590509e-20
6.520591226930351e-20
7.028898629819918e-20
7.594269060616041e-20
8.226184194622022e-20
8.936339348988542e-20
9.739329111486935e-20
1.0653604207005652e-19
1.170283330931154e-19
1.2917884086436964e-19
1.4339778230732634e-19
1.602422629304883e-19
1.80488192921043e-19
2.0524877868655999e-19
2.3617874520482214e-19
2.7584577681781014e-19
3.2845163171692653e-19
4.013492770717811e-19
5.085711472991525e-19
6.801170213589794e-19
9.898738673097807e-19
