2.105575051643739e-24
2.0370974696144454e-24
1.972026999645231e-24
1.9102175734587093e-24
1.8515295978587153e-24
1.7958296526595574e-24
1.7429902043917753e-24
1.692889335434833e-24
1.6454104882361865e-24
1.6004422242789142e-24
1.5578779974487614e-24
1.517615941436613e-24
1.4795586707843754e-24
1.4436130951506015e-24
1.4096902463314442e-24
1.377705117529356e-24
1.3475765143143495e-24
1.319226916675571e-24
1.2925823515144611e-24
1.2675722748882275e-24
1.2441294632750265e-24
1.2221899131034647e-24
1.2016927477670101e-24
1.1825801313350615e-24
1.1647971881714285e-24
1.1482919276831158e-24
1.1330151734444406e-24
1.118920495973972e-24
1.105964148482913e-24
1.0941050049633263e-24
1.083304500038991e-24
1.0735265700613064e-24
1.0647375949944136e-24
1.0569063406955493e-24
1.0500039012584137e-24
1.044003641145884e-24
1.0388811368934156e-24
1.0346141182166339e-24
1.0311824084001794e-24
1.0285678638889944e-24
1.0267543130345473e-24
1.0257274939834868e-24
1.025474991718339e-24
1.025986174283792e-24
1.0272521282508166e-24
1.0292655934858074e-24
1.0320208973073024e-24
1.0355138881233635e-24
1.0397418686580038e-24
1.0447035288834664e-24
1.0503988787892937e-24
1.0568291811302181e-24
1.0639968843074064e-24
1.071905555551546e-24
1.0805598145873155e-24
1.0899652679740994e-24
1.1001284443277084e-24
1.11105673064159e-24
1.1227583099347297e-24
1.1352421004622858e-24
1.1485176967309103e-24
1.162595312563763e-24
1.1774857264610324e-24
1.1932002294972948e-24
1.2097505759919017e-24
1.2271489371764794e-24
1.2454078580708236e-24
1.2645402177599747e-24
1.2845591932446351e-24
1.3054782270129695e-24
1.3273109984557588e-24
1.3500713992169646e-24
1.3737735125433302e-24
1.3984315966628498e-24
1.4240600721924599e-24
1.4506735135416352e-24
1.4782866442481776e-24
1.5069143361528092e-24
1.536571612289298e-24
1.56727365334251e-24
1.5990358075014932e-24
1.6318736035137673e-24
1.6658027667298095e-24
1.7008392379105412e-24
1.7369991945606546e-24
1.7742990745405012e-24
1.8127556017064745e-24
1.8523858133264725e-24
1.8932070890195042e-24
1.935237180972532e-24
1.9784942451956875e-24
2.0229968735838683e-24
2.068764126569154e-24
2.1158155661570884e-24
2.1641712891581544e-24
2.213851960441954e-24
2.2648788460570264e-24
2.3172738460789936e-24
2.3710595270676716e-24
2.4262591540306845e-24
2.4828967218106617e-24
2.540996985829893e-24
2.6005854921425488e-24
2.6616886067628034e-24
2.724333544248974e-24
2.7885483955405484e-24
2.8543621550569127e-24
2.92180474707657e-24
2.9909070514295656e-24
3.0617009285401623e-24
3.134219243868928e-24
3.2084958918074063e-24
3.284565819084085e-24
3.36246504774655e-24
3.442230697785448e-24
3.523901009469849e-24
3.607515365464809e-24
3.693114312802043e-24
3.780739584775017e-24
3.870434122828972e-24
3.962242098515643e-24
4.056208935579722e-24
4.152381332243956e-24
4.250807283755586e-24
4.3515361052556e-24
4.454618455029666e-24
4.5601063581958686e-24
4.6680532308831564e-24
4.778513904949539e-24
4.891544653288797e-24
5.0072032157696675e-24
5.1255488258493586e-24
5.2466422379024105e-24
5.370545755299563e-24
5.4973232592746955e-24
5.627040238609477e-24
5.759763820168926e-24
5.895562800315219e-24
6.034507677227727e-24
6.176670684154866e-24
6.322125823621572e-24
6.470948902616207e-24
6.623217568777828e-24
6.779011347605818e-24
6.938411680710345e-24
7.101501965124695e-24
7.26836759369621e-24
7.439095996575477e-24
7.613776683819971e-24
7.7925012891293e-24
7.975363614730134e-24
8.162459677425236e-24
8.353887755824416e-24
8.549748438771985e-24
8.750144674987718e-24
8.95518182393644e-24
9.164967707941318e-24
9.379612665556228e-24
9.599229606213329e-24
9.823934066159975e-24
1.0053844265699915e-23
1.0289081167753334e-23
1.0529768537751019e-23
1.0776033004875841e-23
1.1028004124664621e-23
1.128581444298654e-23
1.1549599561407578e-23
1.1819498203956048e-23
1.2095652285298659e-23
1.2378206980339597e-23
1.2667310795252199e-23
1.296311563995229e-23
1.326577690202007e-23
1.357545352207891e-23
1.3892308070633758e-23
1.4216506826375214e-23
1.4548219855948338e-23
1.4887621095186655e-23
1.523488843180694e-23
1.5590203789562286e-23
1.5953753213839744e-23
1.632572695869387e-23
1.6706319575299202e-23
1.7095730001801585e-23
1.7494161654541495e-23
1.7901822520623005e-23
1.8318925251788863e-23
1.8745687259561542e-23
1.9182330811598085e-23
1.9629083129205306e-23
2.0086176485941668e-23
2.0553848307236245e-23
2.103234127093118e-23
2.1521903408649181e-23
2.2022788207870205e-23
2.2535254714586765e-23
2.3059567636386366e-23
2.3595997445796593e-23
2.4144820483695397e-23
2.4706319062571504e-23
2.528078156938586e-23
