4.897643096604926e-23
4.94363208856312e-23
4.987298682287501e-23
5.028735543846362e-23
5.0680306038152347e-23
5.105267244103558e-23
5.140524475086037e-23
5.173877103416167e-23
5.205395890880288e-23
5.2351477046297395e-23
5.263195659112167e-23
5.28959925000176e-23
5.314414480415307e-23
5.337693979680027e-23
5.359487114905891e-23
5.37984009559836e-23
5.398796071531732e-23
5.41639522409128e-23
5.432674851274028e-23
5.447669446528645e-23
5.461410771597353e-23
5.473927923513827e-23
5.485247395893362e-23
5.495393134643677e-23
5.504386588210278e-23
5.512246752456068e-23
5.518990210268698e-23
5.524631165969759e-23
5.529181474596034e-23
5.532650666104664e-23
5.535045964547473e-23
5.53637230224464e-23
5.53663232897949e-23
5.535826416221335e-23
5.533952656374964e-23
5.531006857040139e-23
5.526982530256226e-23
5.521870876691083e-23
5.51566076472506e-23
5.508338704364747e-23
5.499888815909532e-23
5.490292793283025e-23
5.479529861923586e-23
5.467576731116556e-23
5.4544075406374e-23
5.439993801556035e-23
5.424304331040358e-23
5.407305180979249e-23
5.388959560227193e-23
5.369227750256017e-23
5.348067013980069e-23
5.325431497499333e-23
5.301272124487915e-23
5.275536482927787e-23
5.248168703869632e-23
5.219109331872674e-23
5.1882951867533765e-23
5.155659216240818e-23
5.121130339109411e-23
5.084633278326045e-23
5.0460883837151e-23
5.005411443607843e-23
4.962513484903673e-23
4.9173005609294276e-23
4.869673526435789e-23
4.819527799023509e-23
4.76675310623886e-23
4.711233217521424e-23
4.652845660126677e-23
4.591461418080846e-23
4.5269446131536554e-23
4.459152166760082e-23
4.3879334416154416e-23
4.313129861884532e-23
4.2345745104603353e-23
4.1520917019112717e-23
4.06549652951297e-23
3.974594384662694e-23
3.879180446839617e-23
3.7790391421238816e-23
3.673943568138433e-23
3.5636548831010525e-23
3.4479216565043383e-23
3.326479178740785e-23
3.199048726809339e-23
3.065336783027956e-23
2.925034203530675e-23
2.777815333185902e-23
2.623337063521322e-23
2.4612378305467064e-23
2.291136549964438e-23
2.112631489085119e-23
1.9252990789374752e-23
1.728692680046467e-23
1.52234134077163e-23
1.3057486576622918e-23
1.0783920714826426e-23
8.397237943636123e-24
5.891789939200641e-24
3.2623519304078164e-24
5.250380176475542e-25
2.4149840879792916e-24
5.459924541256875e-24
8.66145329875284e-24
1.2025785836112208e-23
1.5561314758301706e-23
1.9277201700305065e-23
2.3183239919310205e-23
2.7289854417680896e-23
3.1608133477283786e-23
3.614987218298864e-23
4.092762319175572e-23
4.59547535553242e-23
5.124550751002492e-23
5.681507558160954e-23
6.267967057730846e-23
6.885661119226857e-23
7.53644140925316e-23
8.22228954762684e-23
8.945328326462338e-23
9.707834124539286e-23
1.0512250668844577e-22
1.1361204318042238e-22
1.2257521069164332e-22
1.3204245520154936e-22
1.4204662057404654e-22
1.5262318580968216e-22
1.638105313120256e-22
1.756502384184911e-22
1.881874271699173e-22
2.014711381655694e-22
2.155547653948784e-22
2.3049654819314094e-22
2.4636013200348543e-22
2.6321520946660327e-22
2.811382556394002e-22
3.002133739043556e-22
3.205332725602651e-22
3.4220039631860017e-22
3.6532824220925917e-22
3.900428959699634e-22
4.164848333484912e-22
4.448110412444647e-22
4.751975269996893e-22
5.078423014606837e-22
5.429689435820572e-22
5.808308833918156e-22
6.217165782247126e-22
6.659558074411187e-22
7.139273783253001e-22
7.660686266709232e-22
8.228872196046109e-22
8.849759389297583e-22
9.530313621078433e-22
1.0278776948259867e-21
1.1104974927328132e-21
1.2020717136668396e-21
1.3040325824027519e-21
1.4181343203053434e-21
1.5465492025007051e-21
1.6920001965375716e-21
1.857947537277124e-21
2.04885668411805e-21
2.2705923211034004e-21
2.531013455431386e-21
2.8409004702004803e-21
3.2154523054383687e-21
3.676809462536068e-21
4.258528412592731e-21
5.014028407838265e-21
6.0338382300067526e-21
7.48458032095766e-21
9.710126357189669e-21
1.3552265560568095e-20
2.1758634103135938e-20
5.1192660761859627e-20
1.395688877276251e-19
3.2571320679422944e-20
1.8579978316549046e-20
1.3161080513712961e-20
1.0288166604899259e-20
8.509401213940829e-21
7.3002018449158e-21
6.4250148521415206e-21
5.762379961649327e-21
5.24331784797445e-21
4.8257484075549526e-21
4.482542315228495e-21
4.1954213062986574e-21
3.9516192639359776e-21
3.74194854004253e-21
3.559626818272699e-21
3.399536985087204e-21
3.2577443563554413e-21
3.1311725828225488e-21
3.0173805436067524e-21
2.914405311456292e-21
2.820649454865487e-21
2.7347986850093965e-21
2.6557607839501174e-21
2.5826195792705938e-21
