3.03049798920349e-24
3.007450052726038e-24
2.9855911617854825e-24
2.964869007811149e-24
2.9452340455163622e-24
2.9266393730742162e-24
2.9090406177570394e-24
2.8923958268990754e-24
2.8766653640421576e-24
2.8618118101246023e-24
2.847799869574054e-24
2.834596281165517e-24
2.822169733506403e-24
2.810490785011427e-24
2.7995317882312325e-24
2.7892668184005395e-24
2.7796716060722634e-24
2.7707234737083608e-24
2.76240127609779e-24
2.754685344477132e-24
2.747557434231545e-24
2.7410006760562445e-24
2.734999530463314e-24
2.7295397455224024e-24
2.72460831772588e-24
2.7201934558754345e-24
2.716284547889125e-24
2.712872130432791e-24
2.7099478612834717e-24
2.70750449433647e-24
2.7055358571716477e-24
2.704036831097901e-24
2.703003333599111e-24
2.702432303107481e-24
2.702321686033926e-24
2.7026704259878992e-24
2.7034784551219963e-24
2.7047466875387028e-24
2.7064770146992067e-24
2.708672302775659e-24
2.711336391889508e-24
2.714474097179833e-24
2.7180912116459236e-24
2.7221945107082433e-24
2.7267917584318455e-24
2.7318917153550255e-24
2.737504147864499e-24
2.743639839056728e-24
2.750310601021898e-24
2.7575292884838347e-24
2.7653098137256507e-24
2.7736671627258334e-24
2.7826174124246945e-24
2.792177749035099e-24
2.802366487304885e-24
2.813203090631059e-24
2.8247081919186387e-24
2.8369036150679814e-24
2.8498123969657398e-24
2.8634588098455986e-24
2.87786838387436e-24
2.8930679298092792e-24
2.909085561562019e-24
2.9259507184942176e-24
2.943694187258791e-24
2.962348122991112e-24
2.981946069644893e-24
3.0025229792569757e-24
3.024115229918381e-24
3.0467606422208062e-24
3.0704984939418175e-24
3.0953695327281348e-24
3.121415986533985e-24
3.148681571570704e-24
3.1772114975276704e-24
3.207052469828222e-24
3.238252688694221e-24
3.2708618448033637e-24
3.3049311113402474e-24
3.3405131322597854e-24
3.377662006606432e-24
3.416433268758722e-24
3.456883864500845e-24
3.499072122858215e-24
3.5430577236727964e-24
3.588901660938373e-24
3.6366662019612286e-24
3.686414842462185e-24
3.738212257787654e-24
3.7921242504519215e-24
3.8482176942883306e-24
3.9065604755429736e-24
3.9672214313010785e-24
4.030270285690409e-24
4.095777584360021e-24
4.163814627781679e-24
4.234453403968092e-24
4.307766521244039e-24
4.383827141740972e-24
4.462708916315864e-24
4.5444859216167394e-24
4.629232600030523e-24
4.717023703254374e-24
4.8079342402278375e-24
4.902039430148444e-24
4.999414661272287e-24
5.1001354561659106e-24
5.204277444035515e-24
5.311916340708094e-24
5.423127936777962e-24
5.537988094367069e-24
5.6565727528709894e-24
5.7789579439839834e-24
5.9052198162117e-24
6.0354346689913784e-24
6.169678996451176e-24
6.3080295407486454e-24
6.450563354841306e-24
6.597357874453504e-24
6.748490998923128e-24
6.904041180534133e-24
7.064087521869448e-24
7.228709880656655e-24
7.39798898152417e-24
7.572006534040042e-24
7.750845356370196e-24
7.934589503868275e-24
8.12332440189299e-24
8.317136982145013e-24
8.516115821819435e-24
8.72035128488513e-24
8.929935664823858e-24
9.144963328194089e-24
9.365530858422349e-24
9.591737199267535e-24
9.823683797453666e-24
1.0061474744020273e-23
1.0305216913992448e-23
1.0555020104033077e-23
1.0810997167795969e-23
1.1073264148757772e-23
1.1341940410362193e-23
1.1617148763367001e-23
1.1899015590335652e-23
1.2187670967263786e-23
1.2483248782380786e-23
1.2785886852203326e-23
1.3095727034961154e-23
1.341291534154398e-23
1.373760204415294e-23
1.4069941782860078e-23
1.4410093670304142e-23
1.4758221394765153e-23
1.5114493321874777e-23
1.5479082595227275e-23
1.5852167236163582e-23
1.6233930243001873e-23
1.6624559689989682e-23
1.7024248826249417e-23
1.7433196174985756e-23
1.7851605633215122e-23
1.8279686572271363e-23
1.871765393933283e-23
1.916572836020363e-23
1.9624136243572957e-23
2.0093109886964746e-23
2.0572887584576482e-23
2.1063713737195065e-23
2.1565838964363426e-23
2.207952021896322e-23
2.260502090435998e-23
2.3142610994251578e-23
2.3692567155344755e-23
2.4255172872972187e-23
2.483071857975513e-23
2.5419501787398845e-23
2.6021827221703056e-23
2.6638006960853155e-23
2.726836057704992e-23
2.791321528152307e-23
2.8572906072962675e-23
2.924777588939059e-23
2.993817576348379e-23
3.06444649813451e-23
3.136701124470957e-23
3.210619083655499e-23
3.286238879007404e-23
3.3635999060946375e-23
3.4427424702835363e-23
3.523707804600755e-23
3.6065380878958945e-23
3.691276463290109e-23
3.7779670568935565e-23
3.866654996771437e-23
3.957386432134368e-23
4.050208552725468e-23
4.145169608371176e-23
4.242318928657805e-23
4.3417069426895306e-23
4.4433851988763604e-23
4.547406384692374e-23
