1.0138054080539003e-22
1.0163814756395009e-22
1.0188365699567431e-22
1.0211759013649026e-22
1.0234044343962485e-22
1.0255268983074454e-22
1.0275477971302329e-22
1.0294714192415955e-22
1.0313018464755014e-22
1.0330429627939229e-22
1.0346984625374665e-22
1.0362718582710588e-22
1.0377664882437704e-22
1.03918552347678e-22
1.0405319744955354e-22
1.0418086977204151e-22
1.0430184015286639e-22
1.044163652002049e-22
1.045246878370487e-22
1.0462703781650873e-22
1.0472363220900874e-22
1.0481467586248604e-22
1.0490036183655388e-22
1.0498087181148092e-22
1.0505637647300248e-22
1.0512703587354996e-22
1.0519299977094563e-22
1.0525440794491765e-22
1.0531139049250825e-22
1.0536406810256559e-22
1.0541255231027077e-22
1.0545694573196532e-22
1.0549734228085848e-22
1.0553382736408994e-22
1.0556647806145847e-22
1.0559536328624006e-22
1.0562054392843155e-22
1.0564207298056599e-22
1.056599956465586e-22
1.0567434943355967e-22
1.0568516422706769e-22
1.0569246234951957e-22
1.0569625860224625e-22
1.0569656029095834e-22
1.0569336723477511e-22
1.0568667175867715e-22
1.056764586693677e-22
1.056627052143864e-22
1.05645381024339e-22
1.0562444803799942e-22
1.0559986041006811e-22
1.0557156440123241e-22
1.0553949825029757e-22
1.0550359202776278e-22
1.0546376747070038e-22
1.0541993779813773e-22
1.0537200750656695e-22
1.053198721449062e-22
1.0526341806814198e-22
1.052025221690947e-22
1.051370515872545e-22
1.0506686339392911e-22
1.049918042526968e-22
1.0491171005404731e-22
1.0482640552314578e-22
1.0473570379931212e-22
1.0463940598602202e-22
1.0453730066981189e-22
1.0442916340655929e-22
1.0431475617338574e-22
1.0419382678423676e-22
1.0406610826726726e-22
1.0393131820159603e-22
1.0378915801121328e-22
1.0363931221334003e-22
1.0348144761848593e-22
1.033152124790864e-22
1.0314023558334017e-22
1.0295612529079637e-22
1.0276246850548771e-22
1.0255882958248996e-22
1.0234474916308917e-22
1.0211974293344404e-22
1.0188330030109513e-22
1.0163488298309646e-22
1.0137392349901542e-22
1.0109982356130606e-22
1.0081195235484994e-22
1.0050964469646698e-22
1.0019219906450779e-22
9.985887548729353e-23
9.950889327806611e-23
9.914142860274725e-23
9.875561186525891e-23
9.835052489321453e-23
9.792519790507709e-23
9.747860623715825e-23
9.700966680669824e-23
9.651723428367857e-23
9.60000969410133e-23
9.545697214839799e-23
9.488650147072572e-23
9.42872453263286e-23
9.365767715420515e-23
9.299617703210163e-23
9.230102467863937e-23
9.157039176279808e-23
9.080233343219179e-23
8.999477895777153e-23
8.914552137597305e-23
8.825220598985987e-23
8.731231756746429e-23
8.63231660474812e-23
8.528187052916148e-23
8.41853412822792e-23
8.303025946450967e-23
8.181305417350092e-23
8.052987638808467e-23
7.917656926351655e-23
7.774863413512337e-23
7.624119144766883e-23
7.464893565700825e-23
7.296608293637588e-23
7.118631024966915e-23
6.930268401165705e-23
6.730757611768217e-23
6.519256456358067e-23
6.294831515016833e-23
6.056443981746206e-23
5.802932591348232e-23
5.532992905421979e-23
5.2451520048881703e-23
4.937737342936291e-23
4.6088381191750245e-23
4.2562570083835934e-23
3.877449382531825e-23
3.469446299322814e-23
3.028756658219876e-23
2.5512439786429661e-23
2.0319791156379725e-23
1.465112841509859e-23
8.442077558244899e-24
1.7923347401476426e-24
6.22315254892795e-24
1.474853495917876e-23
2.4427176501490247e-23
3.5504166845613996e-23
4.8348092688599144e-23
6.348785309867446e-23
8.170478638386255e-23
1.0420351305681156e-22
1.3294531241917354e-22
1.7135644436565116e-22
2.2601588792268664e-22
3.11373687904516e-22
4.665459805869328e-22
8.467734443248057e-22
3.2797891664557294e-21
1.7495346615753477e-21
7.215648628498022e-22
4.5383621885893915e-22
3.2850394905911305e-22
2.5414372971690707e-22
2.0366918601414783e-22
1.662067513292426e-22
1.36540702304029e-22
1.1185303542060644e-22
9.048430183713268e-23
7.139087416785526e-23
5.388144987480876e-23
3.7479576342983235e-23
2.1853566822433948e-23
6.882109223908925e-24
8.485589937892319e-24
2.3062152871172746e-23
3.7731874739426454e-23
5.2506505806483047e-23
6.746392301656688e-23
8.267891343326488e-23
9.821975023442868e-23
1.1414906885332947e-22
1.3052512976062158e-22
1.474029436687948e-22
1.6483520068491983e-22
1.8287302698833922e-22
2.0156660361146482e-22
2.20965677934927e-22
2.411199924165574e-22
2.6207964977514154e-22
2.838954291052225e-22
3.0661906447146645e-22
3.3030349456686787e-22
3.550030905141949e-22
3.807738669972418e-22
4.0767368139203695e-22
4.357624237993553e-22
4.651022015817735e-22
4.957575199336714e-22
5.277954612077206e-22
5.612858640965694e-22
5.963015046168923e-22
