1.7336670496800213e-24
1.7265044572935687e-24
1.719958237567628e-24
1.713977854348187e-24
1.70851657718993e-24
1.7035312452137563e-24
1.6989820378149168e-24
1.6948322533528263e-24
1.6910480966894638e-24
1.6875984762049623e-24
1.6844548107096245e-24
1.6815908464892765e-24
1.678982484565864e-24
1.6766076181256243e-24
1.6744459799602054e-24
1.6724789996807545e-24
1.67068967039811e-24
1.6690624245111668e-24
1.6675830182090483e-24
1.666238424268301e-24
1.6650167327109702e-24
1.6639070588838774e-24
1.6628994585191826e-24
1.6619848493425027e-24
1.6611549388048675e-24
1.6604021575281656e-24
1.6597195980693946e-24
1.659100958626576e-24
1.658540491327868e-24
1.6580329547644046e-24
1.657573570447024e-24
1.6571579828863556e-24
1.656782223014895e-24
1.656442674688232e-24
1.656136044020503e-24
1.6558593313265705e-24
1.6556098054595646e-24
1.6553849803481965e-24
1.6551825935530088e-24
1.655000586674278e-24
1.654837087457647e-24
1.6546903934554027e-24
1.6545589571128475e-24
1.6544413721594776e-24
1.6543363611948404e-24
1.6542427643677142e-24
1.6541595290556975e-24
1.6540857004602273e-24
1.6540204130391311e-24
1.6539628827053402e-24
1.6539123997264547e-24
1.6538683222661481e-24
1.6538300705121505e-24
1.6537971213421347e-24
1.6537690034815208e-24
1.6537452931125695e-24
1.653725609896913e-24
1.6537096133777182e-24
1.6536969997304555e-24
1.6536874988344208e-24
1.6536808716394903e-24
1.6536769078055268e-24
1.6536754235936987e-24
1.6536762599913998e-24
1.6536792810542624e-24
1.6536843724506081e-24
1.6536914401956437e-24
1.6537004095637386e-24
1.6537112241693037e-24
1.6537238452078054e-24
1.6537382508498963e-24
1.653754435782971e-24
1.6537724108956723e-24
1.6537922031022395e-24
1.6538138553044101e-24
1.6538374264902881e-24
1.6538629919701461e-24
1.653890643750834e-24
1.6539204910512969e-24
1.6539526609629889e-24
1.6539872992601657e-24
1.6540245713665707e-24
1.6540646634856052e-24
1.6541077839035726e-24
1.6541541644758999e-24
1.6542040623083938e-24
1.6542577616474255e-24
1.654315575993749e-24
1.6543778504577117e-24
1.6544449643744917e-24
1.6545173342012056e-24
1.654595416718914e-24
1.6546797125662826e-24
1.6547707701332144e-24
1.6548691898467465e-24
1.654975628883678e-24
1.6550908063489987e-24
1.655215508961832e-24
1.655350597295493e-24
1.655497012622265e-24
1.655655784418699e-24
1.6558280385918827e-24
1.65601500649349e-24
1.6562180347939242e-24
1.656438596296172e-24
1.656678301775483e-24
1.6569389129393763e-24
1.6572223566105654e-24
1.657530740244619e-24
1.6578663689036015e-24
1.65823176381797e-24
1.6586296826796654e-24
1.6590631418215922e-24
1.659535440451383e-24
1.66005018712112e-24
1.6606113286285636e-24
1.661223181560961e-24
1.6618904667081276e-24
1.6626183465880754e-24
1.6634124663452557e-24
1.664278998299096e-24
1.6652246904380542e-24
1.666256919172035e-24
1.6673837466731686e-24
1.6686139831518703e-24
1.6699572544298634e-24
1.671424075186295e-24
1.6730259282634023e-24
1.674775350426665e-24
1.676686024977531e-24
1.6787728816152285e-24
1.6810522039350615e-24
1.6835417449340026e-24
1.6862608508665805e-24
1.6892305937551443e-24
1.692473912804713e-24
1.696015764902096e-24
1.6998832842893708e-24
1.7041059513902868e-24
1.708715770631427e-24
1.7137474569369642e-24
1.7192386303821938e-24
1.7252300182663648e-24
1.7317656636078797e-24
1.7388931387729395e-24
1.7466637626261903e-24
1.755132819237058e-24
1.764359775796538e-24
1.774408496999737e-24
1.785347452741244e-24
1.7972499155625814e-24
1.8101941439016912e-24
1.824263546837211e-24
1.8395468257188677e-24
1.856138087846307e-24
1.8741369272274958e-24
1.8936484674298408e-24
1.914783361651694e-24
1.9376577453967287e-24
1.9623931375320696e-24
1.989116286044919e-24
2.017958955457393e-24
2.0490576535876267e-24
2.0825532961027378e-24
2.1185908080414267e-24
2.1573186621240385e-24
2.1988883541392368e-24
2.243453815939112e-24
2.2911707665217347e-24
2.342196001292682e-24
2.396686618856316e-24
2.4547991835976842e-24
2.5166888209269375e-24
2.5825082404320415e-24
2.652406680441323e-24
2.7265287657629408e-24
2.8050132688079277e-24
2.8879917630923253e-24
2.9755871574484044e-24
3.0679120993516194e-24
3.1650672367861485e-24
3.267139330226467e-24
3.374199209791458e-24
3.486299577592667e-24
3.603472661894096e-24
3.725727738025019e-24
3.853048541069356e-24
3.9853906071525236e-24
4.122678593504416e-24
4.2648036420618466e-24
4.411620866739017e-24
4.5629470598974604e-24
4.7185587281158834e-24
4.8781905798880985e-24
5.04153459706373e-24
5.208239826135444e-24
5.377913023374279e-24
5.5501202778383424e-24
5.724389717286574e-24
5.9002153733738445e-24
6.077062244194335e-24
