4.140594985315773e-11
4.1282387150898876e-11
4.004341748257043e-11
3.813174003662993e-11
3.736037349594181e-11
3.488829693548222e-11
3.404558262771569e-11
3.287011140092538e-11
3.2156193902889586e-11
2.988256181300013e-11
2.952934303163275e-11
2.8502416355902718e-11
2.7633084007053436e-11
2.6441624912587255e-11
2.507001193742282e-11
2.4618092058703216e-11
2.324890568226335e-11
2.2803677647387292e-11
2.2042189986647276e-11
2.11634121102567e-11
2.0028431184938993e-11
1.928214726575045e-11
1.9084489650951602e-11
1.7996811870632785e-11
1.7647862325881795e-11
1.6625580113844525e-11
1.6287261139209555e-11
1.5290871891350074e-11
1.501799916391193e-11
1.4364112906627785e-11
1.3659718976866452e-11
1.304698248956819e-11
1.2476019959900597e-11
1.2061927295947125e-11
1.158953029240579e-11
1.1063644596924798e-11
1.0760262104238517e-11
1.022671434068871e-11
9.731665379238479e-12
9.474458110409259e-12
9.014366591377909e-12
8.631714587037262e-12
8.27751251307447e-12
7.933729110654357e-12
7.550758563014594e-12
7.276617316170008e-12
6.968264460708602e-12
6.676054532944296e-12
6.3896628471757195e-12
6.086171261918855e-12
5.88471370739217e-12
5.577783760529605e-12
5.3813563801399876e-12
5.134107696214514e-12
4.909474825376908e-12
4.692597128097017e-12
4.4951338476033664e-12
4.315187912485221e-12
4.112329361522112e-12
3.920290065544996e-12
3.754097292672437e-12
3.5888263878668725e-12
3.4391392648359247e-12
3.2791964263597847e-12
3.1439381527149103e-12
3.0122697439382944e-12
2.872276885180283e-12
2.7452834666545544e-12
2.6182099945618957e-12
2.5131042694102986e-12
2.396074380000291e-12
2.285277699483519e-12
2.1846835468489883e-12
2.090103348889323e-12
1.9964678482945485e-12
1.9041798100492577e-12
1.8249480425061656e-12
1.7401805526612225e-12
1.6621072827341774e-12
1.5889319236990465e-12
1.5159996855021676e-12
1.4476248107712838e-12
1.3806005634318486e-12
1.3183309332802298e-12
1.2600614054713452e-12
1.2033612499545953e-12
1.1472116515361837e-12
1.0962235147748153e-12
1.0462612716502866e-12
9.980223432932175e-13
9.52207573606629e-13
9.094582727006922e-13
8.677977483465298e-13
8.274448197779682e-13
7.894711175593074e-13
7.541613577590822e-13
7.184872168917188e-13
6.857558590521575e-13
6.53662551618274e-13
6.237305838100172e-13
5.94751219222636e-13
5.671053221535959e-13
5.406574896721925e-13
5.154026115197378e-13
4.912799683739847e-13
4.682356378092885e-13
4.462128612908388e-13
4.25009647011123e-13
4.050686925023662e-13
3.8583147023862493e-13
3.6740885223682566e-13
3.5001047131540945e-13
3.3327009605338156e-13
3.173797869562096e-13
3.020116664746107e-13
2.874276045217148e-13
2.7349671786145486e-13
2.6019388833719023e-13
2.4743103039761944e-13
2.353495935852901e-13
2.2380370851400195e-13
2.1273064073795608e-13
2.021565681007707e-13
1.920015440380892e-13
1.8241452699332008e-13
1.7319767558772223e-13
1.6438649973319996e-13
1.55972138772738e-13
1.480023116893247e-13
1.403319121916912e-13
1.3302804740949345e-13
1.2605607202843006e-13
1.194000105974688e-13
1.1304747423481938e-13
1.0698276647010899e-13
1.0118634404479179e-13
9.567288454246593e-14
9.041031183625083e-14
8.538054437140475e-14
8.058206505923143e-14
7.600369495913961e-14
7.163162344511108e-14
6.747320018878039e-14
6.34973057412243e-14
5.971132004093397e-14
5.610291272884827e-14
5.2661874314259014e-14
4.93865710623045e-14
4.625889911133219e-14
4.328697812960182e-14
4.045212521737704e-14
3.775799373511812e-14
3.5190354487636185e-14
3.275030995391933e-14
3.04297852916345e-14
2.822471221199486e-14
2.6127929780347558e-14
2.413887642019334e-14
2.22499434567925e-14
2.045943138590051e-14
1.876292449937861e-14
1.715671069449612e-14
1.5637693810952282e-14
1.4201856086531471e-14
1.284674106136437e-14
1.1569637640387744e-14
1.0367586694675437e-14
9.23809660502109e-15
8.178767622780357e-15
7.187483884668426e-15
6.262049185593768e-15
5.4004898128961186e-15
4.6010568040494136e-15
3.8621080275502e-15
3.1820249825203564e-15
2.559437011249153e-15
1.993027141880161e-15
1.4817455353482593e-15
1.0246508460192304e-15
6.213069746784529e-16
2.736409127835619e-16
7.903803744685172e-17
2.9591691512810144e-16
4.92929918760127e-16
6.423058420285017e-16
7.427420316606658e-16
7.940721907461486e-16
7.962644823970439e-16
7.492671524294046e-16
6.53020569902801e-16
5.075659396748172e-16
3.138884562611431e-16
9.119137449955317e-17
2.499932933798545e-16
5.948124656488558e-16
9.966432662335668e-16
1.4531669100939516e-15
1.9649087994182202e-15
2.5329329835455663e-15
3.158470870802431e-15
3.843031378043607e-15
