1.703711688428605e-23
1.7037230266934636e-23
1.703733653018732e-23
1.7037435861712308e-23
1.7037528437796456e-23
1.7037614423426613e-23
1.7037693972373074e-23
1.7037767227271918e-23
1.703783431970614e-23
1.7037895370282164e-23
1.7037950488701378e-23
1.7037999773824282e-23
1.7038043313727032e-23
1.7038081185748123e-23
1.703811345652492e-23
1.7038140182018604e-23
1.7038161407526777e-23
1.703817716768264e-23
1.703818748644038e-23
1.7038192377045243e-23
1.7038191841988347e-23
1.703818587294496e-23
1.7038174450695846e-23
1.7038157545030448e-23
1.7038135114632567e-23
1.7038107106945718e-23
1.703807345801995e-23
1.703803409233713e-23
1.703798892261601e-23
1.703793784959445e-23
1.7037880761790034e-23
1.7037817535236635e-23
1.7037748033197088e-23
1.7037672105850802e-23
1.7037589589955588e-23
1.703750030848297e-23
1.7037404070225556e-23
1.703730066937587e-23
1.7037189885075736e-23
1.7037071480934785e-23
1.7036945204516995e-23
1.7036810786794502e-23
1.703666794156685e-23
1.7036516364844762e-23
1.7036355734196796e-23
1.7036185708057876e-23
1.703600592499728e-23
1.7035816002945656e-23
1.703561553837818e-23
1.7035404105453108e-23
1.7035181255103126e-23
1.703494651407757e-23
1.7034699383934297e-23
1.7034439339977566e-23
1.7034165830141138e-23
1.7033878273813108e-23
1.7033576060600318e-23
1.7033258549030075e-23
1.7032925065185438e-23
1.7032574901272476e-23
1.703220731411506e-23
1.703182152357481e-23
1.7031416710892748e-23
1.7030992016948605e-23
1.7030546540434815e-23
1.703007933594065e-23
1.702958941194259e-23
1.7029075728696826e-23
1.7028537196029145e-23
1.7027972671017449e-23
1.7027380955562484e-23
1.7026760793840452e-23
1.7026110869633567e-23
1.7025429803531264e-23
1.702471614999743e-23
1.7023968394296432e-23
1.7023184949272027e-23
1.702236415197133e-23
1.7021504260108054e-23
1.7020603448355892e-23
1.7019659804465018e-23
1.7018671325193228e-23
1.7017635912042734e-23
1.7016551366793736e-23
1.7015415386824919e-23
1.7014225560210932e-23
1.701297936058632e-23
1.70116741417649e-23
1.7010307132102684e-23
1.7008875428592492e-23
1.7007375990677452e-23
1.7005805633770004e-23
1.7004161022462008e-23
1.7002438663412207e-23
1.7000634897894446e-23
1.6998745893991536e-23
1.699676763841688e-23
1.6994695927947303e-23
1.699252636044646e-23
1.699025432546208e-23
1.698787499437366e-23
1.6985383310071228e-23
1.6982773976140924e-23
1.6980041445535887e-23
1.6977179908704752e-23
1.6974183281154175e-23
1.6971045190417175e-23
1.6967758962397673e-23
1.6964317607062378e-23
1.6960713803448135e-23
1.695693988395013e-23
1.6952987817859402e-23
1.6948849194106967e-23
1.694451520318505e-23
1.6939976618194538e-23
1.6935223774985666e-23
1.6930246551341193e-23
1.6925034345157198e-23
1.6919576051572228e-23
1.6913860038995382e-23
1.6907874123970395e-23
1.6901605544833197e-23
1.6895040934085406e-23
1.6888166289433973e-23
1.6880966943427084e-23
1.6873427531605016e-23
1.6865531959119603e-23
1.685726336569762e-23
1.684860408893221e-23
1.683953562574422e-23
1.6830038591976697e-23
1.6820092680004455e-23
1.680967661425576e-23
1.679876810455227e-23
1.6787343797132277e-23
1.6775379223271828e-23
1.6762848745349766e-23
1.6749725500229185e-23
1.6735981339842782e-23
1.672158676877172e-23
1.6706510878776306e-23
1.6690721279941914e-23
1.6674184028468447e-23
1.6656863550709497e-23
1.6638722563483067e-23
1.6619721990227027e-23
1.6599820872986967e-23
1.6578976279813524e-23
1.6557143207459034e-23
1.653427447910446e-23
1.6510320636689827e-23
1.6485229827803844e-23
1.6458947686529528e-23
1.6431417208144015e-23
1.640257861732352e-23
1.6372369229028322e-23
1.6340723302626832e-23
1.630757188744183e-23
1.6272842660889428e-23
1.6236459756941307e-23
1.6198343586349116e-23
1.615841064597761e-23
1.6116573318505893e-23
1.6072739660715583e-23
1.602681317986924e-23
1.5978692598181386e-23
1.5928271602965806e-23
1.5875438583845403e-23
1.5820076354038687e-23
1.5762061855596058e-23
1.570126584862612e-23
1.5637552580736012e-23
1.5570779438112818e-23
1.550079657471293e-23
1.5427446521844165e-23
1.5350563770159507e-23
1.526997433016224e-23
1.518549526015992e-23
1.5096934174075946e-23
1.50040887069962e-23
1.490674595689012e-23
1.480468188332815e-23
1.46976606734927e-23
1.458543406116194e-23
1.4467740605875563e-23
1.4344304925442416e-23
1.4214836867282074e-23
1.4079030644041094e-23
1.3936563890096745e-23
1.3787096667269077e-23
1.3630270407004875e-23
1.3465706771384476e-23
1.3293006450660332e-23
1.3111747877142826e-23
1.2921485861313716e-23
1.272175014724032e-23
1.251204389903304e-23
1.2291842091876563e-23
1.2060589873213574e-23
1.181770084349228e-23
1.1562555381537516e-23
