3.6235313454316225e-11
3.54769545542132e-11
3.4615560220298206e-11
3.3831870647938466e-11
3.309005275670796e-11
3.232190324704037e-11
3.153339286655264e-11
3.079595260482242e-11
3.013501095275111e-11
2.943836652154652e-11
2.8756813573109294e-11
2.811014316028979e-11
2.7449909968714235e-11
2.680606555985271e-11
2.623134934184308e-11
2.5614794443857747e-11
2.4984555204246874e-11
2.442297581568245e-11
2.3855983735889028e-11
2.3311917764439015e-11
2.2789303892738193e-11
2.22441669736864e-11
2.1741179331950723e-11
2.123246871084018e-11
2.0759608660513504e-11
2.0255874887074085e-11
1.977809317563851e-11
1.9321906642890465e-11
1.8871816170104484e-11
1.8439362816669076e-11
1.8005150934045387e-11
1.7570672802137413e-11
1.7166345597612784e-11
1.6763249470020148e-11
1.6364199097432046e-11
1.5975978124200957e-11
1.5606933181638227e-11
1.5233857797318752e-11
1.4870020883861223e-11
1.4523862536716448e-11
1.417530084183857e-11
1.3843151980032007e-11
1.351770556758671e-11
1.318836535861674e-11
1.2864525853067893e-11
1.2559887599825046e-11
1.225668659564079e-11
1.1961258724166375e-11
1.167549385173333e-11
1.1390691213404955e-11
1.1116803617319436e-11
1.0840396349025511e-11
1.058303210225381e-11
1.0320145555122857e-11
1.0065665236776457e-11
9.815404576786278e-12
9.573792604655803e-12
9.340726600847613e-12
9.099351219064986e-12
8.872094532773666e-12
8.648410102834414e-12
8.432146689782326e-12
8.218494220115293e-12
8.010171333739248e-12
7.803556754003864e-12
7.606742791293569e-12
7.407136149708226e-12
7.214598177007212e-12
7.025588588164908e-12
6.8466403424712454e-12
6.662523946700828e-12
6.48536687215871e-12
6.311764473664525e-12
6.144877893983084e-12
5.977883784678882e-12
5.814580786284759e-12
5.6588389634430444e-12
5.503096331976884e-12
5.3502246119033035e-12
5.203324002352578e-12
5.056181470945583e-12
4.9133734092365076e-12
4.77251278265689e-12
4.637079328918597e-12
4.503919645520517e-12
4.373371618894577e-12
4.24545683734742e-12
4.1200666934853015e-12
3.997632675012152e-12
3.877853586620531e-12
3.7607159952739705e-12
3.647037025165782e-12
3.5355185555391474e-12
3.4248790946334668e-12
3.318685205259335e-12
3.215934386001307e-12
3.113289878387753e-12
3.0139627168228368e-12
2.9165454247341425e-12
2.82235879952184e-12
2.7297260656539363e-12
2.6395802730714055e-12
2.5516675319194954e-12
2.465635904282096e-12
2.3822156072386864e-12
2.300776446263681e-12
2.2214493467703925e-12
2.1441188971593387e-12
2.0689909531308582e-12
1.9955054825713583e-12
1.924326017259993e-12
1.855366356101543e-12
1.7880237811495184e-12
1.7227064657365112e-12
1.6590662539967426e-12
1.5973305407242657e-12
1.5376623662138027e-12
1.479263891497366e-12
1.422659763766392e-12
1.3681768216573859e-12
1.3153145239987944e-12
1.2639125032379436e-12
1.2141480540822677e-12
1.165743264342021e-12
1.1193287544926961e-12
1.074119462750222e-12
1.030473136971972e-12
9.881924056344036e-13
9.475962060156958e-13
9.081223430074652e-13
8.701002978781472e-13
8.333712200695027e-13
7.979250457293713e-13
7.637156944975692e-13
7.30757748970109e-13
6.989008280796612e-13
6.683118795051328e-13
6.388245197658012e-13
6.10377062457743e-13
5.829869892404372e-13
5.566204202877746e-13
5.312173610905614e-13
5.068372898469866e-13
4.833351984030723e-13
4.607692969548937e-13
4.390797415296803e-13
4.1821677547410103e-13
3.982018411397993e-13
3.789284146701329e-13
3.604767887339119e-13
3.4271520594723204e-13
3.2571721601983794e-13
3.0936464594361585e-13
2.936939360342639e-13
2.786730736372674e-13
2.6427355697921113e-13
2.504498552793794e-13
2.3721322945183557e-13
2.2452587865356275e-13
2.1236803960756137e-13
2.0073352748920228e-13
1.895896952190645e-13
1.7892591054507998e-13
1.6871433683861826e-13
1.58943125388142e-13
1.4959886028954847e-13
1.4066112587795127e-13
1.3211693878500935e-13
1.239485445604962e-13
1.1614688100597494e-13
1.0869339108975602e-13
1.0157487805444691e-13
9.477963307995735e-14
8.82970204032056e-14
8.211246137026174e-14
7.621502158155142e-14
7.059321294396979e-14
6.523966323715344e-14
6.01411923510292e-14
5.5289304922243826e-14
5.0676225693896135e-14
4.6291590906972664e-14
4.212752081073458e-14
3.817625066290094e-14
3.443013576077229e-14
3.088218510176244e-14
2.752559055753346e-14
2.4353936803453794e-14
2.136088338741229e-14
1.854092111823782e-14
1.5888719848871516e-14
1.3399155991514776e-14
1.1067499332383708e-14
8.889285747085007e-15
6.860493894163557e-15
4.9773078806257726e-15
3.2362631651660348e-15
1.6343955157365524e-15
1.7585149100266318e-16
1.1669947320882367e-15
2.368102472611879e-15
