2.4219387307457995e-24
2.3158583846684225e-24
2.2147569017216578e-24
2.1184197951447754e-24
2.026642644092243e-24
1.93923064575938e-24
1.855998185656113e-24
1.776768424798181e-24
1.7013729025977488e-24
1.6296511542494796e-24
1.561450341424502e-24
1.4966248951069779e-24
1.4350361694371703e-24
1.376552105466768e-24
1.3210469037884695e-24
1.2684007050780465e-24
1.2184992776877934e-24
1.1712337115587769e-24
1.1265001178807017e-24
1.0841993341256356e-24
1.0442366343164397e-24
1.006521444662892e-24
9.709670650036897e-25
9.374903968265914e-25
9.060116789866258e-25
8.764542325926833e-25
8.487442168613332e-25
8.228103980231528e-25
7.98583933581287e-25
7.759981743381012e-25
7.549884865985836e-25
7.354920968056746e-25
7.1744796055243955e-25
7.007966574463735e-25
6.854803126832552e-25
6.714425454507828e-25
6.586284434610865e-25
6.469845620602618e-25
6.36458945536771e-25
6.270011675079875e-25
6.1856238665659015e-25
6.110954136614071e-25
6.045547849442235e-25
5.988968388480232e-25
5.940797900645835e-25
5.900637985145172e-25
5.868110294191428e-25
5.84285701938704e-25
5.82454124448062e-25
5.812847152230361e-25
5.807480079860869e-25
5.808166423705546e-25
5.814653398893166e-25
5.826708664206018e-25
5.844119825465185e-25
5.866693833013818e-25
5.894256290157893e-25
5.926650689879495e-25
5.963737596929064e-25
6.005393791649619e-25
6.051511390736871e-25
6.10199695872083e-25
6.156770622379508e-25
6.2157651986347915e-25
6.278925344852473e-25
6.34620673885702e-25
6.417575294501055e-25
6.493006417238581e-25
6.572484302929335e-25
6.656001281992377e-25
6.743557210089765e-25
6.835158905693643e-25
6.930819634208505e-25
7.030558637753627e-25
7.134400709247125e-25
7.242375809082988e-25
7.354518722404269e-25
7.470868754788651e-25
7.591469464025983e-25
7.716368425590139e-25
7.845617029386043e-25
7.97927030535597e-25
8.117386775586452e-25
8.2600283306185175e-25
8.407260127767617e-25
8.559150509359596e-25
8.715770938921098e-25
8.877195953481623e-25
9.043503130288006e-25
9.214773066358623e-25
9.391089369446769e-25
9.57253865911225e-25
9.759210576724084e-25
9.951197803352356e-25
1.0148596084605636e-24
1.0351504261598013e-24
1.056002430731562e-24
1.07742613677646e-24
1.0994323807345873e-24
1.1220323258003523e-24
1.1452374671755284e-24
1.1690596376267093e-24
1.1935110133218273e-24
1.2186041199219223e-24
1.2443518389125712e-24
1.270767414159854e-24
1.2978644586819e-24
1.3256569616281624e-24
1.3541592954625446e-24
1.3833862233468865e-24
1.4133529067255474e-24
1.4440749131109144e-24
1.4755682240727713e-24
1.5078492434346257e-24
1.5409348056811471e-24
1.574842184581821e-24
1.6095891020360057e-24
1.6451937371457073e-24
1.6816747355219718e-24
1.7190512188318043e-24
1.7573427945923098e-24
1.796569566218792e-24
1.836752143334054e-24
1.8779116523464503e-24
1.920069747302905e-24
1.9632486210254375e-24
2.0074710165375198e-24
2.0527602387882906e-24
2.0991401666815706e-24
2.1466352654176624e-24
2.195270599155079e-24
2.2450718439998944e-24
2.2960653013304663e-24
2.3482779114650726e-24
2.4017372676806037e-24
2.4564716305900154e-24
2.512509942886666e-24
2.569881844463675e-24
2.6286176879168505e-24
2.6887485544395248e-24
2.750306270117788e-24
2.8133234226355352e-24
2.877833378397563e-24
2.9438703000808206e-24
3.0114691646226585e-24
3.0806657816561133e-24
3.151496812401932e-24
3.2239997890279652e-24
3.2982131344858715e-24
3.37417618283632e-24
3.451929200073363e-24
3.531513405459927e-24
3.612970993385091e-24
3.696345155756449e-24
3.781680104938601e-24
3.869021097251231e-24
3.9584144570397306e-24
4.049907601331537e-24
4.143549065092099e-24
4.239388527094624e-24
4.337476836418771e-24
4.4378660395922844e-24
4.540609408392049e-24
4.645761468320358e-24
4.75337802777248e-24
4.8635162079124234e-24
4.976234473275574e-24
5.091592663114592e-24
5.209652023508206e-24
5.330475240252252e-24
5.45412647255178e-24
5.580671387535807e-24
5.710177195615223e-24
5.8427126867059e-24
5.9783482673396e-24
6.117155998686207e-24
6.259209635510958e-24
6.404584666092713e-24
6.553358353128257e-24
6.705609775650119e-24
6.86141987198647e-24
7.020871483790509e-24
7.184049401171742e-24
7.351040408958617e-24
7.521933334127554e-24
7.696819094430542e-24
7.875790748257611e-24
8.05894354577389e-24
8.246374981366485e-24
8.438184847445864e-24
8.63447528964339e-24
8.835350863451238e-24
9.040918592351654e-24
9.251288027488481e-24
9.466571308933142e-24
9.686883228602746e-24
9.912341294892613e-24
1.0143065799086082e-23
1.0379179883614492e-23
1.0620809612239395e-23
1.086808404224045e-23
