2.803645881735671e-24
2.7915922047723033e-24
2.780163310721378e-24
2.76932769539319e-24
2.7590556394279072e-24
2.7493191120278208e-24
2.7400916797480792e-24
2.7313484201714498e-24
2.72306584028798e-24
2.715221799396598e-24
2.707795436345673e-24
2.700767100929617e-24
2.6941182892599553e-24
2.68783158293186e-24
2.6818905918105864e-24
2.676279900266566e-24
2.670985016692424e-24
2.6659923261409078e-24
2.6612890459279928e-24
2.6568631840518394e-24
2.6527035002842806e-24
2.6487994697979642e-24
2.6451412491987274e-24
2.641719644839467e-24
2.6385260832975432e-24
2.63555258390522e-24
2.6327917332278157e-24
2.6302366613910935e-24
2.6278810201651264e-24
2.625718962717851e-24
2.6237451249568342e-24
2.6219546083837243e-24
2.620342964390711e-24
2.6189061799333845e-24
2.6176406645195795e-24
2.616543238458036e-24
2.61561112231537e-24
2.6148419275340835e-24
2.614233648168384e-24
2.613784653698549e-24
2.613493682888127e-24
2.6133598386519984e-24
2.613382583906623e-24
2.6135617383769604e-24
2.61389747633778e-24
2.6143903252697706e-24
2.6150411654139867e-24
2.6158512302104805e-24
2.616822107609672e-24
2.617955742247479e-24
2.619254438477229e-24
2.620720864253805e-24
2.6223580558673638e-24
2.624169423525818e-24
2.6261587577871454e-24
2.6283302368441106e-24
2.6306884346655447e-24
2.6332383299997256e-24
2.6359853162462935e-24
2.638935212204688e-24
2.6420942737073466e-24
2.6454692061468854e-24
2.6490671779069243e-24
2.6528958347062556e-24
2.6569633148658875e-24
2.661278265508588e-24
2.6658498596993275e-24
2.670687814534347e-24
2.6758024101850943e-24
2.681204509901524e-24
2.686905580976763e-24
2.6929177166726544e-24
2.6992536591023585e-24
2.7059268230620465e-24
2.712951320799555e-24
2.7203419877024907e-24
2.7281144088824478e-24
2.736284946625276e-24
2.74487076866987e-24
2.753889877269938e-24
2.7633611389834283e-24
2.7733043151249733e-24
2.7837400928054043e-24
2.7946901164701167e-24
2.8061770198365202e-24
2.8182244581159884e-24
2.8308571403921002e-24
2.844100862011873e-24
2.85798253683071e-24
2.8725302291361068e-24
2.887773185058465e-24
2.903741863260986e-24
2.9204679646844236e-24
2.937984461106448e-24
2.9563256222605226e-24
2.9755270412448604e-24
2.9956256579401318e-24
3.0166597801434753e-24
3.0386691021191052e-24
3.0616947202596907e-24
3.0857791455519507e-24
3.110966312540796e-24
3.1373015844943646e-24
3.164831754481788e-24
3.193605042093742e-24
3.2236710855564914e-24
3.2550809290195426e-24
3.2878870048292574e-24
3.322143110643352e-24
3.35790438128477e-24
3.395227255287555e-24
3.4341694361442286e-24
3.4747898483264054e-24
3.51714858821799e-24
3.561306870169914e-24
3.6073269679590136e-24
3.655272152006765e-24
3.705206622788498e-24
3.757195440935723e-24
3.8113044546050746e-24
3.867600224751975e-24
3.926149949008401e-24
3.987021384915718e-24
4.0502827733094295e-24
4.116002762686265e-24
4.1842503354097474e-24
4.2550947366217916e-24
4.32860540672986e-24
4.404851918326996e-24
4.483903918378423e-24
4.565831076471673e-24
4.65070303987926e-24
4.7385893961240325e-24
4.82955964366634e-24
4.923683171255604e-24
5.021029246400404e-24
5.121667013319937e-24
5.225665500641684e-24
5.333093639009758e-24
5.444020288667331e-24
5.558514276974181e-24
5.6766444457231514e-24
5.798479708021147e-24
5.924089114413474e-24
6.0535419278435726e-24
6.1869077069658194e-24
6.324256397262535e-24
6.465658429356545e-24
6.611184823865222e-24
6.760907302104291e-24
6.914898401922864e-24
7.073231597936378e-24
7.235981425418605e-24
7.403223607118712e-24
7.575035182283081e-24
7.751494637185714e-24
7.932682036499699e-24
8.118679154881592e-24
8.309569608182487e-24
8.505438983747874e-24
8.706374969320657e-24
8.912467480114348e-24
9.123808783681147e-24
9.340493622254136e-24
9.562619332299878e-24
9.79028596107159e-24
1.002359638000577e-23
1.0262656394856028e-23
1.050757485250275e-23
1.075846374442206e-23
1.1015438306836066e-23
1.1278617117599399e-23
1.154812218991087e-23
1.1824079062960362e-23
1.2106616889646235e-23
1.2395868521511511e-23
1.269197059106226e-23
1.2995063591637563e-23
1.3305291955003954e-23
1.3622804126848973e-23
1.394775264034223e-23
1.4280294187925703e-23
1.4620589691484902e-23
1.4968804371037476e-23
1.5325107812058582e-23
1.5689674031543717e-23
1.6062681542885142e-23
1.6444313419614392e-23
1.6834757358032486e-23
1.7234205738720584e-23
1.764285568688784e-23
1.8060909131475464e-23
1.8488572862896543e-23
1.8926058589242622e-23
1.9373582990742442e-23
1.9831367772198344e-23
2.0299639713069413e-23
2.0778630714799778e-23
2.126857784491497e-23
2.176972337732412e-23
2.2282314828169022e-23
