1.282736485227524e-23
1.2837395489366939e-23
1.2846854659123285e-23
1.2855762357943857e-23
1.2864137418942304e-23
1.2871997551316671e-23
1.2879359377393424e-23
1.2886238467418141e-23
1.2892649372161735e-23
1.2898605653407323e-23
1.2904119912378113e-23
1.2909203816163733e-23
1.2913868122197442e-23
1.2918122700833902e-23
1.2921976556072651e-23
1.2925437844469371e-23
1.292851389227301e-23
1.2931211210823638e-23
1.293353551024225e-23
1.293549171144023e-23
1.29370839564733e-23
1.2938315617260568e-23
1.2939189302686966e-23
1.2939706864103536e-23
1.2939869399236592e-23
1.2939677254514282e-23
1.2939130025815321e-23
1.2938226557641237e-23
1.2936964940711326e-23
1.2935342507974933e-23
1.2933355829033546e-23
1.293100070296166e-23
1.2928272149511636e-23
1.2925164398685718e-23
1.2921670878653454e-23
1.2917784201991187e-23
1.2913496150215517e-23
1.2908797656580298e-23
1.2903678787102359e-23
1.289812871977868e-23
1.289213572195343e-23
1.2885687125789757e-23
1.287876930179828e-23
1.2871367630369616e-23
1.2863466471254828e-23
1.2855049130934272e-23
1.2846097827810597e-23
1.283659365515831e-23
1.2826516541757937e-23
1.2815845210138471e-23
1.2804557132348506e-23
1.2792628483170603e-23
1.2780034090690668e-23
1.2766747384128675e-23
1.2752740338833e-23
1.2737983418336447e-23
1.2722445513365815e-23
1.2706093877696051e-23
1.2688894060729728e-23
1.2670809836685213e-23
1.2651803130264813e-23
1.2631833938676948e-23
1.2610860249875625e-23
1.2588837956883568e-23
1.2565720768054072e-23
1.254146011312759e-23
1.2516005044938892e-23
1.248930213661742e-23
1.2461295374135766e-23
1.2431926044047699e-23
1.2401132616267181e-23
1.236885062172717e-23
1.233501252478046e-23
1.2299547590184355e-23
1.2262381744540487e-23
1.222343743204533e-23
1.2182633464448733e-23
1.2139884865099575e-23
1.209510270700999e-23
1.2048193944861047e-23
1.1999061240937551e-23
1.1947602784995841e-23
1.1893712108119126e-23
1.1837277890678603e-23
1.1778183764602201e-23
1.1716308110205081e-23
1.1651523847994267e-23
1.1583698225941292e-23
1.151269260292487e-23
1.1438362229214789e-23
1.1360556025104167e-23
1.1279116359126808e-23
1.1193878827648674e-23
1.1104672038014046e-23
1.1011317398118572e-23
1.091362891580565e-23
1.081141301244981e-23
1.0704468356104524e-23
1.0592585720953328e-23
1.0475547881424595e-23
1.0353129551542369e-23
1.0225097382582699e-23
1.0091210035841788e-23
9.951218351346027e-24
9.804865639289835e-24
9.651888128304146e-24
9.49201561418761e-24
9.324972365680202e-24
9.150478360624877e-24
8.968250948448671e-24
8.778007065774568e-24
8.579466173134276e-24
8.372354138652767e-24
8.156408373488807e-24
7.931384635663413e-24
7.697066076997754e-24
7.453275333748976e-24
7.199890789578757e-24
6.936868617697658e-24
6.664272916652035e-24
6.3823173067351116e-24
6.091422930695547e-24
5.792300166812299e-24
5.486064883198868e-24
5.174405189566856e-24
4.859821715656019e-24
4.5459729848470994e-24
4.238164039906565e-24
3.944009291504066e-24
3.674247845174298e-24
3.443525197177404e-24
3.2705995540663252e-24
3.1769717764605913e-24
3.1830374865830304e-24
3.302577266514487e-24
3.5389322283461684e-24
3.8858029919151645e-24
4.3316010755738624e-24
4.863901874741978e-24
5.472011081349488e-24
6.1477688397017044e-24
6.885419292440186e-24
7.681168932968121e-24
8.53272921797558e-24
9.43894060607517e-24
1.0399490241955686e-23
1.1414708248443775e-23
1.2485423218285522e-23
1.3612860302340396e-23
1.479856940345943e-23
1.6044374543274195e-23
1.735233817309774e-23
1.87247360994347e-23
2.0164040019648253e-23
2.1672905575567306e-23
2.3254164437979368e-23
2.4910819386228675e-23
2.664604159953496e-23
2.8463169633935537e-23
3.036570965316928e-23
3.235733660899085e-23
3.444189612513226e-23
3.662340690214289e-23
3.890606346364877e-23
4.129423914056747e-23
4.379248913559819e-23
4.640555357353119e-23
4.9138360452358145e-23
5.199602832329563e-23
5.498386865991896e-23
5.810738773757574e-23
6.137228791185755e-23
6.478446822653355e-23
6.835002404029397e-23
7.207524567136982e-23
7.596661568773909e-23
8.003080488844315e-23
8.427466646585448e-23
8.870522821454086e-23
9.332968262233252e-23
9.815537423121673e-23
1.0318978398483872e-22
1.0844051080664148e-22
1.139152486439134e-22
1.19621759895539e-22
1.2556784409103087e-22
1.3176130068003253e-22
1.3820988721892072e-22
1.44921269515662e-22
1.519029660748344e-22
1.5916228424115124e-22
1.6670624718494613e-22
1.7454151300843512e-22
1.826742826214861e-22
1.9111019880246351e-22
1.998542316408036e-22
2.0891055552758686e-22
2.1828241003428553e-22
2.2797195369714434e-22
2.379801004459711e-22
2.4830634711498146e-22
