1.748926327569553e-24
1.7429647114442727e-24
1.7375606656303138e-24
1.732667373849013e-24
1.728241727825277e-24
1.7242440864626744e-24
1.720638044127589e-24
1.717390208937478e-24
1.714469991689949e-24
1.711849405844159e-24
1.709502878772867e-24
1.707407074341247e-24
1.705540726734582e-24
1.70388448534918e-24
1.702420770475653e-24
1.7011336394395823e-24
1.7000086628175162e-24
1.6990328103146927e-24
1.6981943458721235e-24
1.697482731562225e-24
1.6968885398332192e-24
1.6964033736700255e-24
1.6960197942532806e-24
1.695731255715893e-24
1.6955320466186226e-24
1.695417237790001e-24
1.6953826362025627e-24
1.6954247445847878e-24
1.6955407264967033e-24
1.695728376626264e-24
1.695986096093069e-24
1.6963128725752196e-24
1.6967082651048092e-24
1.6971723934061916e-24
1.697705931680713e-24
1.698310106769511e-24
1.6989867006543267e-24
1.699738057284354e-24
1.7005670937438247e-24
1.7014773158024764e-24
1.7024728379169537e-24
1.703558407777216e-24
1.7047394355167886e-24
1.706022027730444e-24
1.707413026465576e-24
1.70892005337628e-24
1.710551559249368e-24
1.7123168791305653e-24
1.7142262932958193e-24
1.716291094326336e-24
1.718523660556851e-24
1.720937536172618e-24
1.723547518232753e-24
1.7263697508930192e-24
1.7294218270898783e-24
1.7327228979291274e-24
1.7362937899927986e-24
1.7401571307396785e-24
1.7443374821223663e-24
1.7488614824785787e-24
1.7537579966737967e-24
1.7590582743745174e-24
1.764796116215935e-24
1.7710080474933245e-24
1.777733498852562e-24
1.7850149932812395e-24
1.792898338510156e-24
1.801432823725775e-24
1.8106714192710736e-24
1.8206709777809036e-24
1.8314924349615895e-24
1.8432010079945894e-24
1.855866389326638e-24
1.8695629334190552e-24
1.8843698338769848e-24
1.900371288281617e-24
1.9176566480203796e-24
1.936320550465415e-24
1.956463031005438e-24
1.9781896127016136e-24
2.0016113717215936e-24
2.026844977212389e-24
2.0540127048972766e-24
2.0832424244136513e-24
2.1146675612284477e-24
2.1484270348469832e-24
2.184665175933523e-24
2.2235316258465824e-24
2.2651812229095442e-24
2.309773880443893e-24
2.357474462140185e-24
2.4084526606930535e-24
2.462882885754246e-24
2.5209441671414867e-24
2.5828200788847012e-24
2.6486986891030606e-24
2.7187725399187323e-24
2.793238660663445e-24
2.8722986165719916e-24
2.956158594036224e-24
3.0450295223692485e-24
3.1391272309518516e-24
3.2386726396475098e-24
3.34389197951255e-24
3.455017040118179e-24
3.5722854392532096e-24
3.69594091039382e-24
3.826233603098999e-24
3.9634203914072996e-24
4.1077651853477056e-24
4.259539240813342e-24
4.4190214632622784e-24
4.5864987009704396e-24
4.762266023862358e-24
4.946626984250604e-24
5.139893856127072e-24
5.342387849941099e-24
5.5544393000772216e-24
5.776387822494809e-24
6.008582440216257e-24
6.251381674549497e-24
6.5051536001042296e-24
6.770275861819637e-24
7.047135652359317e-24
7.33612964836272e-24
7.637663904168347e-24
7.952153701754004e-24
8.280023355774075e-24
8.62170597272235e-24
8.977643163411135e-24
9.34828470814245e-24
9.734088174153887e-24
1.0135518485151666e-23
1.0553047443006401e-23
1.0987153201971486e-23
1.1438319696100616e-23
1.1907036020879378e-23
1.239379577045757e-23
1.2899096332250188e-23
1.3423438141083145e-23
1.3967323895478146e-23
1.4531257739094167e-23
1.5115744410764758e-23
1.5721288366996222e-23
1.6348392881180367e-23
1.6997559124160222e-23
1.7669285231127506e-23
1.8364065360124088e-23
1.9082388747674466e-23
1.9824738767242207e-23
2.059159199633506e-23
2.1383417298090544e-23
2.2200674923132257e-23
2.3043815637329378e-23
2.3913279880843075e-23
2.4809496963490894e-23
2.573288430100742e-23
2.66838466962324e-23
2.7662775668586593e-23
2.867004883447595e-23
2.970602934041754e-23
3.0771065349781335e-23
3.186548958308426e-23
3.298961891075054e-23
3.414375399620863e-23
3.532817898613625e-23
3.654316124358862e-23
3.778895111872925e-23
3.906578175083127e-23
4.037386889431974e-23
4.171341076069015e-23
4.308458786737341e-23
4.448756288390168e-23
4.59224804651564e-23
4.738946706098032e-23
4.888863069113229e-23
5.042006067430639e-23
5.1983827299893154e-23
5.357998143118421e-23
5.520855402891674e-23
5.686955558434631e-23
5.856297545145897e-23
6.028878106846792e-23
6.204691705934291e-23
6.38373042068501e-23
6.565983828934859e-23
6.751438877443033e-23
6.940079736338101e-23
7.131887638135898e-23
7.32684070091171e-23
7.524913735300915e-23
7.726078035100605e-23
7.930301151324323e-23
8.137546649655296e-23
8.347773851316783e-23
8.560937557447212e-23
8.776987757129318e-23
8.995869319266301e-23
9.217521668526683e-23
9.441878445593491e-23
9.668867151936569e-23
