1.64772503956026e-24
1.6145136431190532e-24
1.5835496301275163e-24
1.5547330339769364e-24
1.5279685397793433e-24
1.5031654633244538e-24
1.480237740947991e-24
1.4591039278675197e-24
1.4396872026596024e-24
1.421915375716404e-24
1.40572089974501e-24
1.3910408806168171e-24
1.3778170871480745e-24
1.3659959586698752e-24
1.3555286095162727e-24
1.3463708298134921e-24
1.338483082180041e-24
1.3318304941387668e-24
1.3263828461961504e-24
1.3221145556579054e-24
1.3190046563189042e-24
1.3170367742011854e-24
1.3161990995120928e-24
1.3164843549626273e-24
1.317889760536119e-24
1.3204169947259553e-24
1.3240721521879478e-24
1.3288656976747646e-24
1.3348124160511317e-24
1.341931358133585e-24
1.3502457820622083e-24
1.3597830899006357e-24
1.3705747591782266e-24
1.382656269134635e-24
1.3960670215058283e-24
1.4108502557961734e-24
1.4270529591158717e-24
1.444725770815042e-24
1.4639228823152198e-24
1.4847019327117913e-24
1.5071239008930474e-24
1.531252995079226e-24
1.557156540821528e-24
1.5849048686062334e-24
1.6145712022754697e-24
1.6462315494984683e-24
1.679964595500235e-24
1.715851601180624e-24
1.753976306632598e-24
1.7944248409048058e-24
1.8372856386499682e-24
1.882649364072183e-24
1.930608842338614e-24
1.9812589983659674e-24
2.034696802642398e-24
2.0910212235071414e-24
2.150333185096082e-24
2.2127355299774706e-24
2.2783329853519776e-24
2.3472321315835314e-24
2.419541371758489e-24
2.495370900943991e-24
2.5748326738308272e-24
2.658040369495824e-24
2.7451093521025685e-24
2.8361566264750104e-24
2.93130078761468e-24
3.0306619633919517e-24
3.1343617498172344e-24
3.2425231384810122e-24
3.3552704359489426e-24
3.472729175090128e-24
3.595026018520175e-24
3.722288654529909e-24
3.8546456860671816e-24
3.992226513519169e-24
4.135161212216312e-24
4.283580405748336e-24
4.4376151363241e-24
4.59739673355207e-24
4.763056683132188e-24
4.934726497052523e-24
5.1125375869676325e-24
5.2966211424947726e-24
5.487108016205308e-24
5.6841286171002094e-24
5.887812814354192e-24
6.09828985307432e-24
6.315688283762607e-24
6.5401359070884444e-24
6.771759735461921e-24
7.01068597277177e-24
7.257040013495174e-24
7.510946462206211e-24
7.772529174322412e-24
8.04191131871525e-24
8.31921546258582e-24
8.604563678790397e-24
8.898077675545501e-24
9.19987894822435e-24
9.510088952714148e-24
9.828829299579478e-24
1.0156221968067317e-23
1.0492389538783721e-23
1.0837455443687024e-23
1.1191544231900916e-23
1.1554781849682651e-23
1.1927295932796679e-23
1.2309216109444231e-23
1.2700674311845259e-23
1.3101805094536407e-23
1.351274595744749e-23
1.3933637671845996e-23
1.4364624607272934e-23
1.4805855057682615e-23
1.5257481565066693e-23
1.571966123898889e-23
1.6192556070522877e-23
1.667633323928575e-23
1.7171165412351178e-23
1.7677231034018028e-23
1.8194714605521532e-23
1.872380695397383e-23
1.9264705489937527e-23
1.9817614453188087e-23
2.0382745146371176e-23
2.09603161564007e-23
2.15505535635172e-23
2.2153691138096638e-23
2.2769970525350113e-23
2.3399641418168023e-23
2.4042961718415467e-23
2.4700197687043468e-23
2.5371624083439967e-23
2.6057524294478667e-23
2.6758190453690983e-23
2.7473923551096054e-23
2.820503353410412e-23
2.8951839399981624e-23
2.971466928032181e-23
3.049386051789034e-23
3.1289759736244054e-23
3.2102722902438593e-23
3.293311538307997e-23
3.378131199393608e-23
3.464769704327494e-23
3.553266436898074e-23
3.643661736950335e-23
3.735996902853662e-23
3.830314193334597e-23
3.926656828647321e-23
4.025068991059391e-23
4.125595824609343e-23
4.2282834340967123e-23
4.3331788832450827e-23
4.440330191980425e-23
4.549786332751234e-23
4.661597225808921e-23
4.7758137333646894e-23
4.8924876525178755e-23
5.011671706853684e-23
5.1334195365897547e-23
5.257785687146318e-23
5.384825596001767e-23
5.514595577687993e-23
5.647152806766044e-23
5.782555298614373e-23
5.920861887853332e-23
6.062132204208478e-23
6.206426645619268e-23
6.353806348373205e-23
6.504333154039419e-23
6.658069572971404e-23
6.815078744116371e-23
6.975424390877331e-23
7.13917077274705e-23
7.306382632425303e-23
7.477125138114181e-23
7.651463820680538e-23
7.829464505347055e-23
8.01119323757771e-23
8.196716202790492e-23
8.386099639536376e-23
8.579409745755949e-23
8.776712577713863e-23
8.978073941211406e-23
9.183559274648065e-23
9.393233523501795e-23
9.607161005784725e-23
9.825405268025262e-23
1.0048028931305032e-22
1.027509352688913e-22
1.0506659320965655e-22
1.074278512800995e-22
1.0983528112292065e-22
1.1228943577022733e-22
1.1479084740644296e-22
1.1734002499770606e-22
1.199374517826279e-22
1.225835826194303e-22
1.2527884118431637e-22
