6.362672906791724e-23
6.362921144823502e-23
6.363156347920892e-23
6.363379015213091e-23
6.363589619218477e-23
6.363788606848719e-23
6.363976400358496e-23
6.364153398242367e-23
6.364319976081621e-23
6.364476487342072e-23
6.364623264124939e-23
6.364760617872281e-23
6.364888840028552e-23
6.365008202659618e-23
6.365118959030594e-23
6.36522134414378e-23
6.365315575237693e-23
6.365401852248519e-23
6.365480358234555e-23
6.365551259765108e-23
6.365614707274045e-23
6.365670835379492e-23
6.365719763169481e-23
6.365761594454769e-23
6.365796417989642e-23
6.365824307659878e-23
6.36584532264013e-23
6.365859507519172e-23
6.365866892394957e-23
6.36586749293824e-23
6.365861310425987e-23
6.365848331744202e-23
6.365828529360008e-23
6.365801861263187e-23
6.365768270877115e-23
6.365727686938553e-23
6.365680023346546e-23
6.365625178979395e-23
6.365563037480271e-23
6.365493467009978e-23
6.365416319967129e-23
6.365331432674853e-23
6.365238625033226e-23
6.365137700136837e-23
6.365028443856854e-23
6.364910624386241e-23
6.364783991747658e-23
6.364648277262591e-23
6.364503192980871e-23
6.364348431069134e-23
6.36418366315723e-23
6.364008539640628e-23
6.363822688938189e-23
6.363625716702798e-23
6.363417204983824e-23
6.363196711339306e-23
6.36296376789619e-23
6.362717880356371e-23
6.362458526946425e-23
6.362185157309311e-23
6.36189719133483e-23
6.36159401792694e-23
6.361274993705224e-23
6.36093944163744e-23
6.360586649600762e-23
6.360215868867861e-23
6.359826312515414e-23
6.359417153751111e-23
6.358987524155664e-23
6.358536511836321e-23
6.358063159487326e-23
6.357566462354068e-23
6.357045366095709e-23
6.35649876454201e-23
6.355925497339878e-23
6.355324347483953e-23
6.354694038726465e-23
6.354033232860407e-23
6.353340526870554e-23
6.352614449945775e-23
6.351853460346488e-23
6.351055942120533e-23
6.350220201660065e-23
6.349344464092509e-23
6.348426869497187e-23
6.347465468939908e-23
6.346458220316863e-23
6.345402983998632e-23
6.344297518264833e-23
6.343139474519764e-23
6.341926392278516e-23
6.34065569391236e-23
6.339324679142465e-23
6.337930519269459e-23
6.336470251126515e-23
6.334940770742629e-23
6.33333882670198e-23
6.331661013185443e-23
6.329903762677981e-23
6.328063338326726e-23
6.326135825932362e-23
6.324117125555998e-23
6.322002942724134e-23
6.319788779209702e-23
6.317469923371324e-23
6.315041440027885e-23
6.312498159845734e-23
6.309834668214232e-23
6.307045293586431e-23
6.304124095257587e-23
6.301064850552158e-23
6.297861041392449e-23
6.294505840218084e-23
6.290992095222921e-23
6.287312314877004e-23
6.283458651693684e-23
6.279422885214202e-23
6.275196404155554e-23
6.270770187693976e-23
6.266134785831796e-23
6.261280298802002e-23
6.256196355467124e-23
6.250872090651968e-23
6.245296121363066e-23
6.239456521838947e-23
6.233340797352317e-23
6.226935856732298e-23
6.220227983506873e-23
6.213202805614946e-23
6.205845263587293e-23
6.198139577159589e-23
6.190069210183463e-23
6.181616833762168e-23
6.172764287540019e-23
6.16349253898308e-23
6.153781640631633e-23
6.143610685100848e-23
6.132957757787634e-23
6.12179988712563e-23
6.110112992234965e-23
6.097871827830936e-23
6.085049926201392e-23
6.071619536144905e-23
6.057551558601672e-23
6.042815478816037e-23
6.027379294804649e-23
6.011209441934729e-23
5.994270713289147e-23
5.976526175594577e-23
5.95793708036285e-23
5.938462770033549e-23
5.918060578591251e-23
5.896685726409605e-23
5.874291208889744e-23
5.850827678219976e-23
5.826243318089516e-23
5.800483710457955e-23
5.773491693957394e-23
5.745207212994597e-23
5.715567157071296e-23
5.684505189062018e-23
5.651951561766092e-23
5.617832921243068e-23
5.582072096002095e-23
5.544587870501188e-23
5.505294740560408e-23
5.464102650023288e-23
5.420916704425101e-23
5.375636861964861e-23
5.328157595150986e-23
5.2783675218908714e-23
5.22614900025043e-23
5.171377683323618e-23
5.1139220260541856e-23
5.053642736699121e-23
4.9903921642624493e-23
4.9240136125834504e-23
4.854340559173745e-23
4.781195775086443e-23
4.704390307166571e-23
4.6237223126068204e-23
4.5389756935835385e-23
4.4499185007186634e-23
4.356301041630212e-23
4.257853611006728e-23
4.15428375986419e-23
4.0452729409122533e-23
3.930472378640668e-23
3.809497886613884e-23
3.6819232969780997e-23
3.5472720233111796e-23
3.4050060317144015e-23
3.254511244453916e-23
3.0950778627247506e-23
2.925873392806011e-23
2.745904972414823e-23
2.5539657407181015e-23
2.348557008437085e-23
2.1277734090761536e-23
1.8891318663955328e-23
1.6293213839242877e-23
