1.3522454431306981e-24
1.316127741733589e-24
1.2823214679453624e-24
1.2507132276613792e-24
1.2211927605621215e-24
1.1936528885704024e-24
1.1679894925929632e-24
1.1441015138199166e-24
1.121890975303273e-24
1.1012630191464404e-24
1.0821259544314573e-24
1.0643913110014281e-24
1.0479738943955473e-24
1.0327918375885533e-24
1.0187666456853862e-24
1.0058232303335029e-24
9.93889931295411e-25
9.828985233384602e-25
9.72784207303962e-25
9.634855848858322e-25
9.549446172507484e-25
9.47106568149968e-25
9.39919932597303e-25
9.333363525118417e-25
9.273105209534415e-25
9.21800076716411e-25
9.167654911059332e-25
9.121699487117668e-25
9.079792239292777e-25
9.041615548714117e-25
9.00687516177763e-25
8.975298920710259e-25
8.946635508453213e-25
8.920653218013222e-25
8.897138754800376e-25
8.875896078882856e-25
8.856745292658748e-25
8.839521578113857e-25
8.824074186662844e-25
8.810265483556111e-25
8.797970047939274e-25
8.787073828928506e-25
8.777473357440324e-25
8.769075013029546e-25
8.761794344602617e-25
8.755555443570911e-25
8.750290367813055e-25
8.745938614659964e-25
8.742446641042766e-25
8.739767428912259e-25
8.737860094048763e-25
8.73668953642394e-25
8.736226130352352e-25
8.736445452756478e-25
8.737328047990128e-25
8.738859227771383e-25
8.741028904920472e-25
8.7438314597242e-25
8.7472656378895e-25
8.751334479189127e-25
8.756045276030487e-25
8.761409561323776e-25
8.767443125142343e-25
8.774166059791943e-25
8.781602833020164e-25
8.789782389196578e-25
8.798738278379382e-25
8.80850881327153e-25
8.819137254113154e-25
8.830672021612184e-25
8.843166938025751e-25
8.856681496504342e-25
8.871281158780625e-25
8.887037681218703e-25
8.904029469150498e-25
8.922341959283943e-25
8.942068029797203e-25
8.963308437506322e-25
8.98617228122384e-25
9.010777490095943e-25
9.037251335314738e-25
9.06573096317201e-25
9.096363946892664e-25
9.129308854131758e-25
9.164735826380097e-25
9.202827165845157e-25
9.24377792462535e-25
9.287796490241902e-25
9.335105160770646e-25
9.385940702035666e-25
9.440554878520225e-25
9.499214948926523e-25
9.562204116635309e-25
9.629821924786951e-25
9.70238458529317e-25
9.780225230894548e-25
9.863694079425026e-25
9.953158499739986e-25
1.0049002969395973e-24
1.0151628915130143e-24
1.0261454428476667e-24
1.037891385052045e-24
1.0504457221767112e-24
1.0638549595357297e-24
1.0781670214378383e-24
1.0934311556652044e-24
1.1096978253077057e-24
1.1270185888263338e-24
1.1454459694639157e-24
1.1650333153379248e-24
1.1858346517276741e-24
1.2079045271888423e-24
1.231297855198598e-24
1.2560697530344993e-24
1.282275379533528e-24
1.3099697732540224e-24
1.3392076923903285e-24
1.3700434575674512e-24
1.4025307983930339e-24
1.436722704364814e-24
1.4726712804618883e-24
1.510427607470005e-24
1.5500416068514642e-24
1.5915619097498669e-24
1.6350357295496724e-24
1.6805087372831953e-24
1.728024939105445e-24
1.7776265550257586e-24
1.829353898117424e-24
1.8832452534877645e-24
1.9393367564032217e-24
1.9976622691011102e-24
2.058253255985944e-24
2.121138657089837e-24
2.1863447598735127e-24
2.2538950696364162e-24
2.3238101790079417e-24
2.3961076371746004e-24
2.4708018196821572e-24
2.547903799811926e-24
2.627421222678811e-24
2.7093581833266423e-24
2.7937151102016745e-24
2.880488655475001e-24
2.9696715937444396e-24
3.0612527306961716e-24
3.1552168233222155e-24
3.2515445133007167e-24
3.350212275124766e-24
3.451192380537556e-24
3.5544528807777094e-24
3.65995760808294e-24
3.7676661978159244e-24
3.877534132499287e-24
3.9895128089395564e-24
4.1035496295235515e-24
4.2195881186596685e-24
4.337568065215761e-24
4.457425691690398e-24
4.579093850737374e-24
4.702502249532846e-24
4.8275777023606816e-24
4.954244411670108e-24
5.082424277739748e-24
5.2120372369690946e-24
5.343001628715069e-24
5.4752345904704774e-24
5.608652481104182e-24
5.743171331772181e-24
5.878707324034326e-24
6.015177294645595e-24
6.152499266403679e-24
6.290593004419497e-24
6.429380597106223e-24
6.568787061187539e-24
6.708740970003328e-24
6.849175104422547e-24
6.990027125689067e-24
7.131240269594083e-24
7.272764061441466e-24
7.414555051365427e-24
7.556577569680498e-24
7.698804502087485e-24
7.84121808470598e-24
7.983810719081043e-24
8.126585807495145e-24
8.269558609105254e-24
8.412757117612287e-24
8.556222961366409e-24
8.70001232697281e-24
8.844196907620102e-24
8.988864877474759e-24
9.134121893565092e-24
9.280092126600668e-24
9.426919322160821e-24
9.57476789356003e-24
9.723824047544346e-24
9.874296943690315e-24
1.0026419888026457e-23
1.0180451560953157e-23
1.0336677278979754e-23
