1.748614965606595e-24
1.7426350836483753e-24
1.7372120816320043e-24
1.7322991075588957e-24
1.7278530155743552e-24
1.723834125115566e-24
1.7202059891636095e-24
1.7169351724945247e-24
1.7139910405662778e-24
1.711345559453199e-24
1.7089731070465643e-24
1.7068502955777098e-24
1.7049558053862516e-24
1.703270229748087e-24
1.7017759304929695e-24
1.7004569040771454e-24
1.6992986577296813e-24
1.698288095259591e-24
1.6974134120922077e-24
1.69666399909492e-24
1.6960303547534073e-24
1.6955040052674527e-24
1.6950774321490406e-24
1.6947440069238897e-24
1.6944979325593676e-24
1.694334191266295e-24
1.694248498348656e-24
1.6942372618031395e-24
1.694297547399607e-24
1.6944270490026034e-24
1.6946240639244832e-24
1.6948874731302593e-24
1.695216726144476e-24
1.695611830540173e-24
1.696073345919715e-24
1.696602382326717e-24
1.6972006030571665e-24
1.6978702318672366e-24
1.6986140646033138e-24
1.6994354853084236e-24
1.700338486886862e-24
1.701327696436713e-24
1.702408405386479e-24
1.7035866045991054e-24
1.704869024631752e-24
1.7062631813651743e-24
1.707777427239459e-24
1.709421008355239e-24
1.711204127719806e-24
1.713138014934346e-24
1.7152350026342057e-24
1.717508610003481e-24
1.7199736336923076e-24
1.7226462464650462e-24
1.7255441039009918e-24
1.7286864594551868e-24
1.7320942881623643e-24
1.7357904192323232e-24
1.739799677736967e-24
1.7441490355273205e-24
1.7488677714402718e-24
1.7539876407582995e-24
1.7595430537701456e-24
1.7655712631435775e-24
1.7721125596633195e-24
1.7792104757071055e-24
1.786911995631525e-24
1.7952677720179647e-24
1.80433234649051e-24
1.814164373567452e-24
1.8248268457505686e-24
1.8363873178024255e-24
1.8489181279189484e-24
1.8624966132890096e-24
1.8772053173555456e-24
1.893132185974377e-24
1.9103707496208843e-24
1.9290202888438073e-24
1.9491859803225986e-24
1.9709790211673685e-24
1.994516729518905e-24
2.0199226200654718e-24
2.047326453790773e-24
2.0768642620934615e-24
2.1086783463505787e-24
2.142917255005092e-24
2.1797357413005517e-24
2.219294705813503e-24
2.26176112889568e-24
2.3073079989729032e-24
2.356114243308145e-24
2.4083646682702755e-24
2.4642499163287974e-24
2.5239664468926946e-24
2.587716547730318e-24
2.6557083830588344e-24
2.7281560835109903e-24
2.805279882117278e-24
2.8873062992442233e-24
2.9744683781611744e-24
3.0670059716368427e-24
3.165166078747791e-24
3.2692032299632116e-24
3.379379917592321e-24
3.4959670678673765e-24
3.619244550293571e-24
3.749501719428198e-24
3.887037983938867e-24
4.0321633976157955e-24
4.185199266940487e-24
4.346478769822237e-24
4.5163475801594e-24
4.6951644929427475e-24
4.883302044656639e-24
5.0811471237279995e-24
5.289101565697623e-24
5.507582727624347e-24
5.73702403596566e-24
5.977875501793025e-24
6.230604196688525e-24
6.495694682023447e-24
6.773649383528655e-24
7.064988902135481e-24
7.37025225097572e-24
7.689997007193737e-24
8.02479936582846e-24
8.375254081469664e-24
8.74197428169059e-24
9.125591134398568e-24
9.526753349242673e-24
9.946126491079363e-24
1.038439208123977e-23
1.0842246459991236e-23
1.1320399381167452e-23
1.1819572307506213e-23
1.234049637283113e-23
1.2883909974917828e-23
1.3450555960787077e-23
1.4041178364377135e-23
1.4656518655203914e-23
1.5297311455881653e-23
1.59642796864425e-23
1.6658129094491474e-23
1.737954213261173e-23
1.812917114839131e-23
1.8907630858293857e-23
1.9715490084680047e-23
2.0553262745956412e-23
2.142139810344759e-23
2.2320270285465018e-23
2.3250167129492607e-23
2.4211278407609692e-23
2.520368352830972e-23
2.6227338839672817e-23
2.72820646941033e-23
2.8367532472969805e-23
2.948325180958376e-23
3.062855828974482e-23
3.1802601948899816e-23
3.3004336921657946e-23
3.423251263057188e-23
3.548566692380248e-23
3.676212158258945e-23
3.8059980616178295e-23
3.9377131741149263e-23
4.071125140146164e-23
4.205981362320977e-23
4.3420102913589067e-23
4.478923130742247e-23
4.616415953940884e-23
4.7541722179819784e-23
4.8918656421746867e-23
5.0291634056326744e-23
5.1657296027107356e-23
5.301228882494754e-23
5.435330187925399e-23
5.56771050280064e-23
5.69805851140309e-23
5.826078076220934e-23
5.951491444285869e-23
6.074042101816531e-23
6.193497209654237e-23
6.309649567644769e-23
6.422319073709075e-23
6.531353661821492e-23
6.636629721405294e-23
6.738052017753506e-23
6.835553148194757e-23
6.929092581133446e-23
7.018655334470672e-23
7.104250356041175e-23
7.185908671652935e-23
7.263681366347372e-23
7.337637461976719e-23
7.407861749625955e-23
7.474452629300562e-23
7.537520002186895e-23
7.597183253166886e-23
7.653569353545777e-23
7.706811106506008e-23
7.757045550868321e-23
