1.0913445089750974e-22
1.10259436511465e-22
1.113189554364104e-22
1.1231525639825279e-22
1.1325045388967309e-22
1.1412653266545722e-22
1.149453519615673e-22
1.157086494469235e-22
1.1641804491639744e-22
1.1707504373287787e-22
1.1768104002578455e-22
1.182373196528322e-22
1.1874506293140616e-22
1.1920534714534332e-22
1.1961914883247068e-22
1.199873458577884e-22
1.2031071927668858e-22
1.2058995499219194e-22
1.2082564520970333e-22
1.21018289692388e-22
1.2116829681981184e-22
1.2127598445208965e-22
1.2134158060134337e-22
1.2136522391187622e-22
1.2134696395007544e-22
1.2128676130456856e-22
1.2118448749687093e-22
1.2103992470221879e-22
1.2085276528000238e-22
1.2062261111268234e-22
1.2034897275176189e-22
1.200312683688877e-22
1.196688225097845e-22
1.1926086464826337e-22
1.1880652753714464e-22
1.1830484535244436e-22
1.1775475162677958e-22
1.1715507696743169e-22
1.1650454655407774e-22
1.1580177741068463e-22
1.150452754455741e-22
1.142334322531741e-22
1.1336452167040462e-22
1.1243669608012067e-22
1.1144798245350525e-22
1.1039627812265395e-22
1.0927934627403468e-22
1.080948111528957e-22
1.0684015296797762e-22
1.0551270248528243e-22
1.0410963529889925e-22
1.026279657661605e-22
1.0106454059366522e-22
9.941603205985959e-23
9.767893085908611e-23
9.584953855108057e-23
9.39239595990616e-23
9.189809297851326e-23
8.976762333788452e-23
8.752801169127872e-23
8.517448562224359e-23
8.270202897654462e-23
8.010537102078097e-23
7.737897504238632e-23
7.4517026365584e-23
7.15134197564709e-23
6.836174618954438e-23
6.505527894742514e-23
6.158695902421061e-23
5.794937980507362e-23
5.413477099564142e-23
5.013498178227728e-23
4.594146321891897e-23
4.1545249871584334e-23
3.693694083718274e-23
3.2106680478298646e-23
2.7044139879009344e-23
2.1738502323901233e-23
1.617846615423717e-23
1.0352342620587621e-23
4.249254556476409e-24
2.1618527805172374e-24
8.858746400580096e-24
1.5881563413087122e-23
2.3240244702758784e-23
3.0950225167583504e-23
3.90280028992949e-23
4.749094197276793e-23
5.63572690476774e-23
6.564610265751274e-23
7.537749228432904e-23
8.557246214212036e-23
9.625305826514935e-23
1.0744239849589212e-22
1.1916472529716838e-22
1.3144546144177094e-22
1.44311268691428e-22
1.5779010960975578e-22
1.7191131267501253e-22
1.8670564087566779e-22
2.0220536398753733e-22
2.1844433474627425e-22
2.3545806914447813e-22
2.5328383109896513e-22
2.719607217517572e-22
2.9152977368588272e-22
3.1203405035802973e-22
3.335187510712255e-22
3.560313218351985e-22
3.7962157248370176e-22
4.043418004530604e-22
4.3024692164629e-22
4.573946088480968e-22
4.858454381854707e-22
5.156630441705443e-22
5.469142839055254e-22
5.796694110638195e-22
6.140022603310465e-22
6.499904430267857e-22
6.87715554693994e-22
7.272633955075648e-22
7.687242044326823e-22
8.121929081255333e-22
8.577693856682083e-22
9.055587503262977e-22
9.556716496032523e-22
1.0082245850110255e-21
1.0633402530817357e-21
1.1211479092824465e-21
1.1817837566547768e-21
1.2453913612087321e-21
1.3121220961994003e-21
1.382135617767571e-21
1.45560037447492e-21
1.5326941537204665e-21
1.6136046681896343e-21
1.6985301857938425e-21
1.7876802070832585e-21
1.8812761942955094e-21
1.9795523568541452e-21
2.0827564985234244e-21
2.1911509319416816e-21
2.305013467340067e-21
2.424638482009383e-21
2.550338079121984e-21
2.682443344527307e-21
2.8213057115657723e-21
2.967298444926784e-21
3.1208182563057226e-21
3.2822870658277467e-21
3.452153924752063e-21
3.630897117708642e-21
3.819026464124652e-21
4.0170858425862055e-21
4.225655961461954e-21
4.4453574086675435e-21
4.676854010190607e-21
4.920856538373814e-21
5.1781268103572285e-21
5.4494822302769555e-21
5.735800826549643e-21
6.038026856586156e-21
6.357177049227767e-21
6.694347574870283e-21
7.050721844965592e-21
7.42757925771346e-21
7.826305029469531e-21
8.248401270146277e-21
8.695499501109826e-21
9.16937481870263e-21
9.671961993373848e-21
1.0205373790668918e-20
1.0771921917181613e-20
1.1374140978738717e-20
1.2014816088700258e-20
1.269701462504612e-20
1.3424123051410563e-20
1.4199889667789455e-20
1.5028474456156557e-20
1.5914507492601922e-20
1.6863157607085216e-20
1.7880213496777763e-20
1.8972180111470585e-20
2.0146393524276852e-20
2.14111588987011e-20
2.2775916849920238e-20
2.425144552853932e-20
2.5850107499816677e-20
2.758615360022792e-20
2.947609955337564e-20
3.1539196997247317e-20
3.3798027031002747e-20
3.6279255800545775e-20
3.9014605395557184e-20
4.204211722949063e-20
4.540781230552877e-20
4.916790678042793e-20
5.339180822509177e-20
5.816623461332833e-20
6.360098254507902e-20
6.983716387203605e-20
