8.092381417264982e-25
8.39838158499391e-25
8.711272179078435e-25
9.026369545871232e-25
9.340043572329122e-25
9.649508712233626e-25
9.952648679193195e-25
1.0247873957667026e-24
1.0534008131050546e-24
1.0810198165212834e-24
1.1075843997739222e-24
1.133054341017595e-24
1.1574048879322623e-24
1.1806233772257264e-24
1.2027065818099436e-24
1.2236586250400302e-24
1.2434893377891213e-24
1.2622129624230946e-24
1.2798471295404248e-24
1.2964120500802278e-24
1.3119298782273058e-24
1.3264242103767353e-24
1.3399196929773141e-24
1.3524417178914528e-24
1.364016188405159e-24
1.3746693425082732e-24
1.3844276227784842e-24
1.3933175843225766e-24
1.4013658338893562e-24
1.4085989945771252e-24
1.4150436915893249e-24
1.4207265553092092e-24
1.4256742386120418e-24
1.4299134458467153e-24
1.433470971332391e-24
1.4363737455302198e-24
1.4386488873302131e-24
1.4403237610700534e-24
1.4414260370940828e-24
1.4419837547636553e-24
1.4420253869448411e-24
1.4415799050676295e-24
1.4406768439075274e-24
1.439346365285877e-24
1.4376193199045839e-24
1.4355273065573675e-24
1.433102727958227e-24
1.4303788424351891e-24
1.4273898107280587e-24
1.4241707371196986e-24
1.4207577041188939e-24
1.4171877998978696e-24
1.4134991376752876e-24
1.4097308662253567e-24
1.4059231706906848e-24
1.4021172628804732e-24
1.3983553602540436e-24
1.394680652822408e-24
1.391137257256484e-24
1.3877701575687073e-24
1.3846251318448032e-24
1.381748664645462e-24
1.3791878448769444e-24
1.3769902491510019e-24
1.3752038109145798e-24
1.373876675931589e-24
1.3730570450345042e-24
1.3727930054328296e-24
1.3731323522515074e-24
1.3741224023678572e-24
1.37580980300364e-24
1.3782403378881113e-24
1.3814587341225185e-24
1.3855084731240878e-24
1.3904316091860924e-24
1.3962685992472988e-24
1.4030581474025515e-24
1.410837067498896e-24
1.4196401668488717e-24
1.429500153661499e-24
1.440447570252917e-24
1.4525107534763843e-24
1.465715823132563e-24
1.4800866984114354e-24
1.4956451417181714e-24
1.5124108285652205e-24
1.5304014416159074e-24
1.5496327864521229e-24
1.570118926235658e-24
1.5918723321472247e-24
1.614904046323355e-24
1.6392238539667363e-24
1.664840461368445e-24
1.691761676741407e-24
1.719994590999877e-24
1.7495457559190928e-24
1.780421357444536e-24
1.8126273822815538e-24
1.8461697762597952e-24
1.8810545933247253e-24
1.9172881343457017e-24
1.954877075238231e-24
1.99382858417488e-24
2.034150427896583e-24
2.0758510673367064e-24
2.1189397429329203e-24
2.1634265501298766e-24
2.2093225056691934e-24
2.256639605329421e-24
2.3053908738192185e-24
2.3555904075443185e-24
2.4072534109711154e-24
2.4603962272947005e-24
2.515036364096414e-24
2.5711925146415295e-24
2.628884575430306e-24
2.688133660572755e-24
2.748962113513757e-24
2.8113935165892752e-24
2.8754526988512964e-24
2.9411657425551482e-24
3.008559988661227e-24
3.077664041666025e-24
3.1485077740385575e-24
3.221122330507523e-24
3.295540132411189e-24
3.371794882296457e-24
3.449921568926191e-24
3.529956472833644e-24
3.6119371725401145e-24
3.6959025515365405e-24
3.781892806112011e-24
3.869949454100576e-24
3.96011534460245e-24
4.052434668730092e-24
4.1469529714150975e-24
4.243717164309476e-24
4.342775539804488e-24
4.444177786186867e-24
4.547975003947422e-24
4.654219723251941e-24
4.762965922583607e-24
4.8742690485616625e-24
4.988186036939578e-24
5.104775334786149e-24
5.224096923849051e-24
5.346212345102852e-24
5.471184724480027e-24
5.599078799786486e-24
5.72996094879983e-24
5.863899218552596e-24
6.000963355798863e-24
6.1412248386672734e-24
6.284756909501501e-24
6.4316346088903445e-24
6.581934810891103e-24
6.735736259450237e-24
6.893119606026445e-24
7.054167448421068e-24
7.218964370823901e-24
7.387596985080967e-24
7.560153973193176e-24
7.736726131055154e-24
7.917406413444664e-24
8.102289980274397e-24
8.291474244116082e-24
8.48505891901324e-24
8.683146070592667e-24
8.885840167492038e-24
9.093248134116559e-24
9.305479404742137e-24
9.522645978981081e-24
9.744862478626635e-24
9.97224620589599e-24
1.0204917203088144e-23
1.0442998313675376e-23
1.0686615244849225e-23
1.0935896631536884e-23
1.1190974101911377e-23
1.1451982344411858e-23
1.1719059176295169e-23
1.1992345613737948e-23
1.2271985943507908e-23
1.2558127796224341e-23
1.2850922221224533e-23
1.315052376305575e-23
1.345709053960534e-23
1.3770784321890853e-23
1.4091770615517874e-23
1.4420218743820742e-23
1.4756301932696797e-23
1.510019739713973e-23
1.545208642947895e-23
1.581215448932474e-23
1.6180591295214995e-23
1.655759091796073e-23
1.6943351875669657e-23
1.733807723043562e-23
1.7741974686658894e-23
1.815525669096778e-23
1.85781405336877e-23
