2.2318409565957373e-22
2.232987809546414e-22
2.234077294876435e-22
2.235111724852484e-22
2.236093294835772e-22
2.2370240879488585e-22
2.23790607950342e-22
2.238741141198411e-22
2.239531045097645e-22
2.2402774673952065e-22
2.2409819919769785e-22
2.2416461137853947e-22
2.2422712419952343e-22
2.242858703006709e-22
2.2434097432625264e-22
2.2439255318948235e-22
2.244407163207512e-22
2.2448556589997205e-22
2.245271970734629e-22
2.2456569815590454e-22
2.2460115081772784e-22
2.246336302584088e-22
2.24663205365954e-22
2.2468993886297666e-22
2.2471388743967768e-22
2.247351018739256e-22
2.2475362713883543e-22
2.247695024979031e-22
2.247827615880527e-22
2.247934324906577e-22
2.248015377907517e-22
2.248070946245035e-22
2.2481011471509293e-22
2.2481060439702993e-22
2.2480856462899956e-22
2.2480399099518977e-22
2.247968736951932e-22
2.2478719752235166e-22
2.2477494183058327e-22
2.247600804895585e-22
2.2474258182810554e-22
2.247224085657988e-22
2.2469951773248193e-22
2.246738605755806e-22
2.246453824550225e-22
2.246140227254822e-22
2.245797146056939e-22
2.245423850345779e-22
2.245019545137972e-22
2.2445833693643074e-22
2.2441143940137657e-22
2.243611620130128e-22
2.2430739766576153e-22
2.2425003181295797e-22
2.241889422195953e-22
2.241239986983075e-22
2.2405506282805946e-22
2.2398198765483686e-22
2.2390461737370083e-22
2.2382278699147014e-22
2.237363219692305e-22
2.2364503784387923e-22
2.2354873982781415e-22
2.2344722238585327e-22
2.2334026878838955e-22
2.232276506397416e-22
2.2310912738060033e-22
2.2298444576342293e-22
2.2285333929949044e-22
2.2271552767637536e-22
2.2257071614436042e-22
2.2241859487046943e-22
2.222588382584014e-22
2.2209110423286026e-22
2.2191503348645984e-22
2.217302486874414e-22
2.215363536461663e-22
2.21332932438437e-22
2.211195484834061e-22
2.2089574357374743e-22
2.2066103685574645e-22
2.2041492375662415e-22
2.2015687485641957e-22
2.198863347015259e-22
2.1960272055679382e-22
2.193054210929455e-22
2.1899379500583395e-22
2.1866716956399383e-22
2.183248390803076e-22
2.1796606330401395e-22
2.1759006572845577e-22
2.1719603180984107e-22
2.1678310709222245e-22
2.1635039523335523e-22
2.1589695592570896e-22
2.1542180270677577e-22
2.1492390065213385e-22
2.1440216394469175e-22
2.138554533125492e-22
2.132825733279125e-22
2.1268226955873337e-22
2.120532255640292e-22
2.1139405972379143e-22
2.1070332189270243e-22
2.099794898675517e-22
2.0922096565580393e-22
2.0842607153341365e-22
2.0759304587816892e-22
2.0672003876460837e-22
2.0580510730341825e-22
2.0484621071045182e-22
2.0384120508647095e-22
2.0278783788761784e-22
2.0168374206631063e-22
2.0052642985957567e-22
1.9931328620061235e-22
1.9804156172577595e-22
1.9670836535014302e-22
1.9531065637801489e-22
1.9384523611694343e-22
1.923087389562549e-22
1.9069762287067472e-22
1.8900815930628392e-22
1.8723642239974488e-22
1.8537827747888996e-22
1.8342936879003235e-22
1.8138510638577824e-22
1.792406521098634e-22
1.7699090460027215e-22
1.7463048323154076e-22
1.721537109059546e-22
1.6955459559100328e-22
1.6682681049939084e-22
1.6396367278769015e-22
1.609581206394649e-22
1.5780268858957623e-22
1.5448948092513385e-22
1.5101014297673016e-22
1.4735583010663046e-22
1.43517174169849e-22
1.3948424719159492e-22
1.352465219931567e-22
1.3079282945692307e-22
1.261113120483305e-22
1.2118937330100265e-22
1.1601362269485603e-22
1.1056981557521016e-22
1.0484278743269506e-22
9.881638219524377e-23
9.247337343781604e-23
8.579537826286307e-23
7.876276280314531e-23
7.135453879010665e-23
6.354825080403469e-23
5.531985484858145e-23
4.6643592255418965e-23
3.749187492569771e-23
2.783525241582916e-23
1.7642891270932193e-23
6.889650885703163e-24
4.54925151554027e-24
1.6549994920203638e-23
2.9266730083356863e-23
4.272697350875205e-23
5.698036687270524e-23
7.208238764936895e-23
8.809383112015771e-23
1.0508119933976465e-22
1.2311731273132007e-22
1.4228205572596645e-22
1.6266325043073395e-22
1.8435767240784943e-22
2.0747223228069357e-22
2.32125353504164e-22
2.584485850591211e-22
2.86588496624213e-22
3.1670891593617694e-22
3.489935826066026e-22
3.836493119162719e-22
4.209097875240677e-22
4.610401331684535e-22
5.043424587415731e-22
5.511626306994855e-22
6.018985966716846e-22
6.57010694895499e-22
7.1703452904329335e-22
7.825971809788673e-22
8.544378221451898e-22
9.334341777202762e-22
1.0206368934030984e-21
1.1173146813074124e-21
1.2250144372230083e-21
1.3456424357148484e-21
1.4815757915011855e-21
1.6358181963242525e-21
1.812221933687991e-21
2.015811589417916e-21
2.253268312780249e-21
2.5336758646998306e-21
2.8697100296775664e-21
3.2796124190334294e-21
