4.768936823723427e-24
4.7687416155023566e-24
4.768557848355248e-24
4.768383350541578e-24
4.768216126662503e-24
4.768054339675024e-24
4.7678962944450805e-24
4.7677404227001274e-24
4.7675852692538675e-24
4.7674294793866135e-24
4.767271787274654e-24
4.7671110053711536e-24
4.7669460146495655e-24
4.7667757556276825e-24
4.766599220098106e-24
4.766415443496455e-24
4.7662234978449955e-24
4.766022485214377e-24
4.765811531650803e-24
4.765589781520881e-24
4.765356392229543e-24
4.7651105292708135e-24
4.764851361573945e-24
4.764578057110684e-24
4.764289778732114e-24
4.763985680205658e-24
4.763664902425654e-24
4.7633265697721436e-24
4.7629697865950705e-24
4.762593633802053e-24
4.762197165529799e-24
4.761779405880462e-24
4.761339345705082e-24
4.760875939417908e-24
4.760388101825563e-24
4.759874704956537e-24
4.759334574876888e-24
4.7587664884783786e-24
4.75816917022647e-24
4.757541288855455e-24
4.756881453998698e-24
4.756188212742239e-24
4.7554600460901254e-24
4.75469536533018e-24
4.75389250828915e-24
4.7530497354656924e-24
4.752165226030638e-24
4.751237073682975e-24
4.750263282350594e-24
4.749241761724479e-24
4.748170322614854e-24
4.747046672117663e-24
4.7458684085796904e-24
4.744633016349777e-24
4.7433378603043126e-24
4.74198018013364e-24
4.7405570843765355e-24
4.739065544189146e-24
4.737502386834288e-24
4.73586428887662e-24
4.734147769068701e-24
4.732349180912117e-24
4.730464704877838e-24
4.728490340268555e-24
4.7264218967057715e-24
4.7242549852232135e-24
4.7219850089478e-24
4.7196071533481145e-24
4.717116376030027e-24
4.714507396057797e-24
4.711774682778334e-24
4.708912444125326e-24
4.705914614378686e-24
4.702774841354111e-24
4.699486472996098e-24
4.6960425433468254e-24
4.692435757862204e-24
4.688658478044706e-24
4.684702705362042e-24
4.680560064418708e-24
4.676221785346484e-24
4.6716786853784605e-24
4.666921149569569e-24
4.6619391106252306e-24
4.656722027798125e-24
4.6512588648115395e-24
4.6455380667660136e-24
4.639547535984468e-24
4.633274606749309e-24
4.626706018883178e-24
4.61982789012363e-24
4.612625687239855e-24
4.6050841958383044e-24
4.597187488802579e-24
4.588918893310637e-24
4.580260956371735e-24
4.571195408823926e-24
4.561703127731959e-24
4.551764097123054e-24
4.541357367001263e-24
4.5304610105747265e-24
4.519052079637545e-24
4.5071065580418696e-24
4.494599313204507e-24
4.4815040455856146e-24
4.467793236091139e-24
4.453438091348305e-24
4.438408486811514e-24
4.422672907665857e-24
4.4061983875099626e-24
4.388950444806217e-24
4.370893017115032e-24
4.351988393146505e-24
4.332197142698477e-24
4.3114780445824066e-24
4.289788012692712e-24
4.26708202043282e-24
4.243313023780912e-24
4.218431883393927e-24
4.192387286243995e-24
4.165125667451306e-24
4.136591133176895e-24
4.1067253856612625e-24
4.07546765184916e-24
4.042754617405013e-24
4.0085203684859625e-24
3.972696344284316e-24
3.93521130423659e-24
3.89599131498855e-24
3.8549597636334145e-24
3.812037405819789e-24
3.767142459964624e-24
3.720190762372688e-24
3.671096002905298e-24
3.619770067427185e-24
3.566123522314611e-24
3.5100662887541606e-24
3.4515085721565116e-24
3.390362136558223e-24
3.326542049117538e-24
3.2599690703149204e-24
3.190572938985071e-24
3.118296909542251e-24
3.0431040594198122e-24
2.9649861266666956e-24
2.883976005292997e-24
2.8001655908043235e-24
2.713731545048109e-24
2.6249729183170087e-24
2.5343667138724516e-24
2.4426508351245485e-24
2.350949025096679e-24
2.260960088078321e-24
2.175244214082127e-24
2.0976511032823955e-24
2.0339407127064693e-24
1.9926283166307083e-24
1.986005004020795e-24
2.031114020454899e-24
2.1502596870631386e-24
2.3704765514148295e-24
2.7204742446552542e-24
3.217924155161115e-24
3.823923573342754e-24
4.348373575958263e-24
4.4792884010737814e-24
4.1615267676296534e-24
3.672837693560921e-24
3.2415416832928968e-24
2.9427882795296497e-24
2.780059608596397e-24
2.7365120547282115e-24
2.791475537927337e-24
2.9254643826263233e-24
3.122167329438407e-24
3.369055055409298e-24
3.657095440584552e-24
3.98007054579757e-24
4.333856169052735e-24
4.715824426506714e-24
5.1244002469209004e-24
5.558749680825465e-24
6.018566467336202e-24
6.503927371267173e-24
7.015194299482662e-24
7.552947909158098e-24
8.117942406690042e-24
8.711074684832529e-24
9.333363255833656e-24
9.985933948375594e-24
1.0670010339618999e-23
1.1386907550864058e-23
1.2138028464998016e-23
1.2924861721068676e-23
1.3748981042495795e-23
1.4612045553775376e-23
1.5515800911137776e-23
1.646208103710389e-23
1.7452810371574393e-23
1.8490006560887242e-23
1.9575783491087396e-23
