1.7257079812171218e-12
1.696578485727036e-12
1.659295751684101e-12
1.6218582281368687e-12
1.580896654782109e-12
1.5380594051784138e-12
1.4974007854409547e-12
1.4538314903782282e-12
1.4110577296878572e-12
1.365589359715961e-12
1.3229052800881056e-12
1.279370975869897e-12
1.2358898751210295e-12
1.193116885638585e-12
1.1499098015933003e-12
1.1088651365330726e-12
1.0673348265299338e-12
1.0277169967218346e-12
9.88579621711052e-13
9.50304472217371e-13
9.122179804062354e-13
8.75245024346171e-13
8.403858533168009e-13
8.054680797487706e-13
7.722319223234743e-13
7.390377486583568e-13
7.079965009659042e-13
6.769586067497756e-13
6.475939985732798e-13
6.190979151412812e-13
5.913754038458909e-13
5.644463231856901e-13
5.388017146004789e-13
5.138291906545774e-13
4.899602890199654e-13
4.66829933619226e-13
4.447694732694358e-13
4.2332513901143376e-13
4.026584634391612e-13
3.830338182448371e-13
3.639026665016876e-13
3.4556856501650843e-13
3.2804996343917703e-13
3.1116292244328205e-13
2.9491227159683093e-13
2.7936677374512855e-13
2.64436901686235e-13
2.5012185329997945e-13
2.363692846583043e-13
2.2316345527221873e-13
2.1055375322743566e-13
1.983963551750863e-13
1.8682675516180904e-13
1.756801462630369e-13
1.6500501591830045e-13
1.5478699700578142e-13
1.4498597701039528e-13
1.3563177737119096e-13
1.2664328185778772e-13
1.1804753123476453e-13
1.0981661296988113e-13
1.0194944361947027e-13
9.440998258970652e-14
8.719092562659277e-14
8.0288743345302e-14
7.368224240456764e-14
6.736127876771571e-14
6.131558297621315e-14
5.55299776657438e-14
4.999832622203438e-14
4.470482012886331e-14
3.964410257346865e-14
3.4804649464250786e-14
3.0175921834969926e-14
2.574985745259736e-14
2.1519843470097633e-14
1.7474440845694474e-14
1.3606925798196682e-14
9.909931031643685e-15
6.376297327624543e-15
2.9992371494770104e-15
2.63198667642501e-16
3.321015962029112e-15
6.269728624417855e-15
9.088479429238454e-15
1.1782549685600422e-14
1.435646032833507e-14
1.6816991733445727e-14
1.916823786854595e-14
2.141450880721675e-14
2.3560578011609252e-14
2.561180857066867e-14
2.7570373015179607e-14
2.944313713176926e-14
3.123117275982095e-14
3.2939759393244185e-14
3.4571753824151435e-14
3.6131341493386406e-14
3.762022882267087e-14
3.9042532029030714e-14
4.040072441631618e-14
4.169995141921898e-14
4.293970718271334e-14
4.412370755905458e-14
4.52532722845246e-14
4.633398928013317e-14
4.736494742403344e-14
4.8349088442445725e-14
4.928953679469758e-14
5.018701156644002e-14
5.104489272304444e-14
5.18636449618447e-14
5.2643774995804256e-14
5.3390079937737725e-14
5.410116112881758e-14
5.4780450930444104e-14
5.542867745495053e-14
5.604719820555037e-14
5.6638909904441826e-14
5.720158415092572e-14
5.773868774110269e-14
5.825139735128972e-14
5.874072038354467e-14
5.920698486715603e-14
5.965134135539385e-14
6.007496867579784e-14
6.047840647605796e-14
6.086350934909781e-14
6.122953932306495e-14
6.15792101991614e-14
6.191113895546677e-14
6.222742500803089e-14
6.252935080160418e-14
6.281521627081959e-14
6.308702482022622e-14
6.334638841802601e-14
6.35920087166396e-14
6.382566697662842e-14
6.404612536795248e-14
6.425654014295046e-14
6.445489812861412e-14
6.464275522360696e-14
6.482107440421985e-14
6.498904155130647e-14
6.514789113244521e-14
6.529655027779241e-14
6.543706049708749e-14
6.556904532497471e-14
6.569280527957062e-14
6.580859648710525e-14
6.591588249442033e-14
6.601617621392093e-14
6.610928382905424e-14
6.619475551266117e-14
6.627331230152716e-14
6.634583374930241e-14
6.641030822888528e-14
6.646943636379166e-14
6.652166631870526e-14
6.656818974519892e-14
6.660770821875995e-14
6.664193502025513e-14
6.666978718937593e-14
6.669152824109241e-14
6.670750896621927e-14
6.671770793875471e-14
6.672210265700958e-14
6.672003691072416e-14
6.67129305311511e-14
6.66992333322839e-14
6.66800030386453e-14
6.665436981206028e-14
6.66233197676243e-14
6.658600536190649e-14
6.654232804508154e-14
6.649251267632783e-14
6.643657480893771e-14
6.637373945113983e-14
6.630459974463799e-14
6.622877501718596e-14
6.614588351371259e-14
6.605569878780584e-14
6.595817327697082e-14
6.585339263954575e-14
6.574071236455859e-14
6.561985771841635e-14
6.549110857846107e-14
6.535381367771749e-14
6.520760834075571e-14
6.50523319560852e-14
6.488733650476185e-14
6.471272763718874e-14
6.45275111091068e-14
6.433223253934831e-14
6.412549983600919e-14
6.390731338754367e-14
6.367738152141665e-14
6.343452057137922e-14
6.317893827631867e-14
6.290962624109327e-14
6.262632292977344e-14
