5.1386720180209655e-24
5.1378458801655295e-24
5.137062280770821e-24
5.136318300003216e-24
5.135611212093265e-24
5.134938469964503e-24
5.1342976910722396e-24
5.133686644350815e-24
5.13310323817651e-24
5.132545509260929e-24
5.132011612396671e-24
5.131499810983295e-24
5.131008468268019e-24
5.130536039240544e-24
5.130081063126499e-24
5.129642156428739e-24
5.129218006469542e-24
5.128807365390908e-24
5.1284090445734304e-24
5.128021909437482e-24
5.1276448745934005e-24
5.127276899309974e-24
5.126916983273005e-24
5.1265641626079476e-24
5.126217506142685e-24
5.125876111888287e-24
5.125539103717393e-24
5.1252056282213475e-24
5.1248748517286284e-24
5.1245459574684235e-24
5.124218142864332e-24
5.123890616944315e-24
5.1235625978538964e-24
5.1232333104605504e-24
5.1229019840379064e-24
5.122567850019405e-24
5.122230139811197e-24
5.121888082655254e-24
5.121540903533621e-24
5.1211878211057e-24
5.120828045670475e-24
5.120460777146286e-24
5.120085203060857e-24
5.1197004965447406e-24
5.1193058143214975e-24
5.118900294688204e-24
5.118483055480022e-24
5.118053192012847e-24
5.1176097749979904e-24
5.117151848423199e-24
5.116678427394113e-24
5.1161884959306515e-24
5.115681004712595e-24
5.115154868768796e-24
5.114608965104343e-24
5.114042130260139e-24
5.1134531577992086e-24
5.112840795713996e-24
5.112203743748951e-24
5.11154065063251e-24
5.11085011121263e-24
5.1101306634896645e-24
5.109380785540749e-24
5.108598892329077e-24
5.107783332391922e-24
5.1069323844007885e-24
5.1060442535869055e-24
5.105117068025421e-24
5.104148874771008e-24
5.103137635837916e-24
5.102081224016947e-24
5.100977418521902e-24
5.0998239004576974e-24
5.098618248102231e-24
5.097357931993979e-24
5.096040309816874e-24
5.09466262107426e-24
5.093221981542988e-24
5.0917153774991935e-24
5.0901396597065475e-24
5.088491537158199e-24
5.0867675705630345e-24
5.08496416556718e-24
5.083077565701487e-24
5.0811038450455864e-24
5.079038900599523e-24
5.076878444353649e-24
5.074617995047912e-24
5.072252869611792e-24
5.069778174276554e-24
5.067188795351749e-24
5.06447938965864e-24
5.0616443746137796e-24
5.058677917956878e-24
5.05557392711809e-24
5.052326038221175e-24
5.0489276047203064e-24
5.045371685670391e-24
5.041651033632375e-24
5.037758082218136e-24
5.033684933281836e-24
5.029423343768574e-24
5.02496471223474e-24
5.020300065059575e-24
5.0154200423725014e-24
5.010314883727435e-24
5.004974413562538e-24
4.9993880264924976e-24
4.9935446724904095e-24
4.987432842027868e-24
4.981040551255527e-24
4.97435532732173e-24
4.9673641939452425e-24
4.9600536573791185e-24
4.9524096929272576e-24
4.9444177322038e-24
4.936062651358754e-24
4.927328760531868e-24
4.9181997948420706e-24
4.9086589072723165e-24
4.898688663871421e-24
4.888271041766364e-24
4.8773874305630454e-24
4.866018637812375e-24
4.854144899334856e-24
4.841745895333557e-24
4.828800773386633e-24
4.815288179600368e-24
4.801186299428751e-24
4.786472909931373e-24
4.77112544555709e-24
4.755121079915653e-24
4.738436826445653e-24
4.7210496614189604e-24
4.7029366733572185e-24
4.6840752436959404e-24
4.664443264442933e-24
4.644019399671644e-24
4.622783399005221e-24
4.600716472831643e-24
4.577801740900492e-24
4.554024768259058e-24
4.529374205273599e-24
4.503842551853553e-24
4.477427070075788e-24
4.450130874340318e-24
4.421964234151897e-24
4.392946131817948e-24
4.363106126013849e-24
4.332486582549759e-24
4.3011453460517495e-24
4.269158940909913e-24
4.236626406965311e-24
4.203673895110774e-24
4.170460170135659e-24
4.1371831922090825e-24
4.1040879731225965e-24
4.071475926426549e-24
4.039715947760741e-24
4.0092574662345046e-24
3.980645689082064e-24
3.954539204178789e-24
3.931729985662955e-24
3.913165635902518e-24
3.899973352635902e-24
3.893484586305665e-24
3.895258600194968e-24
3.907102123300484e-24
3.931080972613706e-24
3.969517931809337e-24
4.0249693574377364e-24
4.10017100332158e-24
4.197941428575637e-24
4.3210290203056266e-24
4.4718860714888525e-24
4.6523509622085135e-24
4.863219398995464e-24
5.103693469038852e-24
5.3707238382897524e-24
5.658321042052037e-24
5.9570172472615454e-24
6.253793094733366e-24
6.532866999023777e-24
6.777630888895493e-24
6.973586666179788e-24
7.111499130385672e-24
7.189569756271962e-24
7.213710906229413e-24
7.195897908977695e-24
7.151445378272305e-24
7.096300151713037e-24
7.045076791690715e-24
7.010017078393459e-24
7.000691065763686e-24
7.024148493636858e-24
7.08527740126438e-24
7.187219426662166e-24
7.331767848126307e-24
7.519719994784736e-24
7.751176838131711e-24
8.025790348461263e-24
