6.800875649575337e-23
6.804140800650973e-23
6.807250384898402e-23
6.810211001135865e-23
6.813028931936502e-23
6.815710156978031e-23
6.818260365746401e-23
6.820684969622944e-23
6.822989113379963e-23
6.825177686109134e-23
6.827255331607097e-23
6.829226458235931e-23
6.831095248288284e-23
6.832865666868151e-23
6.834541470310647e-23
6.836126214160059e-23
6.837623260716585e-23
6.839035786179408e-23
6.840366787386206e-23
6.841619088178379e-23
6.842795345394211e-23
6.843898054510891e-23
6.844929554940197e-23
6.84589203499326e-23
6.846787536528836e-23
6.847617959282437e-23
6.848385064903288e-23
6.849090480687085e-23
6.849735703034198e-23
6.850322100620381e-23
6.850850917304332e-23
6.851323274763443e-23
6.851740174874937e-23
6.852102501838925e-23
6.852411024054111e-23
6.852666395745171e-23
6.852869158351109e-23
6.853019741668536e-23
6.853118464763229e-23
6.85316553664434e-23
6.853161056700667e-23
6.853105014912411e-23
6.852997291822781e-23
6.852837658278837e-23
6.852625774941886e-23
6.852361191561054e-23
6.852043346009276e-23
6.851671563085262e-23
6.851245053071738e-23
6.850762910050893e-23
6.850224109973172e-23
6.849627508470001e-23
6.848971838419434e-23
6.84825570723731e-23
6.847477593913941e-23
6.84663584576618e-23
6.845728674915831e-23
6.844754154474498e-23
6.843710214433351e-23
6.842594637249463e-23
6.841405053111746e-23
6.840138934885473e-23
6.838793592717498e-23
6.837366168293306e-23
6.835853628736246e-23
6.834252760126395e-23
6.832560160636518e-23
6.830772233263168e-23
6.828885178136062e-23
6.826894984394926e-23
6.824797421608457e-23
6.822588030724039e-23
6.820262114523829e-23
6.817814727563713e-23
6.815240665581997e-23
6.812534454343156e-23
6.80969033790316e-23
6.806702266256508e-23
6.803563882355928e-23
6.800268508455765e-23
6.796809131764758e-23
6.79317838936604e-23
6.789368552375177e-23
6.785371509299443e-23
6.781178748558836e-23
6.776781340132087e-23
6.77216991628425e-23
6.767334651333655e-23
6.762265240404921e-23
6.756950877130384e-23
6.751380230238415e-23
6.74554141897851e-23
6.739421987325202e-23
6.733008876899292e-23
6.726288398543144e-23
6.719246202481743e-23
6.71186724699527e-23
6.704135765537322e-23
6.6960352322017e-23
6.687548325472167e-23
6.678656890148353e-23
6.669341897365719e-23
6.659583402600371e-23
6.649360501554744e-23
6.638651283809572e-23
6.627432784122815e-23
6.615680931241647e-23
6.603370494097162e-23
6.590475025228886e-23
6.576966801284e-23
6.562816760428847e-23
6.547994436483522e-23
6.532467889594757e-23
6.516203633238364e-23
6.49916655732263e-23
6.481319847163999e-23
6.462624898058686e-23
6.443041225181855e-23
6.422526368503724e-23
6.401035792387776e-23
6.378522779505264e-23
6.354938318674866e-23
6.330230986184206e-23
6.30434682011353e-23
6.27722918712588e-23
6.248818641141099e-23
6.219052773223399e-23
6.187866051969503e-23
6.155189653544141e-23
6.120951280465818e-23
6.085074968068519e-23
6.047480877462715e-23
6.008085073624447e-23
5.966799287054287e-23
5.923530657200393e-23
5.878181455563117e-23
5.830648786046494e-23
5.780824259695589e-23
5.72859364049555e-23
5.673836458220018e-23
5.616425583606282e-23
5.556226760220005e-23
5.493098086073196e-23
5.426889436782313e-23
5.357441820103023e-23
5.284586649278949e-23
5.208144919882086e-23
5.1279262707572124e-23
5.043727904972163e-23
4.955333339988581e-23
4.8625109480377935e-23
4.7650122361618314e-23
4.6625698006171085e-23
4.5548948697061314e-23
4.441674321265906e-23
4.322567022831848e-23
4.1971992883830205e-23
4.0651591695532397e-23
3.925989190204916e-23
3.779176974042879e-23
3.624142980639295e-23
3.460224213418148e-23
3.2866522274178244e-23
3.1025229351420006e-23
2.9067544074284086e-23
2.6980268056635516e-23
2.474695331894055e-23
2.2346621582786546e-23
1.9751870075297537e-23
1.6926146024501978e-23
1.382043580925499e-23
1.0373612577883766e-23
6.5582184760278934e-24
3.1629386010792558e-24
6.090471872691821e-24
1.4204684060172128e-23
2.80382856353665e-23
5.889438918755657e-23
1.5030096603699586e-22
7.575924132728146e-23
3.584042403516361e-23
1.9110798689951472e-23
9.116402609130609e-24
3.8186190576173306e-24
7.420176935463916e-24
1.3100142143099793e-23
1.880803938530124e-23
2.449066707567202e-23
3.02053228099505e-23
3.6007014183292777e-23
4.194028188378081e-23
4.804122018055538e-23
5.43400186813057e-23
6.0862889161026e-23
6.763341471348283e-23
7.467348654120355e-23
8.200396284733254e-23
8.964514228779031e-23
9.761711289319194e-23
1.059400166296888e-22
1.1463425608312501e-22
