5.818277840631709e-23
5.818273891843935e-23
5.818257167192452e-23
5.81822763122003e-23
5.818185221293429e-23
5.818129847470821e-23
5.818061392311136e-23
5.81797971062482e-23
5.817884629166361e-23
5.817775946266541e-23
5.817653431405165e-23
5.817516824721822e-23
5.817365836464961e-23
5.81720014637732e-23
5.817019403016666e-23
5.816823223010588e-23
5.816611190243001e-23
5.816382854972077e-23
5.816137732875887e-23
5.815875304025477e-23
5.815595011781791e-23
5.815296261615554e-23
5.8149784198457e-23
5.814640812295389e-23
5.814282722862658e-23
5.813903392000557e-23
5.813502015107227e-23
5.813077740818187e-23
5.812629669201694e-23
5.812156849848902e-23
5.811658279858715e-23
5.811132901710456e-23
5.810579601020609e-23
5.80999720417948e-23
5.809384475861719e-23
5.808740116406161e-23
5.808062759059551e-23
5.807350967077076e-23
5.806603230675574e-23
5.805817963831116e-23
5.804993500914584e-23
5.804128093159643e-23
5.803219904953172e-23
5.802267009941886e-23
5.801267386946809e-23
5.800218915676471e-23
5.799119372229491e-23
5.797966424378143e-23
5.796757626621639e-23
5.795490414999383e-23
5.794162101653154e-23
5.792769869125867e-23
5.791310764386843e-23
5.789781692567718e-23
5.788179410399403e-23
5.786500519332956e-23
5.784741458332057e-23
5.782898496320195e-23
5.780967724267815e-23
5.77894504690204e-23
5.776826174021178e-23
5.774606611395984e-23
5.772281651238496e-23
5.769846362217627e-23
5.76729557900145e-23
5.764623891302323e-23
5.761825632403417e-23
5.758894867141446e-23
5.755825379319735e-23
5.752610658525903e-23
5.749243886325421e-23
5.745717921802585e-23
5.742025286417249e-23
5.738158148146015e-23
5.734108304873973e-23
5.72986716700211e-23
5.725425739232909e-23
5.720774601495955e-23
5.715903888973585e-23
5.710803271183075e-23
5.705461930072066e-23
5.69986853708091e-23
5.694011229122076e-23
5.687877583427448e-23
5.681454591208996e-23
5.674728630077267e-23
5.667685435159856e-23
5.66031006885833e-23
5.652586889178744e-23
5.644499516570517e-23
5.63603079920164e-23
5.627162776597866e-23
5.61787664156804e-23
5.608152700335954e-23
5.5979703307934e-23
5.58730793878643e-23
5.576142912342114e-23
5.564451573739916e-23
5.552209129323801e-23
5.539389616952102e-23
5.525965850970744e-23
5.51190936459585e-23
5.497190349582104e-23
5.481777593049961e-23
5.465638411337687e-23
5.448738580738277e-23
5.431042264974394e-23
5.412511939258014e-23
5.393108310773701e-23
5.37279023541669e-23
5.35151463061047e-23
5.329236384017171e-23
5.305908257949009e-23
5.281480789276491e-23
5.255902184621268e-23
5.229118210611434e-23
5.201072078964482e-23
5.1717043261541145e-23
5.140952687404379e-23
5.108751964740957e-23
5.075033888817644e-23
5.03972697422204e-23
5.002756367948266e-23
4.9640436907100006e-23
4.9235068707498565e-23
4.881059969782557e-23
4.8366130006920895e-23
4.7900717365784576e-23
4.74133751073129e-23
4.69030700707905e-23
4.6368720406382715e-23
4.580919327454566e-23
4.5223302434945745e-23
4.460980571908299e-23
4.396740238036701e-23
4.329473031486532e-23
4.2590363145316277e-23
4.185280716022762e-23
4.108049809894645e-23
4.0271797772368523e-23
3.942499050742255e-23
3.853827940141364e-23
3.760978236957007e-23
3.6637527965357333e-23
3.561945094784512e-23
3.4553387562810946e-23
3.3437070493189646e-23
3.2268123417865544e-23
3.104405509239407e-23
2.9762252825367373e-23
2.841997515987623e-23
2.701434346300486e-23
2.5542331943830795e-23
2.4000755296635196e-23
2.2386252567362918e-23
2.0695264681394365e-23
1.892400069625762e-23
1.7068382655777246e-23
1.5123946662617113e-23
1.3085645844180365e-23
1.0947406625532906e-23
8.700961355705523e-24
6.332033496177886e-24
3.8027810310742974e-24
9.505103653484358e-25
7.122175482653887e-25
3.7198781236940894e-24
6.752693299422247e-24
9.86394307551327e-24
1.30994015389575e-23
1.647671031283268e-23
2.0007122296803142e-23
2.3699982860982106e-23
2.7564062505731986e-23
3.160805749430266e-23
3.5840813720434223e-23
4.027144291597947e-23
4.490939202448015e-23
4.976449049917462e-23
5.484698662312422e-23
6.016757823034897e-23
6.573744061236695e-23
7.156825313696661e-23
7.76722254618473e-23
8.406212388000251e-23
9.075129814058815e-23
9.775370897749693e-23
1.0508395651155357e-22
1.1275730965203405e-22
1.2078973659827913e-22
1.2919793652673886e-22
1.3799937253910329e-22
1.4721230594133124e-22
1.5685583191994117e-22
1.6694991668029112e-22
1.775154361109207e-22
1.8857421603849944e-22
2.0014907413888635e-22
2.1226386357142815e-22
2.249435184058592e-22
2.3821410091376144e-22
