1.3890981085176634e-21
1.3896092395406808e-21
1.390089346720245e-21
1.3905394489696832e-21
1.3909605014848023e-21
1.3913533977739262e-21
1.3917189715566043e-21
1.3920579985347827e-21
1.3923711980406204e-21
1.392659234563849e-21
1.3929227191628757e-21
1.393162210761321e-21
1.393378217334176e-21
1.3935711969850171e-21
1.393741558917058e-21
1.3938896643000356e-21
1.394015827034613e-21
1.3941203144161746e-21
1.3942033476990124e-21
1.3942651025625178e-21
1.3943057094799826e-21
1.3943252539910098e-21
1.3943237768778942e-21
1.3943012742462135e-21
1.3942576975105003e-21
1.3941929532834116e-21
1.3941069031700185e-21
1.3939993634647213e-21
1.3938701047520113e-21
1.393718851408215e-21
1.3935452810049355e-21
1.3933490236113674e-21
1.3931296609946053e-21
1.3928867257158706e-21
1.3926197001209689e-21
1.3923280152221413e-21
1.3920110494690448e-21
1.3916681274061007e-21
1.3912985182133122e-21
1.390901434126633e-21
1.3904760287347678e-21
1.3900213951488837e-21
1.3895365640398779e-21
1.3890205015399038e-21
1.3884721070026754e-21
1.3878902106176668e-21
1.3872735708724787e-21
1.386620871857761e-21
1.3859307204082696e-21
1.3852016430735154e-21
1.3844320829109007e-21
1.3836203960935937e-21
1.3827648483259948e-21
1.3818636110569805e-21
1.3809147574835415e-21
1.3799162583338693e-21
1.3788659774210475e-21
1.377761666955623e-21
1.3766009626066417e-21
1.3753813782987621e-21
1.3741003007326633e-21
1.3727549836157143e-21
1.3713425415884541e-21
1.3698599438318215e-21
1.3683040073394916e-21
1.3666713898379858e-21
1.3649585823371325e-21
1.3631619012916891e-21
1.3612774803539986e-21
1.3593012616967831e-21
1.3572289868827256e-21
1.3550561872579152e-21
1.3527781738427962e-21
1.3503900266942417e-21
1.3478865837097408e-21
1.3452624288436286e-21
1.3425118797024937e-21
1.3396289744855652e-21
1.3366074582339481e-21
1.3334407683485813e-21
1.3301220193365e-21
1.3266439867405645e-21
1.3229990902054218e-21
1.319179375629759e-21
1.3151764963504717e-21
1.3109816933018084e-21
1.3065857740878436e-21
1.3019790909028806e-21
1.297151517228562e-21
1.2920924232336862e-21
1.2867906497949213e-21
1.2812344810521674e-21
1.2754116154054532e-21
1.2693091348534819e-21
1.2629134725661615e-21
1.2562103785756226e-21
1.2491848834606355e-21
1.2418212598908606e-21
1.2341029818848049e-21
1.2260126816258656e-21
1.2175321036665747e-21
1.2086420563378952e-21
1.1993223601652673e-21
1.189551793076085e-21
1.179308032165211e-21
1.1685675917648712e-21
1.1573057575428889e-21
1.1454965163293225e-21
1.133112481343927e-21
1.1201248124674202e-21
1.10650313116693e-21
1.092215429648928e-21
1.0772279737729064e-21
1.0615051992145412e-21
1.0450096003165577e-21
1.0277016110111111e-21
1.0095394771348341e-21
9.904791193893983e-22
9.70473986124192e-22
9.494748950300017e-22
9.274298627383565e-22
9.042839212117305e-22
8.79978919689061e-22
8.544533108143696e-22
8.276419194227652e-22
7.994756922836949e-22
7.698814269066652e-22
7.387814772912047e-22
7.060934342528267e-22
6.717297776714253e-22
6.355974976863364e-22
5.975976814974412e-22
5.576250620218188e-22
5.155675241998725e-22
4.713055642555688e-22
4.247116967299296e-22
3.756498037578086e-22
3.2397442126745915e-22
2.695299591059946e-22
2.1214986334231257e-22
1.516557887354317e-22
8.785733351495406e-23
2.0568189356522754e-23
5.052547720653157e-23
1.2553836138627629e-22
2.0478737120752593e-22
2.885459599340559e-22
3.771143452750021e-22
4.708183628688204e-22
5.700117761382062e-22
6.750792311388676e-22
7.864396818181488e-22
9.045503129000504e-22
1.0299110311367584e-21
1.1630696186952844e-21
1.30462766413817e-21
1.4552474113898959e-21
1.6156596973994798e-21
1.7866731867742707e-21
1.9691851586660905e-21
2.164194160404521e-21
2.3728149174909842e-21
2.5962959854651222e-21
2.8360407524631766e-21
3.093632560972572e-21
3.3708649257046983e-21
3.669778098742385e-21
3.99270359712661e-21
4.3423187956991066e-21
4.721714347814943e-21
5.134478098780421e-21
5.5848004047131986e-21
6.077607516639787e-21
6.618732168309579e-21
7.215134073360011e-21
7.875188251499271e-21
8.609066854752531e-21
9.429251903945928e-21
1.0351234490148137e-20
1.13944846798326e-20
1.2583822857585314e-20
1.3951400745250464e-20
1.55396336709878e-20
1.7405663397384463e-20
1.9628372438548364e-20
2.2319831046515648e-20
2.5644829762095405e-20
2.98560498037095e-20
3.536172675898977e-20
4.286720506853802e-20
5.3705466943492937e-20
7.073517738284325e-20
1.0139869573576688e-19
1.7305426431396378e-19
5.3389517533579445e-19
5.320830002777414e-19
1.8266012375644811e-19
1.1190597278190172e-19
8.146976683470168e-20
6.450964850481196e-20
5.3680720709874834e-20
