1.0994366729273235e-23
1.099697356192173e-23
1.0999447873087665e-23
1.1001794766353751e-23
1.1004019087892925e-23
1.1006125435598192e-23
1.1008118167789272e-23
1.1010001411504674e-23
1.101177907038882e-23
1.1013454832182934e-23
1.101503217582842e-23
1.1016514378191708e-23
1.1017904520418872e-23
1.1019205493928127e-23
1.1020420006048359e-23
1.1021550585311084e-23
1.1022599586403085e-23
1.1023569194786825e-23
1.1024461430994918e-23
1.102527815460498e-23
1.1026021067900192e-23
1.1026691719221674e-23
1.1027291506016348e-23
1.1027821677585702e-23
1.1028283337539059e-23
1.1028677445954522e-23
1.1029004821251358e-23
1.1029266141775405e-23
1.1029461947100657e-23
1.1029592639047358e-23
1.1029658482418931e-23
1.1029659605457478e-23
1.1029596000017921e-23
1.1029467521460929e-23
1.1029273888262842e-23
1.1029014681341619e-23
1.1028689343096569e-23
1.1028297176158983e-23
1.1027837341850761e-23
1.1027308858347109e-23
1.1026710598538733e-23
1.1026041287588906e-23
1.1025299500179376e-23
1.1024483657439096e-23
1.1023592023548717e-23
1.102262270201345e-23
1.1021573631595639e-23
1.1020442581898321e-23
1.101922714859005e-23
1.1017924748260202e-23
1.1016532612893788e-23
1.1015047783953244e-23
1.1013467106054934e-23
1.1011787220225544e-23
1.1010004556724683e-23
1.1008115327417155e-23
1.1006115517678737e-23
1.1004000877817672e-23
1.1001766913992748e-23
1.0999408878608969e-23
1.0996921760168794e-23
1.0994300272557391e-23
1.0991538843738336e-23
1.0988631603834568e-23
1.0985572372569169e-23
1.0982354646037387e-23
1.0978971582781818e-23
1.0975415989139201e-23
1.0971680303826989e-23
1.0967756581735302e-23
1.0963636476888639e-23
1.0959311224539285e-23
1.095477162235252e-23
1.095000801064218e-23
1.094501025161151e-23
1.0939767707553803e-23
1.0934269217963131e-23
1.0928503075503737e-23
1.0922457000784224e-23
1.091611811587866e-23
1.0909472916534847e-23
1.0902507243006412e-23
1.089520624944117e-23
1.0887554371756525e-23
1.0879535293926261e-23
1.0871131912601679e-23
1.0862326299983959e-23
1.085309966486097e-23
1.0843432311716344e-23
1.0833303597814416e-23
1.0822691888158382e-23
1.0811574508213541e-23
1.0799927694281573e-23
1.078772654140496e-23
1.0774944948673874e-23
1.0761555561800047e-23
1.0747529712814607e-23
1.0732837356738338e-23
1.0717447005062383e-23
1.0701325655869984e-23
1.0684438720416257e-23
1.0666749945974304e-23
1.0648221334741585e-23
1.0628813058588175e-23
1.0608483369413616e-23
1.0587188504863904e-23
1.0564882589142055e-23
1.0541517528628307e-23
1.0517042902004777e-23
1.0491405844557565e-23
1.0464550926305068e-23
1.0436420023574038e-23
1.0406952183615925e-23
1.037608348182328e-23
1.0343746871069727e-23
1.0309872022657815e-23
1.0274385158313539e-23
1.0237208872617544e-23
1.0198261945207577e-23
1.0157459142024405e-23
1.0114711004803154e-23
1.0069923627935292e-23
1.00229984217353e-23
9.9738318610475e-24
9.922315218014263e-24
9.868334277696344e-24
9.811769035090671e-24
9.752493371920502e-24
9.690374711382268e-24
9.625273648812429e-24
9.557043555987509e-24
9.485530156479542e-24
9.410571069163067e-24
9.331995316589152e-24
9.249622794516063e-24
9.163263698397545e-24
9.072717902082487e-24
8.977774283370211e-24
8.878209990397616e-24
8.773789642121469e-24
8.664264455430894e-24
8.549371290734599e-24
8.428831607311734e-24
8.302350319462062e-24
8.169614544821381e-24
8.030292237590033e-24
7.884030702639893e-24
7.730454992810733e-24
7.56916620334421e-24
7.399739697956475e-24
7.221723336646395e-24
7.034635836462877e-24
6.83796550126573e-24
6.631169736962027e-24
6.413676081943589e-24
6.184886032806834e-24
5.944183927384143e-24
5.690954931956246e-24
5.424619494605208e-24
5.144697936310701e-24
4.8509311873461205e-24
4.54350848542723e-24
4.22350412786722e-24
3.89373360036987e-24
3.560468200597496e-24
3.2369053222264396e-24
2.9500082124827168e-24
2.7523132928710937e-24
2.7346375485154602e-24
3.020568160292135e-24
3.739228441780202e-24
5.051783001209664e-24
7.319843921564216e-24
1.1607842917099662e-23
2.1600606613315397e-23
3.5567774314929974e-23
1.9915177312276494e-23
1.1607742564924184e-23
7.818595020359067e-24
5.721202447926832e-24
4.495009606445259e-24
3.878421621374428e-24
3.761454121079363e-24
4.03046376302182e-24
4.558694606330683e-24
5.248865205781403e-24
6.043268458988329e-24
6.91154007689646e-24
7.838565701129094e-24
8.817259758777748e-24
9.844781747672453e-24
1.0920601762929165e-23
1.2045499733793565e-23
1.3221035801899425e-23
1.4449263497434097e-23
1.5732571580771437e-23
1.7073596070170032e-23
1.8475171635681803e-23
1.9940305659086118e-23
2.147216567466418e-23
2.3074074908621386e-23
