1.2540722015471064e-24
1.2079035225425006e-24
1.1691195578086666e-24
1.1373483730927744e-24
1.1121932918370017e-24
1.0932338574960181e-24
1.0800302230181085e-24
1.072130363453782e-24
1.0690791093351508e-24
1.070427817837348e-24
1.075743559674235e-24
1.084616950813528e-24
1.096668105718023e-24
1.1115505361797702e-24
1.1289530987527875e-24
1.148600274499016e-24
1.1702511494665173e-24
1.1936974743773136e-24
1.218761144295434e-24
1.2452913777710109e-24
1.273161807699177e-24
1.302267633874764e-24
1.3325229347864132e-24
1.363858195522445e-24
1.3962180787389715e-24
1.4295594448194067e-24
1.4638496139513455e-24
1.499064854578169e-24
1.5351890784751535e-24
1.5722127208874213e-24
1.6101317842052151e-24
1.6489470246556628e-24
1.688663263026292e-24
1.7292888023362818e-24
1.770834937246832e-24
1.813315541893555e-24
1.8567467245356847e-24
1.9011465390307e-24
1.9465347445100407e-24
1.9929326059396855e-24
2.0403627292690737e-24
2.0888489258404157e-24
2.1384161015491084e-24
2.1890901668989936e-24
2.2408979647286156e-24
2.29386721285069e-24
2.3480264592873114e-24
2.40340504815611e-24
2.460033094553404e-24
2.517941467016969e-24
2.577161776457378e-24
2.637726370499546e-24
2.699668332455013e-24
2.763021484218182e-24
2.8278203924791806e-24
2.8941003777833352e-24
2.9618975260296574e-24
3.0312487020473667e-24
3.102191564968427e-24
3.1747645851649654e-24
3.249007062562345e-24
3.324959146117908e-24
3.402661854406101e-24
3.482157097117744e-24
3.563487697445283e-24
3.6466974152623276e-24
3.731830971008933e-24
3.818934070307195e-24
3.908053429185672e-24
3.999236799962686e-24
4.092532997717906e-24
4.187991927380597e-24
4.285664611373357e-24
4.385603217880441e-24
4.4878610896596265e-24
4.592492773495806e-24
4.69955405019963e-24
4.809101965245414e-24
4.921194860018409e-24
5.0358924036886215e-24
5.153255625723101e-24
5.273346949082681e-24
5.396230224051416e-24
5.521970762799303e-24
5.65063537463936e-24
5.7822924019785976e-24
5.917011757078541e-24
6.054864959542456e-24
6.195925174599626e-24
6.3402672521653444e-24
6.487967766795266e-24
6.63910505842234e-24
6.793759273989798e-24
6.952012409967526e-24
7.11394835581384e-24
7.279652938321563e-24
7.44921396694166e-24
7.62272128011633e-24
7.800266792519871e-24
7.98194454345654e-24
8.167850746369765e-24
8.35808383888515e-24
8.552744534844211e-24
8.751935876859057e-24
8.955763289676294e-24
9.164334636092425e-24
9.377760272076371e-24
9.596153104946188e-24
9.819628651860399e-24
1.0048305099372467e-23
1.0282303365157726e-23
1.0521747159988222e-23
1.0766763052885897e-23
1.1017480533659471e-23
1.1274032083045503e-23
1.1536553238368095e-23
1.1805182663488609e-23
1.2080062220603639e-23
1.2361337041884632e-23
1.2649155604153578e-23
1.2943669803457412e-23
1.324503503349416e-23
1.355341026502776e-23
1.386895812074457e-23
1.4191844968653116e-23
1.4522240990687824e-23
1.4860320281743176e-23
1.5206260929873867e-23
1.5560245104269302e-23
1.5922459150618272e-23
1.6293093679977702e-23
1.6672343665065522e-23
1.7060408532350015e-23
1.745749226386038e-23
1.7863803497521915e-23
1.8279555629069078e-23
1.8704966901773745e-23
1.9140260537697434e-23
1.958566482117386e-23
2.004141321052812e-23
2.0507744479477515e-23
2.098490278202255e-23
2.1473137806377265e-23
2.1972704853881335e-23
2.2483865024221178e-23
2.3006885239424145e-23
2.3542038433224616e-23
2.4089603690346547e-23
2.464986631407744e-23
2.5223117975902488e-23
2.5809656841420767e-23
2.6409787750716717e-23
2.702382228859422e-23
2.76520789205789e-23
2.8294883132664476e-23
2.8952567641774075e-23
2.962547241602722e-23
3.031394488618935e-23
3.101834007272045e-23
3.173902074862694e-23
3.247635750428477e-23
3.3230728908805394e-23
3.400252183777969e-23
3.479213117084619e-23
3.559996050999088e-23
3.642642200983663e-23
3.7271936355861797e-23
3.813693318263362e-23
3.902185115226765e-23
3.992713788583971e-23
4.085325083732047e-23
4.180065595413173e-23
4.276982950295438e-23
4.376125696982721e-23
4.4775433646833727e-23
4.5812865112998933e-23
4.687406651206187e-23
4.7959562773971014e-23
4.906989027472229e-23
5.020559498926827e-23
5.1367232421880333e-23
5.2555370316727015e-23
5.377058594155736e-23
5.501346551280359e-23
5.628460964472034e-23
5.758462611754567e-23
5.891413709874265e-23
6.02737703202033e-23
6.166416830726655e-23
6.308598233722106e-23
6.453987584891274e-23
6.602651976974879e-23
6.754659913410189e-23
6.910080684674097e-23
7.068984568098219e-23
7.231442692959208e-23
7.397527959284751e-23
7.567312659365542e-23
7.74087148523182e-23
7.918279385006044e-23
8.099612063888502e-23
