1.1322315427972736e-23
1.1398278580095456e-23
1.1470699155114248e-23
1.153973063131962e-23
1.1605519314848388e-23
1.1668204647745126e-23
1.1727919501788643e-23
1.1784790458654198e-23
1.1838938076964184e-23
1.1890477146758841e-23
1.1939516931898069e-23
1.1986161400879166e-23
1.2030509446546346e-23
1.207265509513232e-23
1.2112687705065914e-23
1.2150692155951746e-23
1.2186749028111132e-23
1.2220934773058606e-23
1.225332187526188e-23
1.2283979005528186e-23
1.2312971166329841e-23
1.234035982937427e-23
1.2366203065707532e-23
1.2390555668616856e-23
1.2413469269597738e-23
1.2434992447617684e-23
1.2455170831915316e-23
1.2474047198540431e-23
1.249166156084621e-23
1.2508051254112036e-23
1.2523251014484446e-23
1.2537293052393158e-23
1.2550207120599037e-23
1.2562020577013963e-23
1.2572758442424456e-23
1.2582443453236662e-23
1.259109610935407e-23
1.2598734717283533e-23
1.260537542856047e-23
1.2611032273568827e-23
1.261571719082413e-23
1.2619440051779794e-23
1.2622208681201096e-23
1.262402887314789e-23
1.2624904402594419e-23
1.262483703270333e-23
1.2623826517765292e-23
1.2621870601801555e-23
1.2618965012821648e-23
1.2615103452711506e-23
1.2610277582727104e-23
1.260447700454857e-23
1.259768923684616e-23
1.2589899687295028e-23
1.2581091619969864e-23
1.2571246118030735e-23
1.2560342041611692e-23
1.2548355980800303e-23
1.2535262203593983e-23
1.2521032598701236e-23
1.2505636613042228e-23
1.2489041183793898e-23
1.2471210664809445e-23
1.2452106747223423e-23
1.2431688374046062e-23
1.2409911648526543e-23
1.238672973605462e-23
1.236209275935182e-23
1.2335947686677181e-23
1.2308238212767938e-23
1.2278904632200394e-23
1.224788370484581e-23
1.2215108513065275e-23
1.2180508310272234e-23
1.214400836045636e-23
1.2105529768245904e-23
1.2064989299047835e-23
1.2022299188782826e-23
1.197736694269573e-23
1.1930095122688892e-23
1.1880381122592281e-23
1.1828116930743998e-23
1.1773188879214055e-23
1.1715477378963958e-23
1.1654856640186075e-23
1.1591194377020234e-23
1.1524351495796101e-23
1.1454181765888718e-23
1.138053147222775e-23
1.1303239048431811e-23
1.122213468948315e-23
1.1137039942790193e-23
1.104776727641508e-23
1.095411962318144e-23
1.0855889899298859e-23
1.0752860496077066e-23
1.0644802743232631e-23
1.0531476342226693e-23
1.0412628768022044e-23
1.0287994637602908e-23
1.0157295043579328e-23
1.0020236851212697e-23
9.876511957245384e-24
9.725796509044152e-24
9.567750082766305e-24
9.402014819609221e-24
9.228214519728515e-24
9.045953694217896e-24
8.854816576743312e-24
8.654366098207566e-24
8.4441428304553e-24
8.223663908949343e-24
7.99242195019533e-24
7.74988398851402e-24
7.495490470230442e-24
7.228654364202123e-24
6.948760480506908e-24
6.655165142054239e-24
6.3471964411848796e-24
6.024155461223299e-24
5.6853191015980665e-24
5.329945614090337e-24
4.9572848443476196e-24
4.566596932639369e-24
4.157186926682331e-24
3.728471081255885e-24
3.2801109454901468e-24
2.812306260635612e-24
2.326506131688701e-24
1.8274052068511993e-24
1.3297761269448863e-24
8.880895945817256e-25
7.0838461253178225e-25
1.0110104882710857e-24
1.5745612371868127e-24
2.240446070412405e-24
2.9679677497384855e-24
3.746223853328388e-24
4.572459243764631e-24
5.446814412451953e-24
6.37072591952575e-24
7.346344645147107e-24
8.37629831859372e-24
9.463589518705264e-24
1.0611554030709536e-23
1.1823849293070864e-23
1.3104459661276008e-23
1.4457712327798954e-23
1.5888300980112183e-23
1.7401315880226688e-23
1.900227991000766e-23
2.06971906382211e-23
2.2492568810126674e-23
2.4395513929456835e-23
2.6413767844835736e-23
2.855578749793273e-23
3.083082825960695e-23
3.32490395905348e-23
3.5821575131346106e-23
3.856071977369935e-23
4.1480036810555433e-23
4.459453894060654e-23
4.7920887744906956e-23
5.1477627311913286e-23
5.528545902358099e-23
5.936756621481102e-23
6.374999959414765e-23
6.846213711946033e-23
7.35372356667006e-23
7.901309660192683e-23
8.493287366747786e-23
9.134605998574063e-23
9.830970227003996e-23
1.058899056618765e-22
1.1416371366272975e-22
1.2322147686604166e-22
1.3316986531579124e-22
1.4413573793274074e-22
1.562711672226317e-22
1.6976004203304936e-22
1.8482685728887722e-22
2.0174858315305216e-22
2.20870946811496e-22
2.426311609826289e-22
2.6759027618358384e-22
2.964802503251054e-22
3.302741450801066e-22
3.7029380100051794e-22
4.183804269050768e-22
4.771751741288568e-22
5.5060126340918715e-22
6.447364327190975e-22
7.694920529692595e-22
9.42091601783144e-22
1.1949258433021242e-21
1.5949629436420954e-21
2.292818131345175e-21
3.563415975475998e-21
4.60047501212616e-21
3.417183893859776e-21
2.324585875469205e-21
