3.074942635471228e-22
3.0753202413666103e-22
3.075680237326411e-22
3.0760233873853135e-22
3.076350419807018e-22
3.0766620286327326e-22
3.076958875156278e-22
3.077241589329045e-22
3.077510771099683e-22
3.07776699168805e-22
3.078010794800018e-22
3.078242697781724e-22
3.078463192719168e-22
3.0786727474834897e-22
3.0788718067247464e-22
3.079060792816913e-22
3.0792401067539014e-22
3.0794101290027254e-22
3.079571220309984e-22
3.079723722469222e-22
3.079867959045605e-22
3.0800042360644883e-22
3.080132842659847e-22
3.0802540516880493e-22
3.0803681203091777e-22
3.080475290530033e-22
3.0805757897210466e-22
3.0806698310958466e-22
3.080757614166978e-22
3.080839325166499e-22
3.080915137443339e-22
3.0809852118306345e-22
3.081049696986605e-22
3.0811087297108684e-22
3.0811624352341346e-22
3.0812109274838827e-22
3.0812543093271733e-22
3.0812926727870973e-22
3.0813260992398877e-22
3.0813546595867355e-22
3.0813784144032757e-22
3.0813974140697608e-22
3.0814116988769507e-22
3.0814212991110404e-22
3.081426235118592e-22
3.0814265173495566e-22
3.0814221463783653e-22
3.0814131129059545e-22
3.081399397739274e-22
3.0813809717503586e-22
3.0813577958147454e-22
3.081329820726671e-22
3.0812969870967733e-22
3.081259225222787e-22
3.081216454943751e-22
3.081168585467765e-22
3.0811155151798764e-22
3.0810571314249263e-22
3.0809933102683633e-22
3.080923916232883e-22
3.0808488020097587e-22
3.080767808145293e-22
3.0806807627018718e-22
3.080587480891515e-22
3.0804877646836966e-22
3.080381402382635e-22
3.0802681681771845e-22
3.0801478216606987e-22
3.080020107318324e-22
3.0798847539834994e-22
3.0797414742599187e-22
3.0795899639103187e-22
3.0794299012078e-22
3.0792609462504257e-22
3.0790827402368073e-22
3.0788949047019133e-22
3.0786970407100424e-22
3.0784887280038485e-22
3.07826952410914e-22
3.0780389633901648e-22
3.077796556056209e-22
3.077541787117232e-22
3.077274115283591e-22
3.076992971810675e-22
3.0766977592845973e-22
3.076387850344902e-22
3.076062586344275e-22
3.0757212759413614e-22
3.0753631936204113e-22
3.074987578140567e-22
3.0745936309059264e-22
3.0741805142561976e-22
3.073747349671455e-22
3.073293215890292e-22
3.0728171469344967e-22
3.0723181300366256e-22
3.071795103465799e-22
3.071246954249649e-22
3.070672515780517e-22
3.0700705653093286e-22
3.0694398213135403e-22
3.068778940739428e-22
3.0680865161082934e-22
3.067361072482372e-22
3.06660106428261e-22
3.0658048719514926e-22
3.064970798453074e-22
3.0640970656023214e-22
3.0631818102158685e-22
3.062223080073276e-22
3.061218829683578e-22
3.0601669158417643e-22
3.0590650929703866e-22
3.0579110082313067e-22
3.0567021963976797e-22
3.055436074475326e-22
3.054109936057555e-22
3.052720945402689e-22
3.0512661312199814e-22
3.049742380146941e-22
3.0481464299033856e-22
3.0464748621066164e-22
3.044724094728228e-22
3.0428903741748496e-22
3.04096976697261e-22
3.0389581510335787e-22
3.0368512064858565e-22
3.0346444060376024e-22
3.0323330048561355e-22
3.0299120299309964e-22
3.0273762688970647e-22
3.0247202582845764e-22
3.0219382711664987e-22
3.0190243041688123e-22
3.015972063808375e-22
3.0127749521197703e-22
3.0094260515315235e-22
3.0059181089463355e-22
3.0022435189823197e-22
2.9983943063221654e-22
2.9943621071205397e-22
2.990138149410638e-22
2.9857132324510486e-22
2.981077704945366e-22
2.9762214420682014e-22
2.9711338212175044e-22
2.965803696415832e-22
2.960219371270795e-22
2.954368570399644e-22
2.9482384092181616e-22
2.9418153619769764e-22
2.935085227931748e-22
2.928033095508052e-22
2.9206433043250427e-22
2.9128994049150596e-22
2.9047841159708427e-22
2.8962792789328737e-22
2.8873658097094745e-22
2.878023647300533e-22
2.868231699076602e-22
2.8579677824332415e-22
2.8472085625109597e-22
2.835929485639898e-22
2.8241047081217943e-22
2.811707019922944e-22
2.798707762793381e-22
2.785076742269086e-22
2.7707821329440866e-22
2.7557903763138685e-22
2.7400660703982403e-22
2.7235718502355386e-22
2.7062682582105846e-22
2.688113603018142e-22
2.669063805878392e-22
2.649072232395448e-22
2.6280895081873493e-22
2.606063316086679e-22
2.5829381723287966e-22
2.5586551786626447e-22
2.5331517467480176e-22
2.5063612904818436e-22
2.478212881019955e-22
2.448630858164187e-22
2.4175343904085084e-22
2.3848369742121355e-22
2.350445860872711e-22
2.3142613965693246e-22
2.2761762575375825e-22
2.2360745576578707e-22
2.193830799610419e-22
2.1493086326663967e-22
2.1023593694065785e-22
2.0528201991602434e-22
2.0005120162269496e-22
1.945236753815053e-22
1.8867740768364961e-22
1.8248772334042606e-22
1.759267788618638e-22
1.689628853481967e-22
1.6155962582791633e-22
1.5367468740395622e-22
