1.1110297738069039e-24
1.0274035013295134e-24
9.537064942350862e-25
8.901742636503765e-25
8.370464896149122e-25
7.94500768036814e-25
7.6257265392630015e-25
7.410789679350641e-25
7.2956840883577e-25
7.273199561643469e-25
7.333935695558339e-25
7.467176735165414e-25
7.661864585064624e-25
7.907426421651267e-25
8.194329870372481e-25
8.514357842375025e-25
8.860665047313575e-25
9.227696563969436e-25
9.611036933337983e-25
1.0007236693152545e-24
1.0413643589550272e-24
1.0828251649923588e-24
1.1249572683784368e-24
1.1676530127368832e-24
1.2108372992622864e-24
1.2544606938083058e-24
1.298493945792688e-24
1.3429236485797804e-24
1.3877488118252967e-24
1.4329781573254182e-24
1.478627986732877e-24
1.5247205005682204e-24
1.5712824733451495e-24
1.6183442099387366e-24
1.665938724393362e-24
1.7141010949685878e-24
1.7628679590972104e-24
1.812277119620678e-24
1.8623672397053242e-24
1.9131776085319263e-24
1.9647479635502906e-24
2.0171183579894476e-24
2.0703290645994063e-24
2.124420508395583e-24
2.179433222620854e-24
2.235407823270125e-24
2.2923849984312553e-24
2.3504055094242983e-24
2.409510201305422e-24
2.4697400207630938e-24
2.5311360398276334e-24
2.5937394841007297e-24
2.657591764484545e-24
2.7227345115661233e-24
2.7892096119989e-24
2.857059246342302e-24
2.9263259279327525e-24
2.9970525424566327e-24
3.0692823879574498e-24
3.1430592150678982e-24
3.218427267326355e-24
3.295431321446277e-24
3.3741167274623066e-24
3.4545294486972944e-24
3.536716101509759e-24
3.6207239948149e-24
3.706601169345146e-24
3.794396436702568e-24
3.8841594181771145e-24
3.975940583372767e-24
4.069791288671114e-24
4.165763815560857e-24
4.2639114088624085e-24
4.3642883149023605e-24
4.466949819662661e-24
4.5719522869525306e-24
4.6793531966474775e-24
4.789211183031806e-24
4.901586073293061e-24
5.0165389262077545e-24
5.134132071064228e-24
5.254429146859789e-24
5.377495141821431e-24
5.503396433281181e-24
5.6322008279561374e-24
5.763977602671397e-24
5.89879754556059e-24
6.0367329977864064e-24
6.1778578958284215e-24
6.322247814351225e-24
6.469980009723566e-24
6.621133464199197e-24
6.775788930810236e-24
6.934028979005199e-24
7.095938041064835e-24
7.2616024593398e-24
7.431110534331551e-24
7.604552573681755e-24
7.782020942055524e-24
7.963610112007134e-24
8.149416715833402e-24
8.339539598447247e-24
8.534079871330022e-24
8.733140967573621e-24
8.93682869806599e-24
9.145251308834922e-24
9.358519539621183e-24
9.576746683671582e-24
9.800048648834322e-24
1.0028544019958941e-23
1.0262354122644233e-23
1.050160308840867e-23
1.0746417921258563e-23
1.0996928565748175e-23
1.1253267976536515e-23
1.151557218950274e-23
1.178398039445127e-23
1.205863500943961e-23
1.2339681756790098e-23
1.2627269740797471e-23
1.29215515272415e-23
1.32226832246365e-23
1.3530824567384415e-23
1.3846139000800212e-23
1.4168793768075475e-23
1.4498959999229425e-23
1.483681280211556e-23
1.5182531355480577e-23
1.553629900419682e-23
1.589830335665385e-23
1.626873638440721e-23
1.6647794524108266e-23
1.7035678781801647e-23
1.7432594839604733e-23
1.783875316486493e-23
1.825436912183833e-23
1.8679663085934023e-23
1.9114860560607677e-23
1.9560192296959172e-23
2.0015894416098323e-23
2.0482208534336514e-23
2.0959381891270634e-23
2.1447667480853622e-23
2.194732418546545e-23
2.2458616913132783e-23
2.298181673788471e-23
2.3517201043384728e-23
2.40650536698872e-23
2.4625665064592348e-23
2.519933243548206e-23
2.5786359908739656e-23
2.6387058689789105e-23
2.700174722808931e-23
2.763075138572426e-23
2.827440460991738e-23
2.8933048109532685e-23
2.9607031035660926e-23
3.029671066639921e-23
3.100245259588031e-23
3.1724630927728336e-23
3.246362847291176e-23
3.3219836952263945e-23
3.3993657203628394e-23
3.4785499393803027e-23
3.559578323539259e-23
3.6424938208672686e-23
3.727340378855406e-23
3.814162967683759e-23
3.903007603975082e-23
3.993921375105929e-23
4.0869524640690446e-23
4.18215017491411e-23
4.2795649587709744e-23
4.379248440477652e-23
4.481253445810168e-23
4.5856340293470436e-23
4.692445502973172e-23
4.8017444650276566e-23
4.913588830131978e-23
5.028037859694159e-23
5.1451521931087844e-23
5.2649938796757203e-23
5.387626411240176e-23
5.513114755578641e-23
5.64152539054903e-23
5.772926339002591e-23
5.907387204500728e-23
6.044979207833156e-23
6.185775224357925e-23
6.329849822187513e-23
6.477279301222316e-23
6.628141733069092e-23
6.782517001844867e-23
6.940486845881845e-23
7.102134900365495e-23
7.267546740908439e-23
7.436809928073768e-23
7.610014052883487e-23
7.787250783299586e-23
7.968613911716851e-23
8.154199403466357e-23
