1.130855967831382e-23
1.138394833117856e-23
1.1455767215956725e-23
1.1524168517401989e-23
1.1589297186060372e-23
1.1651291243292681e-23
1.1710282071910452e-23
1.1766394692983706e-23
1.1819748029369656e-23
1.1870455156479464e-23
1.1918623540786573e-23
1.1964355266552361e-23
1.200774725123044e-23
1.204889144998154e-23
1.208787504971758e-23
1.2124780653069321e-23
1.2159686452652429e-23
1.2192666395990927e-23
1.2223790341429338e-23
1.2253124205360611e-23
1.2280730101062871e-23
1.2306666469434101e-23
1.2330988201886552e-23
1.235374675565333e-23
1.2374990261740115e-23
1.239476362573614e-23
1.2413108621690775e-23
1.2430063979236367e-23
1.244566546413464e-23
1.2459945952393857e-23
1.247293549810812e-23
1.2484661395138028e-23
1.2495148232746962e-23
1.2504417945291719e-23
1.2512489856049562e-23
1.2519380715249348e-23
1.2525104732364714e-23
1.252967360270177e-23
1.2533096528314636e-23
1.2535380233248993e-23
1.2536528973113846e-23
1.2536544538955652e-23
1.2535426255398825e-23
1.253317097299421e-23
1.2529773054705458e-23
1.2525224356439042e-23
1.2519514201510508e-23
1.251262934891413e-23
1.2504553955246268e-23
1.2495269530106974e-23
1.2484754884784494e-23
1.2472986074000255e-23
1.245993633046309e-23
1.2445575991957931e-23
1.2429872420660921e-23
1.2412789914337196e-23
1.2394289609047849e-23
1.237432937295109e-23
1.2352863690738815e-23
1.2329843538212557e-23
1.2305216246442677e-23
1.2278925354911536e-23
1.225091045297909e-23
1.22211070089415e-23
1.2189446185892706e-23
1.2155854643512047e-23
1.2120254324824727e-23
1.2082562226885197e-23
1.2042690154227608e-23
1.2000544453823048e-23
1.1956025730147583e-23
1.1909028538831745e-23
1.1859441057204744e-23
1.1807144729876177e-23
1.175201388730052e-23
1.1693915335065388e-23
1.1632707911389645e-23
1.1568242010065961e-23
1.1500359065765167e-23
1.1428890998291386e-23
1.1353659611995003e-23
1.127447594611368e-23
1.119113957133912e-23
1.1103437827349196e-23
1.1011144995432188e-23
1.0914021399624747e-23
1.081181242898915e-23
1.0704247472745701e-23
1.0591038758953347e-23
1.0471880086245785e-23
1.0346445436801512e-23
1.0214387457192206e-23
1.0075335792014727e-23
9.928895253225436e-24
9.774643805829781e-24
9.612130348010831e-24
9.440872260869262e-24
9.260352699669315e-24
9.07001759483606e-24
8.869272326944287e-24
8.657478035650353e-24
8.433947518131804e-24
8.19794066845851e-24
7.948659406128454e-24
7.685242041023091e-24
7.40675702566417e-24
7.11219605829051e-24
6.800466530278893e-24
6.470383374919831e-24
6.1206605036237664e-24
5.749902276563736e-24
5.3565959910000015e-24
4.939107510282027e-24
4.49568470287168e-24
4.024479447233745e-24
3.52361485678616e-24
2.991371041527122e-24
2.4267228505641656e-24
1.831146609824333e-24
1.2166483871561001e-24
6.633043086623526e-25
6.625418873286437e-25
1.3152646396100836e-24
2.150167337773988e-24
3.0825099390811576e-24
4.103792674415256e-24
5.21865112471985e-24
6.4364175267546564e-24
7.769541253745274e-24
9.23348906768341e-24
1.0847181752210537e-23
1.2633779022304046e-23
1.462182346245395e-23
1.684684741428533e-23
1.935363309229513e-23
2.2199436127651465e-23
2.5458675977391914e-23
2.92299282782459e-23
3.364664931626529e-23
3.889417890025708e-23
4.5237767525856335e-23
5.30709661723896e-23
6.300398820371613e-23
7.603663008422826e-23
9.392776554587681e-23
1.200817087643624e-22
1.6204343147932598e-22
2.4041202096001285e-22
4.36196948600192e-22
1.3019766784719854e-21
6.646957354038867e-22
3.24555959943667e-22
2.145988998389345e-22
1.6106248477064494e-22
1.2932528122160925e-22
1.0821368566768333e-22
9.305516410281965e-23
8.155522750361568e-23
7.245615314267094e-23
6.501082084425055e-23
5.87472473343176e-23
5.335233658321126e-23
4.8609936799768224e-23
4.436575511586821e-23
4.0506464587001857e-23
3.6946732172162707e-23
3.362087600336817e-23
3.0477337954056136e-23
2.747493065183205e-23
2.4580243000496302e-23
2.1765835069331622e-23
1.900901084059999e-23
1.6291084844998778e-23
1.3597229886280707e-23
1.0917407801387155e-23
8.250400517010126e-24
5.620734038466948e-24
3.1802791928220968e-24
2.0616136020758786e-24
3.855907174579247e-24
6.563526217000291e-24
9.499674282727678e-24
1.2568555849720718e-23
1.5751926981915286e-23
1.9048624545759562e-23
2.246290611974137e-23
2.6001213392640974e-23
2.967105450107762e-23
3.3480563689089546e-23
3.7438315936682064e-23
4.1553249583854616e-23
4.583463893528306e-23
5.0292091654366904e-23
5.493555917795633e-23
5.977535433892812e-23
6.482217320717345e-23
7.00871195722012e-23
7.558173122978443e-23
8.131800763652918e-23
8.730843872118879e-23
9.356603477117088e-23
