8.957285026393446e-23
8.957266845770871e-23
8.957247810351407e-23
8.957227879670801e-23
8.957207011373451e-23
8.957185161120268e-23
8.957162282497914e-23
8.957138326915435e-23
8.957113243503943e-23
8.957086979006215e-23
8.957059477665279e-23
8.957030681103386e-23
8.957000528199572e-23
8.956968954959053e-23
8.956935894376983e-23
8.956901276296894e-23
8.956865027260106e-23
8.956827070351533e-23
8.95678732503453e-23
8.956745706981046e-23
8.956702127892417e-23
8.956656495311287e-23
8.956608712426079e-23
8.956558677864355e-23
8.95650628547917e-23
8.95645142412234e-23
8.956393977410635e-23
8.956333823474818e-23
8.95627083470645e-23
8.956204877481547e-23
8.956135811881053e-23
8.956063491392229e-23
8.955987762598494e-23
8.95590846485269e-23
8.955825429936701e-23
8.955738481705339e-23
8.955647435712559e-23
8.95555209881751e-23
8.955452268778246e-23
8.95534773382088e-23
8.9552382721892e-23
8.955123651676497e-23
8.955003629130352e-23
8.954877949938782e-23
8.954746347488214e-23
8.954608542599163e-23
8.954464242932274e-23
8.954313142369172e-23
8.954154920362237e-23
8.95398924125424e-23
8.953815753566811e-23
8.953634089252433e-23
8.953443862916634e-23
8.953244670995602e-23
8.953036090904206e-23
8.952817680135831e-23
8.952588975323765e-23
8.952349491258783e-23
8.952098719857316e-23
8.951836129084486e-23
8.951561161823636e-23
8.951273234693977e-23
8.950971736811784e-23
8.950656028492646e-23
8.950325439895117e-23
8.949979269596356e-23
8.949616783103279e-23
8.949237211293595e-23
8.948839748781017e-23
8.948423552205919e-23
8.947987738442311e-23
8.947531382723939e-23
8.947053516678615e-23
8.946553126271434e-23
8.946029149649131e-23
8.945480474885451e-23
8.944905937618094e-23
8.944304318572599e-23
8.943674340973439e-23
8.943014667828658e-23
8.942323899087142e-23
8.941600568664613e-23
8.94084314132386e-23
8.940050009411863e-23
8.93921948943999e-23
8.938349818503149e-23
8.937439150530918e-23
8.936485552358803e-23
8.935486999615085e-23
8.934441372412999e-23
8.93334645083933e-23
8.932199910227015e-23
8.930999316206676e-23
8.929742119522487e-23
8.928425650602646e-23
8.927047113871823e-23
8.925603581793584e-23
8.924091988633841e-23
8.922509123922208e-23
8.920851625609395e-23
8.91911597289475e-23
8.917298478716843e-23
8.915395281885129e-23
8.913402338838464e-23
8.911315415011812e-23
8.909130075792124e-23
8.906841677044202e-23
8.90444535518515e-23
8.901936016787e-23
8.899308327682134e-23
8.896556701551117e-23
8.893675287966618e-23
8.890657959863419e-23
8.887498300414196e-23
8.884189589274986e-23
8.880724788175633e-23
8.87709652581827e-23
8.873297082054401e-23
8.869318371303105e-23
8.865151925175043e-23
8.860788874260383e-23
8.856219929044427e-23
8.851435359904489e-23
8.846424976143799e-23
8.841178104017924e-23
8.835683563696256e-23
8.829929645117902e-23
8.823904082677888e-23
8.817594028687706e-23
8.810986025550548e-23
8.804065976590331e-23
8.796819115459192e-23
8.789229974060311e-23
8.781282348907318e-23
8.772959265842708e-23
8.764242943032304e-23
8.755114752149396e-23
8.745555177653853e-23
8.735543774073298e-23
8.725059121180809e-23
8.714078776962232e-23
8.702579228259344e-23
8.690535838969226e-23
8.677922795670524e-23
8.664713050546529e-23
8.650878261458347e-23
8.636388729022687e-23
8.621213330532025e-23
8.605319450551884e-23
8.58867290801777e-23
8.571237879638716e-23
8.552976819415117e-23
8.533850374053649e-23
8.51381729405781e-23
8.492834340252887e-23
8.470856185497636e-23
8.447835311305819e-23
8.423721899099593e-23
8.398463715783499e-23
8.372005993320494e-23
8.344291301959317e-23
8.315259416749491e-23
8.284847176946883e-23
8.252988337891143e-23
8.219613414909117e-23
8.184649518755683e-23
8.14802018208837e-23
8.109645176415407e-23
8.069440318930229e-23
8.027317268598634e-23
7.983183310808994e-23
7.936941129863052e-23
7.888488568503536e-23
7.83771837363607e-23
7.784517927317299e-23
7.728768962021787e-23
7.670347259104096e-23
7.609122329297805e-23
7.544957073982614e-23
7.477707425847139e-23
7.407221967460749e-23
7.333341526122652e-23
7.25589874322555e-23
7.174717616196815e-23
7.08961301090892e-23
7.000390142251303e-23
6.906844020329601e-23
6.808758859523682e-23
6.70590744735581e-23
6.59805046982347e-23
6.484935789517995e-23
6.366297672478613e-23
6.24185595932964e-23
6.111315175799847e-23
5.974363577242212e-23
5.830672121255503e-23
5.679893361971768e-23
5.52166025902841e-23
5.355584893742368e-23
5.1812570846119104e-23
4.998242894106961e-23
