1.3259134367425278e-24
1.3041324290917814e-24
1.2840270865979388e-24
1.2654905084613861e-24
1.2484200932141925e-24
1.2327176175126055e-24
1.2182892948882125e-24
1.2050458115442093e-24
1.1929023374079526e-24
1.1817785117132088e-24
1.1715984033423685e-24
1.1622904469785597e-24
1.153787356782409e-24
1.1460260198115748e-24
1.1389473717477908e-24
1.1324962576981102e-24
1.1266212809113081e-24
1.1212746422183281e-24
1.1164119728882541e-24
1.11199216341057e-24
1.1079771904897404e-24
1.1043319442866608e-24
1.1010240576787414e-24
1.0980237390471268e-24
1.0953036098453458e-24
1.0928385479657849e-24
1.0906055377017396e-24
1.0885835269076996e-24
1.0867532917887939e-24
1.0850973096028625e-24
1.0835996394341083e-24
1.0822458110950086e-24
1.0810227221301986e-24
1.0799185428322437e-24
1.0789226291308384e-24
1.0780254431832087e-24
1.0772184814721879e-24
1.0764942102073108e-24
1.0758460078232184e-24
1.0752681143747702e-24
1.0747555876418472e-24
1.074304265773614e-24
1.073910736325365e-24
1.0735723115665903e-24
1.0732870099683828e-24
1.073053543810049e-24
1.0728713128787843e-24
1.0727404042715092e-24
1.0726615983454513e-24
1.0726363809015388e-24
1.0726669617236768e-24
1.0727562996364157e-24
1.0729081342821077e-24
1.073127024858302e-24
1.0734183960938293e-24
1.073788591778675e-24
1.0742449361976061e-24
1.074795803848381e-24
1.075450697853237e-24
1.0762203374935945e-24
1.077116755312918e-24
1.078153404237866e-24
1.0793452751631534e-24
1.0807090254252635e-24
1.082263118555436e-24
1.0840279756463813e-24
1.0860261385891565e-24
1.0882824453315881e-24
1.0908242171750753e-24
1.0936814579583085e-24
1.0968870647724565e-24
1.1004770496106432e-24
1.1044907710736367e-24
1.1089711749371599e-24
1.113965042035433e-24
1.119523241540661e-24
1.1257009873279691e-24
1.1325580947285915e-24
1.1401592346102283e-24
1.1485741814110942e-24
1.1578780515238613e-24
1.1681515283163177e-24
1.1794810701234044e-24
1.1919590977927635e-24
1.2056841588463907e-24
1.2207610660639402e-24
1.2373010093129043e-24
1.2554216407455228e-24
1.2752471350247403e-24
1.2969082279842945e-24
1.3205422389916379e-24
1.3462930841686224e-24
1.3743112894145066e-24
1.4047540137426848e-24
1.4377850946604374e-24
1.4735751280841728e-24
1.5123015955080048e-24
1.554149050790657e-24
1.5993093779951447e-24
1.6479821302537511e-24
1.700374957719175e-24
1.7567041304134424e-24
1.817195159318479e-24
1.8820835164859234e-24
1.951615452371967e-24
2.026048906090771e-24
2.1056545018415802e-24
2.190716622369429e-24
2.28153454788211e-24
2.3784236462335814e-24
2.4817165972097673e-24
2.591764630195244e-24
2.7089387500846947e-24
2.8336309207199284e-24
2.9662551680320015e-24
3.10724855604442e-24
3.2570719774977823e-24
3.4162106865988405e-24
3.5851744837149376e-24
3.764497440156019e-24
3.954737024897871e-24
4.1564724636237134e-24
4.370302123330764e-24
4.596839672687203e-24
4.836708719490401e-24
5.090535572762196e-24
5.358939720071152e-24
5.642521553988843e-24
5.941846830780015e-24
6.257427308169742e-24
6.589696999968615e-24
6.93898352113079e-24
7.30547410080983e-24
7.6891760424718e-24
8.089871743176089e-24
8.507068884533719e-24
8.939947106525261e-24
9.387303387730073e-24
9.847499465772126e-24
1.031841587285885e-23
1.079741839407331e-23
1.1281343754430367e-23
1.1766511793670032e-23
1.2248770932643547e-23
1.2723582032352772e-23
1.3186142596770989e-23
1.363154875185678e-23
1.4054987013485415e-23
1.4451942413656864e-23
1.4818405247335072e-23
1.5151056691793833e-23
1.5447414627373455e-23
1.5705925255241458e-23
1.5925992857444936e-23
1.6107947921625978e-23
1.6252961248516013e-23
1.636291718778377e-23
1.644026200724773e-23
1.6487843509891038e-23
1.6508755894440774e-23
1.6506200367831544e-23
1.6483368065529268e-23
1.6443348148977547e-23
1.6389060982932593e-23
1.632321422967366e-23
1.624827850293623e-23
1.6166478749185857e-23
1.6079797567204943e-23
1.5989987044379155e-23
1.589858621931553e-23
1.580694185944039e-23
1.5716230794592455e-23
1.5627482532623584e-23
1.5541601283984174e-23
1.5459386838115008e-23
1.5381553972756103e-23
1.5308750249660534e-23
1.5241572169229986e-23
1.5180579734167604e-23
1.512630951862647e-23
1.5079286363010833e-23
1.504003382224923e-23
1.500908349213722e-23
1.4986983328078504e-23
1.4974305056099556e-23
1.4971650759442042e-23
1.4979658706863614e-23
1.4999008472202022e-23
1.5030425379591807e-23
1.507468429577727e-23
1.5132612780770667e-23
1.5205093601235888e-23
1.529306660783276e-23
1.539752997864655e-23
1.5519540835927163e-23
1.5660215252577624e-23
1.5820727677902808e-23
1.6002309828400133e-23
1.6206249107958676e-23
1.6433886641510212e-23
1.6686615025489853e-23
