4.415603168641418e-23
4.8766082759064326e-23
5.312850345086786e-23
5.725255173290148e-23
6.11469795596541e-23
6.482005140715533e-23
6.827956180151328e-23
7.153285186134896e-23
7.458682488294194e-23
7.744796099772398e-23
8.012233093164035e-23
8.261560889454015e-23
8.493308462657083e-23
8.707967462673023e-23
8.905993258728998e-23
9.087805905617013e-23
9.253791034757786e-23
9.404300671990316e-23
9.539653983798199e-23
9.66013795357024e-23
9.766007989298744e-23
9.857488464014824e-23
9.934773190076072e-23
9.998025828316105e-23
1.0047380232895844e-22
1.0082940732566204e-22
1.0104782348930473e-22
1.0112950952121531e-22
1.0107463354227688e-22
1.0088307340589059e-22
1.0055441639042374e-22
1.000879582697218e-22
9.948270175949641e-23
9.873735433562092e-23
9.785032541946223e-23
9.681972292331774e-23
9.564334914838766e-23
9.431869602560511e-23
9.284293968875044e-23
9.121293436736654e-23
8.942520558593856e-23
8.747594265399563e-23
8.536099043045978e-23
8.307584034421178e-23
8.061562065116769e-23
7.797508590720421e-23
7.514860563497232e-23
7.213015216214444e-23
6.891328760860185e-23
6.549115000176025e-23
6.185643850310344e-23
5.800139773844308e-23
5.391780124418454e-23
4.959693408398076e-23
4.5029574784660785e-23
4.0205976962557664e-23
3.511585158614368e-23
2.974835248522424e-23
2.409207336996541e-23
1.813508869296913e-23
1.186521758050323e-23
5.272565756373842e-24
1.712718600251508e-24
8.98130754485102e-24
1.6646483226222217e-23
2.470177454170168e-23
3.316316072379412e-23
4.2048492945285544e-23
5.137673862584075e-23
6.116788766557214e-23
7.144296011020111e-23
8.222404019566217e-23
9.353432045973444e-23
1.0539815131351614e-22
1.1784109456833163e-22
1.3088998041309072e-22
1.445729677102386e-22
1.5891960763724431e-22
1.7396091077694355e-22
1.8972941780280451e-22
2.0625927393267135e-22
2.235863073452976e-22
2.417481117723266e-22
2.6078413349482204e-22
2.80735762990374e-22
3.016464314947682e-22
3.235617127590729e-22
3.4652943030375226e-22
3.705997704910163e-22
3.9582540175872663e-22
4.2226160038412e-22
4.499663831690679e-22
4.790006474687107e-22
5.094283190128182e-22
5.413165080031949e-22
5.747356740046929e-22
6.097598001854224e-22
6.464665775018477e-22
6.849375994721751e-22
7.252585682250873e-22
7.675195125684634e-22
8.118150188770436e-22
8.582444756606607e-22
9.069123327474309e-22
9.57928376081931e-22
1.0114080192305273e-21
1.067472612765181e-21
1.1262497728050455e-21
1.1878737300892659e-21
1.2524857010879607e-21
1.3202342827694692e-21
1.3912758728008352e-21
1.465775117101055e-21
1.5439053868490263e-21
1.6258492872271531e-21
1.711799200404419e-21
1.8019578654818255e-21
1.896538998386629e-21
1.9957679549868253e-21
2.0998824410016966e-21
2.209133272657314e-21
2.3237851923951396e-21
2.4441177444015857e-21
2.570426215195889e-21
2.703022645057408e-21
2.8422369166795886e-21
2.988417928106437e-21
3.1419348577771976e-21
3.303178530333638e-21
3.472562892839341e-21
3.650526612087029e-21
3.8375348049348886e-21
4.0340809149485524e-21
4.240688750193721e-21
4.45791469880481e-21
4.686350140901014e-21
4.926624077771431e-21
5.1794060017713425e-21
5.4454090333860415e-21
5.725393355281257e-21
6.020169977044588e-21
6.330604868817952e-21
6.6576235070982195e-21
7.002215881978406e-21
7.365442021938272e-21
7.748438100241425e-21
8.152423196238541e-21
8.578706795668607e-21
9.028697126648736e-21
9.503910442733388e-21
1.0005981381842461e-20
1.0536674550188795e-20
1.1097897504503563e-20
1.1691715334512714e-20
1.2320367081603103e-20
1.2986284270282653e-20
1.369211187762249e-20
1.4440732124695153e-20
1.5235291544233425e-20
1.6079231864668673e-20
1.6976325354943368e-20
1.7930715401550182e-20
1.8946963246098806e-20
2.003010200430518e-20
2.118569932706944e-20
2.2419930362407296e-20
2.3739663051527567e-20
2.5152558263795293e-20
2.666718787445349e-20
2.8293174653151296e-20
3.004135881528275e-20
3.192399736098927e-20
3.395500398979276e-20
3.615023956625364e-20
3.85278660172741e-20
4.110878043171122e-20
4.391715140017998e-20
4.6981086833773343e-20
5.033347246053755e-20
5.401303414623353e-20
5.806569697327449e-20
6.254634248740291e-20
6.752110714772732e-20
7.307042688097827e-20
7.92931263370458e-20
8.63119962046433e-20
9.42815307294161e-20
1.0339886821037557e-19
1.1391959464192579e-19
1.261811317028859e-19
1.4063831951231232e-19
1.5791930732056514e-19
1.7891667040130469e-19
2.0494263465069371e-19
2.38007858420767e-19
2.8135557855769097e-19
3.4057151822216324e-19
4.261452314396206e-19
5.6027679578058e-19
7.989674841357185e-19
1.3285104626628247e-18
