6.705611570762083e-23
6.713277049973364e-23
6.720591977058023e-23
6.727571875823192e-23
6.734231558740834e-23
6.740585158425585e-23
6.746646157668936e-23
6.752427418084963e-23
6.757941207439661e-23
6.763199225712091e-23
6.768212629952313e-23
6.772992057977233e-23
6.777547650969547e-23
6.781889075015211e-23
6.786025541632788e-23
6.789965827336359e-23
6.793718292270866e-23
6.797290897967005e-23
6.800691224243361e-23
6.803926485301756e-23
6.807003545041429e-23
6.809928931634214e-23
6.812708851378528e-23
6.815349201875794e-23
6.817855584549699e-23
6.820233316531862e-23
6.822487441951052e-23
6.82462274263212e-23
6.826643748249149e-23
6.82855474593249e-23
6.830359789367675e-23
6.832062707394437e-23
6.833667112128984e-23
6.835176406625674e-23
6.836593792095622e-23
6.837922274693015e-23
6.839164671890947e-23
6.840323618452203e-23
6.841401572015716e-23
6.842400818302969e-23
6.843323475957657e-23
6.844171501035952e-23
6.844946691144708e-23
6.845650689243698e-23
6.846284987120657e-23
6.846850928543142e-23
6.847349712092813e-23
6.847782393693958e-23
6.848149888834353e-23
6.848452974488196e-23
6.848692290743276e-23
6.848868342131732e-23
6.84898149867927e-23
6.849031996654763e-23
6.849019939044609e-23
6.84894529573253e-23
6.848807903399097e-23
6.848607465131264e-23
6.84834354974501e-23
6.848015590821975e-23
6.847622885449055e-23
6.847164592665737e-23
6.846639731612401e-23
6.846047179373735e-23
6.845385668516744e-23
6.84465378430888e-23
6.843849961620578e-23
6.842972481494852e-23
6.842019467382176e-23
6.840988881028617e-23
6.839878518007356e-23
6.838686002886406e-23
6.837408784014194e-23
6.836044127917674e-23
6.83458911329377e-23
6.833040624584126e-23
6.831395345113136e-23
6.82964974977509e-23
6.827800097254624e-23
6.82584242175416e-23
6.823772524215262e-23
6.821585963010162e-23
6.819278044075127e-23
6.816843810469343e-23
6.814278031324731e-23
6.811575190162858e-23
6.808729472549778e-23
6.805734753053881e-23
6.802584581472711e-23
6.799272168295465e-23
6.795790369361116e-23
6.792131669667812e-23
6.788288166297066e-23
6.784251550398315e-23
6.780013088190325e-23
6.775563600921495e-23
6.770893443734974e-23
6.765992483382773e-23
6.760850074713453e-23
6.755455035876921e-23
6.749795622162768e-23
6.743859498402839e-23
6.737633709845877e-23
6.731104651419638e-23
6.724258035281638e-23
6.717078856556364e-23
6.709551357147124e-23
6.701658987504088e-23
6.693384366220295e-23
6.684709237315052e-23
6.675614425063628e-23
6.666079786201484e-23
6.656084159342258e-23
6.645605311413366e-23
6.634619880911189e-23
6.623103317757061e-23
6.611029819514069e-23
6.598372263708104e-23
6.585102135974806e-23
6.571189453722125e-23
6.5566026849786e-23
6.541308662065511e-23
6.525272489693802e-23
6.508457447046259e-23
6.49082488338042e-23
6.47233410661011e-23
6.452942264308774e-23
6.432604216484951e-23
6.411272399434918e-23
6.38889667989686e-23
6.365424198649653e-23
6.340799202599992e-23
6.314962864303052e-23
6.287853087734345e-23
6.259404298998005e-23
6.229547220499258e-23
6.198208626931862e-23
6.165311081225999e-23
6.130772648376905e-23
6.094506584798594e-23
6.056421000548292e-23
6.016418491406433e-23
5.974395737400219e-23
5.930243063865861e-23
5.883843960617671e-23
5.835074554132454e-23
5.783803026917574e-23
5.72988897735627e-23
5.673182712290225e-23
5.613524463394552e-23
5.550743516958086e-23
5.484657245014733e-23
5.415070023728173e-23
5.34177202257817e-23
5.26453784501801e-23
5.183124997873941e-23
5.0972721626764203e-23
5.006697237190782e-23
4.9110951095377567e-23
4.8101351201944445e-23
4.7034581586726715e-23
4.5906733314841227e-23
4.471354125920073e-23
4.345033979975134e-23
4.2112011524655935e-23
4.0692927694659745e-23
3.918687905121085e-23
3.758699540248323e-23
3.588565239266395e-23
3.4074364131799664e-23
3.2143661344184993e-23
3.0082957312471736e-23
2.7880410348813096e-23
2.5522807306280238e-23
2.2995532506639885e-23
2.028279393642905e-23
1.736859866461263e-23
1.424006906693106e-23
1.0899327027124388e-23
7.416605961497807e-24
4.284383102033178e-24
4.250115561458411e-24
8.156500009784539e-24
1.344197179498936e-23
1.9597968138695757e-23
2.664792347725501e-23
3.4746344969026936e-23
4.413785329649827e-23
5.517674595941344e-23
6.837877418563679e-23
8.451729387415299e-23
1.0480271639688586e-22
1.3123787240949306e-22
1.6738388299129652e-22
2.202043448839379e-22
3.05200853191011e-22
4.635787001921426e-22
8.236291855188877e-22
1.2715398185774074e-21
7.586885245949468e-22
4.631268726321996e-22
