2.7548961053514046e-23
2.7549372226022766e-23
2.7549760890125507e-23
2.7550127862449016e-23
2.75504739142939e-23
2.755079977321005e-23
2.755110612448527e-23
2.7551393612548145e-23
2.7551662842289365e-23
2.7551914380302893e-23
2.755214875605006e-23
2.75523664629472e-23
2.755256795938125e-23
2.755275366965277e-23
2.7552923984849554e-23
2.755307926365244e-23
2.755321983307375e-23
2.755334598913136e-23
2.755345799745781e-23
2.7553556093847603e-23
2.7553640484741636e-23
2.755371134765179e-23
2.7553768831524195e-23
2.755381305704379e-23
2.755384411687984e-23
2.7553862075872726e-23
2.7553866971162555e-23
2.755385881225995e-23
2.7553837581058847e-23
2.7553803231791014e-23
2.755375569092307e-23
2.755369485699467e-23
2.7553620600397985e-23
2.755353276309792e-23
2.755343115829248e-23
2.755331557001233e-23
2.755318575265897e-23
2.755304143048014e-23
2.7552882296981587e-23
2.755270801427393e-23
2.7552518212352715e-23
2.755231248831116e-23
2.7552090405482805e-23
2.755185149251247e-23
2.7551595242354405e-23
2.7551321111194186e-23
2.755102851729285e-23
2.7550716839750794e-23
2.7550385417188384e-23
2.7550033546340825e-23
2.7549660480564285e-23
2.754926542824927e-23
2.7548847551139875e-23
2.754840596255237e-23
2.754793972549251e-23
2.754744785066479e-23
2.7546929294371285e-23
2.754638295629487e-23
2.754580767716145e-23
2.754520223627819e-23
2.754456534893993e-23
2.7543895663700084e-23
2.7543191759499866e-23
2.7542452142648874e-23
2.754167524365193e-23
2.7540859413873916e-23
2.754000292203671e-23
2.753910395054044e-23
2.753816059160039e-23
2.753717084319263e-23
2.7536132604798235e-23
2.753504367293862e-23
2.753390173649103e-23
2.753270437177484e-23
2.753144903739784e-23
2.75301330688521e-23
2.7528753672847067e-23
2.752730792136779e-23
2.7525792745446435e-23
2.75242049286327e-23
2.7522541100149066e-23
2.7520797727717953e-23
2.7518971110042126e-23
2.751705736892602e-23
2.7515052441017305e-23
2.751295206915423e-23
2.751075179329703e-23
2.7508446941027185e-23
2.750603261759026e-23
2.750350369546395e-23
2.750085480342746e-23
2.749808031510824e-23
2.749517433698213e-23
2.749213069580024e-23
2.7488942925416074e-23
2.7485604252982565e-23
2.7482107584490735e-23
2.7478445489620037e-23
2.747461018586017e-23
2.7470593521880525e-23
2.746638696010133e-23
2.74619815584337e-23
2.745736795114614e-23
2.74525363288182e-23
2.7447476417333e-23
2.744217745586645e-23
2.7436628173822565e-23
2.743081676666362e-23
2.7424730870582804e-23
2.741835753596413e-23
2.7411683199563014e-23
2.740469365536148e-23
2.739737402401329e-23
2.7389708720826626e-23
2.7381681422202385e-23
2.7373275030457177e-23
2.736447163695301e-23
2.735525248344523e-23
2.7345597921564126e-23
2.733548737033582e-23
2.732489927165476e-23
2.7313811043582725e-23
2.7302199031398726e-23
2.729003845626162e-23
2.727730336137782e-23
2.726396655552913e-23
2.7249999553885896e-23
2.7235372515870975e-23
2.7220054180052337e-23
2.7204011795741356e-23
2.718721105136456e-23
2.7169615999154536e-23
2.715118897627876e-23
2.713189052194359e-23
2.711167929047337e-23
2.709051196001762e-23
2.706834313681177e-23
2.7045125254440784e-23
2.702080846839332e-23
2.6995340544985315e-23
2.696866674493595e-23
2.694072970098361e-23
2.69114692892263e-23
2.6880822494038744e-23
2.684872326617095e-23
2.681510237325814e-23
2.6779887243083333e-23
2.67430017984576e-23
2.6704366283559707e-23
2.6663897081479625e-23
2.6621506521961966e-23
2.657710267939455e-23
2.65305891594255e-23
2.6481864875238066e-23
2.6430823811218445e-23
2.6377354774062155e-23
2.6321341130870386e-23
2.6262660532166362e-23
2.6201184620968473e-23
2.6136778724560285e-23
2.606930153013824e-23
2.5998604742623363e-23
2.5924532721177596e-23
2.5846922098437153e-23
2.576560137513647e-23
2.5680390492050186e-23
2.5591100378600995e-23
2.5497532472546584e-23
2.5399478213015583e-23
2.5296718502349916e-23
2.5189023135571788e-23
2.507615019463523e-23
2.4957845403881767e-23
2.4833841452460773e-23
2.470385725773971e-23
2.456759719986802e-23
2.4424750295890217e-23
2.4274989316325168e-23
2.4117969851226363e-23
2.395332930955701e-23
2.3780685846469722e-23
2.3599637218917707e-23
2.3409759545351492e-23
2.32106060107387e-23
2.3001705422557235e-23
2.278256071294924e-23
2.255264728172329e-23
2.2311411240950462e-23
2.2058267505572258e-23
2.1792597721280372e-23
2.1513748043453738e-23
2.1221026740077734e-23
2.0913701536126447e-23
2.059099683841544e-23
2.025209061424621e-23
1.989611111720483e-23
1.9522133292197212e-23
1.9129175004178577e-23
1.871619293093816e-23
1.8282078365625884e-23
1.7825652992889974e-23
