1.8663763662971206e-24
1.8504878092537602e-24
1.8355710894709e-24
1.8215681545758885e-24
1.808424352635077e-24
1.79608828068723e-24
1.7845116349790532e-24
1.7736490635282412e-24
1.763458021587159e-24
1.7538986305211487e-24
1.74493354055192e-24
1.7365277977514364e-24
1.728648715606853e-24
1.7212657514137745e-24
1.714350387695401e-24
1.707876018788894e-24
1.70181784268915e-24
1.696152758193994e-24
1.6908592673537123e-24
1.6859173831921897e-24
1.681308542636494e-24
1.677015524566027e-24
1.67302237287158e-24
1.6693143243978803e-24
1.665877741630835e-24
1.6627000499812965e-24
1.6597696795116868e-24
1.6570760109485106e-24
1.6546093258235284e-24
1.6523607605876969e-24
1.6503222645458432e-24
1.6484865614647565e-24
1.646847114714013e-24
1.6453980958063157e-24
1.6441343562123505e-24
1.6430514023346943e-24
1.642145373534662e-24
1.6414130231164553e-24
1.6408517021834644e-24
1.6404593462924107e-24
1.6402344648420471e-24
1.6401761331442509e-24
1.6402839871366614e-24
1.6405582207070819e-24
1.6409995856112102e-24
1.6416093939762932e-24
1.64238952339439e-24
1.6433424246197023e-24
1.6444711318952869e-24
1.6457792759446586e-24
1.6472710996742575e-24
1.6489514766421432e-24
1.6508259323581073e-24
1.65290066848873e-24
1.655182590049671e-24
1.657679335674388e-24
1.660399311055644e-24
1.6633517256612793e-24
1.666546632830398e-24
1.6699949733589185e-24
1.673708622684782e-24
1.6777004417826724e-24
1.681984331875011e-24
1.6865752930614698e-24
1.6914894869605887e-24
1.6967443034466963e-24
1.7023584315505796e-24
1.7083519345742746e-24
1.7147463294483317e-24
1.7215646703331822e-24
1.728831636435252e-24
1.7365736239723643e-24
1.744818842182429e-24
1.753597413223855e-24
1.7629414757649115e-24
1.7728852920056236e-24
1.7834653578161854e-24
1.794720515613769e-24
1.8066920695364715e-24
1.819423902406679e-24
1.832962593912856e-24
1.8473575393757497e-24
1.862661068408194e-24
1.8789285627281364e-24
1.8962185723418713e-24
1.9145929292885456e-24
1.934116858121902e-24
1.9548590823129778e-24
1.9768919257805647e-24
2.000291408803462e-24
2.025137337645338e-24
2.051513387312434e-24
2.0795071769918684e-24
2.109210337856642e-24
2.140718573092362e-24
2.1741317101760376e-24
2.2095537456347436e-24
2.2470928827038057e-24
2.2868615625000616e-24
2.328976489512433e-24
2.373558652371509e-24
2.420733341005757e-24
2.4706301613950123e-24
2.5233830491849176e-24
2.5791302834695785e-24
2.6380145019853482e-24
2.7001827189121626e-24
2.7657863463240976e-24
2.8349812201589062e-24
2.9079276313734895e-24
2.9847903626750883e-24
3.0657387309737284e-24
3.1509466353594005e-24
3.2405926101536687e-24
3.3348598822349856e-24
3.433936431580641e-24
3.538015053656219e-24
3.647293422063826e-24
3.7619741495927225e-24
3.8822648456286205e-24
4.0083781677843045e-24
4.140531865310194e-24
4.278948811987177e-24
4.423857025927578e-24
4.575489673748043e-24
4.734085056673e-24
4.899886575965905e-24
5.0731426752512464e-24
5.254106757348783e-24
5.443037073272438e-24
5.6401965811418796e-24
5.845852773018716e-24
6.060277467557626e-24
6.283746566764759e-24
6.5165397751215975e-24
6.758940279725776e-24
7.011234390004277e-24
7.273711136110659e-24
7.546661825049269e-24
7.830379553961345e-24
8.125158680376085e-24
8.431294249176589e-24
8.749081376756958e-24
9.078814592734492e-24
9.420787140341818e-24
9.775290236578305e-24
1.0142612293654733e-23
1.052303810393195e-23
1.091684799026362e-23
1.1324316924632778e-23
1.1745713618193621e-23
1.2181299585329869e-23
1.2631328186385048e-23
1.3096043651734199e-23
1.3575680092460192e-23
1.4070460501371234e-23
1.4580595748475628e-23
1.5106283576613542e-23
1.564770760129067e-23
1.620503631892999e-23
1.6778422129445387e-23
1.7368000377172955e-23
1.797388841364235e-23
1.8596184688759988e-23
1.9234967871743255e-23
1.989029600785773e-23
2.056220571242584e-23
2.1250711406674072e-23
2.195580459794541e-23
2.2677453204232064e-23
2.3415600930492673e-23
2.4170166689410737e-23
2.4941044077812096e-23
2.5728100903180796e-23
2.6531178759553385e-23
2.735009266216316e-23
2.818463072928002e-23
2.903455391858332e-23
2.989959581963509e-23
3.077946249148039e-23
3.1673832366109184e-23
3.258235619107014e-23
3.3504657035018167e-23
3.4440330350166376e-23
3.538894408042779e-23
3.635003883604521e-23
3.732312813017408e-23
3.8307698662399875e-23
3.930321067183342e-23
4.0309098388903975e-23
4.1324770480035317e-23
4.2349610662446554e-23
4.338297830508975e-23
4.4424209177072535e-23
4.547261623543683e-23
4.6527490499165027e-23
4.7588102044425506e-23
4.865370104270879e-23
4.972351889616489e-23
5.0796769498802407e-23
5.187265049425742e-23
