4.25835813975555e-24
4.408249654408289e-24
4.550570471944941e-24
4.685618537142169e-24
4.813677160440079e-24
4.935015435363059e-24
5.049888673493679e-24
5.158538844149785e-24
5.261195010269023e-24
5.358073754863681e-24
5.4493795943083155e-24
5.535305376011165e-24
5.616032658894288e-24
5.691732075712517e-24
5.7625636766590014e-24
5.828677253992358e-24
5.890212647622441e-24
5.9473000317242744e-24
6.000060182545775e-24
6.048604727628153e-24
6.093036376696251e-24
6.133449134494194e-24
6.1699284958451374e-24
6.202551623211144e-24
6.231387507018832e-24
6.256497108998802e-24
6.2779334887691435e-24
6.295741913868043e-24
6.309959953418575e-24
6.3206175555787114e-24
6.327737108905012e-24
6.331333487728214e-24
6.331414081607975e-24
6.327978808908035e-24
6.3210201144986035e-24
6.310522951563524e-24
6.29646474746072e-24
6.2788153535506684e-24
6.257536978878401e-24
6.2325841075640776e-24
6.203903399726253e-24
6.1714335757327216e-24
6.135105283545152e-24
6.0948409488963345e-24
6.0505546080143646e-24
6.002151722583098e-24
5.949528976612715e-24
5.892574054877004e-24
5.8311654025697404e-24
5.765171965833976e-24
5.6944529128341535e-24
5.618857335075425e-24
5.538223928735459e-24
5.452380655864819e-24
5.361144385458579e-24
5.26432051461385e-24
5.1617025702950776e-24
5.0530717926852984e-24
4.9381967017541785e-24
4.8168326496337656e-24
4.688721362804325e-24
4.5535904801855465e-24
4.411153096384636e-24
4.261107324172888e-24
4.103135897767679e-24
3.936905850416512e-24
3.762068319184769e-24
3.578258562268812e-24
3.385096330049734e-24
3.182186830872376e-24
2.969122717988696e-24
2.745487885341713e-24
2.510864603197143e-24
2.264847157302334e-24
2.0070690353083167e-24
1.737260867593986e-24
1.455386451920488e-24
1.1620092320868388e-24
8.595001240992891e-25
5.574729959152185e-25
3.1107589011234473e-25
3.6145522383374905e-25
6.710220893405956e-25
1.0477663922145603e-24
1.4561116229211044e-24
1.8894168252921156e-24
2.3462464457055447e-24
2.826629210417762e-24
3.33115502655438e-24
3.860687044684467e-24
4.416251948149117e-24
4.998993130130843e-24
5.610149484442104e-24
6.251045859313228e-24
6.92308933798025e-24
7.627768683035204e-24
8.366655643159549e-24
9.141407451349953e-24
9.953770154940815e-24
1.0805582580071832e-23
1.1698780822244796e-23
1.2635403205732629e-23
1.3617595685370186e-23
1.4647617683735408e-23
1.5727848369744498e-23
1.6860793394001994e-23
1.8049092103376006e-23
1.9295525263176372e-23
2.0603023320561978e-23
2.1974675247766945e-23
2.3413738008668237e-23
2.492364669730251e-23
2.650802540232105e-23
2.8170698857147067e-23
2.9915704941910456e-23
3.174730811017024e-23
3.367001382108028e-23
3.5688584066150846e-23
3.780805408925302e-23
4.0033750409046155e-23
4.237131026489428e-23
4.4826702620578074e-23
4.740625087505943e-23
5.011665744636482e-23
5.29650304135767e-23
5.595891242340227e-23
5.910631209196251e-23
6.241573815998944e-23
6.589623669081662e-23
6.955743163610512e-23
7.340956913473123e-23
7.746356595661102e-23
8.173106255613901e-23
8.622448126077608e-23
9.095709019010109e-23
9.594307358115776e-23
1.0119760928882668e-22
1.0673695433739774e-22
1.1257853952431688e-22
1.1874107422200254e-22
1.252446626927243e-22
1.3211093342915155e-22
1.3936318326476998e-22
1.4702653827065196e-22
1.5512813377603199e-22
1.6369731622969718e-22
1.72765870069473e-22
1.8236827330295274e-22
1.9254198614266922e-22
2.0332777780593315e-22
2.147700975123733e-22
2.2691749682645704e-22
2.398231118434605e-22
2.5354521536253043e-22
2.6814785120227644e-22
2.837015652860837e-22
3.0028425117541263e-22
3.179821315154398e-22
3.368909015780724e-22
3.5711706700946793e-22
3.787795153584675e-22
4.0201137044242696e-22
4.269621907165918e-22
4.538005883882024e-22
4.827173661898492e-22
5.1392929505918085e-22
5.476836906199723e-22
5.842639923389479e-22
6.2399661080902615e-22
6.6725939187463285e-22
7.1449216007749315e-22
7.662099610582601e-22
8.230198422475682e-22
8.856423222345848e-22
9.549391456873695e-22
1.0319495711429172e-21
1.1179384018503979e-21
1.214460420236604e-21
1.323448113025273e-21
1.447333063227509e-21
1.5892169782374395e-21
1.7531175136181376e-21
1.944329570139359e-21
2.1699697385723826e-21
2.4398200954640216e-21
2.767677938427872e-21
3.173592858115086e-21
3.687723681203766e-21
4.357276242254841e-21
5.2595070462036586e-21
6.52670870152959e-21
8.391736715231073e-21
1.123388620553159e-20
1.5274713125462486e-20
1.8370601550479243e-20
1.6517662656915832e-20
1.276982610846261e-20
9.934668980617221e-21
8.043636402692212e-21
6.754504057637247e-21
5.836643109147345e-21
