2.042939245158674e-24
1.957075163430885e-24
1.8753439037827328e-24
1.797569729698732e-24
1.7235849949946258e-24
1.653229750057596e-24
1.5863513611631888e-24
1.5228041420484923e-24
1.4624489969261663e-24
1.4051530744150153e-24
1.3507894317488338e-24
1.2992367090334664e-24
1.250378813264604e-24
1.2041046121386437e-24
1.1603076378150102e-24
1.11888580103037e-24
1.0797411161146725e-24
1.0427794377541448e-24
1.0079102103940696e-24
9.75046231488338e-25
9.441034297847158e-25
9.150006600117199e-25
8.876595152190474e-25
8.620041581147817e-25
8.37961172390122e-25
8.154594349885247e-25
7.944300097762297e-25
7.7480606289909305e-25
7.565227993803781e-25
7.395174203938715e-25
7.237290997894854e-25
7.090989783323776e-25
6.955701734108926e-25
6.830878018037752e-25
6.715990127700465e-25
6.610530285725763e-25
6.514011895489771e-25
6.425970008744482e-25
6.345961784410492e-25
6.273566914053296e-25
6.208387993822799e-25
6.150050827393768e-25
6.098204646092017e-25
6.052522239055052e-25
6.012699988108468e-25
5.978457806946032e-25
5.949538985633362e-25
5.925709945627948e-25
5.906759910413006e-25
5.892500500201523e-25
5.882765257032081e-25
5.877409110529165e-25
5.876307789237084e-25
5.879357188917783e-25
5.886472700824064e-25
5.897588507728731e-25
5.912656852083051e-25
5.931647280808299e-25
5.954545867212439e-25
5.981354416178275e-25
6.01208964943767e-25
6.046782375544752e-25
6.085476641885444e-25
6.128228872189818e-25
6.175106985063162e-25
6.226189499711239e-25
6.2815646234723825e-25
6.3413293261065805e-25
6.405588401747585e-25
6.47445351861507e-25
6.548042261691596e-25
6.626477171167274e-25
6.709884779366068e-25
6.79839465376038e-25
6.892138448498128e-25
6.991248972130754e-25
7.095859276491988e-25
7.206101774683328e-25
7.322107391069213e-25
7.444004753392623e-25
7.5719194278453525e-25
7.705973209064334e-25
7.84628346185051e-25
7.992962525081715e-25
8.146117179765176e-25
8.305848178917984e-25
8.4722498509361e-25
8.645409767199324e-25
8.825408479930293e-25
9.012319337414985e-25
9.206208352213032e-25
9.407134155479837e-25
9.615148007111988e-25
9.830293873885195e-25
1.0052608573438452e-24
1.0282121977114226e-24
1.0518857277287015e-24
1.0762831313840686e-24
1.1014054953822122e-24
1.127253353555563e-24
1.153826736345339e-24
1.1811252263649547e-24
1.2091480194988524e-24
1.2378939917267743e-24
1.26736177118293e-24
1.2975498178159149e-24
1.3284565065096084e-24
1.360080219438208e-24
1.3924194426243551e-24
1.4254728713669494e-24
1.4592395201213896e-24
1.4937188432904542e-24
1.528910860965987e-24
1.5648162941369631e-24
1.6014367090760739e-24
1.638774668187077e-24
1.6768338945408397e-24
1.7156194414283594e-24
1.7551378759346896e-24
1.7953974705383724e-24
1.836408405989816e-24
1.878182985556174e-24
1.920735861610073e-24
1.9640842729609547e-24
2.0082482907183902e-24
2.0532510819138307e-24
2.099119178827465e-24
2.1458827646085417e-24
2.193575965412364e-24
2.24223715719938e-24
2.291909281595776e-24
2.3426401704430114e-24
2.3944828832857254e-24
2.4474960476911063e-24
2.5017442117313512e-24
2.5572982026867232e-24
2.6142354839645132e-24
2.67264053351648e-24
2.7326051992832124e-24
2.7942290800197433e-24
2.857619893320006e-24
2.9228938453014658e-24
2.9901759960832283e-24
3.059600622130355e-24
3.1313115723749166e-24
3.20546262020744e-24
3.282217799071736e-24
3.361751737971553e-24
3.4442499849888606e-24
3.529909318381995e-24
3.618938047749373e-24
3.711556314050282e-24
3.8079963713461754e-24
3.9085028646716045e-24
4.013333110452294e-24
4.12275736434559e-24
4.2370590968173335e-24
4.3565352636932885e-24
4.48149660305081e-24
4.61226792464324e-24
4.74918841880812e-24
4.892612002901329e-24
5.042907674786892e-24
5.200459905351824e-24
5.365669064501926e-24
5.538951899524385e-24
5.720742038330634e-24
5.91149055024638e-24
6.111666585372889e-24
6.3217580184305676e-24
6.542272202000116e-24
6.773736759539011e-24
7.016700450767934e-24
7.271734096575582e-24
7.539431583182738e-24
7.820410932090668e-24
8.115315437249044e-24
8.424814882154844e-24
8.749606829139172e-24
9.09041796207603e-24
9.44800554612895e-24
9.823158909514522e-24
1.0216701044335928e-23
1.0629490241461381e-23
1.1062421838501632e-23
1.1516430024369875e-23
1.1992489721972052e-23
1.2491618543004908e-23
1.3014878838089015e-23
1.356337982903899e-23
1.4138279776081807e-23
1.4740788311289293e-23
1.537216877608773e-23
1.6033740704738983e-23
1.6726882334283757e-23
1.7453033314770805e-23
1.8213697359434686e-23
1.9010445131485688e-23
1.9844917145807143e-23
2.0718826802098985e-23
2.1633963487678665e-23
