5.107352611910424e-24
5.1068560451457345e-24
5.1063888334702396e-24
5.105948703695833e-24
5.1055335525033885e-24
5.105141432150193e-24
5.104770537359591e-24
5.104419193300275e-24
5.104085844551579e-24
5.103769044979806e-24
5.103467448436414e-24
5.103179800218656e-24
5.102904929218435e-24
5.10264174070086e-24
5.1023892096631075e-24
5.1021463747147866e-24
5.101912332443433e-24
5.101686232213146e-24
5.10146727136743e-24
5.1012546907925684e-24
5.101047770815416e-24
5.1008458274032025e-24
5.10064820863743e-24
5.100454291437607e-24
5.100263478515828e-24
5.1000751955324724e-24
5.099888888443088e-24
5.099704021012752e-24
5.099520072483826e-24
5.099336535381167e-24
5.0991529134421844e-24
5.098968719659086e-24
5.098783474414755e-24
5.098596703717961e-24
5.098407937507008e-24
5.098216708026986e-24
5.098022548266165e-24
5.0978249904469554e-24
5.097623564555717e-24
5.0974177969176366e-24
5.097207208795502e-24
5.096991315016083e-24
5.096769622617261e-24
5.0965416295010054e-24
5.096306823102846e-24
5.096064679052351e-24
5.095814659847472e-24
5.0955562135015734e-24
5.09528877219839e-24
5.095011750912372e-24
5.09472454602169e-24
5.094426533896723e-24
5.094117069443911e-24
5.0937954846367085e-24
5.09346108699524e-24
5.093113158031041e-24
5.092750951651253e-24
5.0923736924949035e-24
5.0919805742395236e-24
5.091570757835194e-24
5.0911433696785826e-24
5.090697499728867e-24
5.0902321995425966e-24
5.089746480244433e-24
5.0892393104098524e-24
5.088709613874946e-24
5.088156267436107e-24
5.087578098490747e-24
5.0869738825408494e-24
5.086342340633537e-24
5.085682136652053e-24
5.084991874517514e-24
5.0842700952867085e-24
5.0835152740615246e-24
5.082725816845585e-24
5.081900057221014e-24
5.0810362528448044e-24
5.080132581885118e-24
5.0791871392481544e-24
5.0781979325690556e-24
5.0771628781980115e-24
5.076079796835522e-24
5.07494640908099e-24
5.0737603307828144e-24
5.0725190680885234e-24
5.071220012414878e-24
5.06986043511853e-24
5.068437481912433e-24
5.0669481670973366e-24
5.065389367544893e-24
5.063757816314218e-24
5.0620500962102334e-24
5.060262632782913e-24
5.058391687272384e-24
5.056433349132265e-24
5.0543835282092205e-24
5.052237946752883e-24
5.049992130871855e-24
5.047641401821428e-24
5.04518086684268e-24
5.042605409607346e-24
5.039909680391925e-24
5.037088085672239e-24
5.034134777635113e-24
5.031043642745248e-24
5.027808290385989e-24
5.024422040973005e-24
5.020877913270095e-24
5.017168611677572e-24
5.013286512896056e-24
5.0092236520613634e-24
5.004971708367242e-24
5.00052199058323e-24
4.9958654217459975e-24
4.990992522957035e-24
4.985893398350673e-24
4.9805577175001924e-24
4.974974698923104e-24
4.969133092573232e-24
4.963021161922265e-24
4.9566266662396726e-24
4.949936841691453e-24
4.942938383122285e-24
4.935617425077486e-24
4.927959522801073e-24
4.9199496338203355e-24
4.911572098744308e-24
4.902810623504973e-24
4.8936482604126674e-24
4.884067391752125e-24
4.874049713464952e-24
4.8635762187821256e-24
4.852627185980431e-24
4.841182165497587e-24
4.829219970818674e-24
4.8167186716141816e-24
4.803655591730839e-24
4.790007307919428e-24
4.775749658855954e-24
4.760857754319374e-24
4.745305998305892e-24
4.729068113570435e-24
4.712117182304608e-24
4.694425696285144e-24
4.675965622782989e-24
4.656708483188102e-24
4.636625462278874e-24
4.615687529341007e-24
4.593865596096506e-24
4.571130705603246e-24
4.547454260133675e-24
4.52280830245314e-24
4.497165844935719e-24
4.470501272350984e-24
4.442790823150851e-24
4.414013168609337e-24
4.384150095744618e-24
4.35318733828367e-24
4.321115563212483e-24
4.28793155205554e-24
4.253639607624726e-24
4.21825324632344e-24
4.181797211664985e-24
4.1443098834045176e-24
4.1058461549888016e-24
4.0664808592524035e-24
4.026312858898655e-24
3.985469890509098e-24
3.944114318568515e-24
3.902449881473804e-24
3.8607296235078145e-24
3.819265019895291e-24
3.778436490757775e-24
3.738705052155603e-24
3.700625169170782e-24
3.664858025787794e-24
3.63218459564835e-24
3.603516815108e-24
3.5799046571603606e-24
3.562535759442731e-24
3.552722808744665e-24
3.55187316936749e-24
3.561433622463319e-24
3.5828039475158515e-24
3.61721424712485e-24
3.665565904037861e-24
3.728244620924005e-24
3.80492570246624e-24
3.89440866740412e-24
3.99453242753168e-24
4.102232380901215e-24
4.213792144933928e-24
4.325306765463934e-24
4.433310282331439e-24
4.5354442064928204e-24
4.630996933609994e-24
4.721156380571269e-24
4.808907902203981e-24
4.898621768052905e-24
4.99546305562836e-24
5.104783301152602e-24
