2.819798697432968e-23
2.827442362855132e-23
2.8347343607031206e-23
2.8416901638641646e-23
2.848324531619335e-23
2.8546515409887575e-23
2.860684616623336e-23
2.866436559311073e-23
2.871919573158136e-23
2.8771452915004665e-23
2.8821248016042836e-23
2.886868668203776e-23
2.8913869559296215e-23
2.895689250674832e-23
2.899784679942815e-23
2.90368193222212e-23
2.907389275425929e-23
2.910914574441685e-23
2.91426530782062e-23
2.9174485836485743e-23
2.920471154626527e-23
2.9233394324021394e-23
2.926059501168067e-23
2.928637130571245e-23
2.931077787950216e-23
2.9333866499280736e-23
2.935568613392906e-23
2.937628305879381e-23
2.9395700953762354e-23
2.941398099584881e-23
2.9431161946447865e-23
2.9447280233407496e-23
2.946237002823439e-23
2.947646331833976e-23
2.9489589974773063e-23
2.950177781537304e-23
2.9513052663578267e-23
2.952343840288565e-23
2.953295702732356e-23
2.95416286877457e-23
2.9549471734257264e-23
2.955650275479222e-23
2.956273660978556e-23
2.9568186463357075e-23
2.95728638106981e-23
2.957677850184065e-23
2.957993876202314e-23
2.958235120841923e-23
2.958402086345942e-23
2.958495116461693e-23
2.958514397093282e-23
2.958459956582839e-23
2.958331665675234e-23
2.958129237117328e-23
2.957852224929713e-23
2.9575000233002455e-23
2.9570718651597714e-23
2.956566820380212e-23
2.9559837936060343e-23
2.955321521720759e-23
2.954578570962028e-23
2.9537533336030323e-23
2.95284402428756e-23
2.9518486759356946e-23
2.9507651352299164e-23
2.9495910577095357e-23
2.9483239023898415e-23
2.946960925906053e-23
2.9454991762509084e-23
2.943935485988141e-23
2.942266464913172e-23
2.9404884922583994e-23
2.9385977083059107e-23
2.936590005430897e-23
2.9344610185518564e-23
2.932206114931698e-23
2.9298203833049566e-23
2.927298622427901e-23
2.9246353287123366e-23
2.921824683247051e-23
2.918860537974902e-23
2.9157364009794954e-23
2.912445420959155e-23
2.908980370669663e-23
2.905333629425643e-23
2.901497164562728e-23
2.897462511783731e-23
2.8932207541495504e-23
2.888762500248514e-23
2.88407786047025e-23
2.879156422292123e-23
2.873987223964496e-23
2.868558726492264e-23
2.8628587839988536e-23
2.856874612217575e-23
2.8505927551400753e-23
2.84399904958179e-23
2.8370785872846435e-23
2.829815675193063e-23
2.8221937924437477e-23
2.814195545380077e-23
2.8058026191191713e-23
2.7969957262755886e-23
2.787754552082236e-23
2.778057696044682e-23
2.7678826095700523e-23
2.7572055294962054e-23
2.746001406913796e-23
2.734243830976976e-23
2.7219049474714016e-23
2.708955371729441e-23
2.695364094955969e-23
2.6810983836493437e-23
2.6661236720924286e-23
2.6504034457568146e-23
2.633899117157837e-23
2.6165698903396015e-23
2.598372616686457e-23
2.5792616368978008e-23
2.559188612314795e-23
2.5381023409377415e-23
2.5159485582910464e-23
2.4926697210356592e-23
2.4682047722229996e-23
2.4424888858175826e-23
2.4154531873827e-23
2.3870244497911924e-23
2.357124760670919e-23
2.3256711575106113e-23
2.292575229160569e-23
2.25774267516415e-23
2.2210728231053316e-23
2.1824580980738437e-23
2.1417834333448336e-23
2.098925620537156e-23
2.05375259300187e-23
2.006122627228007e-23
1.955883459579691e-23
1.9028713018904248e-23
1.8469097564449433e-23
1.787808596908636e-23
1.7253624301669934e-23
1.6593492106073845e-23
1.5895286078851693e-23
1.5156402372596613e-23
1.437401774593254e-23
1.35450702779322e-23
1.2666241199142962e-23
1.1733941255304395e-23
1.0744308869722368e-23
9.693236634361197e-24
8.576465428051786e-24
7.389849020743541e-24
6.130094117636963e-24
4.797056653532328e-24
3.402580321499717e-24
2.0206289826126376e-24
1.22828630509589e-24
2.247187727102524e-24
4.020959783206757e-24
6.054673023000274e-24
8.290925958033862e-24
1.0731330088013867e-23
1.33926708836628e-23
1.629947389284099e-23
1.9482736618417628e-23
2.298040093317899e-23
2.6838674590117315e-23
3.11140652878111e-23
3.5876253141866295e-23
4.121209000651415e-23
4.723122255793908e-23
5.407411769364569e-23
6.19237688264088e-23
7.102319519598053e-23
8.170236461672974e-23
9.442103144092844e-23
1.0983962447992792e-22
1.2894215630333717e-22
1.532616834139858e-22
1.8532354249650917e-22
2.295963221912205e-22
2.9477750078052573e-22
4.0019477932144606e-22
5.979736041133264e-22
1.072346794206327e-21
2.074847391844781e-21
1.1888236212044268e-21
6.80022011071647e-22
4.713268034521558e-22
3.6127470075424345e-22
2.934814337512018e-22
2.4736507134897993e-22
2.1376437386287337e-22
1.8800826789994792e-22
1.674711888315531e-22
1.5056518491868056e-22
1.3627342188451607e-22
1.2391417180862771e-22
1.130127264064353e-22
1.0322776547377719e-22
