4.782208361596801e-22
4.782720089848471e-22
4.783204292416309e-22
4.783661996989314e-22
4.78409417499356e-22
4.784501743658e-22
4.784885567964819e-22
4.785246462487972e-22
4.785585193124202e-22
4.78590247872154e-22
4.786198992608311e-22
4.786475364020173e-22
4.786732179441742e-22
4.786969983850239e-22
4.787189281874495e-22
4.787390538866771e-22
4.787574181890503e-22
4.787740600630396e-22
4.787890148217259e-22
4.788023141979301e-22
4.788139864117577e-22
4.78824056230319e-22
4.788325450204063e-22
4.788394707940495e-22
4.788448482466491e-22
4.788486887878641e-22
4.788510005666709e-22
4.788517884876246e-22
4.788510542222451e-22
4.788487962118202e-22
4.788450096645409e-22
4.788396865450657e-22
4.78832815557751e-22
4.788243821222099e-22
4.788143683426353e-22
4.78802752969823e-22
4.787895113558421e-22
4.787746154016534e-22
4.7875803349764e-22
4.787397304562583e-22
4.787196674372747e-22
4.786978018653284e-22
4.786740873393373e-22
4.786484735338694e-22
4.78620906092689e-22
4.78591326512343e-22
4.785596720186161e-22
4.785258754326016e-22
4.784898650283006e-22
4.784515643797305e-22
4.784108921989458e-22
4.7836776216248735e-22
4.783220827289535e-22
4.782737569427063e-22
4.782226822295404e-22
4.781687501770368e-22
4.781118463048916e-22
4.780518498205548e-22
4.779886333629334e-22
4.77922062731151e-22
4.778519965991771e-22
4.777782862133702e-22
4.777007750794964e-22
4.776192986248104e-22
4.775336838516556e-22
4.774437489664187e-22
4.773493029936045e-22
4.772501453682335e-22
4.771460655084425e-22
4.7703684236722475e-22
4.7692224396043465e-22
4.768020268720872e-22
4.766759357366886e-22
4.7654370269052115e-22
4.76405046804407e-22
4.762596734814179e-22
4.761072738284911e-22
4.759475239935702e-22
4.757800844815393e-22
4.756045994172755e-22
4.754206957941709e-22
4.752279826703302e-22
4.750260503353556e-22
4.748144694282198e-22
4.7459279002335155e-22
4.743605406624471e-22
4.741172273442093e-22
4.738623324616738e-22
4.735953136966505e-22
4.733156028511269e-22
4.730226046256157e-22
4.727156953348729e-22
4.723942215750947e-22
4.72057498806475e-22
4.717048098803739e-22
4.713354034951474e-22
4.709484925659897e-22
4.705432525278601e-22
4.701188195542026e-22
4.696742886773683e-22
4.692087118280132e-22
4.687210957839322e-22
4.682103999888679e-22
4.676755343158166e-22
4.6711535667349885e-22
4.665286705026865e-22
4.659142221793932e-22
4.652706982571436e-22
4.645967225693735e-22
4.638908532395671e-22
4.631515794567298e-22
4.6237731817024265e-22
4.615664105639001e-22
4.607171184004894e-22
4.598276201014661e-22
4.588960067490045e-22
4.579202777331785e-22
4.568983363180881e-22
4.558279848817745e-22
4.547069199397457e-22
4.535327269116998e-22
4.523028746242168e-22
4.510147094613034e-22
4.496654493084872e-22
4.482521769972246e-22
4.4677183360778e-22
4.4522121121887525e-22
4.43596945334528e-22
4.418955068621531e-22
4.401131936450454e-22
4.382461214612279e-22
4.362902145257124e-22
4.342411953959891e-22
4.32094574278849e-22
4.298456376841117e-22
4.274894361954216e-22
4.250207717240584e-22
4.224341835197461e-22
4.1972393368001173e-22
4.1688399116081517e-22
4.1390801496141843e-22
4.1078933572272607e-22
4.0752093612767926e-22
4.0409542971928173e-22
4.005050375453118e-22
3.967415630195697e-22
3.9279636457808896e-22
3.8866032508727916e-22
3.8432381880009715e-22
3.797766741737095e-22
3.750081326395132e-22
3.700068027466357e-22
3.647606074707307e-22
3.592567252580068e-22
3.5348152253415195e-22
3.4742047506731254e-22
3.4105807718837357e-22
3.3437773476740806e-22
3.27361639284053e-22
3.199906151889161e-22
3.1224393726037996e-22
3.0409910554838415e-22
2.955315665466609e-22
2.865143642836399e-22
2.7701769536835696e-22
2.670083343811159e-22
2.564488828549743e-22
2.4529676659471147e-22
2.335028769371088e-22
2.2100969279924843e-22
2.0774862925818415e-22
1.9363620493349029e-22
1.7856835647522661e-22
1.6241174939630814e-22
1.4499004075723195e-22
1.260612821869956e-22
1.0527898404242688e-22
8.212118135921105e-23
5.575239230073394e-23
2.4739351250425745e-23
1.3912310082313973e-23
6.59417773142018e-23
1.4864469111825708e-22
3.327561100927689e-22
1.7634335988436453e-21
6.225073297654513e-22
2.383751909742545e-22
1.1624175100595229e-22
4.5183625704136914e-23
8.237955365069538e-24
5.325354023791253e-23
9.471862528452729e-23
1.344770496978465e-22
1.7365608883625215e-22
2.129533367515884e-22
2.5283633893272585e-22
2.9364184791750256e-22
3.3562863413910466e-22
3.790073656997701e-22
4.239584328483267e-22
4.706430660423811e-22
