2.7054096953566117e-24
2.2082438202598745e-24
1.74103350673187e-24
1.3029462306431114e-24
8.934692796296711e-25
5.132877026155807e-25
1.7540441220259647e-25
2.103921970796616e-25
5.039275121586869e-25
7.843266708361576e-25
1.0431753269730032e-24
1.279779168980892e-24
1.4942816187527225e-24
1.686994329176401e-24
1.858255924763533e-24
2.008389799153614e-24
2.1376887132225906e-24
2.246408431032311e-24
2.334764880971537e-24
2.402932832029036e-24
2.4510452601568142e-24
2.4791930348601917e-24
2.4874247500831324e-24
2.475746614579617e-24
2.4441223655617904e-24
2.3924732015704383e-24
2.3206777606792478e-24
2.2285722111244567e-24
2.11595059282867e-24
1.982565690951876e-24
1.8281310360286626e-24
1.6523253789394023e-24
1.4548030022977907e-24
1.2352193751950862e-24
9.933041141164595e-25
7.291198460664061e-25
4.444281163573961e-25
1.6124340084485908e-25
2.5292861075464536e-25
6.034449785758637e-25
9.927890655022362e-25
1.4123071081718179e-24
1.8614770896416416e-24
2.3408863132440365e-24
2.8514573863989295e-24
3.39427921198005e-24
3.9705569798152055e-24
4.581595429162531e-24
5.22879376883932e-24
5.91364544466777e-24
6.637740251803276e-24
7.402767765953374e-24
8.210521640222198e-24
9.062904559612456e-24
9.961933759585535e-24
1.0909747072652833e-23
1.1908609498400223e-23
1.2960920311024667e-23
1.4069220730836803e-23
1.5236202195270475e-23
1.646471527252439e-23
1.775777926781937e-23
1.9118592579056173e-23
2.0550543865638996e-23
2.205722410169683e-23
2.3642439593089946e-23
2.5310226046512972e-23
2.7064863789056574e-23
2.8910894247650686e-23
3.0853137810419917e-23
3.289671320602702e-23
3.504705855301033e-23
3.730995424915997e-23
3.9691547891355354e-23
4.2198381439535763e-23
4.483742086484615e-23
4.7616088552200723e-23
5.0542298761853745e-23
5.362449649413995e-23
5.687170014666752e-23
6.029354840553397e-23
6.390035187191454e-23
6.770314999506702e-23
7.17137739627435e-23
7.594491629372648e-23
8.041020798533074e-23
8.512430419579317e-23
9.010297958943276e-23
9.536323464648615e-23
1.0092341444442401e-22
1.0680334165875207e-22
1.130244658176451e-22
1.19610031184589e-22
1.2658526604779982e-22
1.3397759667986248e-22
1.4181688981221468e-22
1.5013572816956626e-22
1.5896972445671906e-22
1.6835788021949922e-22
1.7834299725665456e-22
1.889721507994992e-22
2.002972355680694e-22
2.1237559815921696e-22
2.2527077213412344e-22
2.3905333582119977e-22
2.5380191743087336e-22
2.6960437788347697e-22
2.865592091321857e-22
3.0477719523511346e-22
3.243833956454062e-22
3.4551952609102562e-22
3.6834683324599078e-22
3.930495869526182e-22
4.198393505034155e-22
4.489602390036276e-22
4.80695443187475e-22
5.153753887555649e-22
5.5338803033026565e-22
5.951919610322853e-22
6.413332787701962e-22
6.924675276571755e-22
7.493885893945491e-22
8.130672347023101e-22
8.847033230289397e-22
9.657976372082997e-22
1.0582525389683722e-21
1.1645158895919236e-21
1.2877915822745132e-21
1.4323556136908568e-21
1.604044947914668e-21
1.8110402131241558e-21
2.065170707716531e-21
2.3841979530862974e-21
2.7960524690009313e-21
3.34728531019391e-21
4.1215542501801594e-21
5.285265430351856e-21
7.220631677843104e-21
1.1018062223339785e-20
2.0960010852949265e-20
3.8503640001208914e-20
1.8648645740606492e-20
1.0923228627910333e-20
7.727508443302362e-21
6.02208852408474e-21
4.968362886018759e-21
4.254693920747146e-21
3.74018459711941e-21
3.352134227907889e-21
3.0493134317889137e-21
2.8066242632242955e-21
2.6079235640523753e-21
2.442360260061937e-21
2.3023727255479634e-21
2.1825308035937224e-21
2.078834457199739e-21
1.988272063455214e-21
1.9085327902770734e-21
1.8378138234800564e-21
1.7746878698844977e-21
1.71801004525359e-21
1.6668511374114608e-21
1.6204489251836433e-21
1.578172098423319e-21
1.53949313389257e-21
1.5039676355104283e-21
1.4712184101353693e-21
1.440923058782949e-21
1.4128042097440955e-21
1.3866217603492865e-21
1.3621666582231478e-21
1.3392558803713747e-21
1.31772834465246e-21
1.2974415615281399e-21
1.2782688691702269e-21
1.2600971400927011e-21
1.2428248653613937e-21
1.2263605455518439e-21
1.2106213323641178e-21
1.195531876380516e-21
1.181023342824217e-21
1.1670325704247418e-21
1.153501345129873e-21
1.1403757721637586e-21
1.1276057322423484e-21
1.1151444039844455e-21
1.1029478479764158e-21
1.090974638277226e-21
1.079185537903804e-21
1.0675432103289048e-21
1.0560119599800431e-21
1.0445575020293488e-21
1.0331467529466333e-21
1.0217476413069504e-21
1.010328935281594e-21
9.988600840300451e-22
9.873110731946677e-22
9.756522880372897e-22
9.638543893591864e-22
9.518881933646805e-22
9.397245612566009e-22
