4.284663523844494e-12
4.1883325812340266e-12
4.095410991990334e-12
4.0042720728493755e-12
3.915524361148312e-12
3.827647742213498e-12
3.743830218153181e-12
3.658244127845634e-12
3.577203437065249e-12
3.4969820418278444e-12
3.41933286965353e-12
3.342000696003619e-12
3.2671969157404795e-12
3.1932991921753986e-12
3.121691503139416e-12
3.0508463494842824e-12
2.982522980333882e-12
2.9152319579307373e-12
2.8497781302603296e-12
2.7849263273742917e-12
2.722165247160107e-12
2.660491654295958e-12
2.60058590460513e-12
2.5415084641591475e-12
2.483752816049898e-12
2.427959080078024e-12
2.3726245324383843e-12
2.3187210064100332e-12
2.2658103428349993e-12
2.21460095177366e-12
2.1643580744856213e-12
2.115013830869538e-12
2.0668422002138332e-12
2.0195100890718077e-12
1.973321146796561e-12
1.928561035140213e-12
1.8844628222403125e-12
1.841536692035841e-12
1.7992691534882285e-12
1.7581866854790313e-12
1.7180096115727593e-12
1.6786502934278276e-12
1.6401109111820582e-12
1.6026082202958036e-12
1.5658256513755156e-12
1.5298403017570952e-12
1.4945322923201319e-12
1.460263748866311e-12
1.4267158792873264e-12
1.393779128831385e-12
1.3616037328795334e-12
1.3301668884406532e-12
1.299489156289466e-12
1.2694838619144597e-12
1.240130806068806e-12
1.21136775425535e-12
1.1832899987061598e-12
1.1557811061631575e-12
1.128894184068833e-12
1.1027253883181944e-12
1.0770084308684769e-12
1.051930626153143e-12
1.0274009072937424e-12
1.0033143897165886e-12
9.798346542731742e-13
9.56907623053876e-13
9.344300152913506e-13
9.124423206944242e-13
8.909531031583124e-13
8.69951326937375e-13
8.493666805119441e-13
8.29296034223181e-13
8.096076354496191e-13
7.90336315112706e-13
7.715268875075019e-13
7.531425336700405e-13
7.351301627768691e-13
7.174947673604992e-13
7.002523780008136e-13
6.833595866120162e-13
6.668772589415921e-13
6.507127087690608e-13
6.349249529422329e-13
6.194404338170513e-13
6.042964175300123e-13
5.894767355584358e-13
5.749681468910074e-13
5.607807328516353e-13
5.468806393193984e-13
5.332709468674669e-13
5.199470504786892e-13
5.069186385291506e-13
4.941405244824713e-13
4.816382262456963e-13
4.693984463267861e-13
4.574041833182346e-13
4.4566384799907337e-13
4.3415785420882795e-13
4.2289350836393304e-13
4.11856682035329e-13
4.0103970640425066e-13
3.9044858198713047e-13
3.800697925346022e-13
3.699056361885127e-13
3.5992787206501334e-13
3.5016624315871744e-13
3.4058820544920757e-13
3.3120770472423103e-13
3.220060406667576e-13
3.129897544159044e-13
3.0415142251307693e-13
2.954906108226224e-13
2.8698887621952896e-13
2.7865804312695163e-13
2.704857934848655e-13
2.6247134212448015e-13
2.546178393423458e-13
2.469085121902415e-13
2.3935503841795466e-13
2.3193864156199363e-13
2.2467128458694845e-13
2.1754401344070716e-13
2.1054710645746084e-13
2.0368530988291957e-13
1.969569715488831e-13
1.9035786561110526e-13
1.8388392224759005e-13
1.7753393445740537e-13
1.7130935232010137e-13
1.6520248491482558e-13
1.5921672543969966e-13
1.5334331475440798e-13
1.475884329606211e-13
1.4194583775311183e-13
1.3641399648352608e-13
1.3099401517213172e-13
1.256803838141122e-13
1.2047674220549334e-13
1.1537728444198255e-13
1.1038212976884258e-13
1.0549177933355145e-13
1.0070172678866536e-13
9.601548804008182e-14
9.142759477534779e-14
8.694054880107701e-14
8.255055853782528e-14
7.825924084838635e-14
7.406436399107758e-14
6.996407700734767e-14
6.596062380265106e-14
6.204883165738945e-14
5.823256693863009e-14
5.45070190435493e-14
5.087392554260839e-14
4.7331570906313636e-14
4.387938998520001e-14
4.051578605163246e-14
3.7241107895428987e-14
3.405322636409116e-14
3.095230397684213e-14
2.7937084070450754e-14
2.5006791343240375e-14
2.2160355525860548e-14
1.9396697129069262e-14
1.6714932863111767e-14
1.4114359234905101e-14
1.159368662537415e-14
9.151998895542416e-15
6.788288156908104e-15
4.501602184259911e-15
2.291408422687726e-15
1.8399377835865512e-16
1.9135682788148217e-15
3.902971774122427e-15
5.822046608880105e-15
7.67127395728436e-15
9.451566837742053e-15
1.1164225999468353e-14
1.2810178180318727e-14
1.4390661936352455e-14
1.5906826861774046e-14
1.7359752702329214e-14
1.8750578706250863e-14
2.0080350884358647e-14
2.135034671134755e-14
2.2561338197057075e-14
2.371470197618472e-14
2.4811187353379492e-14
2.5851940444814742e-14
2.6837658519106092e-14
2.7769643100215443e-14
2.8648511890314766e-14
2.9475078327151384e-14
3.0250283353028416e-14
3.097475217479209e-14
3.164926420080302e-14
3.227453582644934e-14
3.285085138227927e-14
3.3378940524726615e-14
3.3859319646221724e-14
3.4292440059872985e-14
