2.428291535102278e-24
2.3190613519262818e-24
2.214901987425783e-24
2.11559325321486e-24
2.0209253066859473e-24
1.930698202897633e-24
1.8447214662564462e-24
1.7628136808679908e-24
1.684802098292946e-24
1.610522261527421e-24
1.5398176440120802e-24
1.4725393023130233e-24
1.4085455413713358e-24
1.3477015907715475e-24
1.2898792909196723e-24
1.2349567876128963e-24
1.1828182336045146e-24
1.1333534958864366e-24
1.086457867186146e-24
1.042031780375816e-24
9.999805245953673e-25
9.602139619002048e-25
9.226462436231484e-25
8.87195525719359e-25
8.537836829570235e-25
8.223360219477615e-25
7.927809939658496e-25
7.650499086691237e-25
7.390766507914254e-25
7.147974026036053e-25
6.921503753387722e-25
6.7107555373082165e-25
6.515144580341147e-25
6.334099284041501e-25
6.167059363191642e-25
6.013474275293858e-25
5.872802005069019e-25
5.744508230643992e-25
5.628065889557537e-25
5.522955142337492e-25
5.428663720562623e-25
5.344687625141526e-25
5.270532126808325e-25
5.205713011314858e-25
5.149757997150994e-25
5.102208253346603e-25
5.062619944932626e-25
5.0305657337102195e-25
5.005636174420687e-25
4.987440953863667e-25
4.975609933704763e-25
4.969793970819762e-25
4.969665499784208e-25
4.974918877079378e-25
4.9852704919186525e-25
5.000458659275117e-25
5.020243317031125e-25
5.044405549557435e-25
5.072746966368962e-25
5.105088961665615e-25
5.141271881654965e-25
5.181154124463598e-25
5.224611194926008e-25
5.271534734700333e-25
5.321831545751569e-25
5.3754226192209865e-25
5.432242185320721e-25
5.49223679147081e-25
5.555364416142485e-25
5.621593624604858e-25
5.690902771194478e-25
5.763279247939139e-25
5.83871878381839e-25
5.917224792217407e-25
5.998807768556031e-25
6.083484734989444e-25
6.1712787320876385e-25
6.262218355054045e-25
6.356337332021111e-25
6.453674143444333e-25
6.554271678734384e-25
6.658176929233695e-25
6.765440712919829e-25
6.876117434091512e-25
6.990264865381628e-25
7.107943965325679e-25
7.22921870929555e-25
7.354155954622342e-25
7.482825319214382e-25
7.615299080856536e-25
7.751652096479233e-25
7.891961733365697e-25
8.03630781911861e-25
8.184772602547472e-25
8.337440727968113e-25
8.494399218169997e-25
8.655737471774053e-25
8.82154726569811e-25
8.991922769232622e-25
9.166960562064757e-25
9.346759663486688e-25
9.531421565332347e-25
9.721050271245683e-25
9.915752342032636e-25
1.0115636944459635e-24
1.0320815903769191e-24
1.0531403768391517e-24
1.0747517865717911e-24
1.0969278370832817e-24
1.1196808377912714e-24
1.1430233969917432e-24
1.1669684298220414e-24
1.1915291656366946e-24
1.216719157154875e-24
1.2425522882767015e-24
1.2690427828919336e-24
1.2962052144114002e-24
1.3240545145909328e-24
1.352605984219502e-24
1.3818753017464612e-24
1.4118785345267713e-24
1.442632149495105e-24
1.4741530233334523e-24
1.506458454257535e-24
1.5395661737690546e-24
1.5734943579262732e-24
1.608261640110489e-24
1.6438871238208937e-24
1.6803903951546654e-24
1.7177915374841884e-24
1.756111143627633e-24
1.7953703317010983e-24
1.8355907594760802e-24
1.8767946398180996e-24
1.9190047557032865e-24
1.962244479082373e-24
2.0065377841536907e-24
2.0519092683501202e-24
2.098384168766377e-24
2.1459883821334875e-24
2.194748483162412e-24
2.2446917457219107e-24
2.2958461649280107e-24
2.3482404760759694e-24
2.4019041818806603e-24
2.4568675715943187e-24
2.5131617494644012e-24
2.570818657909897e-24
2.6298711069174013e-24
2.6903527991984964e-24
2.7522983607855254e-24
2.8157433714817223e-24
2.8807243957073347e-24
2.9472790190580876e-24
3.015445876707285e-24
3.0852646947611578e-24
3.156776327919548e-24
3.230022794515618e-24
3.305047324563099e-24
3.381894400941697e-24
3.460609798519885e-24
3.54124064659475e-24
3.623835461172784e-24
3.708444211029048e-24
3.795118369996333e-24
3.883910975828187e-24
3.974876680248588e-24
4.0680718322346916e-24
4.163554530909478e-24
4.261384703476367e-24
4.3616241776910004e-24
4.4643367659720025e-24
4.569588333127864e-24
4.677446907936485e-24
4.787982760971204e-24
4.901268491432604e-24
5.0173791613014845e-24
5.1363923742889896e-24
5.2583884034794624e-24
5.3834503154166246e-24
5.511664092677876e-24
5.6431187713539044e-24
5.777906583672348e-24
5.916123118192745e-24
6.0578674438260316e-24
6.2032423373785244e-24
6.352354428342448e-24
6.505314393354332e-24
6.662237140402433e-24
6.823242054863119e-24
6.988453200369775e-24
7.157999600877775e-24
7.332015412716378e-24
7.510640260800204e-24
7.694019506494991e-24
7.882304530471237e-24
8.075653124903888e-24
8.27422967827279e-24
8.478205710808565e-24
8.687760141309941e-24
8.903079776522316e-24
