2.2235557006534502e-24
2.7183088558174873e-24
3.2015968084518358e-24
3.674141463675892e-24
4.136755776304219e-24
4.590273672730223e-24
5.0355222760369585e-24
5.473309945207101e-24
5.90442101534434e-24
6.3296136554335726e-24
6.749619280204792e-24
7.165142777951755e-24
7.57686318232472e-24
7.98543458707847e-24
8.391487195388183e-24
8.79562843643805e-24
9.198444113575772e-24
9.600499557961081e-24
1.0002340774548898e-23
1.0404495569431368e-23
1.0807474654053858e-23
1.1211772720483874e-23
1.1617869487956956e-23
1.2026230716228662e-23
1.2437309187922223e-23
1.2851545656799898e-23
1.3269369765357512e-23
1.3691200927954452e-23
1.4117449185250837e-23
1.4548516024517392e-23
1.4984795171563053e-23
1.542667335399945e-23
1.587453103402436e-23
1.6328743115849354e-23
1.678967962524958e-23
1.7257706365080324e-23
1.77331855451799e-23
1.8216476389395333e-23
1.870793572112003e-23
1.9207918527123277e-23
1.9716778500758033e-23
2.0234868566127406e-23
2.0762541386287928e-23
2.130014984966434e-23
2.1848047546486875e-23
2.240658922378891e-23
2.29761312318793e-23
2.3557031952867726e-23
2.4149652219250634e-23
2.4754355720761198e-23
2.537150939974829e-23
2.6001483836203238e-23
2.664465362531507e-23
2.730139774519817e-23
2.79720999181251e-23
2.865714896222799e-23
2.935693914000289e-23
3.0071870499485594e-23
3.0802349212353037e-23
3.1548787902656366e-23
3.231160597920678e-23
3.3091229957189e-23
3.3888093783618734e-23
3.47026391549523e-23
3.553531583679251e-23
3.6386581981890854e-23
3.725690444567713e-23
3.814675910324459e-23
3.905663116529704e-23
3.998701549555149e-23
4.0938416928609287e-23
4.1911350591721474e-23
4.2906342219885697e-23
4.3923928484836275e-23
4.496465731948335e-23
4.602908824610242e-23
4.7117792705076344e-23
4.8231354393346085e-23
4.937036960403757e-23
5.0535447564913724e-23
5.172721078986466e-23
5.294629542818383e-23
5.419335162078301e-23
5.546904386637591e-23
5.677405138225242e-23
5.810906848046225e-23
5.947480495042816e-23
6.087198643573133e-23
6.230135483532736e-23
6.376366869054062e-23
6.525970360256573e-23
6.67902526310603e-23
6.835612672712362e-23
6.995815515078633e-23
7.159718590996213e-23
7.32740861979343e-23
7.498974285511502e-23
7.674506281631946e-23
7.854097358508602e-23
8.037842370809451e-23
8.225838325732728e-23
8.418184433819228e-23
8.614982157171694e-23
8.816335262659752e-23
9.022349872104586e-23
9.233134518610737e-23
9.448800197724133e-23
9.6694604236942e-23
9.895231287164189e-23
1.0126231509101931e-22
1.0362582501953819e-22
1.060440842829215e-22
1.085183626036462e-22
1.1104995841871255e-22
1.136401995040407e-22
1.1629044360629789e-22
1.1900207909985347e-22
1.2177652562476402e-22
1.2461523476710449e-22
1.2751969072518062e-22
1.3049141100647504e-22
1.3353194711561352e-22
1.3664288528463529e-22
1.3982584714196722e-22
1.4308249050156311e-22
1.4641451004185353e-22
1.4982363809269315e-22
1.5331164537010114e-22
1.5688034174128944e-22
1.6053157701528284e-22
1.6426724165947823e-22
1.6808926768663002e-22
1.7199962936659308e-22
1.7600034403198187e-22
1.800934729080594e-22
1.8428112192666008e-22
1.8856544249299494e-22
1.9294863231332785e-22
1.9743293624691635e-22
2.02020647064387e-22
2.0671410629945764e-22
2.1151570500026046e-22
2.164278846052669e-22
2.2145313772962698e-22
2.265940088369494e-22
2.3185309523000587e-22
2.37233047566236e-22
2.42736570809839e-22
2.4836642491268005e-22
2.541254253629743e-22
2.6001644414815597e-22
2.6604241018106597e-22
2.7220631005689585e-22
2.785111885170863e-22
2.849601491809669e-22
2.915563548870254e-22
2.983030281775175e-22
3.0520345181726515e-22
3.122609689027124e-22
3.1947898336623625e-22
3.2686096004026835e-22
3.344104248889198e-22
3.421309646140169e-22
3.5002622735377217e-22
3.5809992163262335e-22
3.6635581666083764e-22
3.747977416678537e-22
3.834295852656397e-22
3.9225529483730867e-22
4.012788755508228e-22
4.105043892926454e-22
4.199359534590503e-22
4.295777392381334e-22
4.394339701698233e-22
4.495089197108067e-22
4.598069096202199e-22
4.703323068277019e-22
4.810895205069588e-22
4.92082999374324e-22
5.033172277537755e-22
5.147967213153572e-22
5.265260230092006e-22
5.38509697856605e-22
5.50752327868619e-22
5.63258505338139e-22
5.760328270662133e-22
5.89079886463844e-22
6.024042658627557e-22
6.160105280629184e-22
6.299032067204064e-22
6.440867953109558e-22
6.585657368007317e-22
6.733444109137835e-22
6.884271211125951e-22
7.038180791572843e-22
7.195213904621994e-22
7.355410360769434e-22
7.518808543271852e-22
7.685445215117428e-22
7.855355285692768e-22
8.028571590140593e-22
