3.819910163498508e-24
3.819190681958787e-24
3.818523754415887e-24
3.817904270403741e-24
3.817327542927105e-24
3.816789270513152e-24
3.816285502476769e-24
3.815812607129058e-24
3.815367242674183e-24
3.814946330566427e-24
3.814547031114008e-24
3.814166721133916e-24
3.813802973480881e-24
3.813453538285029e-24
3.8131163257474904e-24
3.812789390357564e-24
3.812470916403367e-24
3.812159204660708e-24
3.811852660155131e-24
3.811549780897489e-24
3.811249147505794e-24
3.8109494136307334e-24
3.8106492971104136e-24
3.810347571785858e-24
3.810043059912261e-24
3.809734625111502e-24
3.8094211658113766e-24
3.8091016091193514e-24
3.808774905094599e-24
3.808440021366926e-24
3.808095938072528e-24
3.807741643067563e-24
3.8073761273898296e-24
3.806998380935417e-24
3.8066073883241685e-24
3.806202124934487e-24
3.8057815530701784e-24
3.8053446182508845e-24
3.804890245597665e-24
3.804417336298036e-24
3.803924764128262e-24
3.80341137202199e-24
3.802875968659842e-24
3.802317325079834e-24
3.801734171273577e-24
3.80112519277535e-24
3.800489027211123e-24
3.799824260814041e-24
3.799129424877619e-24
3.7984029921413606e-24
3.797643373098703e-24
3.796848912215499e-24
3.796017884038489e-24
3.795148489194779e-24
3.794238850266798e-24
3.793287007522937e-24
3.7922909145100056e-24
3.791248433470157e-24
3.79015733060636e-24
3.7890152711442535e-24
3.787819814209598e-24
3.7865684075001524e-24
3.785258381719711e-24
3.783886944806669e-24
3.7824511758792e-24
3.780948018958958e-24
3.779374276380883e-24
3.777726601957434e-24
3.776001493784494e-24
3.77419528678195e-24
3.772304144843938e-24
3.7703240526933265e-24
3.768250807299012e-24
3.766080008973494e-24
3.763807051979797e-24
3.76142711480625e-24
3.7589351499007284e-24
3.756325872977224e-24
3.753593751854637e-24
3.750732994705755e-24
3.747737537829482e-24
3.7446010328283265e-24
3.741316833191195e-24
3.7378779802536995e-24
3.734277188535855e-24
3.7305068303096744e-24
3.7265589196036294e-24
3.722425095312424e-24
3.7180966035843996e-24
3.71356427945733e-24
3.7088185274787656e-24
3.7038493016462994e-24
3.698646084167741e-24
3.693197863517522e-24
3.687493111205687e-24
3.6815197576658934e-24
3.67526516695385e-24
3.668716110339805e-24
3.6618587385242274e-24
3.6546785527803304e-24
3.6471603746582264e-24
3.639288314415583e-24
3.631045737748863e-24
3.622415231303325e-24
3.613378566425814e-24
3.603916661499315e-24
3.59400954226833e-24
3.583636300471497e-24
3.5727750509017775e-24
3.561402886257419e-24
3.549495829935801e-24
3.537028787014676e-24
3.523975492994608e-24
3.510308460135956e-24
3.495998921315481e-24
3.481016772812192e-24
3.4653305125041775e-24
3.448907177046837e-24
3.431712276212007e-24
3.413709724157528e-24
3.3948617682492566e-24
3.375128915258163e-24
3.3544698543011466e-24
3.33284137730617e-24
3.310198296597707e-24
3.286493360043035e-24
3.2616771624853502e-24
3.2356980559143868e-24
3.2085020565007387e-24
3.1800327488758032e-24
3.1502311900689865e-24
3.1190358108095692e-24
3.0863823166838836e-24
3.0522035886332472e-24
3.0164295850809684e-24
2.9789872463829254e-24
2.939800402233642e-24
2.8987896887389603e-24
2.8558724665523715e-24
2.8109627635025132e-24
2.7639712245722967e-24
2.714805092727804e-24
2.6633682164935066e-24
2.6095611089646747e-24
2.5532810564274003e-24
2.4944223155936577e-24
2.432876410335393e-24
2.3685325740074487e-24
2.301278394120719e-24
2.231000722630378e-24
2.1575869671095656e-24
2.080926918129071e-24
2.0009153262269833e-24
1.9174555874632162e-24
1.8304650469465918e-24
1.7398827373046744e-24
1.6456808468872121e-24
1.5478820622492942e-24
1.4465863260846033e-24
1.342013229244609e-24
1.2345709087881497e-24
1.1249713412940984e-24
1.0144283878834036e-24
9.05004585848274e-25
8.002159901154232e-25
7.060192393104578e-25
6.320519093107873e-25
5.9180965803478845e-25
5.985885994544066e-25
6.57391041089572e-25
7.62380207593364e-25
9.033084334845119e-25
1.0714619919578006e-24
1.2610875751321087e-24
1.4687544102159418e-24
1.6925202267021042e-24
1.9313515047555616e-24
2.1847741031414217e-24
2.4526693698025416e-24
2.7351545755412696e-24
3.032511414264605e-24
3.345142353177367e-24
3.6735434633750314e-24
4.018287255837356e-24
4.3800117429032775e-24
4.759413620747402e-24
5.157244002185122e-24
5.5743059557539414e-24
6.0114534471693724e-24
6.469590948993102e-24
6.949673954411508e-24
7.452709820448922e-24
7.979759176692864e-24
8.53193746436641e-24
9.110417084570503e-24
9.716429386032641e-24
1.0351267264649933e-23
1.1016287753925128e-23
1.1712914849815586e-23
1.2442642647295538e-23
1.320703867263417e-23
