1.6483123712020765e-24
1.615048974186271e-24
1.5840313991948017e-24
1.5551597605735498e-24
1.5283388380214464e-24
1.5034780563628163e-24
1.4804914763911858e-24
1.459297794371877e-24
1.439820347903357e-24
1.4219871260384308e-24
1.405730781746633e-24
1.390988645083496e-24
1.377702735656483e-24
1.3658197733228761e-24
1.3552911862430805e-24
1.3460731157146922e-24
1.3381264174428243e-24
1.3314166590540481e-24
1.3259141138354805e-24
1.3215937507924268e-24
1.3184352211805687e-24
1.3164228416964051e-24
1.3155455745080304e-24
1.3157970042794136e-24
1.3171753122668298e-24
1.3196832475158739e-24
1.3233280951032627e-24
1.3281216412630553e-24
1.3340801352025074e-24
1.3412242473171579e-24
1.3495790235208561e-24
1.359173835338234e-24
1.3700423254794597e-24
1.3822223486422998e-24
1.3957559073681117e-24
1.4106890828968541e-24
1.4270719611287706e-24
1.4449585539163486e-24
1.464406716169574e-24
1.4854780593717428e-24
1.5082378623197374e-24
1.5327549801167148e-24
1.5591017525227003e-24
1.5873539129235738e-24
1.6175904992737333e-24
1.6498937683518255e-24
1.6843491146619305e-24
1.7210449952116608e-24
1.760072861303771e-24
1.8015270982296076e-24
1.845504973536729e-24
1.8921065943446483e-24
1.941434873786089e-24
1.9935955064132466e-24
2.0486969521192737e-24
2.106850427807738e-24
2.1681699057412104e-24
2.232772117335299e-24
2.300776560907987e-24
2.3723055117447957e-24
2.4474840326063824e-24
2.526439983020246e-24
2.60930402521743e-24
2.696209624956511e-24
2.7872930452737613e-24
2.882693331341691e-24
2.9825522846270757e-24
3.0870144248411944e-24
3.196226938011771e-24
3.310339609165558e-24
3.429504738660581e-24
3.553877040943177e-24
3.683613524682754e-24
3.818873353273966e-24
3.959817685959056e-24
4.106609497910392e-24
4.259413380227576e-24
4.4183953185125616e-24
4.583722451188788e-24
4.755562807268156e-24
4.934085024146877e-24
5.1194580458582136e-24
5.311850802771893e-24
5.5114318739743486e-24
5.718369132926346e-24
5.9328293780820396e-24
6.1549779502291556e-24
6.384978337105695e-24
6.622991769255268e-24
6.86917680529974e-24
7.123688914065622e-24
7.386680050023529e-24
7.6582982275488e-24
7.938687096075395e-24
8.227985517055611e-24
8.526327146013877e-24
8.83384001961078e-24
9.150646154545772e-24
9.476861155266443e-24
9.812593831627606e-24
1.0157945837515408e-23
1.0513011316544026e-23
1.087787656927681e-23
1.1252619736580892e-23
1.1637310500855386e-23
1.2032009803265034e-23
1.2436769581592362e-23
1.2851632525957361e-23
1.3276631847416792e-23
1.3711791070060363e-23
1.4157123828580736e-23
1.4612633691286273e-23
1.507831398296975e-23
1.5554147626746013e-23
1.6040106992491217e-23
1.6536153755834794e-23
1.7042238749702425e-23
1.7558301834615443e-23
1.808427176456608e-23
1.862006605705177e-23
1.9165590841602333e-23
1.9720740754927225e-23
2.0285398768642936e-23
2.085943608029485e-23
2.1442711946377133e-23
2.2035073557289114e-23
2.263635588483109e-23
2.32463815502952e-23
2.3864960677406812e-23
2.4491890766249168e-23
2.5126956582811056e-23
2.5769930034018008e-23
2.6420570099971157e-23
2.70786227572456e-23
2.774382094832959e-23
2.841588456878992e-23
2.9094520514249295e-23
2.9779422770211367e-23
3.0470272491241877e-23
3.1166738267061655e-23
3.186847632134121e-23
3.257513081178649e-23
3.3286334288791146e-23
3.40017081155404e-23
3.4720863032061185e-23
3.544339981441556e-23
3.616890996846148e-23
3.689697661651397e-23
3.762717538201786e-23
3.8359075399740826e-23
3.9092240461697137e-23
3.982623017863229e-23
4.056060138105484e-23
4.1294909396511565e-23
4.20287095944358e-23
4.276155895933475e-23
4.349301771471492e-23
4.422265097743901e-23
4.4950030610030923e-23
4.5674736949277665e-23
4.6396360764840694e-23
4.711450500989649e-23
4.782878690545671e-23
4.8538839681250375e-23
4.9244314645651337e-23
4.994488300729219e-23
5.064023796032706e-23
5.133009618869969e-23
5.201420026082931e-23
5.2692319881019206e-23
5.336425390712347e-23
5.40298321927395e-23
5.468891702544089e-23
5.534140481428188e-23
5.598722757045674e-23
5.662635443597614e-23
5.725879358428912e-23
5.788459249172282e-23
5.850384041770881e-23
5.911666939482364e-23
5.972325531363809e-23
6.032381955695529e-23
6.091862991886514e-23
6.150800258192289e-23
6.209230256246201e-23
6.267194612762283e-23
6.324740157105638e-23
6.381919109338625e-23
6.438789254695878e-23
6.495414077837219e-23
6.551863034055303e-23
6.608211664842184e-23
6.66454194040019e-23
6.720942412300536e-23
6.777508481346408e-23
6.834342817175395e-23
6.891555426746853e-23
6.949264244339644e-23
7.007595402427332e-23
7.066683649548687e-23
7.126672681389283e-23
