8.282032752155942e-23
8.31257423691172e-23
8.341592403561522e-23
8.369148837943563e-23
8.395302021964204e-23
8.420107457905824e-23
8.443617786395463e-23
8.465882898278742e-23
8.48695004062518e-23
8.5068639171288e-23
8.525666783049754e-23
8.543398535008496e-23
8.560096795701009e-23
8.575796993807032e-23
8.590532439198775e-23
8.604334393701606e-23
8.617232137419465e-23
8.62925303087445e-23
8.640422573112826e-23
8.650764455735981e-23
8.660300613187965e-23
8.669051269283942e-23
8.677034980018894e-23
8.68426867292034e-23
8.690767682899264e-23
8.696545784676544e-23
8.701615221935076e-23
8.705986733166004e-23
8.709669574354141e-23
8.712671538407345e-23
8.714998971614701e-23
8.716656786853156e-23
8.717648473821812e-23
8.717976106250495e-23
8.717640346006966e-23
8.716640444246566e-23
8.714974239461221e-23
8.712638152615907e-23
8.709627179151083e-23
8.705934877907934e-23
8.701553357100979e-23
8.696473256922984e-23
8.690683729259709e-23
8.684172414038966e-23
8.676925412203589e-23
8.668927255678818e-23
8.660160873665373e-23
8.650607555447425e-23
8.64024690979439e-23
8.62905682067124e-23
8.617013399045312e-23
8.604090930885886e-23
8.590261821329569e-23
8.575496534451744e-23
8.559763528886316e-23
8.543029189132594e-23
8.525257751986941e-23
8.506411228660091e-23
8.486449321464183e-23
8.465329335664904e-23
8.443006085986378e-23
8.419431797361162e-23
8.394555999887247e-23
8.368325418123677e-23
8.340683853181683e-23
8.311572059394033e-23
8.280927612686329e-23
8.248684773067773e-23
8.214774338172892e-23
8.17912349021401e-23
8.141655633328142e-23
8.102290223123993e-23
8.060942586457448e-23
8.017523731594338e-23
7.971940148957111e-23
7.924093599941832e-23
7.873880895651247e-23
7.821193663118409e-23
7.765918099864506e-23
7.707934714098928e-23
7.647118052420963e-23
7.583336412644772e-23
7.516451540414117e-23
7.446318310961798e-23
7.372784392770007e-23
7.295689893719185e-23
7.214866987908981e-23
7.130139522421432e-23
7.041322602529306e-23
6.948222154929804e-23
6.850634466379148e-23
6.748345696888841e-23
6.641131367446439e-23
6.528755817142572e-23
6.410971632354708e-23
6.287519041450024e-23
6.158125277933866e-23
6.02250390559533e-23
5.880354105244805e-23
5.731359921945392e-23
5.575189467351889e-23
5.411494074930544e-23
5.239907408519346e-23
5.060044515409658e-23
4.8715008238676785e-23
4.673851082676256e-23
4.4666482342685164e-23
4.249422222731414e-23
4.0216787280531315e-23
3.782897827842568e-23
3.5325325765411314e-23
3.270007509587445e-23
2.994717069330367e-23
2.706023967251136e-23
2.403257522723571e-23
2.0857120784445237e-23
1.7526457879082308e-23
1.4032807528525336e-23
1.036808521532657e-23
6.524251559510238e-24
2.4974515334446362e-24
1.769334045884152e-24
6.199282627640227e-24
1.0860764399717561e-23
1.5755259065439418e-23
2.089393210094078e-23
2.6289327867203047e-23
3.195487919499538e-23
3.7904854527226896e-23
4.415438175877111e-23
5.071949497122424e-23
5.761719199762913e-23
6.486549950579277e-23
7.248354484457398e-23
8.049163462772358e-23
8.891134053421394e-23
9.776559282175192e-23
1.0707878261839362e-22
1.1687687334202847e-22
1.2718752284416388e-22
1.380402171368642e-22
1.4946641694615283e-22
1.6149971880439976e-22
1.741760323882036e-22
1.8753377577637425e-22
2.0161409102704604e-22
2.1646108269277547e-22
2.3212208225839005e-22
2.486479408279373e-22
2.660933558095273e-22
2.845172342606927e-22
3.0398309878488845e-22
3.245595415359294e-22
3.4632073402264183e-22
3.693469996647331e-22
3.937254600773579e-22
4.1955076345965996e-22
4.469259109258723e-22
4.759631959173955e-22
5.06785272023773e-22
5.395263750770645e-22
5.7433372126379585e-22
6.113691179716577e-22
6.508108182416078e-22
6.9285566825323585e-22
7.377216069040787e-22
7.856505754651558e-22
8.369119289258579e-22
8.918064469628276e-22
9.506710802823006e-22
1.013884573760942e-21
1.0818741919476343e-21
1.1551237809041027e-21
1.2341834993327676e-21
1.3196816429926455e-21
1.4123390840889547e-21
1.512987059172324e-21
1.6225892167397492e-21
1.742269197845699e-21
1.8733453865650704e-21
2.017375194454942e-21
2.176211957174626e-21
2.3520790001489175e-21
2.5476669545337497e-21
2.766263827207068e-21
3.011930762189171e-21
3.289744013022222e-21
3.606133781299627e-21
3.96936855057164e-21
4.3902633268307456e-21
4.8832429325619636e-21
5.467986208811775e-21
6.17205969253467e-21
7.035310888806653e-21
8.117566254510282e-21
9.512949593710913e-21
1.1378565242632418e-20
1.3997739604800535e-20
1.7938541530367724e-20
2.4530900889173363e-20
3.778215700885646e-20
