1.6432848295948382e-24
1.6281202823158278e-24
1.6139865607997597e-24
1.600815713891662e-24
1.588543782845861e-24
1.5771106481017483e-24
1.5664598720422613e-24
1.556538539029784e-24
1.5472970940122279e-24
1.5386891809396469e-24
1.5306714820885451e-24
1.5232035593304174e-24
1.5162476982338535e-24
1.5097687558076107e-24
1.5037340125041087e-24
1.4981130290593633e-24
1.4928775085935334e-24
1.4880011643056044e-24
1.4834595929791936e-24
1.4792301544779612e-24
1.475291857281655e-24
1.4716252500960835e-24
1.4682123194797502e-24
1.4650363933890912e-24
1.4620820505447934e-24
1.4593350354207948e-24
1.4567821787018276e-24
1.4544113229990315e-24
1.452211253613741e-24
1.4501716341085064e-24
1.4482829464984443e-24
1.4465364358139935e-24
1.4449240587915089e-24
1.4434384365285247e-24
1.4420728108331793e-24
1.440821004090666e-24
1.439677382464007e-24
1.438636822201878e-24
1.4376946789234993e-24
1.4368467596769584e-24
1.4360892976522326e-24
1.4354189293703108e-24
1.4348326742449716e-24
1.4343279163829257e-24
1.433902388543749e-24
1.4335541580742099e-24
1.433281614876879e-24
1.4330834611957902e-24
1.4329587032026423e-24
1.432906644415013e-24
1.4329268807167487e-24
1.4330192971540493e-24
1.4331840663347836e-24
1.4334216484446826e-24
1.4337327929592532e-24
1.4341185419431237e-24
1.4345802350028789e-24
1.4351195159818228e-24
1.4357383412302447e-24
1.4364389898078504e-24
1.4372240753281194e-24
1.43809655979037e-24
1.439059769235061e-24
1.4401174115736998e-24
1.4412735963629332e-24
1.4425328569303102e-24
1.4439001747129468e-24
1.445381006097172e-24
1.4469813118116915e-24
1.4487075889826587e-24
1.4505669060421892e-24
1.4525669406614125e-24
1.4547160207370116e-24
1.4570231687535845e-24
1.4594981495409195e-24
1.4621515216512316e-24
1.464994692555158e-24
1.4680399777233406e-24
1.4713006636967988e-24
1.474791075590651e-24
1.4785266487020486e-24
1.4825240046076526e-24
1.4868010318345893e-24
1.4913769710408165e-24
1.4962725047801314e-24
1.501509851615741e-24
1.5071128650227936e-24
1.5131071360095389e-24
1.5195201005629186e-24
1.5263811501615136e-24
1.533721745963222e-24
1.541575535838543e-24
1.5499784738909331e-24
1.558968941532303e-24
1.5685878693983384e-24
1.5788788591007504e-24
1.589888304306749e-24
1.6016655095101538e-24
1.6142628052621093e-24
1.6277356593633131e-24
1.6421427812687157e-24
1.657546220320958e-24
1.674011453964501e-24
1.691607467226705e-24
1.7104068203151734e-24
1.730485703387098e-24
1.7519239788472232e-24
1.774805209154829e-24
1.7992166688594533e-24
1.8252493432042414e-24
1.8529979102827626e-24
1.8825607104539434e-24
1.9140396992539278e-24
1.947540389415622e-24
1.983171781455945e-24
2.0210462817826802e-24
2.0612796160409983e-24
2.1039907333050642e-24
2.1493017071610828e-24
2.197337632110295e-24
2.248226524697454e-24
2.3020992173500148e-24
2.359089259540662e-24
2.4193328203740617e-24
2.482968592833636e-24
2.5501377011683445e-24
2.6209836102893498e-24
2.695652036122546e-24
2.77429085255011e-24
2.8570499978901897e-24
2.9440813730031924e-24
3.035538728863063e-24
3.1315775424769812e-24
3.232354875205851e-24
3.338029211231956e-24
3.4487602659241635e-24
3.564708770360253e-24
3.686036216541964e-24
3.812904567829039e-24
3.9454759248955064e-24
4.083912145413879e-24
4.2283744099476664e-24
4.379022739801154e-24
4.5360154501873075e-24
4.699508547573648e-24
4.869655061325232e-24
5.046604311657287e-24
5.230501109343344e-24
5.421484888146446e-24
5.6196887760391835e-24
5.825238592883193e-24
6.038251776614703e-24
6.2588362751014254e-24
6.487089354570445e-24
6.723096357153366e-24
6.966929439112706e-24
7.218646242458659e-24
7.478288554663668e-24
7.745880973044862e-24
8.021429515350699e-24
8.30492030603253e-24
8.596318264727688e-24
8.89556583319643e-24
9.202581787393114e-24
9.517260168109547e-24
9.839469255679734e-24
1.0169050748804586e-23
1.0505819079258407e-23
1.084956089448887e-23
1.1200034798512525e-23
1.1556971195656255e-23
1.1920072608887666e-23
1.2289013973261315e-23
1.2663443475158036e-23
1.3042983477834797e-23
1.3427231892259156e-23
1.381576376509693e-23
1.420813309476372e-23
1.4603875135357354e-23
1.50025087644235e-23
1.5403539127729632e-23
1.5806460702361404e-23
1.621076023739828e-23
1.6615920181168098e-23
1.702142186877834e-23
1.742674914130765e-23
1.783139174449557e-23
1.823484884016082e-23
1.863663246884196e-23
1.9036270718488895e-23
1.9433311119203986e-23
1.9827323577027715e-23
2.0217903015568566e-23
2.060467231020318e-23
2.0987284240013218e-23
2.136542383572259e-23
2.173881003275259e-23
2.2107197248163658e-23
2.247037648337424e-23
2.2828176493504037e-23
2.3180464539610653e-23
