9.053525318159715e-23
9.050497413581103e-23
9.070258751030506e-23
9.112851245259123e-23
9.178365291779438e-23
9.266939959782241e-23
9.378763287775632e-23
9.514072684048624e-23
9.673155432312934e-23
9.856349303277111e-23
1.006404327415682e-22
1.0296678357147268e-22
1.0554748538469443e-22
1.0838801831388444e-22
1.114944144318054e-22
1.148732706055563e-22
1.1853176255900108e-22
1.2247766015852403e-22
1.2671934398572353e-22
1.3126582319403882e-22
1.3612675473162886e-22
1.4131246392535617e-22
1.468339665129979e-22
1.5270299213839715e-22
1.5893200939893991e-22
1.6553425243352985e-22
1.7252374919749158e-22
1.799153514150191e-22
1.877247662929279e-22
1.9596859008689261e-22
2.0466434357989185e-22
2.1383050952105486e-22
2.2348657216786136e-22
2.336530589541208e-22
2.443515844269227e-22
2.55604896537984e-22
2.67436925316437e-22
2.798728341693899e-22
2.929390738282637e-22
3.066634390416195e-22
3.210751282299425e-22
3.362048061376821e-22
3.52084669713712e-22
3.6874851729107395e-22
3.862318212512654e-22
4.045718042932029e-22
4.238075196729595e-22
4.439799352084216e-22
4.651320216644595e-22
4.873088454206167e-22
5.105576658000224e-22
5.349280371004874e-22
5.604719158110045e-22
5.872437730734151e-22
6.153007125853953e-22
6.447025945873143e-22
6.755121655854074e-22
7.07795194842424e-22
7.416206173608268e-22
7.770606840477548e-22
8.141911192120915e-22
8.53091285820163e-22
8.938443591115162e-22
9.365375085905478e-22
9.812620888829121e-22
1.0281138408852381e-21
1.077193101596621e-21
1.1286050254991073e-21
1.1824598164223699e-21
1.238872971231783e-21
1.2979655352879887e-21
1.3598643713608365e-21
1.4247024412496319e-21
1.492619102454696e-21
1.5637604187859116e-21
1.6382794881319814e-21
1.716336784520595e-21
1.798100520398128e-21
1.8837470254978515e-21
1.9734611449049958e-21
2.067436658993433e-21
2.1658767241787847e-21
2.2689943361198515e-21
2.377012816872094e-21
2.4901663281531453e-21
2.6087004121052605e-21
2.732872556921444e-21
2.8629527965997868e-21
2.9992243405575096e-21
3.141984235614621e-21
3.2915440615061627e-21
3.448230679424382e-21
3.612386984490883e-21
3.784372747363369e-21
3.964565461737463e-21
4.1533612555870476e-21
4.351175854507434e-21
4.5584455930798536e-21
4.775628483251827e-21
5.003205331042563e-21
5.24168095782961e-21
5.4915854299224095e-21
5.7534754031806845e-21
6.0279355416937654e-21
6.315579980282998e-21
6.617053939192049e-21
6.9330353505105e-21
7.264236668887197e-21
7.611406717389515e-21
7.975332669665567e-21
8.356842185650938e-21
8.756805611450666e-21
9.176138378320212e-21
9.615803494236655e-21
1.007681424591435e-20
1.056023702001315e-20
1.1067194340216184e-20
1.1598868054545448e-20
1.2156502829923127e-20
1.2741409698997144e-20
1.3354970011137492e-20
1.399863959240492e-20
1.4673953047157495e-20
1.5382528563538144e-20
1.612607302738718e-20
1.6906387012558357e-20
1.7725371237475887e-20
1.8585031711759734e-20
1.9487487158577347e-20
2.0434975832110613e-20
2.142986250005501e-20
2.247464723990734e-20
2.3571973434951045e-20
2.4724637300775447e-20
2.593559808206152e-20
2.720798798533571e-20
2.8545123860501045e-20
2.9950519558836545e-20
3.142789868819824e-20
3.2981208490931434e-20
3.4614636334018534e-20
3.633262277868228e-20
3.8139882914309785e-20
4.0041419735623265e-20
4.204255111036734e-20
4.4148922535102756e-20
4.636653326396679e-20
4.870176521882103e-20
5.11614014050096e-20
5.3752655062066814e-20
5.648320176833187e-20
5.936120202416034e-20
6.23953466505691e-20
6.559487340512879e-20
6.896961319714449e-20
7.253001882039213e-20
7.628721816286795e-20
8.02530042758288e-20
8.443994592730196e-20
8.886133045961498e-20
9.353128786186802e-20
9.846471831979272e-20
1.0367742978027494e-19
1.091860553702209e-19
1.1500801952147516e-19
1.211616749512501e-19
1.276661166869066e-19
1.3454118553875221e-19
1.4180723385768168e-19
1.4948536282344177e-19
1.5759661590481757e-19
1.6616198378847123e-19
1.7520246772073175e-19
1.8473790798787254e-19
1.9478663266209268e-19
2.0536491587683163e-19
2.1648610934983773e-19
2.281588385355896e-19
2.403866094745839e-19
2.531661604971407e-19
2.66485287221196e-19
2.8032078633818175e-19
2.9463888969449284e-19
3.09389573956616e-19
3.2450742579397185e-19
3.3990983240708617e-19
3.554953810254019e-19
3.7114462918814697e-19
3.8672182004509385e-19
4.02074102404816e-19
4.170416849306463e-19
4.314563003949572e-19
4.451534076986854e-19
4.579758167667917e-19
4.697810296065604e-19
4.804525640209035e-19
4.899023939217717e-19
4.980722476122516e-19
5.04937036518795e-19
5.105079312517804e-19
5.148218251970253e-19
