2.1904565979229622e-24
2.1177062759760785e-24
2.0490088403749537e-24
1.9842084521314664e-24
1.9231568286018244e-24
1.8657129210874186e-24
1.8117426159593454e-24
1.7611184597975543e-24
1.713719408937597e-24
1.6694306037639297e-24
1.628143167884879e-24
1.5897540321653517e-24
1.5541657832501465e-24
1.5212865359423517e-24
1.491029828407509e-24
1.4633145387436881e-24
1.4380648211122992e-24
1.4152100591701125e-24
1.3946848341860697e-24
1.3764289048674101e-24
1.360387195783453e-24
1.3465097908904995e-24
1.3347519287974246e-24
1.3250739963847984e-24
1.3174415174051766e-24
1.3118251332178346e-24
1.3082005728608615e-24
1.306548610386636e-24
1.3068550076286726e-24
1.3091104413961713e-24
1.3133104143750083e-24
1.3194551498706856e-24
1.3275494708848205e-24
1.3376026645435456e-24
1.349628333503542e-24
1.3636442360250085e-24
1.379672117001605e-24
1.3977375320779925e-24
1.417869667391155e-24
1.4401011570854742e-24
1.4644679009712776e-24
1.4910088843052633e-24
1.5197660013449392e-24
1.5507838844681979e-24
1.5841097395371974e-24
1.6197931887247346e-24
1.6578861209896013e-24
1.6984425504572155e-24
1.741518482490958e-24
1.7871717870846957e-24
1.835462078950654e-24
1.8864506035022983e-24
1.94020012802359e-24
1.9967748368248298e-24
2.0562402298165053e-24
2.1186630233766815e-24
2.1841110527231607e-24
2.2526531752159115e-24
2.324359173938091e-24
2.399299661003744e-24
2.4775459805085043e-24
2.5591701108742616e-24
2.644244566480495e-24
2.7328422991620014e-24
2.825036599419802e-24
2.920900998086132e-24
3.0205091690449713e-24
3.1239348332753695e-24
3.2312516658160716e-24
3.3425332056509545e-24
3.4578527696579534e-24
3.577283372055586e-24
3.7008976494657124e-24
3.828767793238899e-24
3.9609654894911026e-24
4.0975618682415545e-24
4.238627461172363e-24
4.384232171145883e-24
4.534445251239948e-24
4.689335296143413e-24
4.848970244804676e-24
5.013417395496791e-24
5.182743433270005e-24
5.357014469042064e-24
5.536296090740214e-24
5.720653426987601e-24
5.910151221038862e-24
6.10485391600985e-24
6.304825748424656e-24
6.510130853090293e-24
6.720833373796709e-24
6.936997582583375e-24
7.158688001336485e-24
7.385969532713027e-24
7.618907589716863e-24
7.85756822826228e-24
8.102018279542347e-24
8.352325483720077e-24
8.608558615551548e-24
8.870787611605929e-24
9.139083687844525e-24
9.413519453038214e-24
9.694169013456064e-24
9.981108064094386e-24
1.0274413979115788e-23
1.0574165881774526e-23
1.0880444705156726e-23
1.1193333238241844e-23
1.151291616338258e-23
1.1839280072150305e-23
1.2172513464669016e-23
1.2512706743979105e-23
1.2859952177483387e-23
1.3214343858505627e-23
1.357597763416023e-23
1.394495102595417e-23
1.4321363128771204e-23
1.470531449409369e-23
1.5096906988616218e-23
1.5496243635391454e-23
1.5903428444193223e-23
1.63185662131229e-23
1.67417623112479e-23
1.717312244976325e-23
1.7612752423459136e-23
1.806075783348369e-23
1.8517243809907754e-23
1.8982314669141813e-23
1.945607361492349e-23
1.9938622351568864e-23
2.0430060727081612e-23
2.0930486335597405e-23
2.143999410818387e-23
2.1958675868200287e-23
2.2486619878561764e-23
2.3023910382806996e-23
2.3570627092442762e-23
2.4126844689920863e-23
2.4692632301526034e-23
2.5268052949520106e-23
2.5853162986697462e-23
2.6448011538788645e-23
2.705263988635711e-23
2.766708090528489e-23
2.8291358427304716e-23
2.892548664959718e-23
2.956946946475386e-23
3.0223299904928446e-23
3.088695950526363e-23
3.1560417623792646e-23
3.2243630906775264e-23
3.29365426560274e-23
3.3639082261859826e-23
3.435116464172881e-23
3.5072689702460806e-23
3.580354184333026e-23
3.6543589497724807e-23
3.729268471832931e-23
3.8050662791770353e-23
3.881734197799871e-23
3.9592523179271995e-23
4.0375989864556866e-23
4.116750785562214e-23
4.196682549049163e-23
4.27736734836992e-23
4.358776530406615e-23
4.440879732883353e-23
4.523644935807764e-23
4.607038494182167e-23
4.691025224418827e-23
4.7755684697014547e-23
4.860630189109304e-23
4.946171062393971e-23
5.032150610621747e-23
5.1185273307278894e-23
5.2052588352270336e-23
5.292302000642422e-23
5.379613175374415e-23
5.467148338333358e-23
5.554863285719617e-23
5.642713906996449e-23
5.730656328840921e-23
5.818647207997553e-23
5.906643965558876e-23
5.994605020992853e-23
6.082490081846983e-23
6.170260410662021e-23
6.257879115246307e-23
6.345311382119756e-23
6.432524825728542e-23
6.519489752927292e-23
6.606179435221293e-23
6.692570468401884e-23
6.778642963235717e-23
6.864380942762429e-23
6.94977257207903e-23
7.034810479413344e-23
7.11949204521272e-23
7.203819652871e-23
7.287801005676604e-23
7.371449359291773e-23
