1.523611637050168e-12
1.5008280923692933e-12
1.4777054711803596e-12
1.4546537860125693e-12
1.4311054504150051e-12
1.4073937417492234e-12
1.3838049001963809e-12
1.3594798411308462e-12
1.3357686794453574e-12
1.3116983750662074e-12
1.288079824110747e-12
1.2637516254702967e-12
1.240061763254363e-12
1.216238214762246e-12
1.1926403593044689e-12
1.169197959369069e-12
1.145907586885184e-12
1.1228217540743874e-12
1.100038117850767e-12
1.077377568775212e-12
1.0550079458369393e-12
1.0328091478222813e-12
1.0109275853542503e-12
9.893167829546462e-13
9.679136447709807e-13
9.468330799304465e-13
9.260254543390882e-13
9.055522259522406e-13
8.852821864491155e-13
8.654080129624192e-13
8.458241408342848e-13
8.263900407338668e-13
8.073780365674017e-13
7.886135006975341e-13
7.700505050899371e-13
7.520159946902782e-13
7.341088858616861e-13
7.165538305426007e-13
6.992514606547799e-13
6.822482193797128e-13
6.655537220832562e-13
6.491621443002898e-13
6.329732218686528e-13
6.17114994241077e-13
6.015107276221085e-13
5.862284691752732e-13
5.710873506368254e-13
5.563265413307671e-13
5.418177765406181e-13
5.275206165627601e-13
5.135035405570487e-13
4.997072244528542e-13
4.862464860910627e-13
4.729410714691671e-13
4.59903452500233e-13
4.4705893018680624e-13
4.3449359566646384e-13
4.2214378882517017e-13
4.1000410127966286e-13
3.981159066883712e-13
3.8642872302155035e-13
3.749521636058205e-13
3.6370017702600635e-13
3.5261534478557813e-13
3.4177684906154823e-13
3.3113384649064276e-13
3.2066955139617286e-13
3.104108739677617e-13
3.003424227606862e-13
2.904813489910966e-13
2.807776988785296e-13
2.7128496929452463e-13
2.619504598913881e-13
2.528078997092155e-13
2.4385075470343534e-13
2.3507438523172847e-13
2.2646648948499665e-13
2.1801262759750593e-13
2.0974515205321447e-13
2.0163724221868587e-13
1.9370676440761757e-13
1.8592789087968476e-13
1.7831838738374734e-13
1.7086177082276654e-13
1.635711789630873e-13
1.5644129089152616e-13
1.494548813285135e-13
1.4263327517418374e-13
1.3596420019168273e-13
1.2944206017803057e-13
1.230728738658784e-13
1.1685616018600843e-13
1.1077907153316466e-13
1.0485230646734277e-13
9.906927442010555e-14
9.343147857954752e-14
8.792959328427096e-14
8.25708095279406e-14
7.734990410313194e-14
7.226477114377147e-14
6.731455388245207e-14
6.249860818541258e-14
5.781372472210952e-14
5.325922779159359e-14
4.8831063853822424e-14
4.453022293178852e-14
4.0353274752781226e-14
3.629904908407947e-14
3.2364813897707275e-14
2.854926384934788e-14
2.4849795291346617e-14
2.1265171975001268e-14
1.7792086321035606e-14
1.4429350526540738e-14
1.1174197026313735e-14
8.025034774663341e-15
4.980199775182351e-15
2.0402785504803228e-15
8.378490664987042e-16
3.570383296723681e-15
6.223791515366134e-15
8.786629352117494e-15
1.125993659026128e-14
1.3646087934334203e-14
1.5947226523009468e-14
1.8165514733314246e-14
2.0303112194894206e-14
2.2362420373793058e-14
2.4345786305440064e-14
2.6254947408452002e-14
2.8092683439812708e-14
2.986018642906194e-14
3.156088894405566e-14
3.3196029401497607e-14
3.4767530252959107e-14
3.627821937429394e-14
3.77289853507182e-14
3.912303892856574e-14
4.0461092269479174e-14
4.1745503106752824e-14
4.2978381673752485e-14
4.416062305387086e-14
4.529521541641483e-14
4.6382702076211177e-14
4.742567927006313e-14
4.842452904571016e-14
4.9382283538928426e-14
5.029943894156396e-14
5.117746872365028e-14
5.201875143382794e-14
5.2822899617040914e-14
5.3593222441762715e-14
5.4329474311639804e-14
5.503386304376056e-14
5.5706931386246217e-14
5.635056640495878e-14
5.696483458045346e-14
5.755195315685468e-14
5.811192037251533e-14
5.86467942620729e-14
5.915642291383534e-14
5.964288965727035e-14
6.01061736605731e-14
6.054726839734079e-14
6.096697637840787e-14
6.13666371036284e-14
6.174627368618941e-14
6.210680709089088e-14
6.244905679782358e-14
6.277354870183668e-14
6.308078648935925e-14
6.337187607026393e-14
6.364669516955786e-14
6.390655496489031e-14
6.415068728444973e-14
6.438072629780979e-14
6.459664656537402e-14
6.479910861196536e-14
6.498830843539615e-14
6.516473259400922e-14
6.532841680799638e-14
6.547992122018528e-14
6.561948482433486e-14
6.574725420944969e-14
6.586400764528608e-14
6.596911443608274e-14
6.606350769602921e-14
6.614707138896987e-14
6.622008702603039e-14
6.628226198459413e-14
6.633434826052547e-14
6.637609131005768e-14
6.640723646078747e-14
6.642863071228772e-14
6.643956881800374e-14
6.644035055834013e-14
6.64312271521288e-14
6.641149636295002e-14
6.63815662258514e-14
6.634122682716065e-14
6.629058640651287e-14
