2.496027220362192e-24
2.390874271224303e-24
2.2907007848284127e-24
2.1952930814285522e-24
2.1044474407979116e-24
2.0179696477435724e-24
1.935674555468283e-24
1.8573856656828445e-24
1.782934724422309e-24
1.7121613325756617e-24
1.6449125702035183e-24
1.5810426337916888e-24
1.5204124856719452e-24
1.4628895149385429e-24
1.4083472092991162e-24
1.35666483742206e-24
1.3077271414820715e-24
1.2614240397560938e-24
1.2176503392852995e-24
1.1763054587886318e-24
1.1372931621882148e-24
1.1005213032736845e-24
1.065901582191881e-24
1.0333493145844053e-24
1.0027832142976254e-24
9.74125190654835e-25
9.473001612868077e-25
9.222358814671016e-25
8.988627907788601e-25
8.77113877752165e-25
8.569245628537353e-25
8.38232599895153e-25
8.209779955590739e-25
8.051029463459279e-25
7.905517918357731e-25
7.772709827615877e-25
7.652090620320307e-25
7.543166565359806e-25
7.445464773389123e-25
7.358533257432155e-25
7.281941026513464e-25
7.215278187335924e-25
7.158156030609994e-25
7.110207081049781e-25
7.071085093129162e-25
7.04046497822949e-25
7.018042652653796e-25
7.0035347998350135e-25
6.99667854386206e-25
6.997231034923474e-25
7.004968950385177e-25
7.019687917833692e-25
7.041201868520945e-25
7.069342331212146e-25
7.103957677477752e-25
7.1449123300221245e-25
7.19208594576408e-25
7.245372585134311e-25
7.304679878488066e-25
7.36992819973498e-25
7.441049856313153e-25
7.5179883035303175e-25
7.600697390142386e-25
7.689140640837028e-25
7.783290580134378e-25
7.88312810107604e-25
7.988641881012895e-25
8.099827845836786e-25
8.216688683100786e-25
8.339233403717115e-25
8.467476951233782e-25
8.60143985714275e-25
8.741147940201506e-25
8.88663204740075e-25
9.03792783393424e-25
9.195075579360724e-25
9.358120037015775e-25
9.527110313731344e-25
9.702099776899729e-25
9.883145986022844e-25
1.0070310645974797e-24
1.0263659579354879e-24
1.0463262715480293e-24
1.066919409372817e-24
1.0881531879162082e-24
1.1100358388543802e-24
1.1325760125058839e-24
1.155782782024972e-24
1.1796656481877942e-24
1.2042345446574022e-24
1.229499843634577e-24
1.2554723618127282e-24
1.282163366574916e-24
1.3095845823787584e-24
1.3377481972901488e-24
1.3666668696364264e-24
1.3963537347573745e-24
1.4268224118436299e-24
1.4580870108533005e-24
1.4901621395100586e-24
1.5230629103850588e-24
1.556804948071891e-24
1.5914043964673655e-24
1.6268779261688188e-24
1.6632427420100978e-24
1.7005165907438302e-24
1.7387177688989846e-24
1.777865130822498e-24
1.8179780969319787e-24
1.859076662189301e-24
1.9011814048230174e-24
1.9443134953069778e-24
1.9884947056251024e-24
2.0337474188255182e-24
2.080094638890611e-24
2.1275600009301923e-24
2.17616778172163e-24
2.225942910601043e-24
2.2769109807224836e-24
2.329098260704519e-24
2.3825317066612788e-24
2.4372389746436622e-24
2.4932484334930803e-24
2.5505891781199292e-24
2.6092910432193583e-24
2.669384617430264e-24
2.7309012579445128e-24
2.793873105588581e-24
2.858333100365356e-24
2.924314997485353e-24
2.991853383874378e-24
3.060983695202069e-24
3.131742233384409e-24
3.204166184624852e-24
3.2782936379749448e-24
3.354163604411767e-24
3.431816036469412e-24
3.511291848421087e-24
3.592632937007964e-24
3.675882202744408e-24
3.76108357180172e-24
3.848282018484437e-24
3.937523588276092e-24
4.02885542153389e-24
4.122325777792143e-24
4.21798406064187e-24
4.3158808433580315e-24
4.416067895077738e-24
4.518598207721073e-24
4.623526023524197e-24
4.730906863295577e-24
4.8407975554327765e-24
4.953256265547741e-24
5.0683425268967564e-24
5.186117271599103e-24
5.3066428625020705e-24
5.4299831258623094e-24
5.556203384936826e-24
5.685370494329285e-24
5.817552874934988e-24
5.952820550110026e-24
6.091245182577638e-24
6.232900111884946e-24
6.3778603934632475e-24
6.526202837694279e-24
6.678006050914679e-24
6.83335047639795e-24
6.992318437349673e-24
7.15499417991975e-24
7.321463917826191e-24
7.491815877809929e-24
7.666140346542642e-24
7.844529717954049e-24
8.027078542397619e-24
8.213883576266154e-24
8.405043833275308e-24
8.600660637232365e-24
8.800837675023323e-24
9.005681051266947e-24
9.215299345978191e-24
9.429803669563256e-24
9.649307723300015e-24
9.873927859596321e-24
1.0103783142722662e-23
1.0338995411267071e-23
1.0579689344595414e-23
1.0825992526862159e-23
1.107803551573677e-23
1.133595191012765e-23
1.1599878422478183e-23
1.1869954950641913e-23
1.214632465123345e-23
1.2429134013803254e-23
1.2718532943539001e-23
1.3014674835247187e-23
1.331771665656043e-23
1.3627819031700495e-23
1.394514632380988e-23
1.4269866725873488e-23
1.4602152346192668e-23
1.49421793016978e-23
