7.708134539695729e-22
7.708151629699453e-22
7.70816701050204e-22
7.708180714758789e-22
7.708192771565699e-22
7.708203206522081e-22
7.708212041785089e-22
7.708219296115494e-22
7.708224984919338e-22
7.708229120280036e-22
7.708231710985079e-22
7.70823276254264e-22
7.708232277195551e-22
7.708230253925276e-22
7.708226688449548e-22
7.708221573214791e-22
7.708214897377386e-22
7.7082066467843765e-22
7.708196803939902e-22
7.7081853479711285e-22
7.708172254581072e-22
7.708157496000942e-22
7.708141040928048e-22
7.70812285445891e-22
7.708102898019374e-22
7.708081129277682e-22
7.708057502059752e-22
7.708031966246193e-22
7.708004467670424e-22
7.707974947999633e-22
7.70794334461536e-22
7.707909590476293e-22
7.707873613980412e-22
7.707835338809094e-22
7.707794683767757e-22
7.707751562611323e-22
7.707705883864777e-22
7.707657550624632e-22
7.707606460356579e-22
7.707552504677604e-22
7.707495569122527e-22
7.707435532906745e-22
7.707372268664971e-22
7.707305642183401e-22
7.707235512113558e-22
7.70716172967371e-22
7.70708413833202e-22
7.707002573474292e-22
7.706916862054181e-22
7.706826822228643e-22
7.706732262966913e-22
7.706632983648656e-22
7.706528773637349e-22
7.7064194118330865e-22
7.706304666201948e-22
7.706184293284296e-22
7.706058037677419e-22
7.705925631494957e-22
7.705786793793612e-22
7.705641229980355e-22
7.705488631185947e-22
7.705328673609068e-22
7.705161017827483e-22
7.704985308074475e-22
7.704801171491151e-22
7.704608217323924e-22
7.704406036103428e-22
7.704194198764758e-22
7.703972255747451e-22
7.703739736028751e-22
7.703496146129929e-22
7.703240969060719e-22
7.702973663231101e-22
7.702693661285281e-22
7.702400368902687e-22
7.702093163538184e-22
7.701771393089503e-22
7.7014343745175715e-22
7.701081392388113e-22
7.700711697342834e-22
7.700324504526321e-22
7.699918991889443e-22
7.699494298461788e-22
7.69904952250019e-22
7.6985837195751015e-22
7.69809590057128e-22
7.697585029542627e-22
7.697050021563124e-22
7.696489740367372e-22
7.695902995940347e-22
7.695288541980903e-22
7.694645073263279e-22
7.693971222795781e-22
7.693265558986771e-22
7.692526582507907e-22
7.6917527231517e-22
7.69094233643807e-22
7.690093700129697e-22
7.689205010523009e-22
7.688274378620147e-22
7.687299826079152e-22
7.686279280937816e-22
7.685210573251801e-22
7.684091430399689e-22
7.68291947227095e-22
7.681692205983546e-22
7.680407020833555e-22
7.67906118242465e-22
7.677651826958526e-22
7.676175954987355e-22
7.674630425018336e-22
7.6730119467994455e-22
7.671317074050285e-22
7.669542197346221e-22
7.6676835359857225e-22
7.665737130177129e-22
7.663698832221412e-22
7.661564297696472e-22
7.659328976044054e-22
7.656988100622493e-22
7.654536678585649e-22
7.651969479785967e-22
7.64928102569792e-22
7.646465577266567e-22
7.643517122655153e-22
7.640429363843033e-22
7.6371957034223605e-22
7.633809229437272e-22
7.630262701036923e-22
7.62654853190733e-22
7.622658774371396e-22
7.6185851013187605e-22
7.614318788170843e-22
7.609850693538247e-22
7.605171239302044e-22
7.600270389141692e-22
7.595137626082537e-22
7.589761929745697e-22
7.584131751912706e-22
7.57823498914165e-22
7.572058958526146e-22
7.565590366402164e-22
7.558815280196979e-22
7.551719096804495e-22
7.544286509116724e-22
7.5365014715522e-22
7.528347164195987e-22
7.519805952936324e-22
7.510859350879846e-22
7.501487974019784e-22
7.491671499508485e-22
7.481388614825065e-22
7.470616971105129e-22
7.459333130910611e-22
7.44751250999717e-22
7.435129324784062e-22
7.422156525669787e-22
7.408565739701297e-22
7.394327195068824e-22
7.379409654609827e-22
7.363780337089446e-22
7.347404843393514e-22
7.330247064747253e-22
7.312269098282884e-22
7.293431151835716e-22
7.273691448046266e-22
7.253006108750054e-22
7.231329059895424e-22
7.208611898363929e-22
7.184803778232418e-22
7.159851266923211e-22
7.133698223546097e-22
7.106285628940596e-22
7.077551438810312e-22
7.04743041605217e-22
7.01585395144696e-22
6.982749873422884e-22
6.948042236935955e-22
6.911651125442329e-22
6.873492410601615e-22
6.833477503824964e-22
6.79151310647952e-22
6.747500917851214e-22
6.70133734085106e-22
6.652913166143459e-22
6.6021132184799185e-22
6.548815996261262e-22
6.492893272688669e-22
6.434209660542229e-22
6.372622185959161e-22
6.307979737130524e-22
6.240122594269322e-22
6.168881786907521e-22
6.094078526092441e-22
6.015523504177653e-22
5.93301613630488e-22
5.846343793235626e-22
5.755280913383574e-22
5.659588028178424e-22
5.55901079483722e-22
5.453278707655862e-22
