5.79580408353556e-24
5.855353065023937e-24
5.911992780539745e-24
5.96584207646922e-24
6.017014027391781e-24
6.065616154122979e-24
6.11175063318003e-24
6.1555144975182506e-24
6.1969998285448804e-24
6.2362939394203865e-24
6.273479549729944e-24
6.308634951664463e-24
6.3418341678167625e-24
6.373147100758655e-24
6.402639674577683e-24
6.430373968518622e-24
6.456408342900398e-24
6.480797557515094e-24
6.5035928825919535e-24
6.5248422025744374e-24
6.544590112793598e-24
6.562878009195812e-24
6.579744171258208e-24
6.595223838207219e-24
6.609349278619804e-24
6.622149853528274e-24
6.633652073106135e-24
6.643879646929571e-24
6.65285352798016e-24
6.660591950288444e-24
6.667110460313017e-24
6.672421942048715e-24
6.67653663574846e-24
6.679462150375938e-24
6.68120346952138e-24
6.681762950909647e-24
6.681140319187615e-24
6.679332652003575e-24
6.676334359151894e-24
6.672137154579185e-24
6.666730021077466e-24
6.660099167370595e-24
6.652227977348842e-24
6.643096951039158e-24
6.632683637071805e-24
6.620962556050393e-24
6.6079051145902056e-24
6.5934795092761966e-24
6.5776506200479554e-24
6.5603798925196415e-24
6.54162520811741e-24
6.5213407417893475e-24
6.499476805797685e-24
6.475979679113224e-24
6.4507914209654815e-24
6.423849667428204e-24
6.3950874097993724e-24
6.364432753014945e-24
6.331808652538514e-24
6.297132627906419e-24
6.2603164504963814e-24
6.2212658035934465e-24
6.17987991172863e-24
6.13605113639217e-24
6.089664535052759e-24
6.040597379352541e-24
5.988718628417118e-24
5.9338883527114956e-24
5.875957102764151e-24
5.814765216909731e-24
5.750142061304914e-24
5.681905194378291e-24
5.6098594468861234e-24
5.5337959080049736e-24
5.453490806176867e-24
5.3687042722326154e-24
5.279178970239361e-24
5.184638580954218e-24
5.084786119592199e-24
4.979302068359328e-24
4.8678423030187606e-24
4.750035790312854e-24
4.625482033510582e-24
4.493748244637902e-24
4.3543662255819984e-24
4.206828951995566e-24
4.050586874016391e-24
3.8850439894036114e-24
3.709553819467997e-24
3.523415564695867e-24
3.3258709904955646e-24
3.1161031344296817e-24
2.893239027201712e-24
2.656360963789025e-24
2.4045361828988988e-24
2.13688783678277e-24
1.8527652579788162e-24
1.5521786417153884e-24
1.2370460969622475e-24
9.15476293671038e-25
6.203177821932235e-25
4.845757683385432e-25
6.842835622432038e-25
1.088658033765408e-24
1.5847703307885727e-24
2.1463187932055675e-24
2.7702768918163128e-24
3.460828886204771e-24
4.225808199918288e-24
5.075987496945098e-24
6.0252905027253006e-24
7.091504016678424e-24
8.297458079801362e-24
9.672812840969013e-24
1.1256747586863028e-23
1.3102081427219878e-23
1.528177269730291e-23
1.7899551113520428e-23
2.1108097664433743e-23
2.5141846101523756e-23
3.0380219836910194e-23
3.748018941164594e-23
4.768626807590405e-23
6.367267242979905e-23
9.239430168304529e-23
1.5893371892743762e-22
4.353705962766412e-22
3.5944083434752497e-22
1.537002842639754e-22
9.717446917514342e-23
7.131740678556512e-23
5.644831931545759e-23
4.6720890499893847e-23
3.98004064078983e-23
3.457371434151784e-23
3.0443057548470124e-23
2.7058688057121295e-23
2.4202201248806607e-23
2.1730030952540737e-23
1.9543792630642376e-23
1.7573693345403329e-23
1.5768760475266793e-23
1.4090842041531075e-23
1.2510803566185767e-23
1.1006074713103369e-23
9.559089763135513e-24
8.156417215312132e-24
6.788622692587123e-24
5.451400345225027e-24
4.150119567372354e-24
2.9171422230525884e-24
1.890632817488934e-24
1.5796055638013401e-24
2.3282237551591472e-24
3.544942609491489e-24
4.920677080749215e-24
6.3799152590214266e-24
7.902203313450438e-24
9.482137720496038e-24
1.1119529936929115e-23
1.2816354623720381e-23
1.4575620734201432e-23
1.6400899403815644e-23
1.829611001819868e-23
2.0265418805243835e-23
2.2313190885391808e-23
2.4443969224009773e-23
2.6662467980786015e-23
2.897357376897084e-23
3.1382351598916863e-23
3.389405350403083e-23
3.651412886636509e-23
3.924823600003006e-23
4.210225457588294e-23
4.5082298385288944e-23
4.8194728922853664e-23
5.144616933246152e-23
5.484351873455137e-23
5.839396711118973e-23
6.21050106040029e-23
6.598446728014747e-23
7.004049357023812e-23
7.428160091699718e-23
7.871667344606541e-23
8.335498571746789e-23
8.820622170343678e-23
9.32804940946562e-23
9.858836397533201e-23
1.0414086224075844e-22
1.0994951072976443e-22
1.1602634462478405e-22
1.223839358576115e-22
1.2903541690585178e-22
1.3599450601788216e-22
1.4327553289503081e-22
1.5089346571560917e-22
1.588639385526508e-22
1.6720328112379307e-22
1.7592854706674483e-22
1.8505754701822922e-22
1.9460887858133315e-22
