1.8771381480812173e-23
1.8186164868878196e-23
1.7655279508714413e-23
1.717759851648777e-23
1.6752107971077786e-23
1.637790475857753e-23
1.6054194652979375e-23
1.5780290628890427e-23
1.5555611402735627e-23
1.537968019914416e-23
1.5252123739961796e-23
1.517267145358353e-23
1.5141154902867632e-23
1.515750743028504e-23
1.522176401955912e-23
1.533406137345062e-23
1.5494638207822188e-23
1.5703835762564707e-23
1.5962098530470273e-23
1.6269975206141352e-23
1.6628119856350737e-23
1.703729331483819e-23
1.7498364804839463e-23
1.801231379255143e-23
1.8580232075663435e-23
1.9203326112031616e-23
1.9882919592845465e-23
2.0620456266460386e-23
2.141750301854296e-23
2.2275753216264413e-23
2.319703032233308e-23
2.4183291787357137e-23
2.5236633229993657e-23
2.6359292912383724e-23
2.75536565208235e-23
2.8822262263810814e-23
3.0167806296463105e-23
3.159314848407487e-23
3.310131851729093e-23
3.469552239225271e-23
3.6379149271181505e-23
3.815577873530923e-23
4.0029188448770474e-23
4.20033622505544e-23
4.408249868977851e-23
4.627102002622288e-23
4.857358171282063e-23
5.0995082385170906e-23
5.354067437348281e-23
5.62157747710325e-23
5.9026077071701e-23
6.197756340985534e-23
6.507651743076547e-23
6.832953781305252e-23
7.174355248607728e-23
7.532583355731864e-23
7.908401299499731e-23
8.302609911102558e-23
8.716049385262433e-23
9.149601096464117e-23
9.604189506570905e-23
1.0080784166822222e-22
1.0580401819208523e-22
1.1104108603808488e-22
1.165302237202077e-22
1.22283151209055e-22
1.2831215541598328e-22
1.3463011698027134e-22
1.412505383852944e-22
1.481875734599026e-22
1.5545605833226226e-22
1.630715439489501e-22
1.7105033021245962e-22
1.794095017820635e-22
1.8816696568796023e-22
1.9734149081892014e-22
2.0695274938775957e-22
2.1702136045593183e-22
2.2756893567984176e-22
2.3861812726730265e-22
2.5019267850896738e-22
2.6231747664142296e-22
2.7501860863027878e-22
2.8832341954143606e-22
3.022605741222278e-22
3.1686012130349327e-22
3.3215356209821995e-22
3.4817392107168136e-22
3.6495582134676528e-22
3.825355635621337e-22
4.009512088555692e-22
4.2024266632681296e-22
4.4045178477708e-22
4.616224497687149e-22
4.838006851583296e-22
5.070347603462526e-22
5.313753036270052e-22
5.568754204906934e-22
5.8359081955720625e-22
6.115799445157813e-22
6.409041131193248e-22
6.716276648202438e-22
7.03818114496958e-22
7.375463174844013e-22
7.728866407343273e-22
8.099171458397516e-22
8.487197813606302e-22
8.89380586027322e-22
9.319899032154712e-22
9.766426093271337e-22
1.0234383533283432e-21
1.0724818107632395e-21
1.123882954347422e-21
1.1777573372139857e-21
1.2342263968801726e-21
1.29341777433076e-21
1.3554656554337608e-21
1.4205111279883464e-21
1.4887025679628967e-21
1.5601960428656147e-21
1.6351557455649027e-21
1.7137544534617934e-21
1.7961740134316198e-21
1.88260586792124e-21
1.9732516001854618e-21
2.068323534437917e-21
2.168045354312754e-21
2.2726527815584295e-21
2.3823942895746436e-21
2.4975318687672524e-21
2.6183418458760334e-21
2.745115761552863e-21
2.8781612936087097e-21
3.017803289419484e-21
3.164384809521835e-21
3.3182682956080872e-21
3.479836826651223e-21
3.6494954069449125e-21
3.827672446292913e-21
4.014821256371768e-21
4.211421728863568e-21
4.417982121615423e-21
4.635040983422973e-21
4.8631691927816644e-21
5.102972260311827e-21
5.35509272772129e-21
5.620212687895668e-21
5.899056845825728e-21
6.192395299459802e-21
6.501047131791582e-21
6.825883745632322e-21
7.167833001127672e-21
7.527883333626691e-21
7.907088287801002e-21
8.306571741171195e-21
8.727533048232934e-21
9.171252907941765e-21
9.639100393216341e-21
1.0132538863878931e-20
1.065313461151505e-20
1.1202563723117231e-20
1.1782622937989339e-20
1.2395236961337462e-20
1.3042471480602281e-20
1.3726540869679977e-20
1.444982518196976e-20
1.5214880628755595e-20
1.6024450795438206e-20
1.6881487460418398e-20
1.7789162448604826e-20
1.875088582826191e-20
1.9770324872481972e-20
2.0851418634865043e-20
2.1998399705896777e-20
2.321580867024253e-20
2.4508520474210338e-20
2.5881742040905482e-20
2.7341049075432234e-20
2.889237724219494e-20
3.0542021231323635e-20
3.2296649624431853e-20
3.416326004540344e-20
3.6149150108826896e-20
3.8261873426127117e-20
4.050910180606758e-20
4.2898570210547086e-20
4.543778474895118e-20
4.813386038715401e-20
5.0993149552291585e-20
5.40208673305873e-20
5.722039775942332e-20
6.059279996222097e-20
6.413595184012718e-20
6.784339041563502e-20
7.170366031011353e-20
7.56987059941108e-20
7.980318331629589e-20
8.398339253242667e-20
8.81965199283266e-20
9.23909461749368e-20
9.650706365416619e-20
