2.4273650734361625e-24
2.3181417130036174e-24
2.213989630942008e-24
2.114688672952711e-24
2.0200290330765985e-24
1.9298108057067803e-24
1.8438435574496194e-24
1.7619459175966464e-24
1.6839451860081397e-24
1.6096769572413931e-24
1.5389847596241387e-24
1.4717197080324443e-24
1.4077401691281135e-24
1.3469114376536403e-24
1.289105422520294e-24
1.2342003411887574e-24
1.1820804210591473e-24
1.1326356063757216e-24
1.0857612692686355e-24
1.0413579235953217e-24
9.993309403140885e-25
9.59590263251391e-25
9.220501244006397e-25
8.8662875805703e-25
8.532481135931798e-25
8.218335670079362e-25
7.92313632020598e-25
7.646196720996563e-25
7.386856154027706e-25
7.144476754525836e-25
6.918440809636528e-25
6.708148189969143e-25
6.513013958225667e-25
6.332466205731803e-25
6.165944163825563e-25
6.012896636364379e-25
5.8727807925482795e-25
5.74506134725643e-25
5.629210146713859e-25
5.524706157505208e-25
5.4310358428468e-25
5.347693892379521e-25
5.274184256367624e-25
5.210021422448708e-25
5.154731865074323e-25
5.107855591721623e-25
5.068947711572478e-25
5.037579956687916e-25
5.013342092273441e-25
4.995843164254623e-25
4.98471254680661e-25
4.979600761656473e-25
4.980180056687147e-25
4.986144741732927e-25
4.99721128894416e-25
5.01311821472184e-25
5.033625762000078e-25
5.058515411305626e-25
5.087589245455022e-25
5.120669194988507e-25
5.157596193410969e-25
5.1982292652120795e-25
5.242444570111383e-25
5.290134423024293e-25
5.341206309620128e-25
5.395581907950379e-25
5.453196131954104e-25
5.5139962038782155e-25
5.577940764924725e-25
5.644999027042207e-25
5.71514997206132e-25
5.788381599020787e-25
5.864690221312179e-25
5.944079813652176e-25
6.026561409032147e-25
6.1121525429034295e-25
6.200876745238589e-25
6.292763076369167e-25
6.387845706714469e-25
6.486163535110967e-25
6.58775984780786e-25
6.692682010068795e-25
6.800981193823749e-25
6.9127121344370645e-25
7.027932917515875e-25
7.146704791798935e-25
7.269092006588351e-25
7.395161670181573e-25
7.52498363326563e-25
7.6586303865400195e-25
7.796176978821e-25
7.937700949559944e-25
8.08328227597989e-25
8.23300333384026e-25
8.386948871563473e-25
8.545205989534747e-25
8.70786413894018e-25
8.875015119056176e-25
9.046753089609451e-25
9.223174589733354e-25
9.40437856076987e-25
9.590466376723915e-25
9.781541881172444e-25
9.97771142888114e-25
1.0179083928239629e-24
1.0385770895237866e-24
1.059788650533715e-24
1.0815547648400352e-24
1.1038873994390243e-24
1.126798805135128e-24
1.1503015236674743e-24
1.1744083941701464e-24
1.1991325606284343e-24
1.2244874793965688e-24
1.2504869261718175e-24
1.2771450049473605e-24
1.3044761548089355e-24
1.3324951594400656e-24
1.3612171546259901e-24
1.3906576377004892e-24
1.4208324758255822e-24
1.4517579157989645e-24
1.4834505929115628e-24
1.515927540425912e-24
1.5492061997503185e-24
1.5833044301258157e-24
1.6182405188725297e-24
1.6540331917549065e-24
1.6907016238798093e-24
1.728265450617523e-24
1.766744778234617e-24
1.8061601958694382e-24
1.8465327866733184e-24
1.887884141002514e-24
1.9302363667484622e-24
1.9736121023871094e-24
2.018034531597065e-24
2.0635273940662587e-24
2.1101149994583368e-24
2.1578222423871525e-24
2.2066746143610226e-24
2.2566982200341603e-24
2.3079197916718244e-24
2.3603667033465768e-24
2.4140669867674244e-24
2.4690493479300786e-24
2.5253431823998906e-24
2.5829785938655154e-24
2.6419864090472928e-24
2.702398196068987e-24
2.7642462827705426e-24
2.827563775631953e-24
2.892384578812355e-24
2.9587434122833683e-24
3.0266758333636327e-24
3.0962182572782875e-24
3.1674079778156978e-24
3.2402831897540896e-24
3.3148830091232835e-24
3.3912475011037936e-24
3.469417697138805e-24
3.549435625535157e-24
3.63134433220065e-24
3.715187908382277e-24
3.801011517968192e-24
3.8888614216796006e-24
3.9787850098974644e-24
4.070830826205386e-24
4.1650486038041324e-24
4.2614892905756204e-24
4.360205084145119e-24
4.46124946198644e-24
4.564677221762193e-24
4.670544505620911e-24
4.7789088484285144e-24
4.889829206591418e-24
5.003365998239369e-24
5.11958114432104e-24
5.238538110914611e-24
5.3603019513213785e-24
5.484939347199609e-24
5.61251866228539e-24
5.7431099791562836e-24
5.876785157704492e-24
6.0136178759231554e-24
6.15368369927838e-24
6.2970601203399734e-24
6.4438266247412596e-24
6.594064738419013e-24
6.747858115265353e-24
6.905292570696562e-24
7.066456169898919e-24
7.231439292111975e-24
7.400334700605394e-24
7.573237621188618e-24
7.750245822854772e-24
7.931459698244618e-24
8.11698236106841e-24
8.306919715362168e-24
8.501380580293473e-24
8.700476769384164e-24
