1.2827248722186661e-23
1.2837273942252737e-23
1.2846727439017525e-23
1.2855629196750275e-23
1.2863998035856286e-23
1.287185165221935e-23
1.2879206654216549e-23
1.2886078597478441e-23
1.2892482017462788e-23
1.2898430459907829e-23
1.2903936509224755e-23
1.2909011814886629e-23
1.2913667115866713e-23
1.2917912263175078e-23
1.2921756240538955e-23
1.2925207183268917e-23
1.2928272395348243e-23
1.2930958364780979e-23
1.2933270777229238e-23
1.2935214527967458e-23
1.2936793732178435e-23
1.2938011733611535e-23
1.2938871111620931e-23
1.2939373686598632e-23
1.2939520523812765e-23
1.2939311935659842e-23
1.2938747482334698e-23
1.2937825970920675e-23
1.2936545452897513e-23
1.2934903220062285e-23
1.2932895798855417e-23
1.2930518943079935e-23
1.2927767624999858e-23
1.2924636024799443e-23
1.2921117518382275e-23
1.2917204663485716e-23
1.291288918408251e-23
1.2908161953038841e-23
1.290301297299338e-23
1.2897431355419767e-23
1.2891405297830123e-23
1.2884922059074474e-23
1.2877967932686963e-23
1.2870528218225797e-23
1.2862587190550236e-23
1.2854128066974318e-23
1.2845132972232236e-23
1.2835582901187223e-23
1.2825457679210814e-23
1.2814735920155749e-23
1.2803394981841108e-23
1.2791410918964322e-23
1.2778758433349478e-23
1.2765410821438113e-23
1.2751339918922772e-23
1.2736516042420041e-23
1.2720907928074332e-23
1.2704482666980008e-23
1.2687205637303451e-23
1.2669040432983377e-23
1.2649948788882216e-23
1.2629890502257187e-23
1.260882335041535e-23
1.2586703004412395e-23
1.2563482938651803e-23
1.2539114336236115e-23
1.2513545989919663e-23
1.2486724198509556e-23
1.245859265855849e-23
1.2429092351192866e-23
1.2398161423918318e-23
1.2365735067246129e-23
1.2331745385985656e-23
1.2296121265052428e-23
1.2258788229646513e-23
1.2219668299665124e-23
1.2178679838224211e-23
1.213573739417917e-23
1.2090751538553808e-23
1.2043628694811758e-23
1.1994270962935261e-23
1.1942575937314612e-23
1.1888436518500245e-23
1.1831740718927345e-23
1.1772371462796388e-23
1.1710206380381605e-23
1.164511759714875e-23
1.1576971518196544e-23
1.1505628608700743e-23
1.1430943171238732e-23
1.1352763121119194e-23
1.1270929761141806e-23
1.1185277557583394e-23
1.1095633919663054e-23
1.1001818985304233e-23
1.0903645416710667e-23
1.0800918210144442e-23
1.0693434525380339e-23
1.0580983541672572e-23
1.0463346348783942e-23
1.0340295883794568e-23
1.0211596927163077e-23
1.0077006175032618e-23
9.936272409298869e-24
9.78913679280796e-24
9.635333324665929e-24
9.4745895006203e-24
9.30662723664494e-24
9.131164131379857e-24
8.947915166571121e-24
8.75659497642923e-24
8.556920860182123e-24
8.348616771817188e-24
8.131418604073876e-24
7.905081200461949e-24
7.66938769479786e-24
7.424162015568746e-24
7.169285737379953e-24
6.904720967338661e-24
6.630541702540173e-24
6.346977211630455e-24
6.0544726696347754e-24
5.753774793293397e-24
5.44605397750064e-24
5.133079894226797e-24
4.817475008121068e-24
4.50307934335615e-24
4.195466051485502e-24
3.902637186150962e-24
3.635866449059296e-24
3.410467636175834e-24
3.2458763454544516e-24
3.1639748916745897e-24
3.1848460707785832e-24
3.321142678504669e-24
3.5747185148509465e-24
3.938117378222654e-24
4.3992443089482874e-24
4.94568960265408e-24
5.5670297172518365e-24
6.255441531803971e-24
7.005484134346643e-24
7.813631564474965e-24
8.677816638319981e-24
9.597064488531055e-24
1.0571220520570144e-23
1.1600755396029454e-23
1.2686627281415369e-23
1.3830185044089745e-23
1.503310029676832e-23
1.629731971645262e-23
1.7625031672582468e-23
1.9018643035412955e-23
2.048076330027708e-23
2.2014194027726188e-23
2.3621922190069912e-23
2.5307116419704958e-23
2.7073125433665797e-23
2.892347810218674e-23
3.086188476367311e-23
3.2892239482300025e-23
3.501862300972776e-23
3.72453062572841e-23
3.957675411506159e-23
4.201762947351219e-23
4.457279731390038e-23
4.7247328738175665e-23
5.00465048076559e-23
5.29758200541494e-23
5.604098551728696e-23
5.924793114820541e-23
6.260280740239522e-23
6.611198582361257e-23
6.978205839611741e-23
7.361983541412861e-23
7.763234158505972e-23
8.182681004676718e-23
8.621067393853129e-23
9.079155512076227e-23
9.557724958948447e-23
1.0057570907862532e-22
1.0579501828635448e-22
1.1124336710164278e-22
1.169290171447753e-22
1.2286026187181718e-22
1.290453794298022e-22
1.3549257738888683e-22
1.4220992842286817e-22
1.492052959641348e-22
1.5648624882812163e-22
1.640599637915666e-22
1.7193311512554455e-22
1.8011175013680506e-22
1.8860114986936856e-22
1.9740567427362343e-22
2.065285913747385e-22
2.1597189027900297e-22
2.257360782587239e-22
2.3581996266590573e-22
2.4622041905234173e-22
2.569321476250928e-22
