6.870116452513071e-23
6.869780291133072e-23
6.869428305345096e-23
6.86905974774895e-23
6.868673835865518e-23
6.868269750466354e-23
6.86784663383493e-23
6.867403587936576e-23
6.866939672513866e-23
6.866453903085368e-23
6.865945248856246e-23
6.865412630523751e-23
6.864854917988797e-23
6.864270927954606e-23
6.863659421413227e-23
6.863019101017186e-23
6.862348608322243e-23
6.861646520906795e-23
6.860911349351538e-23
6.860141534078779e-23
6.859335442042944e-23
6.85849136326409e-23
6.857607507202994e-23
6.85668199895693e-23
6.855712875286804e-23
6.854698080447013e-23
6.853635461829124e-23
6.85252276539011e-23
6.851357630875348e-23
6.850137586806445e-23
6.848860045243089e-23
6.847522296290272e-23
6.846121502349696e-23
6.844654692103097e-23
6.843118754206002e-23
6.841510430688459e-23
6.839826310047174e-23
6.838062820003753e-23
6.83621621993197e-23
6.83428259292132e-23
6.832257837467249e-23
6.83013765877237e-23
6.827917559637731e-23
6.825592830920618e-23
6.823158541546269e-23
6.820609528055045e-23
6.817940383635111e-23
6.815145446671308e-23
6.812218788723893e-23
6.809154201956373e-23
6.805945185970287e-23
6.802584934015176e-23
6.799066318552798e-23
6.795381876132528e-23
6.791523791567958e-23
6.787483881356107e-23
6.783253576321484e-23
6.778823903435847e-23
6.774185466786657e-23
6.769328427648366e-23
6.764242483625332e-23
6.758916846770218e-23
6.75334022072492e-23
6.747500776758212e-23
6.741386128669765e-23
6.734983306519834e-23
6.728278729107863e-23
6.721258175193478e-23
6.713906753310466e-23
6.706208870169703e-23
6.69814819761654e-23
6.689707637980025e-23
6.680869287794607e-23
6.671614399852255e-23
6.661923343426354e-23
6.651775562617767e-23
6.641149532797474e-23
6.63002271489314e-23
6.618371507628842e-23
6.60617119746755e-23
6.593395906137544e-23
6.58001853582761e-23
6.566010711639054e-23
6.551342721449358e-23
6.535983452865069e-23
6.519900327256423e-23
6.503059230632321e-23
6.485424441342943e-23
6.466958554221061e-23
6.44762240135091e-23
6.427374968916336e-23
6.406173310293474e-23
6.383972454914487e-23
6.360725312877382e-23
6.336382575161192e-23
6.310892608951092e-23
6.284201348274821e-23
6.256252179218479e-23
6.226985819878994e-23
6.196340194799668e-23
6.164250303131046e-23
6.13064808102535e-23
6.095462257158934e-23
6.05861820163107e-23
6.020037767965768e-23
5.979639126944381e-23
5.93733659370912e-23
5.893040445906295e-23
5.846656733270309e-23
5.798087078951163e-23
5.747228470686264e-23
5.693973043097332e-23
5.638207848092489e-23
5.579814616877635e-23
5.518669508784817e-23
5.454642849052339e-23
5.38759885500241e-23
5.317395347881162e-23
5.243883452691934e-23
5.1669072836664676e-23
5.0863036146902075e-23
5.0019015337084705e-23
4.9135220842440255e-23
4.8209778865152796e-23
4.7240727447678964e-23
4.622601233202482e-23
4.5163482667099757e-23
4.4050886510128357e-23
4.288586613070804e-23
4.166595312033907e-23
4.038856330917668e-23
3.905099147478685e-23
3.76504058872942e-23
3.61838426406708e-23
3.464819991966416e-23
3.3040232142887926e-23
3.1356544172551834e-23
2.959358570935986e-23
2.7747646309970195e-23
2.5814851453141866e-23
2.3791160958199526e-23
2.1672371821781856e-23
1.945413030182892e-23
1.713196400714667e-23
1.4701361197318635e-23
1.2157976216133749e-23
9.49823431514015e-24
6.721580219276934e-24
3.84347006707043e-24
1.1403086091960162e-24
2.7082093489537233e-24
5.978080078235018e-24
9.470733829938688e-24
1.3143349877516148e-23
1.6994986937610913e-23
2.103109371996025e-23
2.525911444236653e-23
2.9687477699338754e-23
3.432528635211644e-23
3.918220967034027e-23
4.42684474465553e-23
4.959472395717385e-23
5.51722961279015e-23
6.10129691216474e-23
6.712911640154011e-23
7.353370338272725e-23
8.024031286789604e-23
8.726317249862826e-23
9.461718465755337e-23
1.0231795694581501e-22
1.103818358326029e-22
1.188259403413827e-22
1.2766819887535092e-22
1.369273870665214e-22
1.4662316768223723e-22
1.5677613268187018e-22
1.6740784662417194e-22
1.7854089332179683e-22
1.901989235011308e-22
2.024067053561694e-22
2.1519017753858317e-22
2.2857650515580783e-22
2.425941368635881e-22
2.5727286661631674e-22
2.7264389690070907e-22
2.8873990588124507e-22
3.0559511773651125e-22
3.2324537569472004e-22
3.4172821918590664e-22
3.610829645478387e-22
3.8135079025731734e-22
4.025748241403153e-22
4.248002376290864e-22
4.48074344552883e-22
4.7244669926305435e-22
4.979692087943788e-22
5.2469624232577165e-22
5.52684750177739e-22
5.8199438870373945e-22
6.12687647882321e-22
6.448299902504579e-22
