3.239864943466415e-13
2.909296662528471e-13
2.6117949689399584e-13
2.347374029124402e-13
2.1114626871088891e-13
1.9018828657683869e-13
1.717117295686633e-13
1.5525584546306925e-13
1.40790371868288e-13
1.2802565494265839e-13
1.1686937943871756e-13
1.0712045226744275e-13
9.860381407273474e-14
9.126817654805933e-14
8.490603462224776e-14
7.948859026168667e-14
7.487860422006766e-14
7.101486401725277e-14
6.780052078736359e-14
6.514364086086118e-14
6.301445052230295e-14
6.13371943477565e-14
6.008695300688553e-14
5.918376539322975e-14
5.859800319659608e-14
5.827750017014089e-14
5.821478333743456e-14
5.835721013073934e-14
5.868681127939063e-14
5.917626895515241e-14
5.980387402007621e-14
6.053808517149549e-14
6.13820560593705e-14
6.229496269325579e-14
6.328546949416945e-14
6.43355741865327e-14
6.542842563775102e-14
6.65534094839955e-14
6.769812884667393e-14
6.887298839751083e-14
7.004813326709004e-14
7.123149234889615e-14
7.241669218288176e-14
7.35912385221062e-14
7.475701728003113e-14
7.590932154569173e-14
7.705071573616077e-14
7.817926319369893e-14
7.927696924158126e-14
8.035734312724852e-14
8.14109829547887e-14
8.244269494454817e-14
8.345357461574138e-14
8.443233581670082e-14
8.538323969724496e-14
8.631118718996628e-14
8.720896261722146e-14
8.80820066673911e-14
8.892604752149905e-14
8.974610177107161e-14
9.053606714949892e-14
9.130254844986677e-14
9.203939531174248e-14
9.275266019189858e-14
9.343941855298382e-14
9.410227464157556e-14
9.474069326853144e-14
9.535935234211407e-14
9.595157407949354e-14
9.651793904024956e-14
9.706707006151934e-14
9.759736365463189e-14
9.810494585221996e-14
9.858873974002316e-14
9.905500025826732e-14
9.950950968027197e-14
9.993912283960218e-14
1.0035376893112722e-13
1.0075157400050473e-13
1.0113329229273841e-13
1.0150057332200383e-13
1.0184951868794236e-13
1.021854385430184e-13
1.0250837609119866e-13
1.0281697638527516e-13
1.0311233673823685e-13
1.033947689572658e-13
1.0366751630239783e-13
1.0392958647801365e-13
1.0417847126958624e-13
1.0441645208428445e-13
1.0464486486899563e-13
1.0486016864925077e-13
1.0507340253215969e-13
1.0527269419893681e-13
1.0546179386958764e-13
1.0564715433988463e-13
1.0582200428610972e-13
1.0598853131364089e-13
1.0614786570804832e-13
1.0629887927883424e-13
1.0644855082424162e-13
1.0658914350216904e-13
1.0672329257629422e-13
1.0684852546160563e-13
1.0697305415973794e-13
1.0708904469263899e-13
1.0720014340532415e-13
1.0730706541261178e-13
1.074083262438265e-13
1.0750751904116866e-13
1.0760060345768029e-13
1.076872586486223e-13
1.0777271062665429e-13
1.0785274421544662e-13
1.0792974121212574e-13
1.0800293211310927e-13
1.0807269313545865e-13
1.0814273706657784e-13
1.0820502891621938e-13
1.0826510605597563e-13
1.0832342837871055e-13
1.0837918290211516e-13
1.0843225699077834e-13
1.084822135634892e-13
1.0852956277817548e-13
1.0857463424348299e-13
1.0861857575402377e-13
1.0865831679483886e-13
1.0869831570092536e-13
1.0873468480345458e-13
1.0876951710136982e-13
1.0880429891401185e-13
1.0883503925438264e-13
1.0886411061218215e-13
1.088935759478271e-13
1.0891979674764055e-13
1.0894576938977888e-13
1.0896802704917032e-13
1.0899135227540857e-13
1.0901146474704804e-13
1.0903103747084545e-13
1.0904986336049834e-13
1.0906722316633401e-13
1.0908362623880224e-13
1.090973265828513e-13
1.0911102113317872e-13
1.091237283234662e-13
1.0913549042280839e-13
1.0914597474222723e-13
1.0915462736331955e-13
1.0916296823061966e-13
1.091706445422552e-13
1.0917647428067473e-13
1.0918156958113068e-13
1.0918668394981363e-13
1.0918863695138906e-13
1.091916317869335e-13
1.091929375666152e-13
1.0919409592571775e-13
1.0919289438879069e-13
1.0919220922717489e-13
1.0918980022282987e-13
1.0918636250244684e-13
1.091822729985065e-13
1.0917723445340137e-13
1.0917142351792829e-13
1.0916366521211068e-13
1.091561198364191e-13
1.0914642126946171e-13
1.0913640069383697e-13
1.0912449409380916e-13
1.0911264574935898e-13
1.0909908265429388e-13
1.0908429827498417e-13
1.0906833874987961e-13
1.090516915730126e-13
1.0903306031724384e-13
1.0901358864588425e-13
1.089930422866159e-13
1.0897080598085717e-13
1.0894683425665892e-13
1.0892142411064574e-13
1.0889489131775421e-13
1.0886652843205363e-13
1.0883612959670059e-13
1.0880472306841663e-13
1.087715236282268e-13
1.087362336396114e-13
1.0869912936339579e-13
1.0865976766228871e-13
1.0861862732125742e-13
1.0857469899336674e-13
1.0852940584795358e-13
1.0848116602878936e-13
1.0843051938505404e-13
1.083776589726116e-13
1.08321325790241e-13
1.0826273862837441e-13
1.0820101993028085e-13
1.0813648786950839e-13
