7.013212636857029e-23
7.087368418491722e-23
7.157894421110797e-23
7.224940244593269e-23
7.28864809130505e-23
7.349153067614142e-23
7.406583470222432e-23
7.461061057921461e-23
7.512701309328884e-23
7.561613667171284e-23
7.607901769606276e-23
7.651663669066236e-23
7.692992039110274e-23
7.731974369647785e-23
7.768693151028014e-23
7.803226047269828e-23
7.835646058870238e-23
7.866021675465285e-23
7.894417018672668e-23
7.920891975382498e-23
7.945502321772387e-23
7.968299838249766e-23
7.989332415595325e-23
8.008644152407691e-23
8.026275444101036e-23
8.042263063574082e-23
8.056640233644405e-23
8.069436691395464e-23
8.080678744500782e-23
8.090389319555735e-23
8.098588002479671e-23
8.105291070996978e-23
8.110511519144239e-23
8.114259073806549e-23
8.116540203138842e-23
8.11735811691173e-23
8.116712758455986e-23
8.114600788212821e-23
8.111015558586766e-23
8.105947079950476e-23
8.099381977435889e-23
8.091303438267615e-23
8.081691149301679e-23
8.070521224190767e-23
8.057766120019528e-23
8.043394542535022e-23
8.027371339648926e-23
8.00965738252404e-23
7.990209433309492e-23
7.968979998983927e-23
7.945917170248845e-23
7.920964444413219e-23
7.894060531319912e-23
7.865139140785525e-23
7.834128750500655e-23
7.800952352447095e-23
7.765527176392545e-23
7.727764388304292e-23
7.687568761711906e-23
7.644838319239639e-23
7.599463942156143e-23
7.55132894408968e-23
7.500308606293577e-23
7.446269669921339e-23
7.389069781413877e-23
7.328556885785257e-23
7.26456856248121e-23
7.196931297260065e-23
7.125459683058937e-23
7.049955541904596e-23
6.97020695808227e-23
6.885987212598771e-23
6.797053606324624e-23
6.703146157868356e-23
6.6039861605858e-23
6.499274579810077e-23
6.388690268922694e-23
6.271887979668153e-23
6.148496137261001e-23
6.018114347457097e-23
5.880310595038708e-23
5.734618087928913e-23
5.580531692250533e-23
5.417503893371082e-23
5.244940206579347e-23
5.0621939456324824e-23
4.8685602408686614e-23
4.663269174958779e-23
4.4454778801555354e-23
4.214261406830331e-23
3.9686021344872936e-23
3.7073774495916303e-23
3.4293453594925955e-23
3.133127653860894e-23
2.81719017991238e-23
2.4798198190107184e-23
2.119098041787215e-23
1.7328722687839612e-23
1.3187327022039844e-23
8.740428855388721e-24
3.9658832249436754e-24
1.3298233789641958e-24
6.839101096272007e-24
1.2886458772056745e-23
1.9465250738769986e-23
2.6639904485052086e-23
3.4490575363326334e-23
4.3114159922737735e-23
5.2628264541598276e-23
6.317695596553007e-23
7.493871775430628e-23
8.813753579186322e-23
1.0305860740503857e-22
1.2007107637962324e-22
1.3966174890008836e-22
1.6248651787591604e-22
1.894513875017557e-22
2.218450863962899e-22
2.615661403478733e-22
3.1153347333609155e-22
3.764805181590549e-22
4.646277165103123e-22
5.916228115574384e-22
7.91381757218088e-22
1.153723015655989e-21
2.0198193070290487e-21
6.825534725286454e-21
5.119062254058916e-21
1.943304766614385e-21
1.2120238033600366e-21
8.860323543028e-22
7.0020298556447e-22
5.791331716119555e-22
4.932027069785988e-22
4.284043348780981e-22
3.772515300455213e-22
3.3537675885754448e-22
3.0005782586427717e-22
2.695074246736779e-22
2.4250139941955583e-22
2.181711868585753e-22
1.9588163888580283e-22
1.751558732226685e-22
1.556273037227559e-22
1.3700803014340239e-22
1.190674288693331e-22
1.0161730651086133e-22
8.450140558588871e-23
6.758791232256891e-23
5.0764255813437257e-23
3.3934572191012435e-23
1.7028212718910997e-23
1.5518521268914257e-24
1.7603209873495125e-23
3.526136860491551e-23
5.332463138921753e-23
7.183624606285154e-23
9.085058523378275e-23
1.1042263758965614e-22
1.3060695004840328e-22
1.514576956272877e-22
1.7302894603460742e-22
1.9537497304623519e-22
2.1855053792104874e-22
2.4261116093143987e-22
2.676133699665462e-22
2.9361493161917576e-22
3.2067506769523467e-22
3.488546605308203e-22
3.782164479709034e-22
4.088252131388874e-22
4.407479691059451e-22
4.740541399326652e-22
5.088157398220171e-22
5.451075540674165e-22
5.8300731789730215e-22
6.225958989701426e-22
6.639574820785033e-22
7.071797564569309e-22
7.523541086414536e-22
7.995758192930575e-22
8.48944264023553e-22
9.00563124257888e-22
9.545405973601172e-22
1.0109896233797577e-21
1.0700281107176177e-21
1.1317791732929997e-21
1.1963713760179458e-21
1.2639389891975575e-21
1.3346222532140149e-21
1.4085676447967447e-21
1.4859281692956047e-21
1.5668636504218641e-21
1.651541023953616e-21
1.7401346814668726e-21
1.8328267553198383e-21
1.929807491419745e-21
2.0312755957183704e-21
2.1374385768712098e-21
2.248513151662667e-21
2.364725606938178e-21
