1.700260027578666e-24
1.6337168992805763e-24
1.5705523571742742e-24
1.5106249774664948e-24
1.4537994011700665e-24
1.399945981618345e-24
1.3489404438503068e-24
1.3006635562292928e-24
1.2550008148653932e-24
1.2118421416094888e-24
1.1710815965676237e-24
1.1326171062348758e-24
1.0963502084568024e-24
1.0621858154821354e-24
1.0300319963604922e-24
9.997997798552006e-25
9.714029788780992e-25
9.447580372081465e-25
9.19783898934014e-25
8.964019006713944e-25
8.745356861639062e-25
8.54111142403745e-25
8.350563559284093e-25
8.173015874901325e-25
8.007792628819733e-25
7.85423977363892e-25
7.711725108833453e-25
7.579638511428611e-25
7.457392215389462e-25
7.34442111080403e-25
7.240183035837772e-25
7.144159037221981e-25
7.055853578543461e-25
6.9747946795832435e-25
6.900533974187351e-25
6.83264667841938e-25
6.770731464834803e-25
6.714410242470278e-25
6.66332784544157e-25
6.617151635791994e-25
6.575571028416399e-25
6.538296947476582e-25
6.505061224769317e-25
6.475615951048626e-25
6.449732791405944e-25
6.42720227555002e-25
6.407833073276183e-25
6.391451264646006e-25
6.377899613475174e-25
6.36703685171498e-25
6.3587369812522e-25
6.352888598591023e-25
6.349394246842513e-25
6.3481697984593165e-25
6.349143871228398e-25
6.35225727918527e-25
6.357462519335002e-25
6.36472329437333e-25
6.374014070978957e-25
6.385319672696167e-25
6.398634905949306e-25
6.413964217305441e-25
6.431321379733732e-25
6.450729205298634e-25
6.472219281446548e-25
6.495831727823587e-25
6.521614970368188e-25
6.549625529275738e-25
6.579927817318622e-25
6.61259394493312e-25
6.647703528453329e-25
6.685343497883615e-25
6.725607900658259e-25
6.768597697949471e-25
6.814420550241365e-25
6.863190589110785e-25
6.915028172433643e-25
6.970059620566952e-25
7.028416931467291e-25
7.090237473151099e-25
7.155663652426931e-25
7.224842559377843e-25
7.297925587689496e-25
7.375068031530123e-25
7.4564286603604095e-25
7.542169273677246e-25
7.63245423834288e-25
7.727450011744662e-25
7.827324654576923e-25
7.932247337535827e-25
8.042387846577124e-25
8.157916091716908e-25
8.279001624544655e-25
8.40581316963671e-25
8.53851817508242e-25
8.677282387099118e-25
8.822269453447996e-25
8.973640559979699e-25
9.13155410411572e-25
9.296165408509972e-25
9.467626477547482e-25
9.646085798568924e-25
9.831688189110109e-25
1.0024574690668107e-24
1.0224882508893103e-24
1.0432744999350562e-24
1.064829169750796e-24
1.0871648390992624e-24
1.1102937231616948e-24
1.1342276884464314e-24
1.1589782710742856e-24
1.1845566981119854e-24
1.2109739115808641e-24
1.238240594790144e-24
1.266367200609437e-24
1.2953639813209114e-24
1.325241019702275e-24
1.3560082609796456e-24
1.3876755453509596e-24
1.4202526407681282e-24
1.4537492757181013e-24
1.488175171744725e-24
1.523540075527414e-24
1.559853790325055e-24
1.5971262066436584e-24
1.6353673320384473e-24
1.674587319979729e-24
1.714796497726102e-24
1.756005393258249e-24
1.798224761287231e-24
1.841465608446775e-24
1.8857392177173757e-24
1.9310571723925603e-24
1.977431379575945e-24
2.024874093664217e-24
2.073397939896988e-24
2.1230159384183784e-24
2.173741529158899e-24
2.2255885978386465e-24
2.2785715037571896e-24
2.332705109504539e-24
2.388004813458704e-24
2.444486585309586e-24
2.5021670054663673e-24
2.5610633087937024e-24
2.6211934334935105e-24
2.6825760757778138e-24
2.7452307511670728e-24
2.80917786321594e-24
2.8744387805754634e-24
2.9410359230857768e-24
3.0089928583737957e-24
3.0783344093026424e-24
3.149086773740753e-24
3.221277657892448e-24
3.294936423483045e-24
3.370094251116426e-24
3.4467843199513746e-24
3.5250420055747665e-24
3.604905096890029e-24
3.686414033024928e-24
3.769612162538948e-24
3.854546024448703e-24
3.941265653818627e-24
4.029824911429432e-24
4.120281840536153e-24
4.212699049333859e-24
4.307144121537855e-24
4.403690056525874e-24
4.502415736701685e-24
4.603406425388114e-24
4.706754294939504e-24
4.812558983352776e-24
4.920928183437966e-24
5.031978256198234e-24
5.1458348802423844e-24
5.262633722451403e-24
5.3825211414420774e-24
5.505654910102844e-24
5.632204969878892e-24
5.76235420060874e-24
5.896299215889608e-24
6.034251171556381e-24
6.176436593790494e-24
6.323098217969856e-24
6.474495840455386e-24
6.630907169191849e-24
6.792628697073453e-24
6.959976560751774e-24
7.133287403416549e-24
7.312919243800867e-24
7.49925233619129e-24
7.692690019499432e-24
7.893659573630834e-24
8.102613066188474e-24
8.320028180351598e-24
8.546409063421558e-24
8.782287163811284e-24
9.028222068869167e-24
9.28480233089691e-24
9.552646371259519e-24
