1.972253923985797e-23
1.9743491181152636e-23
1.976345533746245e-23
1.9782474041289932e-23
1.9800587621016448e-23
1.9817834486302884e-23
1.9834251209435305e-23
1.9849872602782875e-23
1.9864731792538875e-23
1.9878860288889595e-23
1.9892288052769263e-23
1.9905043559331287e-23
1.991715385827843e-23
1.9928644631173558e-23
1.9939540245853731e-23
1.9949863808062637e-23
1.995963721040717e-23
1.99688811787481e-23
1.997761531611473e-23
1.9985858144241928e-23
1.9993627142814335e-23
2.0000938786503204e-23
2.0007808579868827e-23
2.001425109020914e-23
2.0020279978419082e-23
2.0025908027924556e-23
2.0031147171759615e-23
2.003600851783188e-23
2.0040502372443368e-23
2.0044638262103202e-23
2.0048424953686434e-23
2.0051870472979658e-23
2.005498212164951e-23
2.0057766492671476e-23
2.0060229484253242e-23
2.0062376312276875e-23
2.0064211521290962e-23
2.0065738994069288e-23
2.0066961959763692e-23
2.006788300065769e-23
2.0068504057544018e-23
2.0068826433729918e-23
2.0068850797680934e-23
2.0068577184306346e-23
2.0068004994888484e-23
2.006713299565531e-23
2.006595931498943e-23
2.006448143926789e-23
2.0062696207322972e-23
2.0060599803507594e-23
2.0058187749353184e-23
2.0055454893792437e-23
2.0052395401934368e-23
2.0049002742354793e-23
2.004526967287956e-23
2.0041188224822916e-23
2.003674968564733e-23
2.003194457999983e-23
2.0026762649084987e-23
2.0021192828322375e-23
2.00152232232387e-23
2.0008841083533517e-23
2.0002032775263317e-23
1.9994783751070388e-23
1.9987078518393782e-23
1.9978900605578124e-23
1.997023252580483e-23
1.9961055738757106e-23
1.9951350609923662e-23
1.994109636744543e-23
1.993027105639565e-23
1.9918851490386462e-23
1.990681320037425e-23
1.989413038054399e-23
1.9880775831128736e-23
1.986672089802751e-23
1.985193540906066e-23
1.983638760670034e-23
1.9820044077105677e-23
1.9802869675268778e-23
1.9784827446079244e-23
1.976587854109502e-23
1.9745982130789347e-23
1.972509531203977e-23
1.9703173010597984e-23
1.9680167878267322e-23
1.96560301844935e-23
1.963070770205898e-23
1.960414558653595e-23
1.9576286249146622e-23
1.9547069222638737e-23
1.9516431019759796e-23
1.948430498388612e-23
1.945062113132194e-23
1.9415305984750385e-23
1.9378282397272715e-23
1.9339469366431283e-23
1.9298781837556306e-23
1.9256130495718802e-23
1.9211421545520067e-23
1.9164556477864618e-23
1.9115431822792808e-23
1.9063938887365854e-23
1.9009963477492314e-23
1.895338560247717e-23
1.889407916095774e-23
1.8831911606737142e-23
1.8766743592886764e-23
1.8698428592287588e-23
1.862681249260246e-23
1.8551733163405962e-23
1.8473019992952336e-23
1.8390493391746913e-23
1.830396425972398e-23
1.8213233413431056e-23
1.8118090969113457e-23
1.801831567708059e-23
1.7913674202014295e-23
1.7803920343178756e-23
1.7688794187538322e-23
1.756802118771963e-23
1.7441311155500593e-23
1.7308357160002032e-23
1.716883431789143e-23
1.7022398460762353e-23
1.6868684662277588e-23
1.6707305604290308e-23
1.6537849757540666e-23
1.6359879347560516e-23
1.6172928070614222e-23
1.5976498517430556e-23
1.5770059253326794e-23
1.5553041492318497e-23
1.532483528851895e-23
1.508478515078355e-23
1.4832184963352278e-23
1.456627206710316e-23
1.4286220318137424e-23
1.3991131892422496e-23
1.368002754228549e-23
1.3351834926584678e-23
1.30053745269449e-23
1.2639342513539342e-23
1.2252289724651173e-23
1.1842595652146749e-23
1.1408435951337974e-23
1.0947741477454954e-23
1.0458146133247532e-23
9.936919810755046e-24
9.38088132436112e-24
8.786284350910706e-24
8.148666991921063e-24
7.462653051507611e-24
6.721692542880417e-24
5.917738794709892e-24
5.0409152498387e-24
4.0794930356683505e-24
3.0219676300875407e-24
1.8745433160751367e-24
8.89350124467279e-25
1.6271230877253411e-24
3.4800355281684386e-24
5.9254402544666336e-24
9.20050054069932e-24
1.3928540617605968e-23
2.169486334373724e-23
3.786548447135953e-23
9.747246120313469e-23
1.548131474746803e-22
4.883400657376366e-23
2.7606132497390613e-23
1.8203713859829433e-23
1.2562765277641277e-23
8.571327067792963e-24
5.44744135881259e-24
2.8855225285282854e-24
1.2657448485927392e-24
2.4201809505817494e-24
4.403125004815326e-24
6.441898590054128e-24
8.489759684101129e-24
1.0553655553982936e-23
1.2646325948031935e-23
1.4780105909297236e-23
1.696605591821497e-23
1.921405486085584e-23
2.1533054969187035e-23
2.3931326579348164e-23
2.6416660085655301e-23
2.89965259565971e-23
3.167820062560855e-23
3.4468866263664316e-23
3.7375690885338627e-23
4.040589388544588e-23
4.356680067883451e-23
4.6865889372421884e-23
5.031083137410761e-23
5.390952768223533e-23
5.767014206700324e-23
6.160113179065656e-23
6.571127701647222e-23
