1.4727465606366513e-24
1.4232258068202359e-24
1.3764718000099263e-24
1.3323645686964908e-24
1.2907882371122815e-24
1.2516307658197024e-24
1.2147837167757374e-24
1.1801420438528904e-24
1.1476039095638728e-24
1.1170705283292458e-24
1.088446036171901e-24
1.0616373862507703e-24
1.036554269072616e-24
1.0131090557143428e-24
9.912167618998204e-25
9.70795030262793e-25
9.517641278263048e-25
9.34046955467383e-25
9.175690659408936e-25
9.02258687076942e-25
8.880467468897058e-25
8.748668974796452e-25
8.62655535043872e-25
8.513518136336021e-25
8.4089765077328e-25
8.31237723551651e-25
8.223194542385455e-25
8.140929849885533e-25
8.065111415620131e-25
7.995293864038933e-25
7.93105761714605e-25
7.872008233901028e-25
7.817775668948269e-25
7.768013462350369e-25
7.722397873060436e-25
7.680626968169773e-25
7.642419680993068e-25
7.607514848802792e-25
7.575670242034698e-25
7.546661594242844e-25
7.52028164165424e-25
7.496339180701806e-25
7.474658148899575e-25
7.455076735810846e-25
7.43744652756617e-25
7.421631688820469e-25
7.407508184739832e-25
7.3949630448196845e-25
7.383893669635443e-25
7.374207181359713e-25
7.36581981788374e-25
7.35865637042219e-25
7.352649664270193e-25
7.347740081473753e-25
7.34387512451628e-25
7.341009020207822e-25
7.339102362136148e-25
7.338121790567957e-25
7.338039708499391e-25
7.33883403287205e-25
7.3404879785980165e-25
7.342989876355361e-25
7.346333019692538e-25
7.350515544275978e-25
7.355540334508627e-25
7.36141495927931e-25
7.368151634495018e-25
7.37576721155834e-25
7.384283191813715e-25
7.393725765317817e-25
7.404125873283346e-25
7.415519293746711e-25
7.427946749466296e-25
7.4414540368376845e-25
7.45609217608633e-25
7.47191757926821e-25
7.488992238311047e-25
7.507383929341278e-25
7.527166432400476e-25
7.548419764674e-25
7.571230427322975e-25
7.5956916602488045e-25
7.621903704306249e-25
7.649974069324018e-25
7.680017801714424e-25
7.71215774935562e-25
7.746524820528086e-25
7.78325823047289e-25
7.822505732348384e-25
7.864423824655016e-25
7.909177932030889e-25
7.956942549941311e-25
8.007901348290354e-25
8.06224722782964e-25
8.120182318263466e-25
8.181917913900304e-25
8.2476743389572835e-25
8.317680733199593e-25
8.392174752926198e-25
8.471402182208582e-25
8.555616443908252e-25
8.64507801009933e-25
8.74005370752008e-25
8.840815914136554e-25
8.94764164932188e-25
9.060811554427989e-25
9.180608768365505e-25
9.307317709447806e-25
9.44122275134241e-25
9.582606826338733e-25
9.731749947325122e-25
9.88892766576522e-25
1.005440948651196e-24
1.0228457236422267e-24
1.0411323421711461e-24
1.0603249584755368e-24
1.0804464671559495e-24
1.1015183426819238e-24
1.1235604858532568e-24
1.1465910752869008e-24
1.170626429848076e-24
1.1956808808208638e-24
1.2217666576495674e-24
1.2488937884236073e-24
1.2770700178240212e-24
1.3063007438130425e-24
1.33658897499004e-24
1.3679353128639794e-24
1.40033795587631e-24
1.4337927347925243e-24
1.4682931740777627e-24
1.503830586056922e-24
1.5403941960756859e-24
1.5779713032787353e-24
1.6165474749431164e-24
1.65610677854708e-24
1.6966320511437196e-24
1.738105201529695e-24
1.7805075541949244e-24
1.8238202268263632e-24
1.868024541407769e-24
1.913102469205079e-24
1.959037105529492e-24
2.0058131732817228e-24
2.0534175508993906e-24
2.1018398187357988e-24
2.1510728262204224e-24
2.2011132664385267e-24
2.251962267172197e-24
2.3036259775743804e-24
2.3561161610120244e-24
2.4094507808480843e-24
2.4636545762232276e-24
2.5187596327156206e-24
2.5748059243813634e-24
2.6318418559284038e-24
2.6899247664444495e-24
2.7491214192429732e-24
2.8095084623915913e-24
2.871172871345654e-24
2.9342123482966926e-24
2.9987357111782093e-24
3.0648632408423606e-24
3.1327270063106325e-24
3.2024711556076616e-24
3.2742521910027828e-24
3.3482392008364224e-24
3.4246140791066284e-24
3.5035717098873324e-24
3.5853201286251064e-24
3.670080673079194e-24
3.7580881059648514e-24
3.8495907136052066e-24
3.9448504082813765e-24
4.044142804513219e-24
4.147757299147122e-24
4.255997159197478e-24
4.369179574794076e-24
4.487635789478043e-24
4.611711177411546e-24
4.7417653797138716e-24
4.8781724803403354e-24
5.021321189476067e-24
5.1716150895291375e-24
5.329472921751619e-24
5.495328937379285e-24
5.669633302155989e-24
5.8528525763603416e-24
6.045470272503252e-24
6.247987450816882e-24
6.460923460273853e-24
6.684816696729648e-24
6.920225485329681e-24
7.167729037201408e-24
7.427928488661281e-24
7.701448018581494e-24
7.988936076321824e-24
8.291066671147544e-24
8.608540760874528e-24
8.942087717543627e-24
9.292466884100263e-24
