6.18868150782106e-24
5.698284132702465e-24
5.215664334743436e-24
4.739821173199865e-24
4.269772464153323e-24
3.8045545207350104e-24
3.3432233313228955e-24
2.884858719835273e-24
2.428575359094806e-24
1.973551681434716e-24
1.5191143047056607e-24
1.0650445589449519e-24
6.13261667946813e-25
1.944194927818689e-25
3.5735909557245953e-25
8.109364562648832e-25
1.2817931324875307e-24
1.7615521228787022e-24
2.2496662911811658e-24
2.7466468558199836e-24
3.253287923552615e-24
3.770492613436253e-24
4.299219584179831e-24
4.840463427441106e-24
5.395246827472689e-24
5.964617454438453e-24
6.549646971531978e-24
7.1514310671497e-24
7.771090008657946e-24
8.409769471761409e-24
9.068641515997375e-24
9.748905631449306e-24
1.0451789815878365e-23
1.1178551652118323e-23
1.1930479369509455e-23
1.2708892872329206e-23
1.351514473144921e-23
1.435062112189763e-23
1.5216742703744147e-23
1.6114965438672166e-23
1.7046781333206395e-23
1.8013719104304947e-23
1.9017344755533252e-23
2.0059262063765796e-23
2.114111296705991e-23
2.226457784133518e-23
2.343137566891659e-23
2.464326408845937e-23
2.590203931436828e-23
2.7209535931393447e-23
2.8567626544828273e-23
2.997822129933518e-23
3.1443267238482213e-23
3.296474753112515e-23
3.4544680527022764e-23
3.6185118674990177e-23
3.7888147273549385e-23
3.965588307472425e-23
4.149047273671778e-23
4.3394091116846656e-23
4.536893943955546e-23
4.741724330266947e-23
4.954125058778837e-23
5.174322921681566e-23
5.402546483849439e-23
5.639025838678824e-23
5.883992361611861e-23
6.137678452166745e-23
6.400317276947442e-23
6.672142509916367e-23
6.953388073297628e-23
7.244287881968661e-23
7.545075596026471e-23
7.8559843809436e-23
8.177246678754683e-23
8.509093996906754e-23
8.851756712559676e-23
9.205463898188142e-23
9.570443171283432e-23
9.946920571746765e-23
1.0335120463238016e-22
1.073526547125609e-22
1.1147576453122132e-22
1.1572272501893577e-22
1.20095709869966e-22
1.2459687637577136e-22
1.2922836658019295e-22
1.339923089361554e-22
1.3889082023103593e-22
1.4392600802913424e-22
1.4909997345966164e-22
1.5441481430925631e-22
1.5987262870873694e-22
1.654755188794348e-22
1.7122559543710767e-22
1.7712498190564374e-22
1.83175819522643e-22
1.8938027229257231e-22
1.957405323043911e-22
2.0225882518020843e-22
2.089374157465586e-22
2.1577861371991915e-22
2.2278477967829275e-22
2.2995833087291065e-22
2.373017471769099e-22
2.4481757712950317e-22
2.5250844367086e-22
2.6037705009644036e-22
2.684261858601164e-22
2.7665873220242174e-22
2.8507766764192334e-22
2.936860735431985e-22
3.024871390587287e-22
3.114841665921893e-22
3.2068057654404835e-22
3.3007991195768547e-22
3.396858434021263e-22
3.495021728128353e-22
3.5953283871839456e-22
3.69781918768562e-22
3.802536355132624e-22
3.909523574946203e-22
4.0188260663730756e-22
4.130490574190329e-22
4.244565436694925e-22
4.361100593495042e-22
4.480147633517041e-22
4.601759803617364e-22
4.725992083562002e-22
4.852901133224584e-22
4.982545430483175e-22
5.11498519556532e-22
5.250282466275664e-22
5.388501154284426e-22
5.529706988734962e-22
5.673967619618859e-22
5.821352655500319e-22
5.971933658995247e-22
6.125784079793805e-22
6.282979490967306e-22
6.443597449052618e-22
6.607717572352841e-22
6.775421794498278e-22
6.946793610562929e-22
7.121919512027763e-22
7.300887543309874e-22
7.483788204024056e-22
7.670714432242035e-22
7.861761318732782e-22
8.05702626483009e-22
8.256609018749242e-22
8.460612231044571e-22
8.669140626584715e-22
8.882301316237248e-22
9.10020449729486e-22
9.32296260833987e-22
9.550690823936712e-22
9.783507127282959e-22
1.0021532380401056e-21
1.026488995586811e-21
1.0513706577522812e-21
1.076811139382506e-21
1.1028236688324643e-21
1.1294218404885043e-21
1.1566194884284727e-21
1.184430812240983e-21
1.2128702943192517e-21
1.2419527822131611e-21
1.2716934625077877e-21
1.3021078965355205e-21
1.3332118170753018e-21
1.365021621617024e-21
1.39755383638292e-21
1.4308255124739703e-21
1.4648539628134078e-21
1.4996569978704087e-21
1.5352526193006391e-21
1.571659592483203e-21
1.6088966870692194e-21
1.6469835763381924e-21
1.6859397756282908e-21
1.7257858781440138e-21
1.7665423016166142e-21
1.808230533373453e-21
1.850872069449667e-21
1.8944889527993533e-21
1.9391040119362175e-21
1.984740303329413e-21
2.0314211931390196e-21
2.0791712393828754e-21
2.1280148802042323e-21
2.1779772376393988e-21
2.2290841011659125e-21
2.2813616355479592e-21
2.3348372356401595e-21
2.389537661555613e-21
2.445491059951953e-21
2.5027261448314095e-21
2.5612721911090624e-21
2.6211586086781926e-21
2.682416364723044e-21
