9.252056427007498e-21
9.499726954248681e-21
9.767210721177322e-21
1.0055025035527355e-20
1.0363725697608058e-20
1.0693907747598491e-20
1.1046206271313422e-20
1.1421297234338732e-20
1.1819898384990537e-20
1.2242770173532154e-20
1.2690716728859978e-20
1.3164586846071068e-20
1.3665275062297324e-20
1.4193722686817084e-20
1.4750918932065238e-20
1.533790203885807e-20
1.59557604197616e-20
1.660563384531905e-20
1.7288714611860345e-20
1.8006248751431277e-20
1.8759537236986985e-20
1.9549937181587997e-20
2.0378863045614975e-20
2.1247787817174463e-20
2.2158244198155816e-20
2.3111825728171587e-20
2.4110187943094517e-20
2.515504941289167e-20
2.6248192801382277e-20
2.7391465809477366e-20
2.858678211911277e-20
2.9836122218905414e-20
3.1141534143268004e-20
3.2505134114546726e-20
3.3929107123229514e-20
3.541570735553645e-20
3.696725848123805e-20
3.858615379615227e-20
4.0274856318627567e-20
4.203589855235846e-20
4.3871882236015096e-20
4.5785477775921874e-20
4.777942361356414e-20
4.985652535159405e-20
5.2019654505860746e-20
5.427174736513455e-20
5.66158033287351e-20
5.905488313901954e-20
6.159210692394627e-20
6.423065182378196e-20
6.697374969781767e-20
6.982468424215068e-20
7.278678811480475e-20
7.58634397379416e-20
7.905805992751276e-20
8.237410835907215e-20
8.581507985280717e-20
8.938450017162776e-20
9.308592237706227e-20
9.692292228129503e-20
1.0089909444157259e-19
1.0501804766736904e-19
1.092834007724709e-19
1.1369877801731396e-19
1.182678052545809e-19
1.229941055677092e-19
1.278812947189217e-19
1.3293297809926253e-19
1.3815274664166842e-19
1.4354417353989082e-19
1.4911081067615027e-19
1.5485618773253262e-19
1.6078380703140857e-19
1.6689714384710076e-19
1.7319964522087398e-19
1.796947270657827e-19
1.8638577629456958e-19
1.9327614849058428e-19
2.003691719481423e-19
2.0766814493322053e-19
2.1517634323187938e-19
2.228970157175504e-19
2.308333950869173e-19
2.3898869512040296e-19
2.4736612157250467e-19
2.559688690964395e-19
2.648001358651946e-19
2.7386312047165403e-19
2.8316103703481993e-19
2.9269711272552865e-19
3.0247460265847265e-19
3.124967996998471e-19
3.2276702362591983e-19
3.33288655966213e-19
3.440651269884083e-19
3.550999308564852e-19
3.663966388397108e-19
3.7795889026688295e-19
3.8979043477841253e-19
4.018950948157848e-19
4.142768154238443e-19
4.269396343805445e-19
4.398877181815798e-19
4.531253680718287e-19
4.6665698711310825e-19
4.804871477721943e-19
4.946205509900256e-19
5.090620518537198e-19
5.238166305342221e-19
5.388894779121497e-19
5.54285894560713e-19
5.700113680920798e-19
5.860715689903241e-19
6.024723169697971e-19
6.192195992752083e-19
6.363195986743008e-19
6.537786477852387e-19
6.716032491853498e-19
6.89800120246743e-19
7.083761639215958e-19
7.273383355612603e-19
7.466938670583701e-19
7.664501661632499e-19
7.866147796456331e-19
8.07195382738507e-19
8.281998727588588e-19
8.49636273614298e-19
8.715126512207854e-19
8.938374299291797e-19
9.166191098881307e-19
9.398661726999317e-19
9.635872607683226e-19
9.877914517572063e-19
1.0124874477537374e-18
1.0376843760520506e-18
1.0633913096224168e-18
1.0896176648049572e-18
1.1163725202317294e-18
1.143665079216273e-18
1.1715049390150492e-18
1.1999013349409481e-18
1.228863889240555e-18
1.2584019653498336e-18
1.2885248660647194e-18
1.3192417357621383e-18
1.3505620959442196e-18
1.382495311414946e-18
1.4150504913262744e-18
1.4482363467893711e-18
1.4820616495325685e-18
1.5165351005346338e-18
1.5516659677547281e-18
1.5874616030835357e-18
1.623930086404101e-18
1.6610798325154154e-18
1.6989169779206754e-18
1.737449582551711e-18
1.776684454348307e-18
1.8166261991123586e-18
1.8572818244798476e-18
1.8986576559777745e-18
1.9407557938758097e-18
1.98358140976389e-18
2.0271390001222966e-18
2.0714289645933404e-18
2.1164551033222113e-18
2.162218160311208e-18
2.2087179450541868e-18
2.2559553752320563e-18
2.3039268818339697e-18
2.35263245100826e-18
2.4020660562990813e-18
2.4522236697499993e-18
2.5031005617354632e-18
2.5546898519842094e-18
2.606983006326754e-18
2.6599676124033996e-18
2.7136357375659723e-18
2.7679760721580045e-18
2.822969597867263e-18
2.878609799786425e-18
2.9348709264926774e-18
2.99173743469048e-18
3.0491868895445825e-18
3.107205424579915e-18
3.165764481535091e-18
3.2248386526955114e-18
3.2844040327313793e-18
3.344437417424883e-18
3.4048858834781262e-18
3.4657439261225072e-18
3.526972770151896e-18
3.5885239044318676e-18
3.6503744325414406e-18
3.71248170500038e-18
3.774804206042838e-18
3.837306001876625e-18
3.899948297751883e-18
3.9626864352506884e-18
4.0254410379584316e-18
4.0882185645108475e-18
