3.5127059132787144e-24
3.3062542579350987e-24
3.1118395434375408e-24
2.9288476749072347e-24
2.7566943719343706e-24
2.5948241750704494e-24
2.4427094878684384e-24
2.299849650714826e-24
2.1657700423011486e-24
2.040021204043406e-24
1.9221779820302938e-24
1.8118386801764904e-24
1.7086242171791184e-24
1.6121772786464997e-24
1.5221614544651523e-24
1.4382603501792486e-24
1.3601766600561385e-24
1.2876311888179646e-24
1.220361809056085e-24
1.1581223424695547e-24
1.1006813557484206e-24
1.0478208665393495e-24
9.993349618683985e-25
9.550283407557774e-25
9.1471480430294e-25
8.78215729515584e-25
8.45358576158811e-25
8.159754870735905e-25
7.899020492494803e-25
7.669762832464289e-25
7.470379205579563e-25
7.29928011755565e-25
7.154888839144837e-25
7.035644367925843e-25
6.9400073770403095e-25
6.866468495427044e-25
6.81355808892238e-25
6.779856639530624e-25
6.76400485436004e-25
6.7647127603029645e-25
6.780767226237933e-25
6.811037566808401e-25
6.854479088899861e-25
6.910134619846223e-25
6.977134191473099e-25
7.054693142218038e-25
7.142108944224496e-25
7.238757071237372e-25
7.344086206041826e-25
7.457613052550715e-25
7.578916975496116e-25
7.707634646259636e-25
7.843454830792535e-25
7.986113417505911e-25
8.135388750590274e-25
8.29109730780115e-25
8.4530897410417e-25
8.621247282466837e-25
8.795478507522567e-25
8.975716438608811e-25
9.161915968083765e-25
9.354051576540925e-25
9.552115321097063e-25
9.756115068357049e-25
9.966072947507999e-25
1.0182024000255137e-24
1.0404015005890582e-24
1.0632103461578975e-24
1.0866356699718973e-24
1.1106851126052646e-24
1.1353671563907896e-24
1.1606910691567915e-24
1.1866668561264001e-24
1.213305218965077e-24
1.2406175210852259e-24
1.2686157584277773e-24
1.297312535039427e-24
1.3267210428532585e-24
1.3568550451533867e-24
1.3877288632777295e-24
1.4193573661696358e-24
1.4517559624416215e-24
1.484940594658849e-24
1.5189277355938422e-24
1.5537343862329528e-24
1.5893780753478694e-24
1.62587686047353e-24
1.663249330150876e-24
1.7015146073171347e-24
1.740692353742936e-24
1.7808027754267102e-24
1.821866628872724e-24
1.8639052281909298e-24
1.9069404529628298e-24
1.9509947568285525e-24
1.9960911767575417e-24
2.0422533429699373e-24
2.0895054894846752e-24
2.1378724652685368e-24
2.1873797459749273e-24
2.2380534462526028e-24
2.289920332621158e-24
2.3430078368989442e-24
2.397344070185594e-24
2.4529578373932567e-24
2.5098786523278853e-24
2.568136753324095e-24
2.627763119434495e-24
2.6887894871843086e-24
2.7512483678912998e-24
2.8151730655715968e-24
2.880597695428298e-24
2.9475572029461815e-24
3.0160873835971194e-24
3.0862249031787043e-24
3.1580073187984882e-24
3.231473100517102e-24
3.306661653678174e-24
3.383613341940684e-24
3.462369511031372e-24
3.5429725132465734e-24
3.6254657327297204e-24
3.709893611542164e-24
3.7963016765641825e-24
3.884736567253058e-24
3.975246064282224e-24
4.0678791191110294e-24
4.162685884511002e-24
4.259717746076505e-24
4.3590273547801006e-24
4.460668660599761e-24
4.5646969472746165e-24
4.671168868210907e-24
4.780142483634478e-24
4.891677298980905e-24
5.0058343046451756e-24
5.122676017104117e-24
5.242266521480072e-24
5.364671515625879e-24
5.4899583558134054e-24
5.61819610406864e-24
5.749455577253113e-24
5.883809397938126e-24
6.021332047268495e-24
6.162099919758263e-24
6.306191380239447e-24
6.453686823012559e-24
6.6046687333176435e-24
6.759221751247159e-24
6.917432738325444e-24
7.079390846621513e-24
7.245187590847987e-24
7.414916923503266e-24
7.588675312999553e-24
7.766561825295237e-24
7.948678208983221e-24
8.135128984114376e-24
8.326021534971883e-24
8.521466206739015e-24
8.721576407063989e-24
8.926468711586535e-24
9.136262974871149e-24
9.351082446249413e-24
9.571053891111714e-24
9.796307718099209e-24
1.0026978112352336e-23
1.0263203174697477e-23
1.0505125069107982e-23
1.0752890175324777e-23
1.1006649250856695e-23
1.1266557600640645e-23
1.153277525448145e-23
1.180546715459785e-23
1.2084803352427765e-23
1.2370959215231627e-23
1.2664115644936148e-23
1.296445930578312e-23
1.3272182866746317e-23
1.358748525613529e-23
1.3910571928685515e-23
1.424165514762617e-23
1.4580954283115395e-23
1.4928696125819866e-23
1.5285115217824962e-23
1.5650454201494575e-23
1.6024964188081557e-23
1.6408905146873418e-23
1.6802546315506484e-23
1.7206166632170902e-23
1.7620055194171015e-23
1.8044511742174536e-23
1.8479847167862086e-23
1.892638405266508e-23
1.9384457239828198e-23
1.985441443241866e-23
2.0336616831126528e-23
2.0831439800620414e-23
2.133927357993084e-23
2.186052403519052e-23
2.239561343866498e-23
2.2944981312736806e-23
