1.5295293286310998e-24
1.5165575992081423e-24
1.5045924656160189e-24
1.4935608200428444e-24
1.4833940681152558e-24
1.4740279639767642e-24
1.4654024360134543e-24
1.4574614055544476e-24
1.4501526007812167e-24
1.4434273679581802e-24
1.4372404818950083e-24
1.4315499573803127e-24
1.426316863068907e-24
1.4215051391414952e-24
1.4170814198054915e-24
1.4130148614996419e-24
1.409276977514651e-24
1.4058414795334853e-24
1.4026841264585396e-24
1.3997825807375589e-24
1.3971162723277841e-24
1.3946662702790374e-24
1.3924151618746992e-24
1.3903469391926906e-24
1.3884468928849406e-24
1.3867015129261528e-24
1.3850983960901317e-24
1.3836261598217586e-24
1.3822743622247678e-24
1.3810334278355922e-24
1.3798945788630612e-24
1.3788497715748005e-24
1.3778916375203627e-24
1.3770134292767e-24
1.37620897042538e-24
1.3754726094715796e-24
1.3747991774376688e-24
1.374183948874413e-24
1.3736226060177823e-24
1.3731112059093769e-24
1.3726461502130334e-24
1.3722241575534436e-24
1.371842238181092e-24
1.3714976707707474e-24
1.371187981215022e-24
1.3709109232428728e-24
1.3706644607019809e-24
1.3704467514380186e-24
1.3702561325593586e-24
1.3700911070561261e-24
1.3699503316369354e-24
1.3698326056686959e-24
1.3697368611782864e-24
1.3696621538089844e-24
1.3696076546566747e-24
1.3695726429400482e-24
1.3695564994245123e-24
1.3695587005636397e-24
1.369578813298985e-24
1.3696164904697693e-24
1.3696714668140484e-24
1.3697435554894427e-24
1.3698326451351003e-24
1.3699386973871516e-24
1.3700617448771267e-24
1.3702018896616035e-24
1.3703593020600744e-24
1.370534219936519e-24
1.3707269483394183e-24
1.3709378595458838e-24
1.3711673935038565e-24
1.3714160586271342e-24
1.3716844329902146e-24
1.371973165879772e-24
1.372282979780877e-24
1.3726146726801099e-24
1.3729691208562986e-24
1.3733472820139936e-24
1.3737501988952977e-24
1.374179003298652e-24
1.374634920609413e-24
1.3751192747786955e-24
1.3756334938390659e-24
1.3761791159533188e-24
1.3767577960286922e-24
1.377371312985765e-24
1.3780215776040138e-24
1.3787106411034675e-24
1.3794407044299564e-24
1.3802141283652694e-24
1.3810334443648411e-24
1.381901366387657e-24
1.3828208036048157e-24
1.3837948741239245e-24
1.3848269197635889e-24
1.3859205219453632e-24
1.3870795188941724e-24
1.388308023927556e-24
1.389610445292844e-24
1.3909915072489028e-24
1.3924562729038928e-24
1.3940101682973846e-24
1.395659008534612e-24
1.39740902544046e-24
1.399266897032543e-24
1.4012397791767669e-24
1.403335338790236e-24
1.4055617895748715e-24
1.407927929503627e-24
1.4104431806699315e-24
1.4131176311650495e-24
1.4159620793174798e-24
1.4189880801378433e-24
1.4222079934772904e-24
1.4256350352756034e-24
1.4292833296924032e-24
1.4331679639468338e-24
1.4373050445579591e-24
1.4417117546528473e-24
1.4464064135639676e-24
1.451408536148506e-24
1.4567388926045726e-24
1.4624195696861923e-24
1.4684740284961972e-24
1.4749271635505352e-24
1.4818053591403292e-24
1.489136540762234e-24
1.4969502256037296e-24
1.5052775662234268e-24
1.514151388169904e-24
1.5236062212310136e-24
1.5336783215365319e-24
1.5444056827557172e-24
1.5558280377199007e-24
1.567986847521313e-24
1.5809252718920977e-24
1.5946881317169567e-24
1.6093218477008798e-24
1.6248743634895195e-24
1.64139505265164e-24
1.6589345995936657e-24
1.6775448674421937e-24
1.6972787377139967e-24
1.718189933585286e-24
1.7403328214789352e-24
1.7637621891195162e-24
1.7885330149322e-24
1.8147002025245305e-24
1.842318314697826e-24
1.8714412858498804e-24
1.9021221209960416e-24
1.9344125918475512e-24
1.9683629169909895e-24
2.0040214505565165e-24
2.041434356739889e-24
2.0806453017969254e-24
2.1216951394235166e-24
2.1646216180006374e-24
2.2094590876711913e-24
2.2562382459634146e-24
2.3049858795693603e-24
2.355724657107536e-24
2.4084729251442445e-24
2.4632445594848367e-24
2.5200488486488838e-24
2.5788903988162147e-24
2.6397691202646134e-24
2.7026802283419866e-24
2.767614319045117e-24
2.834557502834015e-24
2.903491578034422e-24
2.974394296734957e-24
3.0472396886901363e-24
3.121998437302945e-24
3.198638340969539e-24
3.2771248843102562e-24
3.3574218110207924e-24
3.4394917936556216e-24
3.523297270553534e-24
3.6088011632275854e-24
3.695967830968664e-24
3.784764018282995e-24
3.87515984585911e-24
3.967129856455766e-24
4.0606541280083455e-24
4.155719467909209e-24
4.2523204630527726e-24
4.350460662903728e-24
4.4501539512639624e-24
4.551425468261327e-24
4.6543130430679674e-24
4.758868171395347e-24
4.865157341129151e-24
4.97326299294397e-24
5.083284787835402e-24
5.195340482236227e-24
5.309567208513493e-24
5.426122084549637e-24
5.545183575383974e-24
5.666952034510398e-24
5.7916507721730526e-24
