3.0663558185665775e-24
2.9237863935270742e-24
2.78789016945933e-24
2.6583778884582993e-24
2.534973795457332e-24
2.417415047527257e-24
2.3054511498360445e-24
2.1988434167024747e-24
2.0973644564501552e-24
2.0007976785088827e-24
1.9089368213612604e-24
1.8215854998542618e-24
1.7385567703005185e-24
1.6596727119343236e-24
1.5847640229229454e-24
1.5136696293768938e-24
1.446236305554775e-24
1.3823183035374074e-24
1.3217769904692936e-24
1.2644804915959178e-24
1.2103033371604209e-24
1.1591261116626945e-24
1.1108351036993076e-24
1.0653219551612091e-24
1.0224833088905231e-24
9.822204541973372e-25
9.444389705870393e-25
9.09048370483376e-25
8.759617428805123e-25
8.450954006906681e-25
8.163685357701947e-25
7.897028863009223e-25
7.650224226661336e-25
7.422530579192429e-25
7.213223899868665e-25
7.021594821995319e-25
6.84694688305838e-25
6.688595268346268e-25
6.545866084060801e-25
6.418096166310443e-25
6.304633416800618e-25
6.204837626093402e-25
6.118081718768481e-25
6.043753342897612e-25
5.981256699573142e-25
5.9300145098167495e-25
5.889470009962876e-25
5.859088870987449e-25
5.838360956182447e-25
5.826801839073252e-25
5.823954029800919e-25
5.829387874285817e-25
5.842702111884039e-25
5.863524094408478e-25
5.891509683971575e-25
5.926342856386578e-25
5.967735048956336e-25
6.015424292874543e-25
6.069174170254898e-25
6.128772643135319e-25
6.194030788366995e-25
6.264781477149156e-25
6.340878032797201e-25
6.422192888323976e-25
6.508616272343906e-25
6.600054934947543e-25
6.696430932236522e-25
6.797680474691409e-25
6.903752850187759e-25
7.014609420913993e-25
7.130222699567761e-25
7.250575501691067e-25
7.375660173942538e-25
7.505477895702385e-25
7.6400380466894995e-25
7.779357645386848e-25
7.923460840622261e-25
8.072378465735701e-25
8.226147640623722e-25
8.384811421703506e-25
8.548418495727072e-25
8.71702291058324e-25
8.89068384355502e-25
9.069465399018649e-25
9.253436435606268e-25
9.442670417890527e-25
9.637245293134131e-25
9.837243384701572e-25
1.0042751306406059e-24
1.0253859892513868e-24
1.0470664142013278e-24
1.0693263175611228e-24
1.0921760204060461e-24
1.1156262510182257e-24
1.1396881434752699e-24
1.1643732376945858e-24
1.189693479798841e-24
1.2156612235274462e-24
1.2422892320333685e-24
1.2695906805539544e-24
1.2975791593515586e-24
1.3262686776901067e-24
1.355673667546017e-24
1.385808988343914e-24
1.4166899325165483e-24
1.4483322301548187e-24
1.480752055510171e-24
1.5139660332259555e-24
1.547991244800325e-24
1.582845236205385e-24
1.6185460245230222e-24
1.6551121067687066e-24
1.6925624673102503e-24
1.7309165867995484e-24
1.7701944510761207e-24
1.8104165604005785e-24
1.8516039393729463e-24
1.8937781463745016e-24
1.9369612848901807e-24
1.981176013038845e-24
2.026445555883592e-24
2.0727937164635514e-24
2.1202448872396897e-24
2.16882406291445e-24
2.2185568529332098e-24
2.2694694947132527e-24
2.3215888664681133e-24
2.3749425014644635e-24
2.4295586023250935e-24
2.4854660556298327e-24
2.542694446893925e-24
2.6012740753565064e-24
2.6612359718154516e-24
2.7226119132145474e-24
2.7854344398918358e-24
2.8497368734336276e-24
2.9155533348175638e-24
2.9829187596831304e-24
3.051868922693371e-24
3.1224404500552796e-24
3.1946708457736067e-24
3.2685985064130547e-24
3.3442627470809714e-24
3.42170381780168e-24
3.5009629286825065e-24
3.582082274356605e-24
3.665105050566565e-24
3.7500754847349576e-24
3.8370388569390114e-24
3.926041524641337e-24
4.017130952786999e-24
4.110355734079783e-24
4.205765621826344e-24
4.303411552525999e-24
4.403345679229089e-24
4.505621396992454e-24
4.6102933819137134e-24
4.7174176061755546e-24
4.827051388477792e-24
4.939253408216928e-24
5.054083754537309e-24
5.1716039598779716e-24
5.291877022972965e-24
5.414967463297583e-24
5.540941340519773e-24
5.669866303169015e-24
5.801811632143577e-24
5.9368482811411996e-24
6.075048908942751e-24
6.2164879210158775e-24
6.361241548556408e-24
6.5093878409870896e-24
6.66100676315393e-24
6.816180212560744e-24
6.974992088024076e-24
7.137528321749143e-24
7.303876977438041e-24
7.47412821353508e-24
7.648374477884194e-24
7.82671045495784e-24
8.009233136853674e-24
8.19604196820269e-24
8.387238814213939e-24
8.582928090993235e-24
8.783216839403852e-24
8.988214712385204e-24
9.198034165338171e-24
9.412790465158457e-24
9.632601806271858e-24
9.857589310742476e-24
1.0087877267163657e-23
1.0323593073985309e-23
1.0564867434432019e-23
1.0811834311057696e-23
1.1064631369828107e-23
1.1323399531563451e-23
1.1588283615103826e-23
1.1859432164036326e-23
1.2136997577045848e-23
1.2421136446122996e-23
1.2712009417789544e-23
