3.6675552961362437e-23
3.6702234130714675e-23
3.6727696571573755e-23
3.6751994310312603e-23
3.6775178901327744e-23
3.6797299536520096e-23
3.681840314975628e-23
3.683853451651708e-23
3.6857736348976617e-23
3.687604938668442e-23
3.6893512483063396e-23
3.6910162687890754e-23
3.6926035325956966e-23
3.694116407205324e-23
3.6955581022457614e-23
3.696931676306494e-23
3.6982400434307404e-23
3.6994859793013484e-23
3.700672127131442e-23
3.70180100327486e-23
3.702875002566829e-23
3.7038964034063327e-23
3.7048673725914264e-23
3.7057899699173235e-23
3.7066661525483926e-23
3.707497779169953e-23
3.7082866139335884e-23
3.709034330199228e-23
3.7097425140871315e-23
3.7104126678418366e-23
3.711046213020123e-23
3.7116444935069983e-23
3.712208778366227e-23
3.712740264532639e-23
3.713240079351052e-23
3.7137092829673927e-23
3.7141488705774006e-23
3.714559774536663e-23
3.714942866338277e-23
3.715298958460132e-23
3.7156288060875476e-23
3.715933108713957e-23
3.7162125116234726e-23
3.7164676072574834e-23
3.716698936470215e-23
3.716906989673596e-23
3.7170922078750376e-23
3.717254983610596e-23
3.717395661774479e-23
3.717514540347873e-23
3.7176118710267485e-23
3.7176878597522895e-23
3.717742667143485e-23
3.7177764088324627e-23
3.71778915570513e-23
3.717780934045075e-23
3.717751725583495e-23
3.7177014674527916e-23
3.717630052045754e-23
3.7175373267786627e-23
3.717423093758434e-23
3.717287109352194e-23
3.7171290836593403e-23
3.716948679883996e-23
3.7167455136073983e-23
3.7165191519568274e-23
3.716269112671205e-23
3.7159948630603103e-23
3.7156958188545915e-23
3.7153713429443053e-23
3.715020744003702e-23
3.7146432749991157e-23
3.7142381315750827e-23
3.713804450316342e-23
3.713341306882156e-23
3.7128477140071094e-23
3.712322619365554e-23
3.711764903292997e-23
3.711173376361129e-23
3.7105467767994735e-23
3.7098837677577655e-23
3.709182934404513e-23
3.7084427808517806e-23
3.7076617269023394e-23
3.706838104609371e-23
3.70597015464153e-23
3.705056022444973e-23
3.7040937541925e-23
3.7030812925107774e-23
3.7020164719754307e-23
3.7008970143633296e-23
3.6997205236495e-23
3.698484480738131e-23
3.697186237914033e-23
3.69582301300083e-23
3.6943918832114657e-23
3.692889778675866e-23
3.691313475630726e-23
3.6896595892511273e-23
3.6879245661098954e-23
3.6861046762413414e-23
3.684196004792885e-23
3.6821944432391296e-23
3.680095680138142e-23
3.6778951914034324e-23
3.675588230067383e-23
3.673169815506749e-23
3.670634722101963e-23
3.6679774672986965e-23
3.665192299036826e-23
3.6622731825145096e-23
3.659213786245299e-23
3.656007467371012e-23
3.6526472561857797e-23
3.6491258398239316e-23
3.645435545065564e-23
3.641568320202015e-23
3.637515715908904e-23
3.633268865062648e-23
3.628818461436964e-23
3.624154737208237e-23
3.619267439190987e-23
3.614145803730586e-23
3.6087785301525094e-23
3.6031537526855327e-23
3.5972590107452386e-23
3.591081217475322e-23
3.5846066264206735e-23
3.577820796199631e-23
3.570708553042514e-23
3.563253951024158e-23
3.5554402298419076e-23
3.547249769934022e-23
3.53866404475078e-23
3.529663569948706e-23
3.520227849264779e-23
3.5103353168042384e-23
3.499963275451478e-23
3.489087831057714e-23
3.477683822074065e-23
3.46572474420925e-23
3.453182669663691e-23
3.4400281604650514e-23
3.426230175328749e-23
3.41175596945292e-23
3.396570986513731e-23
3.380638742140417e-23
3.3639206979281343e-23
3.3463761250468286e-23
3.3279619563183e-23
3.3086326254481384e-23
3.288339892020378e-23
3.267032650569053e-23
3.2446567218321493e-23
3.2211546240166445e-23
3.196465321597924e-23
3.170523948732315e-23
3.143261503911996e-23
3.114604512052698e-23
3.0844746493829506e-23
3.0527883258566946e-23
3.019456218866573e-23
2.984382750841707e-23
2.947465502090554e-23
2.9085945485530273e-23
2.867651711968963e-23
2.8245097080898896e-23
2.779031174763793e-23
2.731067558830308e-23
2.6804578359098616e-23
2.6270270315138398e-23
2.5705845051586627e-23
2.5109219505316805e-23
2.4478110537186877e-23
2.3810007391619945e-23
2.3102139147652613e-23
2.2351436097939188e-23
2.1554483733962576e-23
2.0707467747414265e-23
1.9806108181837448e-23
1.8845580632723983e-23
1.782042243714549e-23
1.6724422512772763e-23
1.5550496133457976e-23
1.4290553388447924e-23
1.2935390662579288e-23
1.1474692698208159e-23
9.897410127511785e-24
8.193388991070987e-24
6.359671041331812e-24
4.4288622824201e-24
2.6491599074882512e-24
2.4540485807791948e-24
4.638164670120438e-24
7.796188160968438e-24
1.1622633104562956e-23
1.6202753428824373e-23
2.1763935838156346e-23
2.869296223982678e-23
3.764743718986986e-23
4.981956122119762e-23
