8.162157430614282e-24
8.018678239640688e-24
7.87881790437302e-24
7.74227962121606e-24
7.608773673523919e-24
7.478016818422457e-24
7.349731687743631e-24
7.22364620184478e-24
7.099492995124072e-24
6.977008852079462e-24
6.855934152793654e-24
6.736012326765193e-24
6.6169893140438896e-24
6.498613032668309e-24
6.380632851449099e-24
6.262799067190003e-24
6.144862385499517e-24
6.026573404412373e-24
5.9076821001286284e-24
5.7879373142823015e-24
5.667086242287883e-24
5.544873922488964e-24
5.421042726062329e-24
5.295331847939379e-24
5.1674767994141566e-24
5.037208903672621e-24
4.904254796244331e-24
4.768335933451386e-24
4.629168113444426e-24
4.486461016572847e-24
4.339917774968678e-24
4.189234585831881e-24
4.0341003897958895e-24
3.874196646270426e-24
3.709197254019726e-24
3.538768691292307e-24
3.362570492373742e-24
3.1802562489356415e-24
2.991475448601199e-24
2.7958766863004183e-24
2.5931132024559882e-24
2.3828525253048988e-24
2.1647937076031967e-24
1.9386994561765492e-24
1.7044596207665462e-24
1.4622268364611663e-24
1.2127380003373887e-24
9.5818996473028e-25
7.05117639155135e-25
4.762788793525139e-25
3.580844315925874e-25
4.742727575994437e-25
7.370658927068986e-25
1.054743822772674e-24
1.4018297759331484e-24
1.7712509254197083e-24
2.160831452505934e-24
2.5700528455128295e-24
2.999086020002457e-24
3.448441540825335e-24
3.918824144841677e-24
4.41106574243089e-24
4.926092280537554e-24
5.464906628834954e-24
6.028579643939593e-24
6.618245684545046e-24
7.235100690321165e-24
7.880401816813726e-24
8.555468063466148e-24
9.26168156814311e-24
1.0000489372409031e-23
1.077340553700785e-23
1.1582013531592243e-23
1.2427968849990985e-23
1.331300181931465e-23
1.4238920582082703e-23
1.5207614237630148e-23
1.622105613368004e-23
1.7281307302065863e-23
1.8390520034611787e-23
1.955094159649355e-23
2.0764918075219423e-23
2.2034898363824247e-23
2.3363438277039313e-23
2.47532047991665e-23
2.6206980462158015e-23
2.7727667852033773e-23
2.931829424126474e-23
3.098201634407812e-23
3.27221251908928e-23
3.454205111714999e-23
3.644536886079729e-23
3.84358027614403e-23
4.051723205287504e-23
4.2693696239186297e-23
4.4969400542911276e-23
4.7348721411897933e-23
4.983621206942645e-23
5.2436608089821066e-23
5.515483297933119e-23
5.799600373918019e-23
6.096543638471391e-23
6.406865139115032e-23
6.731137903288462e-23
7.069956457919421e-23
7.423937330495226e-23
7.793719527017604e-23
8.179964981721829e-23
8.583358972881928e-23
9.00461049843704e-23
9.444452604533162e-23
9.903642659396462e-23
1.0382962564224407e-22
1.088321889200265e-22
1.1405242944350583e-22
1.1949890715621218e-22
1.2518042752581108e-22
1.3110603897063261e-22
1.3728502897984987e-22
1.437269187815948e-22
1.5044145640259665e-22
1.574386079531045e-22
1.6472854696035664e-22
1.7232164156392886e-22
1.8022843937671209e-22
1.8845964980652757e-22
1.9702612362500632e-22
2.0593882956408275e-22
2.152088277150545e-22
2.248472395024231e-22
2.348652140036474e-22
2.452738903893715e-22
2.560843562640695e-22
2.6730760169834965e-22
2.789544687588195e-22
2.910355963639099e-22
3.035613603206088e-22
3.165418084333578e-22
3.2998659061847003e-22
3.4390488401088434e-22
3.5830531311032535e-22
3.7319586508665483e-22
3.885838004464886e-22
4.0447555935629126e-22
4.2087666402031117e-22
4.377916176285078e-22
4.552238005113672e-22
4.731753642733086e-22
4.916471248144352e-22
5.106384552971538e-22
5.301471802570195e-22
5.501694722038324e-22
5.706997521960974e-22
5.917305959977964e-22
6.132526475389637e-22
6.352545414872065e-22
6.577228367994997e-22
6.806419631459331e-22
7.03994182083434e-22
7.27759564791419e-22
7.519159880755664e-22
7.764391501657029e-22
8.01302607623366e-22
8.264778343799034e-22
8.519343036026165e-22
8.776395926913795e-22
9.035595112863716e-22
9.29658251707712e-22
9.558985607627804e-22
9.822419313745547e-22
1.0086488120047545e-21
1.0350788313901905e-21
1.0614910357127703e-21
1.0878441349548097e-21
1.1140967549348224e-21
1.1402076913070424e-21
1.1661361617247647e-21
1.1918420523556907e-21
1.217286155051544e-21
1.2424303916624865e-21
1.2672380222802381e-21
1.291673834569534e-21
1.3157043117715893e-21
1.3392977774616772e-21
1.3624245156503256e-21
1.3850568653585203e-21
1.4071692893195918e-21
1.4287384169715734e-21
1.449743062372885e-21
1.470164218101209e-21
1.489985026557208e-21
1.5091907303996507e-21
1.5277686040725285e-21
1.5457078685444991e-21
1.5629995914876714e-21
1.5796365751497618e-21
1.5956132341572877e-21
1.610925465413938e-21
1.6255705121449102e-21
1.6395468239897935e-21
1.6528539148701209e-21
