4.016225020455509e-24
4.0905892479411496e-24
4.161348677529e-24
4.228649202776079e-24
4.2926300072289205e-24
4.353423752875067e-24
4.411156775190402e-24
4.465949280832008e-24
4.517915545059072e-24
4.567164106724077e-24
4.6137979592456394e-24
4.6579147363993765e-24
4.6996068920845894e-24
4.738961873465104e-24
4.776062287067621e-24
4.810986057559304e-24
4.843806579032371e-24
4.874592858702143e-24
4.903409652986229e-24
4.9303175959747974e-24
4.9553733203368004e-24
4.978629570728695e-24
5.000135309786597e-24
5.019935816796234e-24
5.038072779138078e-24
5.054584376605933e-24
5.069505358700424e-24
5.082867114990028e-24
5.094697738631635e-24
5.1050220831333515e-24
5.113861812435897e-24
5.121235444379516e-24
5.12715838761262e-24
5.131642971991631e-24
5.1346984725062815e-24
5.1363311267565445e-24
5.1365441459949615e-24
5.1353377197352256e-24
5.132709013917285e-24
5.128652162605217e-24
5.123158253182929e-24
5.116215304998248e-24
5.107808241394671e-24
5.097918855055022e-24
5.086525766571018e-24
5.073604376135004e-24
5.059126808242047e-24
5.0430618492737576e-24
5.025374877824679e-24
5.006027787617695e-24
4.984978902845888e-24
4.9621828857642345e-24
4.937590636347875e-24
4.9111491838214916e-24
4.882801569863571e-24
4.8524867232800724e-24
4.8201393259473936e-24
4.785689669826299e-24
4.7490635048617984e-24
4.710181877603086e-24
4.668960960409843e-24
4.625311871153505e-24
4.579140483390893e-24
4.530347227072123e-24
4.478826879970772e-24
4.424468350189062e-24
4.367154450316682e-24
4.306761664126954e-24
4.243159907107029e-24
4.176212282675057e-24
4.105774836702854e-24
4.031696313997314e-24
3.953817921826781e-24
3.871973107568239e-24
3.785987360323251e-24
3.695678050285186e-24
3.600854325261012e-24
3.501317091883672e-24
3.3968591210218436e-24
3.2872653347426866e-24
3.1723133592946703e-24
3.051774470571038e-24
2.9254151249163215e-24
2.79299937571634e-24
2.6542926551070595e-24
2.509067706560386e-24
2.3571139966546564e-24
2.1982529313383126e-24
2.0323631131498205e-24
1.859423718682996e-24
1.679592233944666e-24
1.4933512012608055e-24
1.3018031181274484e-24
1.1073078640405962e-24
9.1497208774992e-25
7.3633145378813405e-25
5.977583108634504e-25
5.483790236776864e-25
6.2672220838633835e-25
8.101671102066537e-25
1.056948521972159e-24
1.3430715456477603e-24
1.6579170906371644e-24
1.9969394412954322e-24
2.3582789917415197e-24
2.7413611351453067e-24
3.1462904123854364e-24
3.573569544627288e-24
4.0239605514919276e-24
4.498412724397736e-24
4.9980242888928645e-24
5.524022153170789e-24
6.077751970815858e-24
6.660674454692988e-24
7.274365733796919e-24
7.920520519403112e-24
8.600957382991017e-24
9.317625756683655e-24
1.0072614452785665e-23
1.086816161694653e-23
1.1706666109346687e-23
1.2590700366354642e-23
1.3523024841604464e-23
1.4506604165742742e-23
1.5544625202624848e-23
1.6640517218734804e-23
1.779797442481261e-23
1.9020981194991602e-23
2.0313840322326873e-23
2.1681204730673974e-23
2.3128113135526667e-23
2.466003023072732e-23
2.62828920796825e-23
2.800315751015197e-23
2.982786645633407e-23
3.1764706367775056e-23
3.382208801428274e-23
3.6009232275559195e-23
3.8336269817795797e-23
4.0814355946441455e-23
4.3455803399993155e-23
4.627423644180442e-23
4.928477034398473e-23
5.250422128236099e-23
5.595135281899944e-23
5.96471666392807e-23
6.36152470849409e-23
6.788217145257261e-23
7.247800116681673e-23
7.743687303089657e-23
8.279771513466414e-23
8.860511913996813e-23
9.491041021782713e-23
1.0177296879040969e-22
1.0926187586582317e-22
1.1745797801204854e-22
1.2645650199704066e-22
1.3637039696807198e-22
1.4733465089596474e-22
1.5951192793199775e-22
1.7310002089352731e-22
1.883418352788864e-22
2.0553896094920173e-22
2.2507041889456267e-22
2.474190192235343e-22
2.7320915570038545e-22
3.0326219731385477e-22
3.3867967797097137e-22
3.809716996242404e-22
4.322612893970174e-22
4.95620942677024e-22
5.756480408727068e-22
6.79488293976045e-22
8.187233923194387e-22
1.0129083689652127e-21
1.2957229844723235e-21
1.720042730694838e-21
2.3131194117994414e-21
2.783920577072901e-21
2.5601742431619074e-21
2.012169342598383e-21
1.5753932716675382e-21
1.278203882198475e-21
1.073935787720226e-21
9.279424560461716e-22
8.194627159229082e-22
7.361236707233211e-22
6.702995060639951e-22
6.170999956791421e-22
5.732693345244234e-22
5.365661741737672e-22
5.054016743855205e-22
4.786203618427989e-22
4.553629003396025e-22
4.349774788763476e-22
4.1696099855877984e-22
4.009190648736367e-22
3.8653816339228635e-22
3.7356592073835976e-22
3.617968476021093e-22
3.5106187188558886e-22
