1.917123693770768e-23
1.9219739721576067e-23
1.9265964835347944e-23
1.9310010338916944e-23
1.9351969667754484e-23
1.939193183108826e-23
1.942998160069517e-23
1.9466199690704284e-23
1.9500662928793308e-23
1.953344441913942e-23
1.956461369746684e-23
1.9594236878519966e-23
1.9622376796276832e-23
1.9649093137193217e-23
1.9674442566767163e-23
1.9698478849682717e-23
1.9721252963793536e-23
1.9742813208186254e-23
1.9763205305547106e-23
1.9782472499054674e-23
1.980065564399898e-23
1.9817793294320496e-23
1.98339217842545e-23
1.984907530524517e-23
1.9863285978304997e-23
1.9876583921951505e-23
1.9888997315886244e-23
1.9900552460526864e-23
1.9911273832537517e-23
1.992118413645377e-23
1.9930304352523977e-23
1.9938653780858094e-23
1.9946250081974757e-23
1.9953109313832228e-23
1.9959245965415148e-23
1.9964672986945652e-23
1.996940181677882e-23
1.9973442405031563e-23
1.99768032339927e-23
1.9979491335350854e-23
1.9981512304266845e-23
1.99828703103172e-23
1.9983568105320807e-23
1.9983607028057624e-23
1.998298700587932e-23
1.9981706553202953e-23
1.9979762766874578e-23
1.9977151318377377e-23
1.9973866442854624e-23
1.9969900924907167e-23
1.996524608111772e-23
1.9959891739244736e-23
1.9953826214019703e-23
1.994703627947387e-23
1.9939507137708208e-23
1.9931222384009866e-23
1.9922163968210592e-23
1.991231215216928e-23
1.990164546324643e-23
1.9890140643633333e-23
1.9877772595374127e-23
1.9864514320913334e-23
1.9850336858985497e-23
1.9835209215643493e-23
1.9819098290205062e-23
1.980196879588373e-23
1.9783783174843936e-23
1.9764501507403026e-23
1.974408141507644e-23
1.9722477957138327e-23
1.969964352034686e-23
1.967552770144394e-23
1.9650077182016852e-23
1.9623235595269643e-23
1.959494338421328e-23
1.9565137650742822e-23
1.9533751995026726e-23
1.9500716344572614e-23
1.946595677229551e-23
1.9429395302835062e-23
1.9390949706313143e-23
1.9350533278644758e-23
1.9308054607428866e-23
1.926341732235905e-23
1.9216519828989663e-23
1.9167255024574193e-23
1.9115509994576556e-23
1.9061165688296015e-23
1.9004096571905188e-23
1.8944170257005328e-23
1.888124710260895e-23
1.8815179788227464e-23
1.8745812855483366e-23
1.867298221537618e-23
1.8596514617988778e-23
1.8516227081056188e-23
1.8431926273367378e-23
1.834340784849409e-23
1.8250455723755228e-23
1.8152841298682193e-23
1.8050322606494171e-23
1.7942643391222675e-23
1.7829532102106446e-23
1.7710700795727738e-23
1.758584393496169e-23
1.74546370722468e-23
1.731673540278643e-23
1.7171772171105268e-23
1.701935691178227e-23
1.685907350210678e-23
1.6690478000763036e-23
1.6513096242291046e-23
1.6326421151880726e-23
1.6129909738813882e-23
1.592297971934971e-23
1.5705005710760596e-23
1.5475314927178992e-23
1.5233182294452727e-23
1.4977824884717003e-23
1.4708395551099433e-23
1.4423975617906598e-23
1.4123566450538575e-23
1.3806079690561168e-23
1.347032589279312e-23
1.3115001240120018e-23
1.2738671934571842e-23
1.2339755765400434e-23
1.1916500230761074e-23
1.1466956432080484e-23
1.0988947761131656e-23
1.048003215122577e-23
9.937456361641008e-24
9.358100418947767e-24
8.73841000456726e-24
8.074314434670255e-24
7.361128471523738e-24
6.593439203699813e-24
5.764990098644472e-24
4.868613167045086e-24
3.896415434319054e-24
2.8412091156556247e-24
1.7062747162256212e-24
6.532209221051104e-25
1.2736494338890845e-24
2.8122821684153905e-24
4.616930818740107e-24
6.696229208350843e-24
9.112769489999648e-24
1.196403052886933e-23
1.5396289862978484e-23
1.9635956076032153e-23
2.5051994532823616e-23
3.2288903075529936e-23
4.258333953151557e-23
5.864741462271384e-23
8.779854165581585e-23
1.5878745165679287e-22
5.762334507443318e-22
3.2322974344009723e-22
1.3556820940526578e-22
8.544144956627667e-23
6.188246302778066e-23
4.7885452274973465e-23
3.837833708307791e-23
3.1319763232372386e-23
2.5729402222674647e-23
2.107740513349737e-23
1.7051984899605318e-23
1.3457727232417137e-23
1.0166801853348275e-23
7.095671709626618e-24
4.204664775728161e-24
1.6484661331966344e-24
1.9936835710260056e-24
4.556318250718766e-24
7.277728376623081e-24
1.0046584559238554e-23
1.2859939828987761e-23
1.5726720237011284e-23
1.865774684877022e-23
2.166386004086666e-23
2.4755531581720102e-23
2.794284034252479e-23
3.1235544456888664e-23
3.464317413573257e-23
3.8175122181266924e-23
4.184072580549394e-23
4.564933886638878e-23
4.9610395424621623e-23
5.373346599367952e-23
5.802830785707195e-23
6.250491067464094e-23
6.717353841561871e-23
7.204476848257495e-23
7.71295287412125e-23
8.243913304802845e-23
8.798531576865022e-23
9.378026570062609e-23
9.983665975206983e-23
1.0616769667864563e-22
1.127871311433725e-22
