3.070334872773246e-24
3.0688310778132746e-24
3.067424277826534e-24
3.0661043789337343e-24
3.0648620859011843e-24
3.0636888302554466e-24
3.062576704217408e-24
3.0615183999909937e-24
3.060507153972245e-24
3.0595366954762985e-24
3.058601199606963e-24
3.057695243922347e-24
3.0568137685741828e-24
3.0559520396239027e-24
3.055105615260009e-24
3.0542703146633827e-24
3.053442189285789e-24
3.052617496325922e-24
3.0517926742036494e-24
3.050964319848926e-24
3.0501291676365562e-24
3.049284069810769e-24
3.0484259782560916e-24
3.0475519274825377e-24
3.0466590187030593e-24
3.0457444048905125e-24
3.044805276710999e-24
3.0438388492371674e-24
3.0428423493531907e-24
3.0418130037693245e-24
3.040748027570067e-24
3.0396446132253794e-24
3.038499919999329e-24
3.037311063695199e-24
3.036075106679623e-24
3.0347890481331022e-24
3.033449814475801e-24
3.0320542499218946e-24
3.0305991071183743e-24
3.029081037825028e-24
3.0274965835959325e-24
3.0258421664245333e-24
3.0241140793142882e-24
3.022308476740658e-24
3.0204213649690417e-24
3.0184485921961354e-24
3.0163858384812707e-24
3.0142286054367458e-24
3.011972205644547e-24
3.0096117517689714e-24
3.0071421453341734e-24
3.004558065134649e-24
3.001853955249296e-24
2.9990240126257246e-24
2.9960621742052587e-24
2.9929621035547356e-24
2.9897171769742014e-24
2.9863204690461384e-24
2.9827647375927544e-24
2.979042408007004e-24
2.9751455569206983e-24
2.9710658951741706e-24
2.966794750048875e-24
2.9623230467242413e-24
2.9576412889189503e-24
2.952739538674338e-24
2.9476073952371814e-24
2.942233972997997e-24
2.9366078784372178e-24
2.930717186032902e-24
2.92454941307951e-24
2.9180914933666572e-24
2.911329749664584e-24
2.9042498649606933e-24
2.8968368523904906e-24
2.8890750238035258e-24
2.880947956902549e-24
2.872438460892781e-24
2.863528540575959e-24
2.8541993588209943e-24
2.8444311973418034e-24
2.83420341571096e-24
2.8234944085349923e-24
2.8122815607168004e-24
2.8005412007278343e-24
2.7882485518124514e-24
2.7753776810455212e-24
2.7619014461641996e-24
2.747791440094273e-24
2.7330179330941176e-24
2.717549812439237e-24
2.701354519575146e-24
2.6843979846697633e-24
2.6666445585044637e-24
2.648056941651134e-24
2.628596110894334e-24
2.6082212428747244e-24
2.586889634950768e-24
2.5645566233002963e-24
2.5411754983231962e-24
2.5166974174455096e-24
2.4910713154884247e-24
2.4642438128365858e-24
2.436159121735532e-24
2.406758951175597e-24
2.3759824109744543e-24
2.343765915882199e-24
2.3100430908051755e-24
2.274744678598228e-24
2.2377984523551092e-24
2.1991291347490323e-24
2.1586583278290044e-24
2.116304457811724e-24
2.0719827409898318e-24
2.0256051790141475e-24
1.9770805948451456e-24
1.9263147249051547e-24
1.8732103890702637e-24
1.81766776897168e-24
1.7595848381088098e-24
1.6988580068172727e-24
1.6353830749257514e-24
1.569056631354537e-24
1.4997781138202615e-24
1.4274528621227547e-24
1.3519967001869371e-24
1.2733429291393448e-24
1.1914532317158315e-24
1.1063351268823797e-24
1.0180707945349288e-24
9.268664434611478e-25
8.33140463777478e-25
7.376882559125482e-25
6.420052528244816e-25
5.489437257260743e-25
4.640384047064941e-25
3.977647502960745e-25
3.6677998889408353e-25
3.8640285099681746e-25
4.5629013274725035e-25
5.634597010804972e-25
6.957942267538266e-25
8.460873069135508e-25
1.0105816076029755e-24
1.187386780723142e-24
1.375593027560654e-24
1.5748253099450847e-24
1.785017830582473e-24
2.006295692563493e-24
2.2389101324810082e-24
2.4832016724664383e-24
2.7395784765254716e-24
3.0085033445461667e-24
3.290485811008029e-24
3.5860773733446076e-24
3.89586870684411e-24
4.220488183386003e-24
4.560601274658629e-24
4.916910576176889e-24
5.290156282238234e-24
5.6811170007954845e-24
6.090610834693419e-24
6.519496679966808e-24
6.968675707188646e-24
7.439093004336026e-24
7.931739365902552e-24
8.447653218391907e-24
8.98792267657335e-24
9.553687729414644e-24
1.014614254966154e-23
1.0766537933557687e-23
1.1416183870207279e-23
1.2096452238437939e-23
1.280877964614613e-23
1.3554670407265467e-23
1.4335699655252188e-23
1.5153516622847443e-23
1.600984806406827e-23
1.69065018421313e-23
1.784537068900946e-23
1.8828436140793308e-23
1.985777265337636e-23
2.0935551907856418e-23
2.2064047317859096e-23
2.3245638761445385e-23
2.4482817498152598e-23
2.577819132533284e-23
2.713449000034643e-23
2.855457087360821e-23
3.0041424766867474e-23
3.159818220308501e-23
3.322811980838525e-23
3.493466709438895e-23
3.6721413478235525e-23
3.8592115742872225e-23
4.0550705600403306e-23
4.260129788544557e-23
4.4748198972526747e-23
4.6995915530627343e-23
4.934916372138806e-23
5.1812878840227633e-23
