5.53296053443045e-25
4.975368417808358e-25
4.540830314895214e-25
4.23624940407939e-25
4.06183432184647e-25
4.008184941965513e-25
4.0567496109984283e-25
4.1837419399421395e-25
4.3650074585128705e-25
4.579388889437886e-25
4.80999830603177e-25
5.044078571567831e-25
5.272278637491684e-25
5.487842454670777e-25
5.6859146299228925e-25
5.863007428227203e-25
6.016612213926628e-25
6.144923343534741e-25
6.246644721176499e-25
6.320855926574708e-25
6.366921445991202e-25
6.384431884492949e-25
6.373170116134764e-25
6.333098474529175e-25
6.264365697988596e-25
6.1673347942026295e-25
6.042635668707728e-25
5.891249685100682e-25
5.714637807134303e-25
5.514930188797049e-25
5.295203506658603e-25
5.059882655031405e-25
4.8153124716823835e-25
4.570541569722384e-25
4.338313293732679e-25
4.136102615604802e-25
3.9866837761979654e-25
3.917199067961617e-25
3.9555773393546493e-25
4.1245417154985232e-25
4.436204391901602e-25
4.890997067966833e-25
5.481239316481586e-25
6.196149912509109e-25
7.025478871494562e-25
7.96116908687765e-25
8.99770372990564e-25
1.0131867885637997e-24
1.1362352077934467e-24
1.2689379204425708e-24
1.4114408837779473e-24
1.563992138282785e-24
1.7269268835110485e-24
1.90065770174761e-24
2.085668663420426e-24
2.2825123677757425e-24
2.4918092514795753e-24
2.714248713044065e-24
2.95059176226982e-24
3.2016750213490675e-24
3.46841599250201e-24
3.751819576152298e-24
4.0529858795311484e-24
4.3731194056084305e-24
4.7135397582021255e-24
5.075694048905687e-24
5.461171239929082e-24
5.871718718433676e-24
6.309261464804379e-24
6.775924255721893e-24
7.274057448065908e-24
7.806267001815763e-24
8.375449560533586e-24
8.984833584841236e-24
9.63802778526486e-24
1.0339078382970662e-23
1.1092537134461791e-23
1.1903542525514907e-23
1.2777917209584308e-23
1.3722285581229206e-23
1.4744216487216105e-23
1.5852397577750568e-23
1.7056849706464378e-23
1.8369192542661758e-23
1.98029761379854e-23
2.137409830035378e-23
2.3101334652585404e-23
2.500701833420597e-23
2.711792061169708e-23
2.946640469687043e-23
3.2091956044743886e-23
3.504323888748963e-23
3.838090021351275e-23
4.218145335311404e-23
4.6542750062637984e-23
5.1591837078810005e-23
5.749646938419512e-23
6.44823606690898e-23
7.285964996669512e-23
8.306451811957532e-23
9.572619382946547e-23
1.1177683167136164e-22
1.32631863782554e-22
1.6047041968635561e-22
1.985622592672393e-22
2.5099837096925457e-22
3.183657793173601e-22
3.805695261476801e-22
3.8921205003765026e-22
3.4069065421831574e-22
2.8119582396985985e-22
2.329283277361987e-22
1.9711596879580748e-22
1.7059623389047405e-22
1.505420176190424e-22
1.3499291050951036e-22
1.2264809506156137e-22
1.1263909588593112e-22
1.0437395512148467e-22
9.743929934249444e-23
9.153947714673951e-23
8.645826354610027e-23
8.203427129529773e-23
7.814480504390896e-23
7.46950208514303e-23
7.16104925109099e-23
6.883201204846352e-23
6.631188702455639e-23
6.401125822119546e-23
6.189812732035786e-23
5.994588539668418e-23
5.813220089004504e-23
5.643816921228213e-23
5.484765472702148e-23
5.334677699142226e-23
5.192350502202967e-23
5.0567334659548636e-23
4.9269029476976846e-23
4.80204111549377e-23
4.6814188849763096e-23
4.5643819091947813e-23
4.4503390261084144e-23
4.338752665849614e-23
4.229130848848085e-23
4.1210204854065736e-23
4.014001751629089e-23
3.907683345463017e-23
3.801698513686599e-23
3.69570171311239e-23
3.589365848462465e-23
3.4823800297404576e-23
3.3744478058842644e-23
3.265285890590634e-23
3.1546233892975976e-23
3.042201585401303e-23
2.927774393379103e-23
2.8111096429806757e-23
2.6919914590429106e-23
2.5702241197505778e-23
2.445638055005473e-23
2.3180988772428086e-23
2.1875210646056634e-23
2.0538887160448816e-23
1.917287503818318e-23
1.777954795742612e-23
1.6363599753473945e-23
1.4933362019957847e-23
1.3503013099327806e-23
1.2096332958172503e-23
1.0753034645967313e-23
9.538761819756788e-24
8.557554513337695e-24
7.95553484140124e-24
7.887176572578046e-24
8.434969814133326e-24
9.561109485597761e-24
1.1155935523170611e-23
1.3110338604512568e-23
1.534549469299693e-23
1.781158746308151e-23
2.0479033052056873e-23
2.3331116534533057e-23
2.6359191823032365e-23
2.9559764701668484e-23
3.293274168123682e-23
3.6480367895793055e-23
4.020657164081608e-23
4.411655185031462e-23
4.8216514735543413e-23
5.251350310787688e-23
5.701528534614967e-23
6.173028430523496e-23
6.666753174345378e-23
7.183664139104442e-23
7.724779497210771e-23
8.291173694436617e-23
8.883977704945629e-23
9.504379662439572e-23
1.0153626039140686e-22
1.0833023054160343e-22
1.1543938348882615e-22
