1.7698764343020598e-24
1.9258315034785143e-24
2.073554755124843e-24
2.2132964157571023e-24
2.3453099136703932e-24
2.4698450176357878e-24
2.5871439892365888e-24
2.697439395489195e-24
2.800952874429467e-24
2.8978944654839785e-24
2.9884622823956436e-24
3.0728423970033507e-24
3.151208853250885e-24
3.2237237608291427e-24
3.2905374357902277e-24
3.3517885668109576e-24
3.407604392768488e-24
3.458100882006471e-24
3.503382906539277e-24
3.543544406539315e-24
3.578668541951058e-24
3.6088278287602505e-24
3.6340842583535376e-24
3.654489398595968e-24
3.670084475967998e-24
3.680900437748357e-24
3.6869579940115e-24
3.688267638775748e-24
3.684829650131424e-24
3.676634068939681e-24
3.663660655855869e-24
3.645878826533198e-24
3.623247564799651e-24
3.595715313636236e-24
3.56321984407674e-24
3.525688101929172e-24
3.483036032727528e-24
3.435168385378454e-24
3.381978495279626e-24
3.323348048532119e-24
3.2591468292907943e-24
3.189232453633499e-24
3.1134500951078135e-24
3.031632209859106e-24
2.943598272467827e-24
2.849154540970584e-24
2.7480938780956005e-24
2.640195671832354e-24
2.5252259238552317e-24
2.402937618071149e-24
2.2730715571145012e-24
2.1353579936382086e-24
1.9895196455292223e-24
1.83527720836484e-24
1.6723595873731662e-24
1.5005235881170481e-24
1.3195940283501347e-24
1.129552340211476e-24
9.307555801367704e-25
7.245704041288725e-25
5.156780491709872e-25
3.2360155367877112e-25
2.427523882738992e-25
3.849874540062413e-25
6.2816829135501995e-25
9.070369554756724e-25
1.2083693060135947e-24
1.5289751662348306e-24
1.8681640753530587e-24
2.226102960113648e-24
2.60333574726602e-24
3.0006113650375133e-24
3.4188134590938476e-24
3.858929442217765e-24
4.322036754520021e-24
4.809297474722024e-24
5.321957386831796e-24
5.86134766370949e-24
6.428888251493659e-24
7.026092488997018e-24
7.654572721572452e-24
8.316046801370435e-24
9.012345429125613e-24
9.745420351350503e-24
1.0517353448215334e-23
1.133036677727103e-23
1.2186833658153437e-23
1.3089290899225548e-23
1.404045229659918e-23
1.504322353762624e-23
1.6100718689469148e-23
1.7216278455243796e-23
1.8393490422593424e-23
1.9636211563471892e-23
2.0948593276941288e-23
2.233510931354052e-23
2.3800586991634303e-23
2.535024213481632e-23
2.6989718302663066e-23
2.872513090398915e-23
3.056311694646413e-23
3.2510891270793985e-23
3.4576310272271276e-23
3.6767944320172077e-23
3.909516029005582e-23
4.156821587341488e-23
4.419836770339945e-23
4.699799572788731e-23
4.99807467120792e-23
5.316170044212919e-23
5.65575628732617e-23
6.01868915683679e-23
6.407035977793731e-23
6.823106716672092e-23
7.269490716649336e-23
7.749100317168089e-23
8.265222935584416e-23
8.821583559189285e-23
9.42242018953428e-23
1.0072575434177905e-22
1.07776084811775e-22
1.1543932866451028e-22
1.2378987312721055e-22
1.3291449174163872e-22
1.4291503491612602e-22
1.539118516935022e-22
1.6604818596703588e-22
1.7949588470207794e-22
1.944628980374536e-22
2.112032603095631e-22
2.300305596222585e-22
2.513363995178947e-22
2.756161364558149e-22
3.035054472739758e-22
3.358333939532236e-22
3.737012685791401e-22
4.1860291611575136e-22
4.726139682380327e-22
5.386998222780484e-22
6.212367041684952e-22
7.269325740944863e-22
8.665341847789168e-22
1.0581448565982484e-21
1.3338675502717398e-21
1.7522602197557987e-21
2.4074120832032198e-21
3.2905877544947332e-21
3.628249730445799e-21
2.946109229349723e-21
2.2203973466624797e-21
1.734599266368755e-21
1.417009211117264e-21
1.1997330169518168e-21
1.0437036568931434e-21
9.269649549410406e-22
8.366621986096612e-22
7.648915694534581e-22
7.065679353024161e-22
6.58287571501497e-22
6.1769332775099275e-22
5.831043436147378e-22
5.532913208203792e-22
5.273352111911056e-22
5.045355424374972e-22
4.843492641704401e-22
4.663489485486823e-22
4.501935808073931e-22
4.356077399404296e-22
4.223665024707569e-22
4.102843131788191e-22
3.992066619591309e-22
3.8900377923775753e-22
3.7956579678633003e-22
3.7079899555508175e-22
3.626228668474685e-22
3.5496778445497105e-22
3.477731481609463e-22
3.409858888756319e-22
3.3455925684029083e-22
3.2845183079345377e-22
3.226267031668295e-22
3.170508051173184e-22
3.1169434465715885e-22
3.0653033526984866e-22
3.0153419860194133e-22
2.9668342807401767e-22
2.919573011840226e-22
2.873366345181056e-22
2.8280357128912974e-22
2.7834139847580337e-22
2.739343869822985e-22
2.695676530378501e-22
2.652270341925864e-22
2.6089898206413928e-22
2.565704657364153e-22
2.5222888524038904e-22
2.47861994977746e-22
2.4345783314589963e-22
2.3900465910634e-22
2.344908938771328e-22
2.2990506837907987e-22
