1.0570230282897801e-22
1.0575135531667232e-22
1.0579816057503717e-22
1.0584281793823985e-22
1.0588542217972302e-22
1.059260637136333e-22
1.0596482878701466e-22
1.0600179966304243e-22
1.0603705479588228e-22
1.0607066899734786e-22
1.0610271359590298e-22
1.0613325658813394e-22
1.06162362783245e-22
1.0619009394070578e-22
1.0621650890143564e-22
1.0624166371278701e-22
1.0626561174755374e-22
1.062884038173574e-22
1.0631008828050697e-22
1.063307111447215e-22
1.0635031616478705e-22
1.0636894493551011e-22
1.0638663697997202e-22
1.0640342983346142e-22
1.064193591231907e-22
1.064344586438659e-22
1.064487604295025e-22
1.0646229482133546e-22
1.0647509053230907e-22
1.0648717470795012e-22
1.0649857298402215e-22
1.0650930954093242e-22
1.065194071550241e-22
1.0652888724692634e-22
1.065377699270222e-22
1.0654607403808508e-22
1.0655381719529625e-22
1.0656101582358639e-22
1.0656768519251137e-22
1.0657383944863504e-22
1.0657949164549366e-22
1.0658465377134907e-22
1.0658933677457036e-22
1.0659355058683918e-22
1.06597304144223e-22
1.0660060540611996e-22
1.0660346137208355e-22
1.0660587809668431e-22
1.0660786070230538e-22
1.0660941338997349e-22
1.0661053944826004e-22
1.0661124126015056e-22
1.0661152030814655e-22
1.066113771772588e-22
1.0661081155626824e-22
1.0660982223695424e-22
1.066084071114854e-22
1.0660656316785644e-22
1.0660428648338954e-22
1.0660157221637136e-22
1.0659841459563484e-22
1.0659480690820216e-22
1.065907414849311e-22
1.065862096840824e-22
1.0658120187286936e-22
1.0657570740680663e-22
1.06569714606975e-22
1.0656321073503024e-22
1.0655618196595182e-22
1.065486133584717e-22
1.0654048882308904e-22
1.0653179108767346e-22
1.0652250166045862e-22
1.0651260079047214e-22
1.065020674252397e-22
1.0649087916568088e-22
1.0647901221812764e-22
1.0646644134329996e-22
1.0645313980222472e-22
1.0643907929884742e-22
1.064242299193134e-22
1.0640856006777061e-22
1.0639203639847562e-22
1.0637462374416077e-22
1.0635628504039965e-22
1.063369812458758e-22
1.0631667125833966e-22
1.062953118261003e-22
1.0627285745477112e-22
1.0624926030915267e-22
1.062244701100035e-22
1.0619843402539105e-22
1.061710965565106e-22
1.061423994175787e-22
1.0611228140961902e-22
1.060806782877834e-22
1.0604752262192628e-22
1.0601274365018074e-22
1.059762671250303e-22
1.0593801515168496e-22
1.0589790601825925e-22
1.0585585401744112e-22
1.0581176925916242e-22
1.0576555747385239e-22
1.0571711980579145e-22
1.056663525960842e-22
1.0561314715469049e-22
1.0555738952099331e-22
1.0549896021229437e-22
1.0543773395957434e-22
1.0537357942997874e-22
1.0530635893514239e-22
1.0523592812480645e-22
1.0516213566479414e-22
1.0508482289858448e-22
1.0500382349158287e-22
1.0491896305714614e-22
1.0483005876334286e-22
1.0473691891946684e-22
1.0463934254105115e-22
1.0453711889226473e-22
1.044300270044054e-22
1.0431783516911707e-22
1.0420030040478684e-22
1.0407716789475359e-22
1.0394817039539412e-22
1.0381302761258198e-22
1.0367144554439272e-22
1.0352311578808351e-22
1.0336771480912082e-22
1.0320490316992663e-22
1.030343247156973e-22
1.0285560571460478e-22
1.0266835394936183e-22
1.0247215775692765e-22
1.0226658501286488e-22
1.0205118205655378e-22
1.0182547255308017e-22
1.0158895628739333e-22
1.0134110788575286e-22
1.0108137545909918e-22
1.0080917916249654e-22
1.0052390966417946e-22
1.0022492651705435e-22
9.991155642488576e-23
9.95830913944426e-23
9.923878676401542e-23
9.887785909764433e-23
9.849948393313137e-23
9.810279337065238e-23
9.768687348689118e-23
9.725076155829594e-23
9.679344307428928e-23
9.631384851945071e-23
9.581084990038836e-23
9.528325698989001e-23
9.47298132571445e-23
9.414919144812472e-23
9.353998877494638e-23
9.290072166677226e-23
9.222982002727754e-23
9.152562093475263e-23
9.078636171041725e-23
9.001017226756674e-23
8.919506663896085e-23
8.833893356102683e-23
8.743952597102511e-23
8.649444924544304e-23
8.550114797397908e-23
8.445689102157876e-23
8.335875457877095e-23
8.220360283584817e-23
8.09880658347476e-23
7.970851394973169e-23
7.836102831723983e-23
7.69413663681139e-23
7.54449214002051e-23
7.386667485003969e-23
7.220113955723629e-23
7.044229183454087e-23
6.858348951723824e-23
6.661737230941147e-23
6.453573958658739e-23
6.232939923384139e-23
5.998797892162937e-23
5.74996881962433e-23
5.485101552292934e-23
5.202633844548296e-23
4.9007416593114916e-23
4.577272546406367e-23
4.22965729263511e-23
3.8547920805418383e-23
3.448881823788242e-23
3.0072378555524996e-23
2.5240467729379234e-23
1.992260373729054e-23
1.4046011573714022e-23
7.653024558902151e-24
3.5912166949223426e-24
1.066996853140576e-23
2.136978807466052e-23
