1.7724965542067938e-23
1.7788563248550214e-23
1.784915530360549e-23
1.7906870262569605e-23
1.7961830575612614e-23
1.801415284759875e-23
1.8063948085541516e-23
1.811132193418302e-23
1.815637490018289e-23
1.8199202565439974e-23
1.8239895789905218e-23
1.827854090441999e-23
1.8315219893912876e-23
1.8350010571394762e-23
1.838298674306688e-23
1.8414218364920526e-23
1.8443771691221637e-23
1.8471709415056296e-23
1.849809080136762e-23
1.8522971812675647e-23
1.854640522782746e-23
1.8568440753949476e-23
1.8589125131879586e-23
1.8608502235326745e-23
1.8626613163899176e-23
1.8643496330305585e-23
1.865918754170951e-23
1.867372007575302e-23
1.8687124751022517e-23
1.8699429992359935e-23
1.8710661891122242e-23
1.8720844260396013e-23
1.872999868543503e-23
1.8738144569339958e-23
1.8745299174038343e-23
1.875147765683224e-23
1.875669310233834e-23
1.8760956550077857e-23
1.8764277017719586e-23
1.8766661519929374e-23
1.876811508305453e-23
1.8768640755535736e-23
1.876823961400412e-23
1.876691076528679e-23
1.8764651344198226e-23
1.876145650694371e-23
1.8757319420553865e-23
1.8752231247770406e-23
1.874618112791315e-23
1.8739156153148916e-23
1.8731141340528244e-23
1.8722119599555417e-23
1.8712071695066795e-23
1.8700976205632027e-23
1.8688809477305132e-23
1.8675545572226066e-23
1.8661156212732042e-23
1.8645610719921366e-23
1.86288759474538e-23
1.861091620964783e-23
1.8591693204216588e-23
1.857116592927895e-23
1.8549290594419115e-23
1.852602052583702e-23
1.8501306064706332e-23
1.847509445962341e-23
1.844732975169255e-23
1.841795265291314e-23
1.8386900417063343e-23
1.8354106702735984e-23
1.8319501428737934e-23
1.8283010621149367e-23
1.8244556251050915e-23
1.8204056064376156e-23
1.8161423400957993e-23
1.8116567004936e-23
1.8069390823565486e-23
1.8019793796099013e-23
1.796766963094942e-23
1.7912906570930435e-23
1.7855387146339488e-23
1.7794987913976054e-23
1.7731579183833425e-23
1.766502473043226e-23
1.7595181488893484e-23
1.752189923577683e-23
1.744502025277635e-23
1.7364378972994426e-23
1.7279801607776487e-23
1.7191105756385714e-23
1.7098099992647477e-23
1.700058343124707e-23
1.6898345271313304e-23
1.6791164316123704e-23
1.667880846695913e-23
1.656103419102285e-23
1.6437585961390652e-23
1.6308195666422427e-23
1.617258198969177e-23
1.6030449755050614e-23
1.5881489238580155e-23
1.572537544356374e-23
1.5561767335875474e-23
1.5390307040172262e-23
1.5210618991618602e-23
1.5022309044110666e-23
1.482496352885392e-23
1.4618148264501532e-23
1.440140751344306e-23
1.4174262883906324e-23
1.39362121727571e-23
1.3686728150670595e-23
1.342525728234432e-23
1.3151218384153671e-23
1.2864001216701013e-23
1.25629650120901e-23
1.224743693621735e-23
1.1916710493932771e-23
1.1570043878675964e-23
1.1206658287055348e-23
1.0825736216138747e-23
1.0426419776489054e-23
1.0007809090706767e-23
9.568960858792716e-24
9.108887254166846e-24
8.626555406153605e-24
8.12088791173201e-24
7.590765157663558e-24
7.035030893927909e-24
6.452503809935918e-24
5.8420007549787154e-24
5.202383903410428e-24
4.532661253520906e-24
3.832218880978837e-24
3.1014275645878097e-24
2.343544549106979e-24
1.5726414941768826e-24
8.661842672229894e-25
7.317908819863834e-25
1.4378826283018107e-24
2.3694825812738787e-24
3.387876752909506e-24
4.47166417322343e-24
5.616825389384618e-24
6.823722851181152e-24
8.094320958775885e-24
9.431364998816412e-24
1.083808737288079e-23
1.2318091428437753e-23
1.3875305686886785e-23
1.5513969944264739e-23
1.7238637658064992e-23
1.9054187790384238e-23
2.0965842931054608e-23
2.297919217852809e-23
2.5100218162762612e-23
2.7335327983714663e-23
2.969138813552454e-23
3.217576359448641e-23
3.479636158420754e-23
3.75616803140257e-23
4.048086346094743e-23
4.356376099464491e-23
4.6820997332327655e-23
5.0264047628894567e-23
5.390532342590707e-23
5.775826937631013e-23
6.183747184446738e-23
6.615878231859727e-23
7.073945692411177e-23
7.559831530120766e-23
8.075592190078413e-23
8.623479273101508e-23
9.205963372766815e-23
9.825761423104278e-23
1.0485868283020736e-22
1.1189593485431703e-22
1.1940603837235323e-22
1.2742973358660037e-22
1.360124175852327e-22
1.4520483450571854e-22
1.550638928205779e-22
1.656536368293012e-22
1.7704641250021953e-22
1.8932426421568681e-22
2.0258063193601678e-22
2.1692241408787627e-22
2.3247249971668956e-22
2.493728927860851e-22
2.6778860671892793e-22
2.879125476097774e-22
3.0997170627903895e-22
3.3423506659104616e-22
3.610238450732451e-22
3.907248635971385e-22
4.2380826920348485e-22
4.608513227801833e-22
5.025708362023604e-22
5.498681551800017e-22
6.038927271196296e-22
6.66133894557374e-22
