8.696885100042086e-22
8.6988083618621e-22
8.700637989348608e-22
8.702377865607683e-22
8.704031683168605e-22
8.70560295182587e-22
8.707095006105315e-22
8.708511012354287e-22
8.709853975462691e-22
8.711126745251413e-22
8.71233202253503e-22
8.713472364847966e-22
8.714550191880448e-22
8.715567790627177e-22
8.716527320234817e-22
8.717430816594007e-22
8.718280196658985e-22
8.719077262519744e-22
8.71982370522356e-22
8.720521108378143e-22
8.72117095149741e-22
8.721774613155714e-22
8.722333373898305e-22
8.722848418971314e-22
8.723320840832958e-22
8.723751641462518e-22
8.724141734498528e-22
8.724491947164185e-22
8.724803022031016e-22
8.725075618573258e-22
8.72531031458878e-22
8.725507607392497e-22
8.725667914895042e-22
8.725791576471676e-22
8.72587885365476e-22
8.725929930739112e-22
8.725944915108745e-22
8.725923837468467e-22
8.72586665193667e-22
8.725773235884666e-22
8.725643389702975e-22
8.725476836353083e-22
8.725273220773922e-22
8.725032109093392e-22
8.724752987708841e-22
8.72443526217499e-22
8.724078255929618e-22
8.723681208818132e-22
8.723243275460624e-22
8.722763523464635e-22
8.722240931369699e-22
8.72167438647641e-22
8.721062682428079e-22
8.720404516656037e-22
8.719698487523995e-22
8.718943091329707e-22
8.718136719061698e-22
8.717277652964532e-22
8.7163640627361e-22
8.71539400168519e-22
8.714365402442003e-22
8.713276072569997e-22
8.7121236897426e-22
8.710905796765106e-22
8.709619796259893e-22
8.708262945010038e-22
8.706832347998102e-22
8.705324952166564e-22
8.703737539787876e-22
8.702066721339944e-22
8.700308928296736e-22
8.698460405215211e-22
8.696517201719588e-22
8.69447516354747e-22
8.692329923794802e-22
8.690076893183258e-22
8.687711249969128e-22
8.685227929450955e-22
8.682621612740367e-22
8.679886715069343e-22
8.677017373442504e-22
8.67400743365823e-22
8.670850436724156e-22
8.667539604510948e-22
8.664067824415439e-22
8.660427634006196e-22
8.656611203890504e-22
8.652610320276926e-22
8.648416366684083e-22
8.644020304389661e-22
8.6394126518919e-22
8.634583463790706e-22
8.629522307975206e-22
8.624218241662873e-22
8.618659786625785e-22
8.612834903055363e-22
8.606730961268498e-22
8.600334712672351e-22
8.593632259518232e-22
8.586609022145854e-22
8.579249704361159e-22
8.571538258179896e-22
8.563457845985901e-22
8.554990799695106e-22
8.546118579390132e-22
8.536821728550286e-22
8.527079826755716e-22
8.51687144074608e-22
8.506174071053378e-22
8.494964098096465e-22
8.483216722090245e-22
8.470905902565319e-22
8.458004291406222e-22
8.444483165550517e-22
8.430312351405643e-22
8.41546014892545e-22
8.399893248003968e-22
8.383576641945801e-22
8.366473534327717e-22
8.348545240249484e-22
8.329751082216085e-22
8.310048278642602e-22
8.289391825230161e-22
8.267734369194877e-22
8.245026075298337e-22
8.221214481619034e-22
8.196244347276479e-22
8.170057490353218e-22
8.142592609099327e-22
8.113785101525848e-22
8.083566859907118e-22
8.051866057397886e-22
8.018606918728775e-22
7.983709472922921e-22
7.94708928497608e-22
7.908657170265561e-22
7.868318884981041e-22
7.825974790748174e-22
7.7815194956788945e-22
7.734841460294618e-22
7.685822574953992e-22
7.634337696756086e-22
7.580254151999835e-22
7.523431183220753e-22
7.463719359347418e-22
7.400959917250922e-22
7.3349840541359015e-22
7.265612134264123e-22
7.192652830819828e-22
7.115902175558599e-22
7.035142505727815e-22
6.950141298951368e-22
6.860649887968643e-22
6.76640201746743e-22
6.667112244023263e-22
6.5624741506629125e-22
6.452158328216129e-22
6.335810121843575e-22
6.2130470849978295e-22
6.083456091611683e-22
5.946590069314248e-22
5.801964267359717e-22
5.649052000283695e-22
5.487279765226325e-22
5.316021612638398e-22
5.134592640273337e-22
4.942241451041656e-22
4.738141339634131e-22
4.521379986545128e-22
4.290947310213436e-22
4.0457211115088e-22
3.784449989164975e-22
3.5057329062348167e-22
3.2079946233932316e-22
2.8894559348070053e-22
2.548097462803103e-22
2.181615309739918e-22
1.7873665893316783e-22
1.362303009608853e-22
9.028953919007761e-23
4.051249626683208e-23
1.3804893797610683e-23
7.277452943166949e-23
1.374666697261417e-22
2.0864688643807577e-22
2.873549496603881e-22
3.7488793049518864e-22
4.728812044238938e-22
5.8342798128848175e-22
7.092546488740401e-22
8.539839780609947e-22
1.0225421107313033e-21
1.2218100008775418e-21
1.4617097465710027e-21
1.757107025715703e-21
2.1313472077204598e-21
2.6233354892201017e-21
3.303136213539404e-21
4.311049734561191e-21
5.9751915370765106e-21
9.284127242182498e-21
