1.214051014856054e-24
1.172152310652494e-24
1.1329246519497468e-24
1.0962928848210435e-24
1.0621874296005135e-24
1.0305440139686573e-24
1.0013033963711493e-24
9.744110798065745e-25
9.498170172108664e-25
9.274753109374025e-25
9.073439103852232e-25
8.89384313264119e-25
8.735612773450702e-25
8.598425506938552e-25
8.481986289891031e-25
8.386025486441978e-25
8.310297238481596e-25
8.254578343113926e-25
8.218667685158205e-25
8.202386247446652e-25
8.205577693090427e-25
8.228109484737213e-25
8.269874479010272e-25
8.330792912342414e-25
8.410814678964167e-25
8.509921794487967e-25
8.628130939199195e-25
8.765495982937432e-25
8.922110407033788e-25
9.098109556424459e-25
9.29367267445578e-25
9.509024692322332e-25
9.744437763785725e-25
1.0000232549548854e-24
1.0276779270774286e-24
1.0574498557390041e-24
1.089386212488162e-24
1.1235393313673595e-24
1.1599667527724506e-24
1.1987312606442904e-24
1.2399009160461886e-24
1.2835490899068882e-24
1.3297544972221329e-24
1.378601234577872e-24
1.4301788224220193e-24
1.4845822530674084e-24
1.5419120451199979e-24
1.6022743045242678e-24
1.6657807922986065e-24
1.7325489987062277e-24
1.8027022232347295e-24
1.8763696599305876e-24
1.9536864868853385e-24
2.034793959273001e-24
2.1198395044995467e-24
2.208976818228721e-24
2.3023659599972112e-24
2.4001734469152677e-24
2.502572343856193e-24
2.6097423480862193e-24
2.7218698670895584e-24
2.8391480871093422e-24
2.9617770301839337e-24
3.0899635984797903e-24
3.2239216013537654e-24
3.363871765521843e-24
3.510041722369978e-24
3.662665972423913e-24
3.8219858214177964e-24
3.988249286378456e-24
4.161710967123279e-24
4.342631879902282e-24
4.5312792495072685e-24
4.727926254419108e-24
4.932851722363589e-24
5.146339771261468e-24
5.36867938944815e-24
5.600163951397058e-24
5.8410906663290824e-24
6.091759948197318e-24
6.352474709996415e-24
6.623539570989087e-24
6.905259974624379e-24
7.197941212794797e-24
7.501887349270156e-24
7.817400041159581e-24
8.144777252280135e-24
8.484311856140536e-24
8.836290125861215e-24
9.200990109671414e-24
9.578679891757762e-24
9.969615737860424e-24
1.037404012819782e-23
1.0792179684441863e-23
1.1224242990634733e-23
1.1670418322737643e-23
1.2130871289756439e-23
1.2605742404885074e-23
1.3095144596327778e-23
1.3599160681730583e-23
1.4117840824676367e-23
1.465119998757714e-23
1.519921542706283e-23
1.576182424570957e-23
1.633892102753913e-23
1.6930355621394534e-23
1.753593106928379e-23
1.8155401745470038e-23
1.8788471740895124e-23
1.9434793522769732e-23
2.009396692611375e-23
2.076553849156631e-23
2.144900121436472e-23
2.2143794720311595e-23
2.284930589716697e-23
2.356487000485485e-23
2.42897723093064e-23
2.502325019275812e-23
2.5764495814827166e-23
2.651265925873269e-23
2.726685217395467e-23
2.8026151884015514e-23
2.878960594020174e-23
2.9556237058204487e-23
3.0325048371e-23
3.109502900813691e-23
3.186515984591178e-23
3.263441939283482e-23
3.340178978730181e-23
3.416626272797312e-23
3.4926845360173124e-23
3.568256595494765e-23
3.6432479386995723e-23
3.7175672300142875e-23
3.7911267859205555e-23
3.863843017364226e-23
3.935636819196617e-23
4.0064339108779534e-23
4.076165127482243e-23
4.1447666534736924e-23
4.212180210151062e-23
4.278353183680697e-23
4.3432386968834854e-23
4.406795645224906e-23
4.4689886736972783e-23
4.5297881155269653e-23
4.5891698973208083e-23
4.647115395304854e-23
4.703611274029754e-23
4.7586492997435295e-23
4.812226120037168e-23
4.864343043873202e-23
4.915005796374937e-23
4.96422428236789e-23
5.0120123211842475e-23
5.0583874074375575e-23
5.1033704722066886e-23
5.1469856228323626e-23
5.189259935513066e-23
5.230223222243596e-23
5.269907844585072e-23
5.308348507811725e-23
5.345582103505777e-23
5.381647561767973e-23
5.416585704151447e-23
5.450439154062522e-23
5.483252231777881e-23
5.515070890526263e-23
5.545942688298017e-23
5.575916743373828e-23
5.605043750443427e-23
5.633376009555954e-23
5.66096746061951e-23
5.687873771449255e-23
5.714152440970851e-23
5.73986292105168e-23
5.765066754705966e-23
5.789827781684565e-23
5.814212308675586e-23
5.838289372398568e-23
5.86213101511672e-23
5.885812505646152e-23
5.909412757382338e-23
5.933014621932485e-23
5.956705272764599e-23
5.98057668099118e-23
6.004725987026763e-23
6.029256084901001e-23
6.054276065392519e-23
6.079901821980926e-23
6.106256644102101e-23
6.133471825072212e-23
6.161687408935469e-23
6.191052733581187e-23
6.22172736151886e-23
6.253881723526057e-23
6.287697958829086e-23
6.323370701065594e-23
6.361107961524126e-23
6.401131932709814e-23
6.44367993418268e-23
