3.4804666530212166e-24
3.4990819716468655e-24
3.516861235875683e-24
3.533836876211668e-24
3.5500401792525085e-24
3.5655012904888266e-24
3.580249222464128e-24
3.594311867261944e-24
3.60771601248445e-24
3.620487359980694e-24
3.632650546727035e-24
3.644229167335011e-24
3.655245797754626e-24
3.66572201980111e-24
3.675678446192082e-24
3.6851347458383405e-24
3.694109669160742e-24
3.7026210732533745e-24
3.710685946725981e-24
3.71832043411816e-24
3.725539859745947e-24
3.732358750917898e-24
3.738790860433515e-24
3.744849188301856e-24
3.750546002637007e-24
3.755892859689062e-24
3.760900622973242e-24
3.7655794814758386e-24
3.7699389669177816e-24
3.7739879700652614e-24
3.7777347560549656e-24
3.7811869787563256e-24
3.784351694149202e-24
3.787235372692387e-24
3.78984391073531e-24
3.792182640914576e-24
3.7942563415549644e-24
3.796069245090388e-24
3.797625045490981e-24
3.798926904685534e-24
3.7999774579924466e-24
3.8007788185613814e-24
3.801332580811894e-24
3.80163982285689e-24
3.8017011079486814e-24
3.801516484892925e-24
3.801085487461768e-24
3.800407132745685e-24
3.799479918536562e-24
3.7983018196051026e-24
3.796870282969813e-24
3.7951822220539455e-24
3.79323400982416e-24
3.7910214707534044e-24
3.788539871737913e-24
3.7857839118275034e-24
3.782747710834111e-24
3.7794247967635644e-24
3.775808092000566e-24
3.771889898340071e-24
3.767661880685228e-24
3.7631150495644296e-24
3.758239742233491e-24
3.753025602521835e-24
3.7474615592777985e-24
3.741535803419547e-24
3.7352357635777774e-24
3.728548080269565e-24
3.721458578573055e-24
3.713952239377722e-24
3.706013168995691e-24
3.697624567288664e-24
3.688768694240076e-24
3.679426834926437e-24
3.669579262997071e-24
3.659205202464255e-24
3.64828278812609e-24
3.6367890244587016e-24
3.6246997430050705e-24
3.6119895585676004e-24
3.5986318241299295e-24
3.584598584747453e-24
3.569860530624917e-24
3.554386949580481e-24
3.5381456793186465e-24
3.5211030599215065e-24
3.503223886969717e-24
3.484471366050309e-24
3.4648070695411855e-24
3.444190896496763e-24
3.422581036927272e-24
3.399933942134656e-24
3.376204302804348e-24
3.351345037191075e-24
3.325307292643758e-24
3.2980404631704973e-24
3.2694922285558664e-24
3.239608619302714e-24
3.2083341152013574e-24
3.175611784901104e-24
3.141383478113725e-24
3.1055900820449546e-24
3.06817186016071e-24
3.0290688924768888e-24
2.9882216442104985e-24
2.94557169614341e-24
2.9010626778885595e-24
2.8546414584231324e-24
2.8062596625218493e-24
2.7558756015027874e-24
2.7034567322800558e-24
2.648982792832211e-24
2.5924498045483876e-24
2.5338751908776934e-24
2.4733043339084184e-24
2.4108189863702475e-24
2.3465480755473974e-24
2.2806815819241508e-24
2.2134883443822845e-24
2.1453388201284212e-24
2.0767339679605152e-24
2.0083414383073086e-24
1.9410399566866992e-24
1.8759718588265902e-24
1.8146016485351214e-24
1.7587745182261315e-24
1.710762404198664e-24
1.6732767127971744e-24
1.649419260370794e-24
1.6425433486955914e-24
1.6560152465313913e-24
1.6929069870720754e-24
1.7556993584935846e-24
1.846093994617875e-24
1.964998536093986e-24
2.1126753721958075e-24
2.288983599550793e-24
2.4936310717758152e-24
2.7263808259592154e-24
2.9871933843139563e-24
3.2763120184559145e-24
3.5943081166697995e-24
3.942103745983914e-24
4.32098449644764e-24
4.732611363474262e-24
5.1790371697359325e-24
5.662730982567034e-24
6.186612952600113e-24
6.754101694918641e-24
7.369176443686266e-24
8.036456787478437e-24
8.761303576863509e-24
9.549945880373146e-24
1.040964031558917e-23
1.134887148249783e-23
1.237760505426141e-23
1.3507609184847196e-23
1.4752865772866853e-23
1.613010119671762e-23
1.7659477599277715e-23
1.9365503035145067e-23
2.1278243427800943e-23
2.3434956563093863e-23
2.588232404167363e-23
2.867954367342699e-23
3.1902675868574414e-23
3.565084540066263e-23
4.005521628277488e-23
4.529214101049976e-23
5.160256087613568e-23
5.932047150852926e-23
6.891321494133907e-23
8.1031775737177e-23
9.654588755082991e-23
1.164469182487688e-22
1.4120435912701242e-22
1.6858348581423177e-22
1.8996469917908816e-22
1.9332166161546863e-22
1.781998243590415e-22
1.557928678596358e-22
1.3449755081743326e-22
1.1686772279117454e-22
1.0282603745546438e-22
9.166674109546169e-23
8.270069826369372e-23
7.538747772793877e-23
6.932787186899146e-23
6.423076611724672e-23
5.98828826313549e-23
5.612616270071354e-23
5.2841814131968786e-23
4.993924712989816e-23
4.7348387217972215e-23
4.50142924389115e-23
4.2893337689460974e-23
4.095047903093524e-23
3.915726171551153e-23
3.749035870995131e-23
3.593047991437221e-23
3.446155743112943e-23
