8.569290282147504e-25
8.421131695404456e-25
8.394810086979205e-25
8.476808356727742e-25
8.651760149343884e-25
8.90400023967511e-25
9.218822093524544e-25
9.583252711537604e-25
9.986369597314501e-25
1.041929103735228e-24
1.0874982204156163e-24
1.1347985372057112e-24
1.1834140716008061e-24
1.2330331429564199e-24
1.2834266152757404e-24
1.334430040804769e-24
1.3859293499438334e-24
1.4378495477845882e-24
1.4901458618127143e-24
1.5427968425562882e-24
1.595798999436424e-24
1.649162634379107e-24
1.7029086063733595e-24
1.7570658187235406e-24
1.8116692674942843e-24
1.8667585263249254e-24
1.922376571226639e-24
1.978568870864433e-24
2.035382684644524e-24
2.0928665238229917e-24
2.15106974079021e-24
2.2100422192886616e-24
2.269834144245672e-24
2.330495834470766e-24
2.3920776249761304e-24
2.45462978846776e-24
2.518202487797497e-24
2.58284575270012e-24
2.6486094756528117e-24
2.7155434226592688e-24
2.7836972556405744e-24
2.853120563785683e-24
2.9238629017162627e-24
2.9959738328002834e-24
3.0695029762752238e-24
3.144500057106174e-24
3.2210149577265552e-24
3.29909777100468e-24
3.378798853958265e-24
3.460168881716229e-24
3.54325890154897e-24
3.628120386653097e-24
3.714805289535021e-24
3.803366094911071e-24
3.893855872007318e-24
3.9863283262648774e-24
4.0808378503257335e-24
4.177439574476818e-24
4.276189416370668e-24
4.377144130214951e-24
4.480361355345783e-24
4.585899664352234e-24
4.6938186106723046e-24
4.8041787758346145e-24
4.91704181633892e-24
5.032470510248248e-24
5.1505288035445934e-24
5.271281856383836e-24
5.394796089152223e-24
5.521139228606096e-24
5.6503803539132936e-24
5.782589942903164e-24
5.917839918358399e-24
6.0562036945705815e-24
6.197756224126643e-24
6.342574045036159e-24
6.490735328213909e-24
6.642319925362987e-24
6.797409417408433e-24
6.956087163324462e-24
7.118438349717747e-24
7.284550040873391e-24
7.454511229554776e-24
7.628412888525711e-24
7.806348022813625e-24
7.988411722783827e-24
8.174701218114995e-24
8.365315932638506e-24
8.560357540088683e-24
8.759930020960648e-24
8.964139720258341e-24
9.173095406449762e-24
9.386908331403109e-24
9.605692291668246e-24
9.829563690752426e-24
1.0058641602784718e-23
1.0293047837456765e-23
1.0532907006240058e-23
1.0778346590014601e-23
1.102949700810485e-23
1.1286491688757907e-23
1.1549467141224885e-23
1.1818563029259495e-23
1.2093922246258161e-23
1.237569099204798e-23
1.2664018851480405e-23
1.2959058874372414e-23
1.3260967657852402e-23
1.356990542979236e-23
1.3886036134741347e-23
1.420952752144813e-23
1.4540551232383485e-23
1.487928289541981e-23
1.5225902217454292e-23
1.5580593080234036e-23
1.5943543638241117e-23
1.6314946418971424e-23
1.6694998425425568e-23
1.7083901240949448e-23
1.7481861136435082e-23
1.7889089180014296e-23
1.8305801349353987e-23
1.873221864638868e-23
1.9168567214716287e-23
1.9615078459934362e-23
2.00719891723268e-23
2.0539541652769542e-23
2.1017983841432942e-23
2.1507569449221897e-23
2.2008558092740187e-23
2.2521215431823268e-23
2.3045813310747243e-23
2.3582629902317166e-23
2.413194985561705e-23
2.4694064446962398e-23
2.526927173444913e-23
2.585787671605926e-23
2.64601914914466e-23
2.7076535427481526e-23
2.7707235327715316e-23
2.835262560556777e-23
2.9013048461755305e-23
2.9688854065840357e-23
3.0380400741608304e-23
3.108805515746643e-23
3.1812192520636736e-23
3.255319677609761e-23
3.331146081020731e-23
3.408738665904004e-23
3.488138572126745e-23
3.5693878976604477e-23
3.6525297208714103e-23
3.7376081233595846e-23
3.824668213360072e-23
3.9137561495847993e-23
4.0049191657481055e-23
4.098205595573928e-23
4.193664898413666e-23
4.2913476854772147e-23
4.39130574662216e-23
4.49359207783267e-23
4.5982609092748134e-23
4.705367734064516e-23
4.814969337633894e-23
4.927123827852635e-23
5.041890665802753e-23
5.159330697282101e-23
5.2795061850327063e-23
5.402480841750621e-23
5.528319863794485e-23
5.657089965771678e-23
5.788859415841863e-23
5.923698071873079e-23
6.061677418472865e-23
6.202870604805258e-23
6.347352483368794e-23
6.49519964958931e-23
6.64649048242944e-23
6.801305185804246e-23
6.959725831151039e-23
7.121836400788289e-23
7.287722832388772e-23
7.457473064488673e-23
7.631177082991144e-23
7.808926968818649e-23
7.990816946602127e-23
8.176943434532349e-23
8.36740509535891e-23
8.562302888619823e-23
8.761740123960631e-23
8.965822515777106e-23
9.174658239124491e-23
9.388357986883753e-23
9.607035028231293e-23
9.830805268510796e-23
1.0059787310428491e-22
1.0294102516719511e-22
1.053387507419027e-22
1.0779232059269394e-22
1.103030350507411e-22
1.1287222469961376e-22
