2.5368286874582078e-23
1.991238284077388e-23
1.478037810536811e-23
9.961474273095351e-24
5.4458041926141934e-24
1.2287862065830742e-24
2.72221717453179e-24
6.3834089868652506e-24
9.778079003645943e-24
1.2912148407615348e-23
1.5792064836989267e-23
1.8423867379203005e-23
2.0813100405188223e-23
2.296480341101532e-23
2.488351480851493e-23
2.6573278814688033e-23
2.803765271577755e-23
2.927971365697023e-23
3.0302064651161733e-23
3.11068396828225e-23
3.1695707860779737e-23
3.206987659144944e-23
3.223009376818838e-23
3.217664896920495e-23
3.190937366459611e-23
3.1427640429521197e-23
3.07303611684231e-23
2.981598435601949e-23
2.868249131183875e-23
2.732739154361523e-23
2.574771723985755e-23
2.3940017075234582e-23
2.1900349708855e-23
1.9624277854617917e-23
1.710686522118815e-23
1.4342683055205234e-23
1.1325850091328676e-23
8.050217420077646e-24
4.510569251595662e-24
7.438848416123052e-25
3.4315427834478345e-24
7.817351006845408e-24
1.2509646354455294e-23
1.7514738194450167e-23
2.2842922646503292e-23
2.850568559249829e-23
3.4515386960628975e-23
4.0885210506979586e-23
4.762917027557621e-23
5.476213492671032e-23
6.229985988030973e-23
7.025902410109818e-23
7.865727042408732e-23
8.75132490350723e-23
9.684666402837381e-23
1.0667832308199662e-22
1.1703019037746866e-22
1.2792544291686164e-22
1.3938853043391555e-22
1.5144523911403488e-22
1.6412275935980804e-22
1.7744975787705923e-22
1.9145645433798514e-22
2.061747029843675e-22
2.216380794455846e-22
2.37881973203903e-22
2.549436860536334e-22
2.7286253702896135e-22
2.9167997425533233e-22
3.1143969424803994e-22
3.3218776922061035e-22
3.5397278300638566e-22
3.7684597630272096e-22
4.0086140193749476e-22
4.260760909356179e-22
4.525502303850887e-22
4.803473539071922e-22
5.095345459147431e-22
5.4018266079012215e-22
5.723665582685059e-22
6.0616535637668545e-22
6.416627036517591e-22
6.789470721754533e-22
7.181120735181124e-22
7.592567994314896e-22
8.02486190116444e-22
8.47911431960187e-22
8.956503885175342e-22
9.458280670305441e-22
9.985771248874033e-22
1.0540384195291599e-21
1.1123616064096933e-21
1.1737057902364688e-21
1.2382402350148082e-21
1.3061451390227787e-21
1.3776124822802166e-21
1.4528469543882243e-21
1.5320669718200429e-21
1.6155057948329093e-21
1.7034127565294216e-21
1.79605461630274e-21
1.893717053125677e-21
1.996706317478823e-21
2.10535105860175e-21
2.2200043544934455e-21
2.341045964372454e-21
2.4688848419838864e-21
2.6039619360476104e-21
2.7467533250926657e-21
2.897773729688043e-21
3.057580457081496e-21
3.2267778460821417e-21
3.406022278723982e-21
3.596027857058773e-21
3.797572840089766e-21
4.011506970388396e-21
4.2387598310113286e-21
4.480350410808273e-21
4.737398088745677e-21
5.0111352808623726e-21
5.302922059130218e-21
5.614263111540273e-21
5.946827488837175e-21
6.302471683206486e-21
6.683266733636542e-21
7.091530172194324e-21
7.529863880189058e-21
8.001199152250771e-21
8.508850633422157e-21
9.056581219889119e-21
9.648680648033667e-21
1.0290061213102708e-20
1.0986375194477928e-20
1.1744159905578059e-20
1.2571018279864876e-20
1.3475845624311544e-20
1.4469116797828268e-20
1.556325364323246e-20
1.6773099957930248e-20
1.8116542678691556e-20
1.961533464570829e-20
2.12961994631873e-20
2.319233832692959e-20
2.5345520268511997e-20
2.7809037271514653e-20
3.065197299498844e-20
3.3965519884167e-20
3.787259095260616e-20
4.254292061742846e-20
4.821769163729675e-20
5.525151808456389e-20
6.418793042645157e-20
7.590427984643351e-20
9.191381607465195e-20
1.150668592023426e-19
1.514352395202213e-19
2.165831583040234e-19
3.6504604321743357e-19
9.436918331465592e-19
8.980979035185843e-19
3.775102248533471e-19
2.3767027301347215e-19
1.7507120182064477e-19
1.3977337039540762e-19
1.171656613552621e-19
1.0146941394692826e-19
8.994816025754827e-20
8.114025006840286e-20
7.419444306938682e-20
6.858156048831502e-20
6.39554019941938e-20
6.007997722724223e-20
5.678889323766987e-20
5.3961462581341994e-20
5.15080187867119e-20
4.9360549298780895e-20
4.746652913735933e-20
4.5784746899194046e-20
4.4282411866108204e-20
4.293310519070339e-20
4.171530133837308e-20
4.0611282222834983e-20
3.960632934992597e-20
3.8688111803169525e-20
3.7846218719325536e-20
3.707179748357523e-20
3.6357270426949214e-20
3.5696110925483976e-20
3.508266521179364e-20
3.4512009126847955e-20
3.3979831988755243e-20
3.348234164777679e-20
3.301618683628795e-20
3.257839332038052e-20
3.216630940179625e-20
3.1777562042263884e-20
3.1410018731876475e-20
3.106175581611998e-20
3.073103164998947e-20
3.0416263314292125e-20
3.011600673376383e-20
