3.458361403074914e-24
3.457657976659375e-24
3.457015817834901e-24
3.45642999810216e-24
3.455896019404487e-24
3.455409777696499e-24
3.454967529628642e-24
3.454565862113874e-24
3.454201664494643e-24
3.453872103152086e-24
3.453574598286619e-24
3.453306802741411e-24
3.453066582672859e-24
3.452851999896597e-24
3.4526612958178096e-24
3.452492876739748e-24
3.4523453005079484e-24
3.452217264325391e-24
3.452107593651856e-24
3.4520152321261694e-24
3.451939232367841e-24
3.4518787476440554e-24
3.451833024278341e-24
3.451801394784994e-24
3.451783271628868e-24
3.451778141588018e-24
3.4517855606447225e-24
3.451805149393355e-24
3.4518365888813525e-24
3.4518796168916215e-24
3.451934024600551e-24
3.451999653597004e-24
3.4520763932286784e-24
3.452164178247369e-24
3.4522629867385854e-24
3.4523728383181214e-24
3.4524937925693574e-24
3.452625947677761e-24
3.452769439324737e-24
3.452924439735694e-24
3.4530911569159685e-24
3.453269834091907e-24
3.4534607492677674e-24
3.4536642149730704e-24
3.453880578138077e-24
3.454110220108466e-24
3.454353556802979e-24
3.454611038992302e-24
3.454883152686546e-24
3.455170419669988e-24
3.45547339814182e-24
3.455792683457902e-24
3.456128908980621e-24
3.456482747084594e-24
3.456854910198585e-24
3.457246152028278e-24
3.457657268820647e-24
3.458089100793673e-24
3.458542533637446e-24
3.459018500138364e-24
3.459517981896362e-24
3.4600420112266205e-24
3.460591673041847e-24
3.461168106981392e-24
3.461772509603444e-24
3.4624061366701405e-24
3.46307030564078e-24
3.463766398198748e-24
3.4644958629755186e-24
3.4652602184094814e-24
3.466061055664677e-24
3.466900041842843e-24
3.467778923136009e-24
3.468699528416189e-24
3.4696637726634736e-24
3.4706736608086845e-24
3.471731291611663e-24
3.4728388617824935e-24
3.4739986702413555e-24
3.475213122595966e-24
3.4764847357352474e-24
3.477816142820266e-24
3.479210098157476e-24
3.4806694826314974e-24
3.4821973091150676e-24
3.483796728283361e-24
3.485471034377878e-24
3.487223671634382e-24
3.489058240499584e-24
3.490978504569601e-24
3.492988397246183e-24
3.495092029277666e-24
3.497293696005848e-24
3.4995978854235675e-24
3.502009285863764e-24
3.5045327947391526e-24
3.507173527082577e-24
3.509936824414533e-24
3.512828264242615e-24
3.515853669597532e-24
3.519019118946411e-24
3.522330956434744e-24
3.5257958025860324e-24
3.529420565346341e-24
3.5332124510361896e-24
3.5371789762942214e-24
3.541327980098138e-24
3.5456676355633634e-24
3.550206463413387e-24
3.554953344334124e-24
3.559917532397344e-24
3.565108668956941e-24
3.570536796745129e-24
3.57621237352748e-24
3.582146287634353e-24
3.588349872077248e-24
3.59483492029707e-24
3.601613701348995e-24
3.6086989756043935e-24
3.616104011231475e-24
3.6238425992858736e-24
3.631929071199747e-24
3.6403783150589975e-24
3.649205791062789e-24
3.658427550370194e-24
3.668060249687827e-24
3.678121170666747e-24
3.6886282342736e-24
3.6996000185531155e-24
3.711055776501708e-24
3.723015451011519e-24
3.735499692476558e-24
3.7485298743816096e-24
3.762128110054836e-24
3.776317267893982e-24
3.791120986096214e-24
3.8065636893844716e-24
3.8226706015730414e-24
3.839467761251041e-24
3.8569820334681445e-24
3.8752411272348194e-24
3.8942736016008765e-24
3.914108883368216e-24
3.9347772718721796e-24
3.9563099577130805e-24
3.978739024674635e-24
4.00209746826217e-24
4.026419190779362e-24
4.0517390247901e-24
4.078092725597783e-24
4.105516994939578e-24
4.134049472926716e-24
4.163728745295001e-24
4.1945943595909396e-24
4.226686822151974e-24
4.260047600658597e-24
4.29471913817073e-24
4.330744850054113e-24
4.368169132379938e-24
4.407037370177678e-24
4.4473959392863926e-24
4.489292221283962e-24
4.532774595779986e-24
4.57789246265603e-24
4.624696257640101e-24
4.6732374458191396e-24
4.723568551675971e-24
4.775743167225519e-24
4.829815970907197e-24
4.885842753794504e-24
4.9438804415596806e-24
5.003987115349382e-24
5.066222050898985e-24
5.13064575601919e-24
5.197319984955746e-24
5.266307812180297e-24
5.3376736818368616e-24
5.411483411081211e-24
5.487804311076835e-24
5.566705216180221e-24
5.6482565567951045e-24
5.732530441747831e-24
5.819600742728287e-24
5.90954318440987e-24
6.002435457630897e-24
6.0983572642522026e-24
6.197390517440092e-24
6.2996194249096085e-24
6.405130619324881e-24
6.51401333296178e-24
6.626359537622066e-24
6.742264071909544e-24
6.861824930655537e-24
6.9851433628574e-24
7.112324143634492e-24
7.243475796307748e-24
7.378710830441601e-24
7.51814602402605e-24
7.661902726248094e-24
7.810107155260377e-24
7.962890785058893e-24
