1.6794521894136633e-24
1.612749076986213e-24
1.5494277916698102e-24
1.4893474519824768e-24
1.4323732885581183e-24
1.3783762888578733e-24
1.3272328525789788e-24
1.2788244580687067e-24
1.2330373402084258e-24
1.1897621805193255e-24
1.148893810418665e-24
1.1103309288169684e-24
1.0739758353400099e-24
1.0397341806512754e-24
1.0075147353597433e-24
9.77229178999776e-25
9.487919104388408e-25
9.221198808928813e-25
8.97132450405832e-25
8.737512682831302e-25
8.519001775064243e-25
8.31505142591093e-25
8.124941998897276e-25
7.947974287006405e-25
7.7834694108884025e-25
7.630768878288446e-25
7.489234775522525e-25
7.358250059351275e-25
7.237218915609581e-25
7.125567152646215e-25
7.022742597385164e-25
6.928215465346119e-25
6.841478679590843e-25
6.762048116891064e-25
6.689462765187466e-25
6.623284780449664e-25
6.563099436272934e-25
6.508514963677566e-25
6.4591622825367595e-25
6.414694630023066e-25
6.3747870932038e-25
6.339136055978442e-25
6.30745857150886e-25
6.279491671539229e-25
6.2549916256289025e-25
6.233733161971371e-25
6.215508661600011e-25
6.200127336483582e-25
6.187414401830541e-25
6.17721025101623e-25
6.169369640766716e-25
6.163760893431059e-25
6.16026512134143e-25
6.158775477762867e-25
6.159196437575114e-25
6.161443110724983e-25
6.165440589190691e-25
6.171123329414735e-25
6.178434569903757e-25
6.187325784374362e-25
6.197756169682889e-25
6.209692167776579e-25
6.2231070204151135e-25
6.237980356052757e-25
6.254297806130639e-25
6.272050650607595e-25
6.291235490120838e-25
6.311853943403365e-25
6.333912368792188e-25
6.357421607010529e-25
6.3823967446898085e-25
6.4088568967097185e-25
6.43682500506829e-25
6.4663276544679e-25
6.497394901132444e-25
6.530060115327308e-25
6.564359835279155e-25
6.600333631518223e-25
6.638023981130986e-25
6.677476149777273e-25
6.7187380818220115e-25
6.761860296977516e-25
6.806895792367007e-25
6.8538999509675735e-25
6.902930453669808e-25
6.954047195968952e-25
7.00731220827554e-25
7.06278958011864e-25
7.1205453865260735e-25
7.18064761877642e-25
7.243166116044645e-25
7.308172501444535e-25
7.375740120219203e-25
7.445943980676649e-25
7.518860697359607e-25
7.59456843828481e-25
7.673146874970549e-25
7.754677135739729e-25
7.839241761742894e-25
7.926924668382404e-25
8.017811110253204e-25
8.11198764905986e-25
8.20954212777875e-25
8.310563649823954e-25
8.415142560462596e-25
8.523370437078759e-25
8.635340082938433e-25
8.751145525292155e-25
8.870882020993024e-25
8.994646068630091e-25
9.12253542250665e-25
9.254649117751084e-25
9.391087495057487e-25
9.531952236572001e-25
9.677346403854638e-25
9.827374484049394e-25
9.982142437379356e-25
1.014175775291971e-24
1.0306329508897971e-24
1.0475968437853376e-24
1.0650786992762385e-24
1.083089942226225e-24
1.1016421846271442e-24
1.1207472340091163e-24
1.1404171013549916e-24
1.1606640101777596e-24
1.1815004056315936e-24
1.2029389632972141e-24
1.2249925995273426e-24
1.2476744804566343e-24
1.2709980329535763e-24
1.29497695383823e-24
1.319625221194075e-24
1.3449571043461247e-24
1.3709871752012288e-24
1.397730318403361e-24
1.4252017435095405e-24
1.4534169952262546e-24
1.4823919653783478e-24
1.5121429041510435e-24
1.5426864320412337e-24
1.5740395519486459e-24
1.6062196601949426e-24
1.639244559793663e-24
1.6731324715675865e-24
1.707902048181419e-24
1.743572386083919e-24
1.7801630376060947e-24
1.817694025228834e-24
1.856185854238274e-24
1.8956595263604652e-24
1.936136554191079e-24
1.9776389737952273e-24
2.0201893607968383e-24
2.0638108433734125e-24
2.1085271179892713e-24
2.1543624643447006e-24
2.2013417617149678e-24
2.249490503585442e-24
2.29883481497409e-24
2.3494014681813917e-24
2.4012179015405887e-24
2.454312235974854e-24
2.5087132909482237e-24
2.5644506085785233e-24
2.621554466733988e-24
2.6800559020458937e-24
2.7399867298678877e-24
2.80137956336436e-24
2.864267836703626e-24
2.9286858253636818e-24
2.9946686732714047e-24
3.062252411066723e-24
3.1314739794604187e-24
3.202371264411363e-24
3.2749831108673615e-24
3.3493493565194526e-24
3.425510858648375e-24
3.5035095224445456e-24
3.5833883326142e-24
3.665191379438245e-24
3.748963897336944e-24
3.8347522984474645e-24
3.9226041976539806e-24
4.012568461135121e-24
4.1046952431909255e-24
4.199036011611725e-24
4.295643608622294e-24
4.394572278055197e-24
4.4958777199465194e-24
4.599617128372626e-24
4.705849260574091e-24
4.814634450840782e-24
4.926034714798627e-24
5.0401137560593006e-24
5.156937066258661e-24
5.276571954383496e-24
5.399087647446343e-24
5.524555334304409e-24
5.653048242440651e-24
5.784641722139201e-24
