8.34351744940014e-22
8.373624631319324e-22
8.422809114617233e-22
8.49117495761699e-22
8.578866918951255e-22
8.686070763892637e-22
8.813013655220501e-22
8.959964634261221e-22
9.127235189006727e-22
9.315179912724513e-22
9.524197255470326e-22
9.754730366737316e-22
1.000726803344534e-21
1.0282345715948896e-21
1.0580546680793022e-21
1.090250323720762e-21
1.1248898075971535e-21
1.1620465715723035e-21
1.2017994058394522e-21
1.2442326059319407e-21
1.289436151276397e-21
1.3375058956996195e-21
1.3885437707535265e-21
1.4426580013770876e-21
1.4999633353673344e-21
1.5605812864143399e-21
1.6246403913989097e-21
1.6922764829116709e-21
1.7636329768735855e-21
1.8388611761083735e-21
1.9181205912334247e-21
2.0015792781985205e-21
2.0894141943689582e-21
2.1818115729946486e-21
2.27896731806982e-21
2.3810874187008837e-21
2.488388385560324e-21
2.601097709092977e-21
2.7194543413979252e-21
2.8437092015864367e-21
2.9741257073107962e-21
3.110980332260768e-21
3.2545631911146174e-21
3.405178653045882e-21
3.5631459868647524e-21
3.7288000356056966e-21
3.9024919244045625e-21
4.084589804338791e-21
4.275479630209797e-21
4.475565976735338e-21
4.6852728945287764e-21
4.905044804870969e-21
5.1353474415604994e-21
5.3766688324483215e-21
5.629520332573641e-21
5.89443770325393e-21
6.171982243386656e-21
6.4627419762013154e-21
6.767332890248229e-21
7.086400236396047e-21
7.420619895054004e-21
7.770699797087198e-21
8.137381420482827e-21
8.521441349514345e-21
8.923692917088521e-21
9.34498791510469e-21
9.786218389488146e-21
1.0248318518401879e-20
1.0732266582219948e-20
1.1239087014997433e-20
1.1769852568387388e-20
1.232568656301188e-20
1.2907765244725662e-20
1.3517320267245767e-20
1.415564127017496e-20
1.4824078585436505e-20
1.5524046077126434e-20
1.6257024096571526e-20
1.7024562590784738e-20
1.782828435435966e-20
1.866988841045646e-20
1.9551153575970543e-20
2.0473942180983173e-20
2.144020394523826e-20
2.2451980061201754e-20
2.3511407450706663e-20
2.4620723205974454e-20
2.5782269244338198e-20
2.699849722481509e-20
2.8271973548061187e-20
2.960538478957559e-20
3.1001543182060445e-20
3.2463392524207894e-20
3.3994014156987633e-20
3.55966334493984e-20
3.7274626346541046e-20
3.9031526453682456e-20
4.087103207850326e-20
4.2797014092933214e-20
4.4813523719848854e-20
4.692480084729199e-20
4.9135282569109316e-20
5.144961252159083e-20
5.3872649995700373e-20
5.640948012962282e-20
5.906542368722485e-20
6.184604870912871e-20
6.475718052108703e-20
6.780491434986479e-20
7.09956272628504e-20
7.433599095859396e-20
7.783298464381626e-20
8.149390948550453e-20
8.532640246716064e-20
8.933845151017139e-20
9.353841150510483e-20
9.793502030745681e-20
1.0253741526829012e-19
1.073551516849306e-19
1.1239822031735718e-19
1.1767706701214558e-19
1.2320261175081016e-19
1.2898627080201993e-19
1.3503997483908898e-19
1.4137619471494223e-19
1.4800796236630183e-19
1.5494889363698228e-19
1.6221321539232915e-19
1.6981578683588004e-19
1.7777213050038523e-19
1.8609845674946722e-19
1.948116898846432e-19
2.0392949969343533e-19
2.1347032621701556e-19
2.2345341452235765e-19
2.338988476087084e-19
2.448275711392362e-19
2.5626141742817525e-19
2.682231757474015e-19
2.807365671651031e-19
2.938263279672478e-19
3.075182178967573e-19
3.218390624280612e-19
3.3681678671120417e-19
3.5248042455946126e-19
3.6886017656692476e-19
3.859874913876983e-19
4.038949649576257e-19
4.2261647158742085e-19
4.421871660313405e-19
4.626435738084366e-19
4.840233637196237e-19
5.063658335622252e-19
5.297113724423814e-19
5.541018282338613e-19
5.795804900749152e-19
6.061919601455223e-19
6.339821083182785e-19
6.629984193883832e-19
6.932893148670961e-19
7.2490483927398915e-19
7.578957979547663e-19
7.923147084735619e-19
8.282148028872076e-19
8.656504958970199e-19
9.046763870853204e-19
9.453488835163799e-19
9.877241772893109e-19
1.0318579471202185e-18
1.0778078311867236e-18
1.1256300789425434e-18
1.175380741793567e-18
1.2271148594032505e-18
1.280885147271239e-18
1.3367455402971321e-18
1.3947473677518431e-18
1.4549346214776491e-18
1.5173545913425948e-18
1.5820448260018254e-18
1.649041845982032e-18
1.718380488226066e-18
1.7900774152957044e-18
1.864159643805818e-18
1.940631964638093e-18
2.0194889964567364e-18
2.100735172524092e-18
2.1843477352463387e-18
2.2702895957733564e-18
2.358522457744296e-18
2.448986053624205e-18
2.541610636456361e-18
2.636325075023058e-18
2.7329946360599537e-18
2.831546574023181e-18
2.9318222552166027e-18
3.0336518282713506e-18
3.1368833637119236e-18
3.241342799827347e-18
3.3468489858678324e-18
3.4531512171536733e-18
3.559993470589018e-18
