4.5960912577000925e-23
4.598222671422664e-23
4.600256442791296e-23
4.6021968874758155e-23
4.6040481230323995e-23
4.6058140776509414e-23
4.607498498500064e-23
4.609104959685635e-23
4.6106368698431525e-23
4.612097479376255e-23
4.613489887361136e-23
4.6148170481262566e-23
4.616081777527217e-23
4.617286758925397e-23
4.618434548885692e-23
4.619527582605124e-23
4.6205681790821533e-23
4.621558546041132e-23
4.622500784618414e-23
4.623396893822987e-23
4.62424877478025e-23
4.6250582347674507e-23
4.625826991049546e-23
4.626556674524266e-23
4.627248833184682e-23
4.627904935402986e-23
4.628526373048539e-23
4.6291144644403214e-23
4.6296704571461996e-23
4.630195530628843e-23
4.630690798749842e-23
4.631157312132791e-23
4.631596060392667e-23
4.6320079742353716e-23
4.632393927432716e-23
4.632754738675908e-23
4.633091173312685e-23
4.633403944970638e-23
4.6336937170712056e-23
4.6339611042365145e-23
4.634206673592941e-23
4.6344309459738254e-23
4.634634397023998e-23
4.6348174582074257e-23
4.634980517722304e-23
4.63512392132378e-23
4.635247973055606e-23
4.6353529358944694e-23
4.6354390323065225e-23
4.635506444717489e-23
4.6355553158981527e-23
4.635585749265028e-23
4.635597809098297e-23
4.635591520674828e-23
4.6355668703201704e-23
4.635523805376036e-23
4.6354622340858766e-23
4.63538202539641e-23
4.6352830086757754e-23
4.635164973347713e-23
4.635027668440065e-23
4.634870802047056e-23
4.6346940407047246e-23
4.6344970086770986e-23
4.63427928715292e-23
4.6340404133490836e-23
4.633779879521038e-23
4.6334971318770585e-23
4.633191569393144e-23
4.632862542527632e-23
4.632509351830707e-23
4.6321312464486936e-23
4.631727422516238e-23
4.631297021435245e-23
4.630839128036679e-23
4.630352768619958e-23
4.629836908866991e-23
4.629290451624592e-23
4.628712234552593e-23
4.628101027630512e-23
4.627455530517527e-23
4.6267743697619e-23
4.626056095849958e-23
4.625299180091941e-23
4.6245020113349365e-23
4.623662892496712e-23
4.622780036913095e-23
4.621851564489602e-23
4.6208754976489543e-23
4.61984975706627e-23
4.6187721571809133e-23
4.6176404014755656e-23
4.61645207751142e-23
4.6152046517086746e-23
4.613895463859959e-23
4.612521721363415e-23
4.6110804931629963e-23
4.609568703382958e-23
4.607983124637723e-23
4.606320371007067e-23
4.6045768906545155e-23
4.602748958076165e-23
4.600832665958335e-23
4.5988239166260287e-23
4.5967184130613333e-23
4.5945116494700196e-23
4.59219890137369e-23
4.5897752152024265e-23
4.587235397363675e-23
4.584574002758171e-23
4.5817853227166184e-23
4.578863372325025e-23
4.575801877105725e-23
4.572594259023417e-23
4.569233621775973e-23
4.565712735333424e-23
4.562024019684527e-23
4.558159527746848e-23
4.554110927395369e-23
4.5498694825586395e-23
4.5454260333313156e-23
4.5407709750481104e-23
4.535894236258725e-23
4.530785255540585e-23
4.525432957081311e-23
4.519825724959531e-23
4.5139513760445464e-23
4.5077971314356884e-23
4.501349586343483e-23
4.494594678329879e-23
4.4875176537908996e-23
4.480103032579253e-23
4.4723345706444355e-23
4.4641952205591033e-23
4.4556670897951474e-23
4.446731396594947e-23
4.4373684232704663e-23
4.4275574667618804e-23
4.417276786243016e-23
4.4065035475792707e-23
4.39521376439043e-23
4.383382235467555e-23
4.370982478273609e-23
4.3579866582024396e-23
4.3443655132666566e-23
4.330088273839473e-23
4.315122577027065e-23
4.299434375220059e-23
4.2829878382814147e-23
4.265745248852141e-23
4.2476668900529996e-23
4.228710924920165e-23
4.20883326674274e-23
4.1879874393626206e-23
4.166124426394737e-23
4.143192508231359e-23
4.11913708540662e-23
4.0939004867860063e-23
4.067421760834908e-23
4.039636447914122e-23
4.010476331125255e-23
3.979869163109019e-23
3.9477383653954707e-23
3.9140026967222227e-23
3.8785758857325974e-23
3.841366222827559e-23
3.8022761051484134e-23
3.761201526957853e-23
3.7180315068813474e-23
3.672647441127213e-23
3.624922369830662e-23
3.574720140940515e-23
3.5218944521510237e-23
3.466287747969205e-23
3.4077299416621166e-23
3.3460369270705573e-23
3.281008833609338e-23
3.212427968189326e-23
3.140056370435649e-23
3.0636328883184627e-23
2.982869654864659e-23
2.8974478089470545e-23
2.8070122569392334e-23
2.711165206433005e-23
2.6094581127305964e-23
2.501381559203145e-23
2.3863524253418062e-23
2.2636974659525558e-23
2.1326321227620912e-23
1.9922329919295148e-23
1.8414019376675776e-23
1.678819576832075e-23
1.5028866425735346e-23
1.3116569145187435e-23
1.1027888099056259e-23
8.736518252234351e-24
6.2235448495592354e-24
3.5620890325214595e-24
2.0708734394882032e-24
4.866684007893117e-24
9.429709829834138e-24
