1.4809070522654305e-12
1.4191263445804897e-12
1.3635908740386652e-12
1.3125240216792716e-12
1.2664888479948305e-12
1.2245264898485237e-12
1.1866291878934794e-12
1.1519162762817772e-12
1.1207615411075883e-12
1.092405996414657e-12
1.0670337947293674e-12
1.0435623853323892e-12
1.0222782332228233e-12
1.003172423290452e-12
9.857731887853292e-13
9.699164555113174e-13
9.55839456878565e-13
9.431605692820986e-13
9.314545397887357e-13
9.208197288012622e-13
9.114023405059354e-13
9.027845589256858e-13
8.950134177284931e-13
8.88168650324194e-13
8.818570674446528e-13
8.762289161448947e-13
8.710846324623099e-13
8.665593290348943e-13
8.624426846387088e-13
8.587483311986948e-13
8.555456908967033e-13
8.525952921126454e-13
8.499222370348749e-13
8.475554777379223e-13
8.454508371181316e-13
8.435917675400818e-13
8.4194173607887e-13
8.405018367376478e-13
8.39157129918992e-13
8.380256273684152e-13
8.369983174245109e-13
8.361874176767787e-13
8.354082677481357e-13
8.347095577493638e-13
8.341160061303185e-13
8.336130965545112e-13
8.332053961020626e-13
8.329052170634446e-13
8.325245466700629e-13
8.323132130572154e-13
8.320231728396862e-13
8.319015485295712e-13
8.317710009378228e-13
8.316472852709465e-13
8.316211291548112e-13
8.315700075598986e-13
8.315270508302768e-13
8.315024489090064e-13
8.315479771101121e-13
8.315725851991055e-13
8.316080893759694e-13
8.316736901547542e-13
8.317174355714164e-13
8.31775893625898e-13
8.318681779953917e-13
8.319072477300729e-13
8.320218069381755e-13
8.321053164462011e-13
8.32192507128098e-13
8.322648512350781e-13
8.323649835893804e-13
8.324959300285539e-13
8.325388471763792e-13
8.326054132983587e-13
8.327203400522293e-13
8.328240718582869e-13
8.329084381036476e-13
8.32980151674097e-13
8.331049147954644e-13
8.331547882743429e-13
8.332599274884033e-13
8.33339390285918e-13
8.33443454412674e-13
8.335082229154474e-13
8.33581039591209e-13
8.336463397814622e-13
8.33726600802803e-13
8.337999331958234e-13
8.338732926692797e-13
8.339513213240249e-13
8.339983839093013e-13
8.340857136450894e-13
8.341227361763901e-13
8.341870147323844e-13
8.342373654607849e-13
8.342793131400204e-13
8.343411171819043e-13
8.343994240149799e-13
8.344492105968226e-13
8.344880131513239e-13
8.345210257102258e-13
8.345878522151238e-13
8.346135146327658e-13
8.346648003773146e-13
8.346915879928202e-13
8.347449591737137e-13
8.347570136067833e-13
8.348014965742066e-13
8.348290295859568e-13
8.348683505304126e-13
8.349027905093131e-13
8.34927058379343e-13
8.349389409175006e-13
8.349670446681994e-13
8.349870074736744e-13
8.350107652829488e-13
8.350474644074884e-13
8.350655519574568e-13
8.350990443950807e-13
8.351107162856486e-13
8.351296590767613e-13
8.35145030104822e-13
8.351594775178258e-13
8.351957259783899e-13
8.352009464999574e-13
8.352173506515632e-13
8.35224497393198e-13
8.352441744070566e-13
8.352606783833602e-13
8.352743994745678e-13
8.352874334231811e-13
8.35298309156166e-13
8.353089302970236e-13
8.353139614695406e-13
8.353243183091332e-13
8.353397038742762e-13
8.353495254828198e-13
8.353627954785201e-13
8.35366807087017e-13
8.35378682822474e-13
8.353803273669612e-13
8.35390750314381e-13
8.353990406226092e-13
8.354099356064381e-13
8.354189223936068e-13
8.354197962494665e-13
8.354268402677251e-13
8.354302912852919e-13
8.35439836210637e-13
8.354425139226809e-13
8.354493066519408e-13
8.35451691431835e-13
8.354604652763114e-13
8.354606119482792e-13
8.354600351977638e-13
8.354698212431256e-13
8.354714436005189e-13
8.35471751417995e-13
8.354792502504921e-13
8.35484024056005e-13
8.354822551025914e-13
8.354904106236955e-13
8.354903165035273e-13
8.354948155203009e-13
8.354996846890261e-13
8.355053011801522e-13
8.355071918260776e-13
8.355038113328299e-13
8.355075168379864e-13
8.355082469772233e-13
8.355116529714914e-13
8.35511467985658e-13
8.355162760379706e-13
8.355152689638651e-13
8.355160739707216e-13
8.355165586440838e-13
8.355196945231363e-13
8.355209486521953e-13
8.355208455405357e-13
8.355250293627403e-13
8.355226648228337e-13
8.35526704501611e-13
8.355257925558943e-13
8.355255209853466e-13
8.355281159599179e-13
8.355251369287444e-13
8.35525258736014e-13
8.355278587789088e-13
8.355266081451427e-13
8.355293020097312e-13
8.355298131290974e-13
8.355292416488862e-13
8.355276928567238e-13
8.35529292635774e-13
8.355286517118669e-13
8.355268239697849e-13
8.355290508096541e-13
8.355278089311661e-13
8.355282442046606e-13
8.355272294913136e-13
8.355283429043076e-13
