2.531686461334627e-22
2.5317127788275853e-22
2.531737223657032e-22
2.531759847711775e-22
2.5317806990149253e-22
2.5317998218264233e-22
2.531817256737012e-22
2.531833040754413e-22
2.5318472073823543e-22
2.5318597866918233e-22
2.5318708053843338e-22
2.5318802868500684e-22
2.531888251216421e-22
2.5318947153914517e-22
2.531899693099598e-22
2.5319031949109107e-22
2.5319052282640956e-22
2.5319057974815243e-22
2.531904903778976e-22
2.5319025452683746e-22
2.5318987169538643e-22
2.5318934107204177e-22
2.5318866153182426e-22
2.5318783163373816e-22
2.53186849617842e-22
2.5318571340141544e-22
2.5318442057460275e-22
2.531829683953577e-22
2.5318135378347457e-22
2.5317957331417123e-22
2.5317762321084676e-22
2.531754993369566e-22
2.531731971873707e-22
2.531707118787189e-22
2.5316803813899263e-22
2.5316517029654567e-22
2.531621022678985e-22
2.5315882754485282e-22
2.531553391807204e-22
2.5315162977556346e-22
2.5314769146053264e-22
2.5314351588115684e-22
2.5313909417944313e-22
2.531344169753765e-22
2.5312947434687387e-22
2.53124255808711e-22
2.531187502901661e-22
2.5311294611182237e-22
2.5310683096044684e-22
2.5310039186317044e-22
2.530936151595933e-22
2.5308648647317824e-22
2.530789906805175e-22
2.530711118792008e-22
2.530628333541459e-22
2.5305413754224184e-22
2.53045005994591e-22
2.5303541933814093e-22
2.530253572336667e-22
2.530147983333058e-22
2.5300372023468154e-22
2.5299209943402974e-22
2.529799112755164e-22
2.529671298992135e-22
2.5295372818637096e-22
2.5293967770177945e-22
2.529249486329744e-22
2.5290950972716164e-22
2.5289332822539495e-22
2.5287636979242786e-22
2.5285859844295233e-22
2.5283997646718976e-22
2.528204643488095e-22
2.5280002068244207e-22
2.527786020846736e-22
2.5275616310228747e-22
2.5273265611499445e-22
2.527080312366287e-22
2.526822362052698e-22
2.52655216275581e-22
2.5262691410035074e-22
2.525972696097854e-22
2.525662198820762e-22
2.5253369901271013e-22
2.5249963797077023e-22
2.524639644539878e-22
2.5242660273449254e-22
2.5238747349841557e-22
2.5234649367772897e-22
2.523035762655952e-22
2.5225863014727654e-22
2.5221155988971244e-22
2.5216226554820766e-22
2.52110642449904e-22
2.5205658096718293e-22
2.5199996629771707e-22
2.5194067820046826e-22
2.518785907571134e-22
2.518135720896266e-22
2.517454840833019e-22
2.5167418209901126e-22
2.5159951466564064e-22
2.515213231391873e-22
2.514394413809272e-22
2.513536953819046e-22
2.5126390292911416e-22
2.511698731897319e-22
2.510714062785176e-22
2.5096829292106986e-22
2.508603138526118e-22
2.507472395086881e-22
2.506288294628615e-22
2.505048318361701e-22
2.5037498296182845e-22
2.50239006548672e-22
2.5009661335890185e-22
2.4994750032744434e-22
2.4979135020374594e-22
2.496278305741957e-22
2.4945659331912953e-22
2.4927727382775264e-22
2.490894902312186e-22
2.488928425421421e-22
2.486869117943537e-22
2.484712591459195e-22
2.4824542496865213e-22
2.480089278055757e-22
2.4776126331578946e-22
2.4750190322007335e-22
2.472302941788697e-22
2.469458565094948e-22
2.4664798296946305e-22
2.463360374303397e-22
2.460093535272658e-22
2.456672331053736e-22
2.453089448096821e-22
2.449337223731018e-22
2.4454076303058637e-22
2.441292256671968e-22
2.436982290096098e-22
2.4324684970592173e-22
2.4277412022517927e-22
2.4227902671005264e-22
2.4176050676886504e-22
2.412174470883005e-22
2.40648680954293e-22
2.40052985564498e-22
2.3942907936953862e-22
2.3877561911844197e-22
2.3809119692743856e-22
2.373743367736964e-22
2.3662349163950724e-22
2.3583703936259014e-22
2.3501327944024097e-22
2.3415042865370623e-22
2.332466173141931e-22
2.3229988454370967e-22
2.31308173867311e-22
2.3026932821265795e-22
2.2918108480416574e-22
2.2804106981846294e-22
2.268467924517923e-22
2.255956388059108e-22
2.2428486570519717e-22
2.229115935176175e-22
2.214727991407734e-22
2.1996530783344225e-22
2.1838578542848745e-22
2.1673072952119826e-22
2.1499645957710174e-22
2.1317910747062745e-22
2.1127460645075294e-22
2.0927867946104585e-22
2.0718682696029338e-22
2.049943129405778e-22
2.0269615104151426e-22
2.002870878875707e-22
1.9776158598091223e-22
1.9511380452266793e-22
1.9233757905429525e-22
1.8942639612216906e-22
1.8637336979882688e-22
1.831712092105456e-22
1.798121876815934e-22
1.7628810218478091e-22
1.7259023018957907e-22
1.6870927731455574e-22
1.6463531539641402e-22
1.603577079293396e-22
1.5586501895037348e-22
1.5114490481933683e-22
1.4618396714823828e-22
1.4096757604607038e-22
1.354796311304322e-22
1.2970224601847527e-22
1.2361531604897934e-22
1.1719590986185597e-22
1.1041740079258022e-22
1.0324817442519016e-22
9.56496518783292e-23
8.757315111327453e-23
