4.763844249096094e-23
4.76386148545258e-23
4.7638772753706867e-23
4.7638916522319395e-23
4.7639046464303054e-23
4.7639162854356333e-23
4.76392659385138e-23
4.7639355934659167e-23
4.763943303298214e-23
4.763949739637759e-23
4.7639549160779183e-23
4.763958843544891e-23
4.7639615303201653e-23
4.76396298205791e-23
4.7639632017961496e-23
4.7639621899635104e-23
4.763959944378669e-23
4.7639564602467824e-23
4.763951730148664e-23
4.76394574402386e-23
4.763938489150146e-23
4.7639299501160424e-23
4.7639201087876735e-23
4.7639089442701084e-23
4.763896432864019e-23
4.763882548013545e-23
4.7638672602503375e-23
4.7638505371319294e-23
4.763832343171221e-23
4.7638126397626714e-23
4.7637913850983465e-23
4.76376853408155e-23
4.7637440382304603e-23
4.763717845570936e-23
4.763689900533024e-23
4.7636601438288417e-23
4.7636285123284046e-23
4.763594938923347e-23
4.7635593523843894e-23
4.763521677215594e-23
4.7634818334888066e-23
4.7634397366720406e-23
4.7633952974582516e-23
4.763348421567366e-23
4.763299009550274e-23
4.7632469565791125e-23
4.763192152219592e-23
4.7631344802038465e-23
4.7630738181726946e-23
4.7630100374301366e-23
4.762943002659925e-23
4.7628725716368695e-23
4.762798594934358e-23
4.762720915600906e-23
4.762639368825469e-23
4.762553781590051e-23
4.76246397230861e-23
4.7623697504251e-23
4.7622709160244494e-23
4.7621672593996076e-23
4.762058560617484e-23
4.7619445890261844e-23
4.761825102797812e-23
4.761699848391577e-23
4.761568560022041e-23
4.7614309591090856e-23
4.761286753637502e-23
4.7611356376242637e-23
4.760977290354645e-23
4.760811375817699e-23
4.760637541895054e-23
4.7604554196769665e-23
4.7602646226419344e-23
4.760064745847528e-23
4.759855365085236e-23
4.7596360359385914e-23
4.7594062928731514e-23
4.759165648239572e-23
4.7589135912788835e-23
4.7586495868551536e-23
4.758373074571447e-23
4.7580834675018556e-23
4.757780150610285e-23
4.7574624801272723e-23
4.757129781660258e-23
4.756781348583671e-23
4.756416441188676e-23
4.7560342845579365e-23
4.755634067159925e-23
4.755214939223571e-23
4.7547760103959853e-23
4.7543163486207493e-23
4.7538349772638854e-23
4.753330874220638e-23
4.752802968172058e-23
4.752250137992829e-23
4.751671208686436e-23
4.7510649507066503e-23
4.7504300753028343e-23
4.749765233362707e-23
4.749069012335984e-23
4.7483399314336233e-23
4.7475764419474256e-23
4.746776919638199e-23
4.745939665185188e-23
4.745062898282435e-23
4.744144754130356e-23
4.743183279833725e-23
4.742176430380155e-23
4.741122063328424e-23
4.740017935453902e-23
4.738861697025955e-23
4.7376508870271963e-23
4.7363829277354266e-23
4.735055119622004e-23
4.733664635103875e-23
4.7322085123929653e-23
4.7306836493876714e-23
4.7290867969951034e-23
4.7274145521164723e-23
4.72566334976885e-23
4.72382945609242e-23
4.7219089595425166e-23
4.7198977632577393e-23
4.7177915759261844e-23
4.7155859014604123e-23
4.71327603065051e-23
4.710857030051263e-23
4.7083237315308786e-23
4.705670720779456e-23
4.7028923256732233e-23
4.699982603878469e-23
4.6969353298131746e-23
4.6937439806321167e-23
4.6904017222510456e-23
4.686901394264189e-23
4.683235493956636e-23
4.6793961597276454e-23
4.675375154500436e-23
4.6711638456169055e-23
4.666753187380164e-23
4.66213370017907e-23
4.657295449388834e-23
4.652228022310962e-23
4.6469205068165153e-23
4.641361464454671e-23
4.6355389061402586e-23
4.6294402642447114e-23
4.623052364985626e-23
4.616361396902699e-23
4.609352879453594e-23
4.6020116327658086e-23
4.5943217371329574e-23
4.586266502698398e-23
4.577828422953221e-23
4.568989142674591e-23
4.559729407684668e-23
4.550029023972468e-23
4.539866805345258e-23
4.529220529624679e-23
4.5180668789220633e-23
4.506381388729816e-23
4.4941383837150436e-23
4.4813109196507856e-23
4.4678707155655536e-23
4.4537880840757574e-23
4.4390318557418483e-23
4.423569305634829e-23
4.407366062707827e-23
4.3903860368748025e-23
4.37259130516888e-23
4.353942031801016e-23
4.3343963589674044e-23
4.313910297353539e-23
4.292437596664693e-23
4.2699296295736205e-23
4.246335274666433e-23
4.221600743113453e-23
4.1956694565098393e-23
4.168481869639027e-23
4.139975294793631e-23
4.1100837608805717e-23
4.078737734824899e-23
4.0458640091641593e-23
4.01138540894044e-23
3.9752205717852234e-23
3.937283680532481e-23
3.8974842207400893e-23
3.855726625470737e-23
3.81190998582709e-23
3.765927697830443e-23
3.717667067224199e-23
3.667008908198902e-23
3.613827095494982e-23
3.557988063155049e-23
3.4993502810425367e-23
3.437763636193383e-23
3.3730688540288666e-23
3.305096671866945e-23
3.2336671991592714e-23
3.158588872560514e-23
