1.4573242260958794e-22
1.4573327158793342e-22
1.4573405165916004e-22
1.4573476447916045e-22
1.4573541156105822e-22
1.457359942784425e-22
1.4573651386828004e-22
1.4573697143354402e-22
1.4573736794557662e-22
1.4573770424613575e-22
1.4573798104920874e-22
1.4573819894250992e-22
1.4573835838874645e-22
1.4573845972660025e-22
1.4573850317144753e-22
1.4573848881583506e-22
1.4573841662964734e-22
1.457382864600796e-22
1.457380980312961e-22
1.4573785094385744e-22
1.4573754467386498e-22
1.457371785718651e-22
1.4573675186145883e-22
1.4573626363766415e-22
1.457357128650023e-22
1.4573509837528949e-22
1.4573441886517244e-22
1.4573367289334481e-22
1.4573285887752817e-22
1.4573197509107674e-22
1.4573101965932247e-22
1.4572999055562015e-22
1.4572888559703286e-22
1.4572770243968472e-22
1.4572643857382848e-22
1.4572509131848528e-22
1.457236578157813e-22
1.4572213502485267e-22
1.4572051971542159e-22
1.4571880846094707e-22
1.4571699763132254e-22
1.4571508338519854e-22
1.45713061661844e-22
1.457109281725095e-22
1.4570867839127523e-22
1.4570630754559712e-22
1.4570381060598218e-22
1.4570118227550523e-22
1.4569841697839676e-22
1.456955088483616e-22
1.4569245171600903e-22
1.4568923909587019e-22
1.4568586417250108e-22
1.4568231978614907e-22
1.4567859841747027e-22
1.4567469217162647e-22
1.456705927614001e-22
1.4566629148994744e-22
1.4566177923173543e-22
1.456570464138213e-22
1.4565208299508352e-22
1.4564687844517777e-22
1.4564142172195785e-22
1.4563570124817966e-22
1.4562970488681883e-22
1.456234199154924e-22
1.456168329991463e-22
1.456099301619613e-22
1.456026967576648e-22
1.4559511743846474e-22
1.4558717612206947e-22
1.455788559580802e-22
1.4557013929182005e-22
1.4556100762708224e-22
1.455514415865821e-22
1.4554142087081796e-22
1.4553092421543259e-22
1.4551992934506514e-22
1.4550841292720026e-22
1.4549635052141054e-22
1.4548371652860844e-22
1.4547048413518877e-22
1.4545662525749893e-22
1.4544211048121928e-22
1.4542690899897274e-22
1.454109885447256e-22
1.4539431532616335e-22
1.4537685395086928e-22
1.4535856735340647e-22
1.4533941671376966e-22
1.453193613773095e-22
1.4529835876717232e-22
1.4527636429228528e-22
1.452533312556915e-22
1.452292107516879e-22
1.4520395156338576e-22
1.451775000543326e-22
1.4514980005231314e-22
1.4512079273087647e-22
1.4509041648429062e-22
1.4505860679526214e-22
1.450252960959774e-22
1.4499041362945943e-22
1.4495388529218065e-22
1.4491563347867679e-22
1.4487557691639606e-22
1.4483363049350384e-22
1.4478970507016324e-22
1.447437072983623e-22
1.4469553941623737e-22
1.4464509903339688e-22
1.4459227892962628e-22
1.4453696680462264e-22
1.4447904505129318e-22
1.4441839049918501e-22
1.443548741526291e-22
1.4428836090938165e-22
1.4421870927595282e-22
1.441457710653178e-22
1.4406939106960056e-22
1.4398940673437272e-22
1.4390564781245345e-22
1.4381793598910842e-22
1.4372608449672357e-22
1.4362989773170163e-22
1.4352917079397992e-22
1.4342368910676978e-22
1.4331322788311693e-22
1.4319755168106544e-22
1.4307641390304898e-22
1.4294955622479037e-22
1.4281670806657974e-22
1.4267758600282448e-22
1.425318931263353e-22
1.42379318424623e-22
1.4221953609553042e-22
1.4205220484916797e-22
1.4187696710417932e-22
1.416934483200737e-22
1.4150125606443847e-22
1.412999792134316e-22
1.410891870415608e-22
1.4086842826328372e-22
1.4063723004332699e-22
1.4039509696832705e-22
1.4014150990928485e-22
1.398759249579748e-22
1.3959777209611174e-22
1.3930645403823475e-22
1.390013448577712e-22
1.3868178858038157e-22
1.3834709770860762e-22
1.379965516980674e-22
1.376293953491734e-22
1.3724483704505644e-22
1.3684204701207056e-22
1.364201554805607e-22
1.3597825047949638e-22
1.3551537601281105e-22
1.3503052974634182e-22
1.345226606736849e-22
1.3399066668776613e-22
1.3343339213921246e-22
1.32849624836472e-22
1.3223809361867187e-22
1.3159746493023646e-22
1.3092633998131545e-22
1.3022325117685714e-22
1.2948665874975124e-22
1.2871494694894702e-22
1.2790642004585644e-22
1.2705929844459414e-22
1.2617171368401399e-22
1.252417047859595e-22
1.2426721211172672e-22
1.2324607302443437e-22
1.2217601594431711e-22
1.210546546818879e-22
1.198794818867271e-22
1.1864786288613071e-22
1.1735702776961582e-22
1.1600406459531062e-22
1.1458591101367878e-22
1.130993458680334e-22
1.1154097957217285e-22
1.0990724412073575e-22
1.081943832370509e-22
1.0639843986297166e-22
1.0451524372677711e-22
1.0254039976357191e-22
1.0046926956506167e-22
9.829695890120266e-23
9.601829904603897e-23
9.362782411749767e-23
9.111975325429667e-23
8.848796227175113e-23
8.572595775076693e-23
8.282684000137196e-23
7.97832661551404e-23
7.658740215703488e-23
7.323086361855484e-23
