2.0405810053238376e-23
2.0301813290098063e-23
2.0245319483818196e-23
2.0236209244258175e-23
2.0274463855229423e-23
2.0360165239957773e-23
2.0493496141207826e-23
2.0674740516296032e-23
2.0904284147995114e-23
2.118261547234512e-23
2.1510326625816255e-23
2.1888114712742794e-23
2.231678329850622e-23
2.279724412853415e-23
2.3330519076932272e-23
2.3917742335286305e-23
2.4560162834612398e-23
2.5259146918458725e-23
2.6016181263751763e-23
2.6832876059330375e-23
2.771096844851123e-23
2.8652326244557165e-23
2.9658951923841056e-23
3.073298690598772e-23
3.1876716134642193e-23
3.30925729604822e-23
3.4383144346079085e-23
3.5751176392172907e-23
3.7199580211361666e-23
3.873143814923411e-23
4.0350010365808834e-23
4.2058741807566005e-23
4.386126956264308e-23
4.576143062548332e-23
4.77632700871737e-23
4.9871049766029457e-23
5.208925729699482e-23
5.442261569126399e-23
5.68760934002466e-23
5.945491487916004e-23
6.216457170223651e-23
6.501083421598588e-23
6.799976378820659e-23
7.113772563252355e-23
7.443140227310098e-23
7.788780765163419e-23
8.151430189673143e-23
8.531860677994252e-23
8.930882191088978e-23
9.34934416605923e-23
9.788137281226862e-23
1.0248195308389198e-22
1.0730497037626517e-22
1.1236068289956852e-22
1.1765984013461714e-22
1.2321370467124691e-22
1.290340749208381e-22
1.3513330873069477e-22
1.415243479194554e-22
1.4822074371049175e-22
1.5523668297725655e-22
1.6258701562232505e-22
1.702872825619725e-22
1.78353744721576e-22
1.8680341281626483e-22
1.9565407781001617e-22
2.0492434216940583e-22
2.1463365163827704e-22
2.2480232746125056e-22
2.3545159899038985e-22
2.4660363645889377e-22
2.5828158380895262e-22
2.705095907732488e-22
2.8331284513911635e-22
2.9671760336336625e-22
3.1075122017900717e-22
3.2544217630090043e-22
3.4082010375293773e-22
3.569158079342044e-22
3.737612864068173e-22
3.913897418976683e-22
4.098355910879463e-22
4.291344649885229e-22
4.493232021470708e-22
4.704398315290703e-22
4.925235443401662e-22
5.156146522901531e-22
5.397545301174574e-22
5.649855405330255e-22
5.913509382830046e-22
6.18894749922935e-22
6.476616281352437e-22
6.776966743686868e-22
7.090452268530758e-22
7.417526119305834e-22
7.758638503434245e-22
8.114233186871205e-22
8.484743568280495e-22
8.87058821884333e-22
9.272165786913864e-22
9.689849289459778e-22
1.0123979704425581e-21
1.0574858884663903e-21
1.1042741758963e-21
1.152782782571766e-21
1.203025199923445e-21
1.255007482145935e-21
1.3087272180870837e-21
1.3641724594431468e-21
1.421320635132914e-21
1.4801374550399316e-21
1.5405758500499132e-21
1.602574966116186e-21
1.6660592581324116e-21
1.7309377199108728e-21
1.7971033020890713e-21
1.8644325582190923e-21
1.932785570489225e-21
2.0020062063223127e-21
2.0719227325197356e-21
2.142348829905897e-21
2.213085022402235e-21
2.2839205249564538e-21
2.3546355050846463e-21
2.4250037057928453e-21
2.494795399604909e-21
2.5637805809688758e-21
2.6317323224959526e-21
2.698430170179733e-21
2.763663494906303e-21
2.8272346559456308e-21
2.8889618894503726e-21
2.9486818046001513e-21
3.0062514341625216e-21
3.061549749363504e-21
3.1144786381293548e-21
3.164963294917487e-21
3.212952100850803e-21
3.2584159832012525e-21
3.301347314846973e-21
3.341758474413535e-21
3.3796800729731516e-21
3.415159007805156e-21
3.448256343508307e-21
3.47904518299213e-21
3.507608499215135e-21
3.534037081140311e-21
3.558427576749723e-21
3.580880655562866e-21
3.601499389875761e-21
3.620387798308592e-21
3.637649565440708e-21
3.653386980735935e-21
3.6677000203525205e-21
3.680685646800143e-21
3.6924372104436165e-21
3.703044027745577e-21
3.712591100457949e-21
3.72115886470104e-21
3.72882312150441e-21
3.735655002069381e-21
3.741720988133469e-21
3.747083004097819e-21
3.751798532554206e-21
3.755920782188256e-21
3.7594988630871115e-21
3.7625779437360946e-21
3.765199520824968e-21
3.7674015534364334e-21
3.769218738275232e-21
3.7706826534278285e-21
3.771821998265406e-21
3.772662775436126e-21
3.773228472945213e-21
3.773540253340326e-21
3.7736171145349914e-21
3.773476035345158e-21
3.773132156720245e-21
3.772598875635807e-21
3.771888010327717e-21
3.771009900584242e-21
3.769973522732073e-21
3.768786596152873e-21
3.7674556437306726e-21
3.765986129302934e-21
3.7643824869346146e-21
3.762648215749038e-21
3.76078591628472e-21
3.758797406495638e-21
3.7566836887171176e-21
3.754445058458753e-21
3.752081128220133e-21
3.749590848809774e-21
3.746972554278941e-21
3.744223976904242e-21
3.741342286639242e-21
3.738324100102814e-21
3.7351654926762036e-21
3.73186201497431e-21
3.7284087080401755e-21
3.7248000916534904e-21
