9.29567929329687e-21
9.546266519936214e-21
9.816916584072499e-21
1.0108168835184226e-20
1.0420603062264318e-20
1.0754840417587876e-20
1.1111544400394751e-20
1.14914218999555e-20
1.189522429771826e-20
1.2323748627693599e-20
1.2777838794383828e-20
1.325838684806083e-20
1.376633431513878e-20
1.4302673583547428e-20
1.486844934079988e-20
1.546476006510837e-20
1.609275956700778e-20
1.6753658568669074e-20
1.7448726345910927e-20
1.817929239758705e-20
1.894674815946595e-20
1.975254875357499e-20
2.0598214766904242e-20
2.1485334058690186e-20
2.2415563587306736e-20
2.3390631253516756e-20
2.441233775365763e-20
2.548255843351121e-20
2.6603245138040367e-20
2.7776428047226436e-20
2.9004217487691804e-20
3.0288805712030965e-20
3.1632468633851725e-20
3.303756750590333e-20
3.450655053054407e-20
3.6041954386153465e-20
3.764640565726662e-20
3.932262214991731e-20
4.1073414078381936e-20
4.2901685101370675e-20
4.4810433192880976e-20
4.680275132615341e-20
4.888182794544158e-20
5.10509472119858e-20
5.331348899328029e-20
5.567292857603814e-20
5.813283607756479e-20
6.069687552806628e-20
6.336880359990474e-20
6.61524679613027e-20
6.905180521425866e-20
7.207083840949385e-20
7.521367409964933e-20
7.848449890107559e-20
8.18875755500234e-20
8.542723842766457e-20
8.910788851513594e-20
9.293398777999618e-20
9.691005295685665e-20
1.0104064871689344e-19
1.053303801976595e-19
1.0978388490250314e-19
1.144058239335036e-19
1.192008725894092e-19
1.2417371028999826e-19
1.2932900987021465e-19
1.346714262117584e-19
1.4020558427228848e-19
1.4593606649379187e-19
1.518673996389937e-19
1.5800404108038273e-19
1.643503645650697e-19
1.7091064553754404e-19
1.776890460288769e-19
1.846895991672786e-19
1.919161934020311e-19
1.9937255648060046e-19
2.0706223923594983e-19
2.149885992891556e-19
2.2315478470724187e-19
2.3156371771570078e-19
2.402180785038147e-19
2.491202892942588e-19
2.582724986066424e-19
2.6767656594341132e-19
2.773340468726531e-19
2.8724617861593235e-19
2.9741386618516344e-19
3.0783766920176435e-19
3.185177892881515e-19
3.2945405839428506e-19
3.406459276769694e-19
3.520924573486854e-19
3.6379230743315732e-19
3.757437292720286e-19
3.87944557997492e-19
4.0039220606183635e-19
4.1308365754098857e-19
4.2601546351101554e-19
4.391837383782166e-19
4.525841571838558e-19
4.662119539419846e-19
4.800619209479608e-19
4.941284090458352e-19
5.084053290115911e-19
5.228861540720412e-19
5.375639231066804e-19
5.524312454541973e-19
5.674803064502319e-19
5.827028743066506e-19
5.980903080534574e-19
6.136335668897479e-19
6.293232206315259e-19
6.451494616031646e-19
6.611021178800333e-19
6.771706678129314e-19
6.933442562666951e-19
7.096117122224215e-19
7.259615678545699e-19
7.423820793043263e-19
7.588612488527362e-19
7.753868488245519e-19
7.919464470997263e-19
8.085274337438825e-19
8.251170497387779e-19
8.417024165139939e-19
8.582705671300819e-19
8.748084786889649e-19
8.913031055517183e-19
9.07741413646433e-19
9.241104154593401e-19
9.403972056745808e-19
9.56588996886423e-19
9.726731556258728e-19
9.886372382865682e-19
1.004469026347184e-18
1.020156561383202e-18
1.0356881787345752e-18
1.0510525404065304e-18
1.0662386661559252e-18
1.0812359633923637e-18
1.0960342547952825e-18
1.110623803903875e-18
1.1249953384396348e-18
1.1391400714543977e-18
1.1530497190946909e-18
1.1667165164263468e-18
1.1801332298804228e-18
1.1932931669799982e-18
1.2061901830806526e-18
1.2188186851259567e-18
1.231173632379938e-18
1.2432505345618055e-18
1.255045446605559e-18
1.2665549614320015e-18
1.2777761993831112e-18
1.2887067957675882e-18
1.2993448858324122e-18
1.3096890875769944e-18
1.319738482958542e-18
1.3294925968856183e-18
1.3389513752049334e-18
1.3481151607793496e-18
1.3569846691799133e-18
1.3655609624111949e-18
1.3738454231483447e-18
1.3818397273938421e-18
1.3895458173112329e-18
1.3969658737347315e-18
1.4041022886439842e-18
1.4109576376933146e-18
1.4175346532627126e-18
1.4238361974831542e-18
1.4298652358999096e-18
1.4356248119879973e-18
1.441118021748402e-18
1.4463479894871117e-18
1.4513178442266956e-18
1.456030696797404e-18
1.460489617892013e-18
1.4646976168679829e-18
1.4686576216309673e-18
1.4723724589636434e-18
1.4758448361509348e-18
1.4790773231737036e-18
1.4820723356645172e-18
1.484832118923244e-18
1.4873587322425634e-18
1.489654034463308e-18
1.4917196696903178e-18
1.4935570539704713e-18
1.4951673625452216e-18
1.4965515171067819e-18
1.4977101744772597e-18
1.4986437148385455e-18
1.4993522307217287e-18
1.4998355165943625e-18
1.5000930581582344e-18
1.5001240223116188e-18
1.499927247134411e-18
1.4995012323051621e-18
