1.594592928171702e-23
1.5957399674591547e-23
1.5968339086234928e-23
1.597877066160667e-23
1.5988716473836628e-23
1.599819757055153e-23
1.6007234018067617e-23
1.6015844943546838e-23
1.602404857519893e-23
1.603186228061028e-23
1.6039302603280457e-23
1.6046385297434474e-23
1.605312536119121e-23
1.605953706814904e-23
1.606563399745439e-23
1.6071429062416857e-23
1.607693453773123e-23
1.6082162085356675e-23
1.608712277911087e-23
1.6091827128032872e-23
1.609628509855459e-23
1.610050613553415e-23
1.610449918219302e-23
1.6108272698993004e-23
1.6111834681503034e-23
1.611519267728326e-23
1.6118353801824694e-23
1.6121324753577122e-23
1.6124111828102025e-23
1.612672093136982e-23
1.612915759223469e-23
1.6131426974124208e-23
1.613353388593205e-23
1.613548279219449e-23
1.6137277822505634e-23
1.6138922780253442e-23
1.6140421150641407e-23
1.6141776108051175e-23
1.6142990522743618e-23
1.6144066966909072e-23
1.614500772010366e-23
1.6145814774034133e-23
1.614648983676663e-23
1.6147034336305535e-23
1.6147449423600727e-23
1.614773597493978e-23
1.6147894593788506e-23
1.6147925612021286e-23
1.6147829090580348e-23
1.6147604819588802e-23
1.614725231783055e-23
1.6146770831701357e-23
1.6146159333557948e-23
1.614541651948198e-23
1.6144540806447606e-23
1.6143530328909912e-23
1.6142382934781862e-23
1.6141096180781932e-23
1.6139667327184235e-23
1.6138093331891363e-23
1.613637084393554e-23
1.6134496196214284e-23
1.6132465397611862e-23
1.6130274124419292e-23
1.6127917711006912e-23
1.6125391139778763e-23
1.6122689030395708e-23
1.6119805628132972e-23
1.6116734791482004e-23
1.611346997892967e-23
1.6110004234820762e-23
1.6106330174348855e-23
1.6102439967597606e-23
1.6098325322596837e-23
1.6093977467431677e-23
1.6089387131187993e-23
1.6084544523886543e-23
1.6079439315346893e-23
1.607406061256037e-23
1.6068396936206422e-23
1.606243619566158e-23
1.605616566255199e-23
1.6049571943121398e-23
1.6042640949036915e-23
1.6035357866450867e-23
1.6027707123793767e-23
1.6019672357414785e-23
1.6011236375852164e-23
1.6002381122052474e-23
1.599308763340973e-23
1.598333600026355e-23
1.5973105321588707e-23
1.5962373658813987e-23
1.595111798748484e-23
1.5939314145469144e-23
1.5926936779605036e-23
1.5913959288714946e-23
1.5900353764287743e-23
1.5886090927744416e-23
1.5871140064352523e-23
1.585546895387521e-23
1.5839043797882645e-23
1.582182914215303e-23
1.5803787796700623e-23
1.5784880749770313e-23
1.5765067078539804e-23
1.5744303854503865e-23
1.5722546043967825e-23
1.569974640309252e-23
1.5675855366710036e-23
1.5650820932538764e-23
1.5624588537460006e-23
1.5597100927135895e-23
1.556829802010424e-23
1.5538116761423028e-23
1.550649096976444e-23
1.5473351176563677e-23
1.5438624452493045e-23
1.5402234228562937e-23
1.536410010129968e-23
1.532413763080067e-23
1.528225812341874e-23
1.5238368403813324e-23
1.5192370568195587e-23
1.514416172909304e-23
1.5093633734946918e-23
1.5040672880109194e-23
1.4985159586800643e-23
1.4926968073102727e-23
1.4865965992921173e-23
1.480201405349356e-23
1.4734965602187207e-23
1.4664666184485804e-23
1.4590953070910833e-23
1.451365474039024e-23
1.4432590330672458e-23
1.4347569035871035e-23
1.4258389461013703e-23
1.41648389138959e-23
1.406669263823856e-23
1.3963712973860422e-23
1.3855648434260532e-23
1.3742232708125076e-23
1.362318352758352e-23
1.3498201462879088e-23
1.3366968540799615e-23
1.322914672974237e-23
1.3084376254380479e-23
1.2932273683040974e-23
1.2772429783703009e-23
1.2604407103858659e-23
1.2427737215280387e-23
1.2241917545863459e-23
1.2046407785560373e-23
1.1840625698740977e-23
1.1623942288466085e-23
1.139567613686976e-23
1.1155086799000144e-23
1.090136697568514e-23
1.0633633247382445e-23
1.0350915011445725e-23
1.005214124064466e-23
9.73612450027129e-24
9.401541641517795e-24
9.046910383268119e-24
8.670560953440977e-24
8.270601867358272e-24
7.844879273938857e-24
7.390930074579938e-24
6.905931848871444e-24
6.386659489767775e-24
5.829476971887336e-24
5.2304433528675786e-24
4.5857589726362405e-24
3.8932510110206156e-24
3.1573334491078177e-24
2.4073248314226995e-24
1.772612722200976e-24
1.6777371417048895e-24
2.4836018498405546e-24
3.9548277607417585e-24
6.0000496863874735e-24
8.811477472930481e-24
1.2916048986267295e-23
1.9642480207489222e-23
3.3140917031270156e-23
7.108440525279052e-23
8.7545415122585e-23
4.051975252020433e-23
2.42152494952788e-23
1.641664090543184e-23
1.1669231535505642e-23
8.33565225142469e-24
5.795098138850122e-24
3.83385214929568e-24
2.5981953687250266e-24
2.6150330640623425e-24
3.6812984444297546e-24
5.124490036928244e-24
6.691851420115288e-24
8.319498824311872e-24
