9.712310453988629e-23
9.670569624800915e-23
9.661681013675633e-23
9.68562544536366e-23
9.742453440191864e-23
9.832285319723688e-23
9.955311460785984e-23
1.0111792698361812e-22
1.0302060878179101e-22
1.0526519560158271e-22
1.0785644874219197e-22
1.1079986530275508e-22
1.1410168984591369e-22
1.1776892765000674e-22
1.218093595783822e-22
1.2623155859775097e-22
1.3104490798093522e-22
1.362596212329936e-22
1.4188676378331905e-22
1.4793827649009413e-22
1.5442700100719583e-22
1.6136670706778784e-22
1.6877212174282265e-22
1.7665896073691304e-22
1.8504396178838933e-22
1.9394492024494013e-22
2.0338072689085568e-22
2.133714081067072e-22
2.239381684474431e-22
2.3510343572998425e-22
2.4689090872683356e-22
2.5932560756794687e-22
2.7243392695878965e-22
2.8624369232875356e-22
3.007842190304112e-22
3.160863747166092e-22
3.321826450293645e-22
3.4910720274187374e-22
3.6689598050200717e-22
3.8558674733408143e-22
4.0521918906330862e-22
4.258349928364527e-22
4.47477935920615e-22
4.7019397897183435e-22
4.940313639747845e-22
5.1904071706521815e-22
5.452751564573022e-22
5.727904057096485e-22
6.016449125749841e-22
6.318999736915965e-22
6.63619865386668e-22
6.968719808759787e-22
7.317269741579347e-22
7.682589109158108e-22
8.065454267562968e-22
8.46667893130472e-22
8.887115912992003e-22
9.327658947235196e-22
9.789244602804996e-22
1.0272854287228412e-21
1.077951634824059e-21
1.1310308276709948e-21
1.1866359015898214e-21
1.2448851382147495e-21
1.305902460237703e-21
1.3698176973968165e-21
1.4367668653007659e-21
1.5068924577043154e-21
1.5803437528899638e-21
1.6572771348403167e-21
1.7378564299223975e-21
1.822253259837131e-21
1.9106474116329558e-21
2.003227225617551e-21
2.100190002047778e-21
2.201742427520218e-21
2.3081010220365276e-21
2.4194926077626347e-21
2.5361548005662237e-21
2.658336525447769e-21
2.786298557073849e-21
2.920314086660049e-21
3.0606693165148512e-21
3.207664083657664e-21
3.3616125139408672e-21
3.522843708265049e-21
3.691702462467214e-21
3.868550022629168e-21
4.053764877610018e-21
4.24774359068603e-21
4.450901672346981e-21
4.663674496344557e-21
4.886518261261889e-21
5.119910999917269e-21
5.3643536392048624e-21
5.6203711129178486e-21
5.888513530374799e-21
6.1693574038625785e-21
6.463506937962436e-21
6.771595384132421e-21
7.094286463927418e-21
7.432275864724774e-21
7.786292811902185e-21
8.157101721420241e-21
8.54550393751338e-21
8.952339559998693e-21
9.378489366422627e-21
9.824876834019236e-21
1.0292470267385433e-20
1.0782285037918973e-20
1.129538594104193e-20
1.1832889678501777e-20
1.2395967472635955e-20
1.2985847820478635e-20
1.36038193957571e-20
1.425123410807149e-20
1.492951032821275e-20
1.564013628920311e-20
1.6384673675441316e-20
1.7164761409686995e-20
1.7982119650807334e-20
1.883855401574659e-20
1.97359600409829e-20
2.0676327893961958e-20
2.166174735886779e-20
2.2694413106324655e-20
2.377663027032457e-20
2.4910820352614227e-20
2.6099527474234404e-20
2.7345424998560026e-20
2.865132255602018e-20
3.002017348993019e-20
3.1455082755745756e-20
3.2959315317768833e-20
3.4536305054289075e-20
3.618966422763067e-20
3.7923193570827514e-20
3.974089299173195e-20
4.164697299751802e-20
4.3645866849676504e-20
4.5742243537363556e-20
4.794102160396917e-20
5.0247383926253987e-20
5.266679349683008e-20
5.520501028426033e-20
5.786810932719894e-20
6.066250002687955e-20
6.359494691929154e-20
6.667259188887799e-20
6.990297804309417e-20
7.329407539027509e-20
7.685430841427805e-20
8.059258576237382e-20
8.451833229105606e-20
8.864152365105904e-20
9.297272344299288e-20
9.752312360367731e-20
1.0230458805789318e-19
1.0732969981764605e-19
1.126118123051265e-19
1.1816510498209303e-19
1.240046436555073e-19
1.3014644635775045e-19
1.3660755481677835e-19
1.4340611282049659e-19
1.5056145139916923e-19
1.5809418203117391e-19
1.6602629909601216e-19
1.743812917102666e-19
1.8318426638918617e-19
1.9246208284078104e-19
2.0224350276274125e-19
2.1255935243542984e-19
2.234427060998318e-19
2.3492908428069935e-19
2.470566766952987e-19
2.598665860066201e-19
2.734031038749563e-19
2.877140109423218e-19
3.0285091714603646e-19
3.1886963421113835e-19
3.3583060411213997e-19
3.5379936219999723e-19
3.7284706414245684e-19
3.930510802039594e-19
4.1449566065845128e-19
4.372726683106866e-19
4.614824235014662e-19
4.872346566512037e-19
5.146495427270094e-19
5.438589303991289e-19
5.750076506632439e-19
6.082550719419796e-19
6.43776750473888e-19
6.817663819430853e-19
7.224379156707256e-19
7.660278887684763e-19
8.127980706780421e-19
8.63038307590946e-19
9.170695326653684e-19
9.752470463123765e-19
