5.089369540100048e-24
5.089598094895466e-24
5.089826849185467e-24
5.090054735280477e-24
5.0902808205381324e-24
5.090504293321033e-24
5.090724450272472e-24
5.090940684791037e-24
5.091152476594233e-24
5.091359382270923e-24
5.091561026732527e-24
5.091757095479526e-24
5.09194732760802e-24
5.092131509487922e-24
5.0923094690499936e-24
5.092481070624493e-24
5.092646210280813e-24
5.092804811619153e-24
5.09295682197303e-24
5.093102208982167e-24
5.0932409575012616e-24
5.093373066811965e-24
5.09349854810776e-24
5.09361742222687e-24
5.093729717606702e-24
5.093835468439404e-24
5.0939347130070365e-24
5.094027492178942e-24
5.094113848054408e-24
5.094193822734666e-24
5.094267457211909e-24
5.094334790361064e-24
5.0943958580237975e-24
5.094450692174261e-24
5.094499320156802e-24
5.0945417639869995e-24
5.094578039708275e-24
5.094608156796597e-24
5.09463211760625e-24
5.0946499168515786e-24
5.094661541119326e-24
5.0946669684037645e-24
5.0946661676647005e-24
5.09465909839908e-24
5.0946457102238345e-24
5.094625942470336e-24
5.0945997237811124e-24
5.094566971706614e-24
5.0945275923031465e-24
5.0944814797264694e-24
5.09442851581653e-24
5.094368569673242e-24
5.0943014972239696e-24
5.094227140771006e-24
5.094145328527383e-24
5.094055874132122e-24
5.093958576148723e-24
5.0938532175333364e-24
5.093739565090081e-24
5.093617368889051e-24
5.093486361661305e-24
5.0933462581677095e-24
5.093196754526267e-24
5.0930375275131686e-24
5.092868233824566e-24
5.092688509301314e-24
5.092497968114752e-24
5.092296201906503e-24
5.0920827788903704e-24
5.0918572428988006e-24
5.091619112392646e-24
5.091367879403499e-24
5.091103008447704e-24
5.090823935350119e-24
5.090530066038349e-24
5.090220775262608e-24
5.089895405255863e-24
5.08955326431823e-24
5.0891936253396674e-24
5.088815724248736e-24
5.088418758379789e-24
5.0880018847517355e-24
5.087564218292124e-24
5.0871048299356886e-24
5.086622744651865e-24
5.086116939381984e-24
5.085586340842644e-24
5.0850298232771396e-24
5.084446206028104e-24
5.0838342510586024e-24
5.083192660337259e-24
5.082520073042172e-24
5.081815062708309e-24
5.081076134201983e-24
5.0803017205370906e-24
5.079490179573216e-24
5.0786397905282514e-24
5.077748750316361e-24
5.076815169761582e-24
5.075837069611954e-24
5.074812376285165e-24
5.073738917532947e-24
5.072614417859992e-24
5.07143649364061e-24
5.070202648172092e-24
5.0689102663032774e-24
5.067556609015821e-24
5.0661388075000775e-24
5.0646538572360644e-24
5.0630986115547874e-24
5.061469775027359e-24
5.059763896484785e-24
5.057977361850803e-24
5.0561063862974835e-24
5.054147006558053e-24
5.052095072271857e-24
5.049946237501922e-24
5.047695951444589e-24
5.045339448855627e-24
5.042871740150208e-24
5.0402876006356484e-24
5.037581559974585e-24
5.0347478904201034e-24
5.03178059472323e-24
5.0286733937431774e-24
5.025419713453533e-24
5.022012670722545e-24
5.018445059267747e-24
5.0147093347234016e-24
5.010797598951892e-24
5.006701582641707e-24
5.0024126298379264e-24
4.9979216786834245e-24
4.993219242782817e-24
4.988295392144305e-24
4.983139732496927e-24
4.977741383853641e-24
4.972088957712837e-24
4.966170534955489e-24
4.9599736401244834e-24
4.9534852175980945e-24
4.9466916035363935e-24
4.9395784998579596e-24
4.9321309443458845e-24
4.924333282172228e-24
4.916169133457052e-24
4.907621361190343e-24
4.898672039797854e-24
4.889302417537868e-24
4.879492882783199e-24
4.869222924043122e-24
4.858471095992535e-24
4.847214975182906e-24
4.835431121582674e-24
4.823095036572131e-24
4.810181119172832e-24
4.796662623879224e-24
4.782511613017833e-24
4.767698916279956e-24
4.7521940816054355e-24
4.73596533043869e-24
4.7189795160212666e-24
4.701202077021308e-24
4.682596994171347e-24
4.663126757066857e-24
4.642752320504691e-24
4.621433079396522e-24
4.5991268401780676e-24
4.5757898048635774e-24
4.551376565749585e-24
4.5258401099526254e-24
4.499131847471744e-24
4.471201650895887e-24
4.441997935408459e-24
4.4114677533851656e-24
4.379556955327319e-24
4.3462103897375e-24
4.311372167063061e-24
4.2749860196330426e-24
4.2369957669467594e-24
4.197345905417101e-24
4.155982387938588e-24
4.1128536082102486e-24
4.0679116746612324e-24
4.021114039111875e-24
3.9724255842281054e-24
3.921821321981467e-24
3.8692898742832736e-24
3.814837923855732e-24
3.758496082386125e-24
3.7003264261174316e-24
3.640432454532658e-24
3.5789720566826844e-24
3.516174669610467e-24
3.452363973968682e-24
3.3879879487485904e-24
3.323658863405309e-24
3.2602064406343826e-24
3.198748313074603e-24
3.1407830166832245e-24
3.0883111567182935e-24
