3.821110719423497e-24
3.8204484535687564e-24
3.819841409802543e-24
3.819284604647638e-24
3.818773484029567e-24
3.818303885609539e-24
3.817872004344727e-24
3.817474361004903e-24
3.8171077733927634e-24
3.8167693300390184e-24
3.8164563661595045e-24
3.816166441682466e-24
3.815897321164145e-24
3.8156469554332275e-24
3.815413464812396e-24
3.815195123780369e-24
3.8149903469490604e-24
3.814797676241387e-24
3.814615769163928e-24
3.814443388077623e-24
3.814279390381258e-24
3.814122719522532e-24
3.813972396768329e-24
3.813827513662754e-24
3.813687225112332e-24
3.813550743044463e-24
3.813417330582964e-24
3.813286296698681e-24
3.8131569912873036e-24
3.813028800639089e-24
3.812901143259678e-24
3.812773466015907e-24
3.8126452405672995e-24
3.8125159600637105e-24
3.8123851360789855e-24
3.812252295757413e-24
3.812116979158003e-24
3.81197873676237e-24
3.811837127147283e-24
3.811691714791109e-24
3.81154206800046e-24
3.811387756952815e-24
3.811228351827444e-24
3.811063421027801e-24
3.810892529469682e-24
3.8107152369376585e-24
3.810531096488247e-24
3.810339652904909e-24
3.8101404411792466e-24
3.809932985030898e-24
3.809716795431791e-24
3.8094913691634946e-24
3.8092561873613566e-24
3.809010714079765e-24
3.808754394826476e-24
3.808486655113045e-24
3.808206898965821e-24
3.80791450742362e-24
3.807608837016575e-24
3.807289218195186e-24
3.8069549537304704e-24
3.806605317078938e-24
3.806239550684975e-24
3.805856864238518e-24
3.805456432890948e-24
3.805037395368634e-24
3.8045988520621535e-24
3.804139863032764e-24
3.803659445909103e-24
3.8031565737666475e-24
3.802630172843711e-24
3.802079120235612e-24
3.801502241436701e-24
3.800898307822193e-24
3.800266033976195e-24
3.799604074935979e-24
3.798911023325348e-24
3.79818540632493e-24
3.797425682510232e-24
3.796630238606292e-24
3.795797386008074e-24
3.7949253571993216e-24
3.794012302017968e-24
3.793056283697706e-24
3.792055274765703e-24
3.791007152778534e-24
3.78990969578297e-24
3.788760577639786e-24
3.787557363096811e-24
3.786297502652469e-24
3.7849783271774e-24
3.7835970422322405e-24
3.782150722237063e-24
3.7806363043051726e-24
3.7790505817189046e-24
3.7773901972217716e-24
3.775651636002914e-24
3.7738312182523144e-24
3.771925091340894e-24
3.769929221971884e-24
3.767839387429288e-24
3.765651166934107e-24
3.763359932292621e-24
3.760960838048525e-24
3.758448811836908e-24
3.755818543098561e-24
3.753064472419441e-24
3.7501807798787464e-24
3.7471613728435474e-24
3.743999873193163e-24
3.740689604149409e-24
3.737223576422619e-24
3.733594473598648e-24
3.729794636978972e-24
3.725816049529475e-24
3.7216503197249915e-24
3.717288664199669e-24
3.712721888706942e-24
3.7079403704925664e-24
3.702934037503862e-24
3.6976923482797435e-24
3.692204270277778e-24
3.686458256930661e-24
3.680442224756193e-24
3.6741435285194154e-24
3.667548934928932e-24
3.660644597659609e-24
3.6534160270829275e-24
3.645848063253664e-24
3.6379248443806565e-24
3.629629775937684e-24
3.620945497379763e-24
3.611853847855934e-24
3.602335830645248e-24
3.592371576776872e-24
3.5819403054918666e-24
3.5710202852827336e-24
3.5595887911147746e-24
3.547622063199301e-24
3.53509526122728e-24
3.521982417664025e-24
3.5082563937361986e-24
3.493888826660261e-24
3.4788500794823766e-24
3.463109191587152e-24
3.4466338248448726e-24
3.429390207918949e-24
3.411343081356726e-24
3.3924556443220646e-24
3.372689495019999e-24
3.352004574854501e-24
3.330359111893557e-24
3.3077095662712137e-24
3.2840105743750625e-24
3.2592148992343127e-24
3.233273376694192e-24
3.206134877752796e-24
3.177746265824551e-24
3.1480523671392132e-24
3.116995949188427e-24
3.0845177124988145e-24
3.0505563062315235e-24
3.0150483494379878e-24
2.977928493667095e-24
2.939129511753757e-24
2.8985824260152602e-24
2.856216700559009e-24
2.8119604953477347e-24
2.7657410015126147e-24
2.7174848836641594e-24
2.6671188898722466e-24
2.6145705863486447e-24
2.5597693863776342e-24
2.502647819824212e-24
2.4431432219340762e-24
2.381199940072133e-24
2.3167721760811123e-24
2.2498277615021258e-24
2.1803531330509695e-24
2.1083599044962696e-24
2.0338936914166482e-24
1.9570459555563573e-24
1.87797007108445e-24
1.7969031473207053e-24
1.7141960544888728e-24
1.630354425298323e-24
1.546094924448782e-24
1.4624213481949802e-24
1.3807249235625798e-24
1.3029099856854435e-24
1.2315345820856373e-24
1.1699309257248904e-24
1.1222260645529145e-24
1.093133964783665e-24
1.0874006144790614e-24
1.1089460528966436e-24
1.1600410644549377e-24
1.240985359493371e-24
1.3504572075000143e-24
1.4862482717723266e-24
1.645961320698239e-24
