3.381487645947513e-24
3.377409161293898e-24
3.373566158079157e-24
3.369945580244739e-24
3.366535256234542e-24
3.363323840034837e-24
3.360300756514875e-24
3.3574561507974725e-24
3.354780841378436e-24
3.352266276739085e-24
3.349904495229536e-24
3.347688087981105e-24
3.345610164656439e-24
3.3436643218417515e-24
3.341844613891609e-24
3.3401455260779705e-24
3.3385619498734255e-24
3.337089160242935e-24
3.33572279479458e-24
3.334458834683493e-24
3.333293587161702e-24
3.332223669651589e-24
3.3312459952695776e-24
3.330357759724378e-24
3.329556429475113e-24
3.3288397311299565e-24
3.3282056419866815e-24
3.3276523816771934e-24
3.327178404861997e-24
3.326782394952131e-24
3.326463258773939e-24
3.32622012220885e-24
3.3260523267376585e-24
3.325959426879115e-24
3.32594118853826e-24
3.325997588202677e-24
3.326128813029832e-24
3.326335261802914e-24
3.326617546769323e-24
3.326976496381272e-24
3.3274131589238854e-24
3.327928807086205e-24
3.3285249435174386e-24
3.329203307328931e-24
3.3299658816624385e-24
3.330814902330234e-24
3.331752867586967e-24
3.332782549083681e-24
3.33390700408423e-24
3.33512958901828e-24
3.3364539744201635e-24
3.33788416139293e-24
3.33942449964995e-24
3.3410797072908186e-24
3.3428548923864456e-24
3.3447555765004906e-24
3.3467877203223894e-24
3.348957751556491e-24
3.351272595196036e-24
3.3537397064188976e-24
3.356367106196689e-24
3.359163419975322e-24
3.3621379194735656e-24
3.365300568064127e-24
3.368662069661782e-24
3.372233921784901e-24
3.376028472766791e-24
3.380058983580646e-24
3.384339694579731e-24
3.388885897543566e-24
3.393714013254541e-24
3.398841675187269e-24
3.404287819637985e-24
3.410072782658506e-24
3.4162184043141485e-24
3.422748140796897e-24
3.429687184707623e-24
3.437062594076041e-24
3.444903430624866e-24
3.453240907930091e-24
3.462108549531061e-24
3.471542358071359e-24
3.4815809954095194e-24
3.492265974584236e-24
3.503641863838418e-24
3.515756503002296e-24
3.5286612328319906e-24
3.54241113746091e-24
3.557065299884396e-24
3.572687070888262e-24
3.589344351679434e-24
3.607109888819078e-24
3.626061582788642e-24
3.6462828086798374e-24
3.667862748354564e-24
3.690896734028672e-24
3.715486601281989e-24
3.741741051068769e-24
3.769776018741949e-24
3.799715048817358e-24
3.831689673658494e-24
3.865839793852905e-24
3.9023140587740914e-24
3.941270244565195e-24
3.9828756278765806e-24
4.027307353665646e-24
4.074752793786436e-24
4.1254098969115075e-24
4.179487526144975e-24
4.2372057853253435e-24
4.298796332720193e-24
4.364502682674659e-24
4.434580496485242e-24
4.509297864091722e-24
4.588935578699448e-24
4.673787409523648e-24
4.764160374438086e-24
4.8603750189419115e-24
4.96276570768899e-24
5.0716809316756395e-24
5.1874836415499614e-24
5.3105516089439094e-24
5.441277826069785e-24
5.580070945891722e-24
5.72735577076223e-24
5.8835737923216284e-24
6.04918378568631e-24
6.2246624611843974e-24
6.4105051727165035e-24
6.607226680239214e-24
6.815361967097416e-24
7.035467102190816e-24
7.268120142469806e-24
7.513922065143046e-24
7.773497718455422e-24
8.047496773126471e-24
8.336594660542228e-24
8.64149347427091e-24
8.962922812553772e-24
9.301640527623431e-24
9.658433359074842e-24
1.0034117400780096e-23
1.0429538367591671e-23
1.0845571609312248e-23
1.1283121804982822e-23
1.1743122284250482e-23
1.2226533898840274e-23
1.2734343338195894e-23
1.3267560830555236e-23
1.3827217077285186e-23
1.4414359314226512e-23
1.503004640734634e-23
1.5675342747717335e-23
1.6351310841460488e-23
1.7059002419130792e-23
1.779944788983146e-23
1.857364386334318e-23
1.9382538706246992e-23
2.0227015801487563e-23
2.1107874402982424e-23
2.202580803862898e-23
2.2981380183963797e-23
2.3974997398267884e-23
2.5006879813062604e-23
2.6077029340496894e-23
2.7185195817301933e-23
2.833084160657509e-23
2.951310556880697e-23
3.073076713184101e-23
3.198221185710768e-23
3.3265400122218844e-23
3.457784024379905e-23
3.591656858868162e-23
3.7278138315802326e-23
3.865861903832728e-23
4.005360977020768e-23
4.145826629230813e-23
4.286734482011743e-23
4.427526267836551e-23
4.5676174580538863e-23
4.7064065657751115e-23
4.843285634556462e-23
4.977651755063503e-23
5.108919108609708e-23
5.2365310935961504e-23
5.359971909816872e-23
5.478777204402992e-23
5.592543133235774e-23
5.700933650937477e-23
5.803685478653986e-23
5.900610763858087e-23
5.991597584262044e-23
6.076607992786012e-23
6.155674203287389e-23
6.228893221961073e-23
6.296420061196092e-23
6.358460339935255e-23
6.415262180019022e-23
6.467108254098293e-23
6.514307896652758e-23
6.557189807088955e-23
