2.2692353894385115e-24
2.2341847874098196e-24
2.2015409719951837e-24
2.1712155535094635e-24
2.1431249813524778e-24
2.117190390426684e-24
2.093337453872103e-24
2.0714962413434393e-24
2.0516010820745918e-24
2.033590432047411e-24
2.0174067446527185e-24
2.0029963442980935e-24
1.9903093025023995e-24
1.9792993160269922e-24
1.9699235867800805e-24
1.9621427031457276e-24
1.9559205225764e-24
1.951224055310866e-24
1.9480233490678613e-24
1.9462913747306224e-24
1.9460039129989457e-24
1.947139442049061e-24
1.949679026309944e-24
1.9536062064404195e-24
1.9589068906638386e-24
1.9655692476610603e-24
1.9735836011802378e-24
1.982942326555435e-24
1.9936397494287508e-24
2.0056720468427538e-24
2.019037150989933e-24
2.0337346558544736e-24
2.049765726975857e-24
2.0671330146173555e-24
2.085840570552127e-24
2.1058937687254823e-24
2.1272992299589323e-24
2.1500647509529488e-24
2.1741992377764494e-24
2.1997126439267155e-24
2.2266159131361777e-24
2.254920927174496e-24
2.2846404583967252e-24
2.3157881274469513e-24
2.3483783659159928e-24
2.3824263839435615e-24
2.417948142857078e-24
2.454960332622612e-24
2.4934803541251882e-24
2.5335263059079997e-24
2.5751169755990312e-24
2.618271835440037e-24
2.663011041881262e-24
2.7093554391505443e-24
2.7573265661639007e-24
2.8069466670555725e-24
2.858238704491892e-24
2.911226376037875e-24
2.9659341327506427e-24
3.022387200444338e-24
3.0806116025784283e-24
3.1406341850078452e-24
3.2024826423886227e-24
3.266185545655396e-24
3.331772370573561e-24
3.399273527387564e-24
3.468720390839208e-24
3.540145330725232e-24
3.61358174318764e-24
3.6890640817183934e-24
3.766627888677819e-24
3.846309826780937e-24
3.9281477101275854e-24
4.01218053603051e-24
4.098448515960072e-24
4.1869931062715736e-24
4.277857039627889e-24
4.371084355305786e-24
4.466720429765598e-24
4.564812007211921e-24
4.6654072298055456e-24
4.7685556679619366e-24
4.874308350497481e-24
4.982717795053744e-24
5.093838038183242e-24
5.2077246664080576e-24
5.324434845915315e-24
5.4440273548871456e-24
5.566562613391778e-24
5.692102715949312e-24
5.820711463591048e-24
5.952454396048004e-24
6.087398825297626e-24
6.2256138694854525e-24
6.367170486945181e-24
6.512141512085206e-24
6.660601691003802e-24
6.812627718614419e-24
6.968298276410249e-24
7.127694070835489e-24
7.290897873872821e-24
7.457994562873455e-24
7.629071163094712e-24
7.804216890461898e-24
7.983523195320922e-24
8.167083808732588e-24
8.354994787768027e-24
8.547354565012384e-24
8.744263995443566e-24
8.945826409504875e-24
9.152147663241175e-24
9.363336191698617e-24
9.579503064989403e-24
9.800762043101929e-24
1.0027229634050417e-23
1.0259025153389139e-23
1.0496270785182675e-23
1.0739091643408605e-23
1.09876158375843e-23
1.1241974537831996e-23
1.1502302042174262e-23
1.1768735845604631e-23
1.2041416711572857e-23
1.232048874564944e-23
1.260609946744037e-23
1.2898399890252016e-23
1.3197544598440521e-23
1.350369182541149e-23
1.3817003541465437e-23
1.4137645532950669e-23
1.446578749220289e-23
1.4801603103947647e-23
1.5145270139559583e-23
1.549697054444946e-23
1.5856890540310768e-23
1.622522071647819e-23
1.6602156136606843e-23
1.6987896433273098e-23
1.7382645918737084e-23
1.77866136924989e-23
1.8200013745852617e-23
1.8623065080116464e-23
1.9055991821751995e-23
1.9499023332959074e-23
1.9952394344225961e-23
2.0416345068362457e-23
2.0891121329482063e-23
2.1376974695780953e-23
2.1874162612223077e-23
2.238294852949619e-23
2.2903602049812772e-23
2.343639906612335e-23
2.398162190833097e-23
2.4539559497886578e-23
2.5110507481792835e-23
2.5694768415870053e-23
2.6292651896596448e-23
2.690447474422367e-23
2.753056116867351e-23
2.817124292822518e-23
2.88268595065656e-23
2.9497758306157134e-23
3.018429482018479e-23
3.088683281475041e-23
3.1605744537540374e-23
3.234141089038157e-23
3.309422165720073e-23
3.3864575694236344e-23
3.465288113036866e-23
3.545955559025006e-23
3.628502643734587e-23
3.712973096011782e-23
3.799411662624791e-23
3.8878641331835426e-23
3.9783773563362607e-23
4.0709992777185856e-23
4.165778952631791e-23
4.2627665801270757e-23
4.3620135174309167e-23
4.463572329549503e-23
4.567496794469509e-23
4.67384193552109e-23
4.782664063253088e-23
4.894020796410337e-23
5.0079710695348404e-23
5.124575221279584e-23
5.243894972236432e-23
5.3659934653641e-23
5.490935314782155e-23
5.618786663128743e-23
5.74961513557348e-23
5.883489961638168e-23
6.020481963905247e-23
6.160663593195338e-23
6.304109005446936e-23
6.45089407516851e-23
6.601096389621087e-23
6.754795360350899e-23
6.912072283224738e-23
7.073010219321175e-23
7.237694272653279e-23
