8.348066783418736e-24
8.368902397914053e-24
8.388778553878883e-24
8.407737042254483e-24
8.425817743210667e-24
8.443058707116983e-24
8.459496232017098e-24
8.47516493772508e-24
8.490097836664962e-24
8.504326401569192e-24
8.517880630148422e-24
8.530789106847087e-24
8.543079061788782e-24
8.554776427019033e-24
8.565905890144263e-24
8.576490945466569e-24
8.586553942706647e-24
8.596116133406959e-24
8.605197715100494e-24
8.613817873330863e-24
8.621994821600577e-24
8.629745839328467e-24
8.637087307884506e-24
8.644034744775543e-24
8.65060283604726e-24
8.656805466964948e-24
8.662655751035296e-24
8.668166057423732e-24
8.673348036823854e-24
8.678212645828777e-24
8.682770169852647e-24
8.687030244649172e-24
8.691001876468229e-24
8.694693460890798e-24
8.698112800381579e-24
8.701267120591312e-24
8.704163085443333e-24
8.706806811032418e-24
8.709203878364723e-24
8.711359344962595e-24
8.713277755357224e-24
8.714963150489753e-24
8.716419076037074e-24
8.717648589679841e-24
8.718654267324735e-24
8.719438208291522e-24
8.720002039474218e-24
8.720346918482874e-24
8.720473535768315e-24
8.720382115733973e-24
8.72007241683104e-24
8.719543730637321e-24
8.718794879910677e-24
8.717824215611607e-24
8.71662961288393e-24
8.71520846597909e-24
8.713557682110423e-24
8.711673674217255e-24
8.70955235261843e-24
8.707189115530824e-24
8.704578838425484e-24
8.701715862191359e-24
8.698593980072396e-24
8.695206423341952e-24
8.691545845672199e-24
8.687604306156291e-24
8.683373250932316e-24
8.67884349335826e-24
8.674005192680247e-24
8.668847831132485e-24
8.66336018940081e-24
8.657530320380344e-24
8.6513455211467e-24
8.644792303058366e-24
8.637856359900429e-24
8.630522533970558e-24
8.622774780005335e-24
8.614596126831233e-24
8.605968636622441e-24
8.59687336163258e-24
8.587290298260858e-24
8.577198338303017e-24
8.566575217221963e-24
8.555397459265629e-24
8.543640319240915e-24
8.531277720742538e-24
8.51828219061507e-24
8.504624789412575e-24
8.490275037599786e-24
8.475200837217095e-24
8.459368388711101e-24
8.44274210260578e-24
8.425284505663358e-24
8.406956141154121e-24
8.387715462821697e-24
8.367518722093294e-24
8.346319848048913e-24
8.324070319615647e-24
8.300719029407974e-24
8.276212138581696e-24
8.250492922014434e-24
8.223501603051727e-24
8.195175177001427e-24
8.165447222467135e-24
8.134247699531738e-24
8.10150273369981e-24
8.067134384414987e-24
8.031060396821759e-24
7.993193935340464e-24
7.953443297452426e-24
7.911711605946013e-24
7.86789647767473e-24
7.821889666699946e-24
7.773576679442374e-24
7.72283635923218e-24
7.669540437373953e-24
7.61355304752687e-24
7.554730199875857e-24
7.492919211203729e-24
7.42795808658335e-24
7.35967484793305e-24
7.287886804340945e-24
7.212399758430039e-24
7.13300714271517e-24
7.049489079360151e-24
6.961611356359534e-24
6.869124312925756e-24
6.77176162674522e-24
6.669238996130084e-24
6.561252710796202e-24
6.4474781069308244e-24
6.327567905196078e-24
6.201150435680735e-24
6.067827762699347e-24
5.927173736192892e-24
5.778732019103117e-24
5.622014176025627e-24
5.45649796563248e-24
5.281626072055663e-24
5.096805661094146e-24
4.9014093969891135e-24
4.694778976358969e-24
4.4762329617603705e-24
4.245081981591719e-24
4.000656704511834e-24
3.7423584168839385e-24
3.469750707070814e-24
3.1827285544975624e-24
2.881839377981295e-24
2.568916882350108e-24
2.2483907268851286e-24
1.9301079853814896e-24
1.6354431992278194e-24
1.4087280033741552e-24
1.3253167024540716e-24
1.4555056918258428e-24
1.7980163813854295e-24
2.3036684446825813e-24
2.9339169481593205e-24
3.6720462719324254e-24
4.5159352678715925e-24
5.4725871823293694e-24
6.555885541969894e-24
7.786333164896505e-24
9.192107909034357e-24
1.081134211444134e-23
1.2695964208829403e-23
1.4917931053308444e-23
1.757948286702061e-23
2.0830621407248266e-23
2.4900383195166274e-23
3.015634988889748e-23
3.7227009532541105e-23
4.727953192450198e-23
6.273781165461379e-23
8.949125268136718e-23
1.453235092401095e-22
2.8380993094506524e-22
2.7236695715090033e-22
1.4748491329833022e-22
9.668400029004043e-23
7.160760393298203e-23
5.679703280862563e-23
4.6976423614612773e-23
3.9927411057881746e-23
3.456582130830915e-23
3.0301480593400514e-23
2.678631164048567e-23
2.3801974042843867e-23
2.1204711562394298e-23
1.8896187312895083e-23
1.68071493718299e-23
1.488790770373125e-23
1.3102710633746736e-23
1.1426608700237636e-23
9.84425951325835e-24
8.350862931811524e-24
6.956475977342985e-24
5.6969321945377086e-24
4.656911915755752e-24
3.999859769831947e-24
