3.466626546440964e-24
3.2590737665315736e-24
3.06353481471197e-24
2.879396039050623e-24
2.7060738073583133e-24
2.5430135535860386e-24
2.3896888672072636e-24
2.2456006225809638e-24
2.110276145397586e-24
1.9832684119163927e-24
1.864155276871366e-24
1.7525387233992796e-24
1.648044127494016e-24
1.5503195271109448e-24
1.459034882829566e-24
1.3738813149325643e-24
1.2945702967940116e-24
1.2208327822778097e-24
1.1524182399216362e-24
1.0890935651861766e-24
1.0306418404666512e-24
9.768609146537506e-25
9.275617808636862e-25
8.82566742235229e-25
8.417073753946891e-25
8.048223270068897e-25
7.71755010823702e-25
7.423513073444257e-25
7.164573995963084e-25
6.939178996783077e-25
6.745744235658546e-25
6.582647502087025e-25
6.448226551810804e-25
6.340784418010485e-25
6.258601167395741e-25
6.199950856885086e-25
6.163121914643903e-25
6.146438925587926e-25
6.148283850418436e-25
6.167115022798123e-25
6.201482741364541e-25
6.250040810120229e-25
6.311553868282891e-25
6.384900749927586e-25
6.469074377310971e-25
6.563178834387587e-25
6.666424307985208e-25
6.778120547804483e-25
6.897669418052198e-25
7.02455701244478e-25
7.158345699495619e-25
7.298666368231813e-25
7.445211060972773e-25
7.597726110985878e-25
7.756005849253033e-25
7.919886904971784e-25
8.089243097102071e-25
8.263980892774102e-25
8.444035398695959e-25
8.62936684370819e-25
8.819957507476886e-25
9.015809050776775e-25
9.216940202898395e-25
9.423384767082702e-25
9.635189902462419e-25
9.852414653087066e-25
1.007512868772464e-24
1.0303411226285824e-24
1.0537350126943058e-24
1.0777041113401248e-24
1.1022587121805597e-24
1.1274097753144439e-24
1.153168881395969e-24
1.1795481936686368e-24
1.206560426530992e-24
1.234218819957535e-24
1.2625371189147504e-24
1.2915295568806764e-24
1.3212108434919542e-24
1.351596154855697e-24
1.3827011270285338e-24
1.4145418519108499e-24
1.4471348747640914e-24
1.4804971943775021e-24
1.514646263878496e-24
1.5495999936293436e-24
1.5853767552417791e-24
1.6219953863307851e-24
1.6594751966830863e-24
1.6978359748817113e-24
1.7370979963230967e-24
1.777282031129814e-24
1.8184093533757165e-24
1.8605017505556507e-24
1.9035815339842237e-24
1.9476715493011184e-24
1.9927951875088555e-24
2.0389763969100965e-24
2.0862396951420938e-24
2.1346101816598528e-24
2.184113550809108e-24
2.234776105285946e-24
2.286624769897298e-24
2.339687105851715e-24
2.3939913252603536e-24
2.449566306973046e-24
2.506441610687204e-24
2.5646474950041104e-24
2.6242149314204913e-24
2.685175623030176e-24
2.7475620206910067e-24
2.8114073415828995e-24
2.8767455868321647e-24
2.9436115602533934e-24
3.012040887829651e-24
3.0820700369533178e-24
3.153736337196543e-24
3.2270780000474547e-24
3.302134141261597e-24
3.3789448020208554e-24
3.457550971414541e-24
3.537994610086373e-24
3.620318671724251e-24
3.70456713028156e-24
3.7907850022100125e-24
3.879018373976372e-24
3.969314426094336e-24
4.061721462058064e-24
4.156288935982649e-24
4.2530674784533364e-24
4.352108928103065e-24
4.4534663616163996e-24
4.557194122156766e-24
4.6633478555250534e-24
4.771984539085738e-24
4.883162514295195e-24
4.996941523941208e-24
5.113382748625142e-24
5.232548838593224e-24
5.354503955037201e-24
5.479313808626508e-24
5.607045697543195e-24
5.737768547780387e-24
5.87155296375823e-24
6.008471255124247e-24
6.148597502354101e-24
6.2920075830097825e-24
6.4387792330098845e-24
6.5889920939128205e-24
6.742727758953355e-24
6.900069825918293e-24
7.061103960948735e-24
7.225917939367927e-24
7.394601718068614e-24
7.567247486822531e-24
7.743949730996898e-24
7.924805294495563e-24
8.109913455104605e-24
8.29937597797897e-24
8.493297208301268e-24
8.691784112236469e-24
8.894946398075784e-24
9.10289656050391e-24
9.315749950799271e-24
9.533624900970728e-24
9.756642829435403e-24
9.984928220757085e-24
1.021860889028169e-23
1.0457815933463637e-23
1.0702683861142156e-23
1.0953350842093203e-23
1.1209958635502963e-23
1.1472652746199147e-23
1.1741582710585095e-23
1.2016901861898217e-23
1.229876795262281e-23
1.2587342922524399e-23
1.2882793027321786e-23
1.3185289384180106e-23
1.3495007731256466e-23
1.3812128594392874e-23
1.4136837818596757e-23
1.446932628401765e-23
1.4809790648540007e-23
1.5158432719533983e-23
1.5515461002313782e-23
1.58810889577598e-23
1.6255537384822346e-23
1.663903301806256e-23
1.7031809670352528e-23
1.7434108349438316e-23
1.7846176733533384e-23
1.826827084807807e-23
1.8700654419317265e-23
1.9143599671178326e-23
1.959738644216055e-23
2.0062305248714062e-23
2.0538654463715943e-23
2.1026742827905613e-23
2.152688885122601e-23
2.2039422054541505e-23
