2.322722633690134e-24
2.329561910782747e-24
2.3361873085893246e-24
2.342596030971465e-24
2.348786470487947e-24
2.3547580401816557e-24
2.360511024344054e-24
2.366046446234614e-24
2.37136595093531e-24
2.3764717017004444e-24
2.381366288330771e-24
2.386052646258442e-24
2.39053398514823e-24
2.3948137259756543e-24
2.3988954456190713e-24
2.4027828281368425e-24
2.406479621969614e-24
2.4099896023900005e-24
2.4133165386142632e-24
2.4164641650264892e-24
2.419436156048511e-24
2.4222361042267023e-24
2.424867501162064e-24
2.427333720941513e-24
2.4296380057757053e-24
2.4317834535759956e-24
2.433773007237902e-24
2.435609445404016e-24
2.437295374556808e-24
2.438833222239077e-24
2.4402252312695998e-24
2.4414734548482746e-24
2.4425797523977663e-24
2.443545786087774e-24
2.4443730179142254e-24
2.445062707298972e-24
2.445615909125201e-24
2.4460334721552793e-24
2.4463160378158057e-24
2.4464640392654215e-24
2.4464777007870923e-24
2.44635703741941e-24
2.446101854877577e-24
2.4457117497045607e-24
2.445186109729521e-24
2.444524114772023e-24
2.4437247376586887e-24
2.442786745601393e-24
2.441708701909828e-24
2.4404889681521657e-24
2.439125706787112e-24
2.437616884358801e-24
2.4359602753010796e-24
2.43415346648052e-24
2.432193862585892e-24
2.4300786924378108e-24
2.4278050164166143e-24
2.425369735153421e-24
2.422769599610866e-24
2.4200012228416133e-24
2.4170610935893794e-24
2.413945592014247e-24
2.4106510078135062e-24
2.407173561113328e-24
2.403509426404999e-24
2.3996547600711864e-24
2.395605731805024e-24
2.391358560592638e-24
2.3869095557251692e-24
2.3822551635861498e-24
2.377392020865244e-24
2.3723170151006565e-24
2.3670273533764624e-24
2.3615206403317787e-24
2.355794966528243e-24
2.3498490084992074e-24
2.3436821419588434e-24
2.3372945697036903e-24
2.3306874661157875e-24
2.323863140133757e-24
2.3168252188925955e-24
2.3095788546765563e-24
2.3021309575404854e-24
2.294490456847548e-24
2.2866685947400238e-24
2.278679255136582e-24
2.2705393319847167e-24
2.2622691406692603e-24
2.2538928771218e-24
2.2454391284489283e-24
2.2369414402903524e-24
2.2284389444733546e-24
2.2199770519441356e-24
2.2116082141209157e-24
2.203392756115118e-24
2.1953997832975487e-24
2.1877081618087118e-24
2.1804075708193943e-24
2.173599621669153e-24
2.1673990353175603e-24
2.161934864598865e-24
2.157351742300779e-24
2.1538111292613518e-24
2.1514925291782477e-24
2.150594628510448e-24
2.1513363115539306e-24
2.1539574927877344e-24
2.1587197022638807e-24
2.1659063560935127e-24
2.1758226444316736e-24
2.1887949759076364e-24
2.2051699301732438e-24
2.2253126919469097e-24
2.249604968669123e-24
2.2784424301588882e-24
2.3122317490005762e-24
2.351387360670044e-24
2.396328098845185e-24
2.4474738866735425e-24
2.5052426763756428e-24
2.5700478228396307e-24
2.642296052328205e-24
2.722386147085038e-24
2.810708415673827e-24
2.907644963415663e-24
3.0135707248272514e-24
3.128855175759519e-24
3.2538646116555443e-24
3.3889648613012815e-24
3.534524302027989e-24
3.6909170506309414e-24
3.858526221112826e-24
4.037747161106484e-24
4.2289906035071985e-24
4.43268568968192e-24
4.649282842301553e-24
4.879256483724017e-24
5.123107601663278e-24
5.381366183234848e-24
5.6545935370502885e-24
5.943384526440152e-24
6.2483697446091005e-24
6.5702176546681054e-24
6.909636724411355e-24
7.267377574942883e-24
7.644235173912627e-24
8.041051078434726e-24
8.45871577816037e-24
8.898171108173955e-24
9.360412800792846e-24
9.846493141687895e-24
1.0357523779971266e-23
1.0894678693553861e-23
1.1459197296592623e-23
1.205238774522082e-23
1.2675630416627466e-23
1.3330381566327398e-23
1.4018177209176688e-23
1.4740637183992218e-23
1.5499469436656354e-23
1.6296474524008984e-23
1.7133550310049212e-23
1.801269689959457e-23
1.8936021761791083e-23
1.9905745083766735e-23
2.0924205252418086e-23
2.1993864583592493e-23
2.3117315096528212e-23
2.4297284501837557e-23
2.553664215710643e-23
2.683840506227747e-23
2.8205743781859586e-23
2.964198815688606e-23
3.115063277526444e-23
3.2735341935642097e-23
3.4399954084338373e-23
3.614848531795689e-23
3.798513186299802e-23
3.99142709024061e-23
4.194046004122369e-23
4.406843395417776e-23
4.6303098532494415e-23
4.8649521525402414e-23
5.1112918657167304e-23
5.369863498262827e-23
5.641211969043137e-23
5.925889383558159e-23
6.224450890676334e-23
6.537449522519442e-23
6.865429878097725e-23
7.208920322634779e-23
7.568423657021362e-23
7.944405958221532e-23
8.337283409673425e-23
8.747406845920946e-23
9.175044007740857e-23
9.620359119737391e-23
1.0083389997847109e-22
1.056402254044291e-22
1.1061962913928734e-22
1.1576707938924759e-22
