4.642754163550429e-23
4.682020577836593e-23
4.730970697434899e-23
4.7896384722177925e-23
4.8580726761912964e-23
4.9363365704607484e-23
5.024507569019193e-23
5.122676905527683e-23
5.230949299337364e-23
5.349442619005922e-23
5.478287541708048e-23
5.617627206892448e-23
5.767616862800241e-23
5.928423504418125e-23
6.100225501589493e-23
6.283212216427542e-23
6.477583608263827e-23
6.683549827334931e-23
6.90133079361217e-23
7.131155763439854e-23
7.373262882037315e-23
7.627898722521499e-23
7.895317812073381e-23
8.175782145679857e-23
8.469560688513153e-23
8.776928868396117e-23
9.098168059787529e-23
9.433565061495879e-23
9.783411570057412e-23
1.0148003651845819e-22
1.052764121621651e-22
1.0922627493526188e-22
1.133326852095839e-22
1.1759872640100579e-22
1.220275001017421e-22
1.2662212140982744e-22
1.313857144967484e-22
1.3632140845765654e-22
1.4143233348489433e-22
1.4672161741105132e-22
1.5219238265794885e-22
1.5784774363536515e-22
1.6369080462773024e-22
1.6972465819938058e-22
1.759523841532028e-22
1.8237704906994267e-22
1.8900170644813766e-22
1.9582939746604033e-22
2.028631523743949e-22
2.101059925290553e-22
2.175609330622178e-22
2.2523098618970343e-22
2.331191651380249e-22
2.4122848867830166e-22
2.49561986243642e-22
2.5812270359859156e-22
2.669137090275159e-22
2.759381000085503e-22
2.8519901032512985e-22
2.946996175733977e-22
3.044431510162118e-22
3.144328997352503e-22
3.246722210284103e-22
3.351645490019591e-22
3.459134033071107e-22
3.5692239797204496e-22
3.681952502736126e-22
3.7973578961217304e-22
3.9154796633821356e-22
4.036358604982745e-22
4.1600369045463795e-22
4.286558213485229e-22
4.415967733836363e-22
4.548312298974399e-22
4.683640452083749e-22
4.82200252209561e-22
4.963450697187008e-22
5.108039095498276e-22
5.255823833332921e-22
5.40686309049706e-22
5.561217173236484e-22
5.718948574393435e-22
5.880122031164373e-22
6.044804580577484e-22
6.213065612670593e-22
6.3849769215577575e-22
6.560612754933503e-22
6.7400498614362e-22
6.923367536925028e-22
7.11064766918307e-22
7.301974781836592e-22
7.497436077118915e-22
7.697121478160317e-22
7.901123670769782e-22
8.109538144980965e-22
8.32246323653766e-22
8.540000168511447e-22
8.762253093286871e-22
8.989329134959547e-22
9.22133843238015e-22
9.458394183265254e-22
9.700612688851278e-22
9.948113400025996e-22
1.0201018964423378e-21
1.0459455275094419e-21
1.0723551520332012e-21
1.0993440235426554e-21
1.1269257355760028e-21
1.1551142271682826e-21
1.1839237885400028e-21
1.2133690669534116e-21
1.2434650727575626e-21
1.2742271856553244e-21
1.3056711611681973e-21
1.3378131372854656e-21
1.3706696413615456e-21
1.404257597204698e-21
1.4385943324097737e-21
1.4736975858747495e-21
1.5095855155782132e-21
1.546276706567331e-21
1.5837901791779953e-21
1.6221453974693458e-21
1.6613622779220346e-21
1.7014611983191364e-21
1.742463006919902e-21
1.7843890317904467e-21
1.827261090433405e-21
1.8711014996138034e-21
1.9159330854346125e-21
1.961779193589253e-21
2.0086636999497272e-21
2.056611021262927e-21
2.1056461261444997e-21
2.1557945462807775e-21
2.2070823878623953e-21
2.2595363431907545e-21
2.313183702565762e-21
2.3680523663343143e-21
2.4241708571758653e-21
2.4815683325750603e-21
2.5402745975052144e-21
2.6003201172766892e-21
2.661736030633155e-21
2.7245541629442797e-21
2.7888070396233726e-21
2.8545278997343648e-21
2.921750709643752e-21
2.9905101769156777e-21
3.060841764343075e-21
3.1327817039903823e-21
3.2063670114324907e-21
3.281635500093344e-21
3.3586257955411843e-21
3.437377349974886e-21
3.517930456635268e-21
3.6003262642952256e-21
3.684606791685752e-21
3.770814941921482e-21
3.858994516786335e-21
3.94919023104374e-21
4.041447726421224e-21
4.135813585630722e-21
4.2323353460536684e-21
4.33106151312847e-21
4.4320415735752144e-21
4.5353260081725834e-21
4.64096630411474e-21
4.749014966918841e-21
4.859525531887024e-21
4.97255257478474e-21
5.088151722024565e-21
5.206379659991405e-21
5.3272941435190614e-21
5.4509540035257516e-21
5.5774191534934225e-21
5.70675059493473e-21
5.839010421404098e-21
5.974261821355273e-21
6.1125690793545854e-21
6.253997575626667e-21
6.398613783820378e-21
6.546485266786299e-21
6.697680670189566e-21
6.852269713781415e-21
7.01032318010488e-21
7.171912900510498e-21
7.337111737940535e-21
7.505993566754318e-21
7.678633248776695e-21
7.855106605770078e-21
8.035490387476317e-21
8.219862235459091e-21
8.408300642112827e-21
8.600884904245984e-21
8.79769507136613e-21
8.998811887762142e-21
9.204316728085986e-21
9.414291525900784e-21
9.62881869484061e-21
9.847981041356126e-21
