1.0110878154573099e-22
9.798093312906203e-23
9.514416169047814e-23
9.259246035979151e-23
9.032042892804838e-23
8.832326249811157e-23
8.65967414161618e-23
8.513722246379955e-23
8.394163129335282e-23
8.300745609175692e-23
8.233274246109972e-23
8.191608950648167e-23
8.17566471253462e-23
8.185411449423931e-23
8.220873975200112e-23
8.282132088227627e-23
8.36932077988429e-23
8.482630564281385e-23
8.622307930136537e-23
8.788655916262491e-23
8.982034812184001e-23
9.202862986143666e-23
9.451617842528151e-23
9.728836911440374e-23
1.0035119073600204e-22
1.0371125923572567e-22
1.0737583275357633e-22
1.1135282814188814e-22
1.1565083898886138e-22
1.2027915520558891e-22
1.2524778421559004e-22
1.305674738145924e-22
1.3624973676806143e-22
1.4230687719376183e-22
1.4875201883027596e-22
1.5559913524521417e-22
1.6286308208996404e-22
1.7055963146686195e-22
1.7870550854087095e-22
1.8731843046133e-22
1.9641714774567217e-22
2.060214882142633e-22
2.161524036272577e-22
2.268320191582355e-22
2.3808368584147787e-22
2.499320361885338e-22
2.6240304308637704e-22
2.755240822271384e-22
2.8932399823624953e-22
3.0383317469350105e-22
3.1908360831133664e-22
3.351089875083595e-22
3.5194477561789542e-22
3.696282990307176e-22
3.8819884060858137e-22
4.076977386300339e-22
4.281684916656827e-22
4.496568697891448e-22
4.722110324858548e-22
4.95881653699538e-22
5.207220545547221e-22
5.467883442418005e-22
5.741395695883809e-22
6.0283787400852025e-22
6.329486663793472e-22
6.645408007109641e-22
6.976867671859713e-22
7.324628956274686e-22
7.689495721384562e-22
8.072314700125678e-22
8.473977959324347e-22
8.895425527256097e-22
9.337648199789748e-22
9.80169053646385e-22
1.0288654067726378e-21
1.0799700724376e-21
1.133605651004385e-21
1.1899015441818203e-21
1.2489943768912366e-21
1.3110284512168569e-21
1.3761562334390987e-21
1.4445388780324498e-21
1.5163467922182214e-21
1.5917602437939508e-21
1.6709700170544443e-21
1.754178121319647e-21
1.841598556411661e-21
1.933458141710719e-21
2.029997413218445e-21
2.1314715984549062e-21
2.238151673060516e-21
2.350325511646419e-21
2.468299139221205e-21
2.592398096562377e-21
2.7229689310223687e-21
2.8603808234223074e-21
3.005027374311441e-21
3.1573285557367272e-21
3.3177328615829456e-21
3.486719665785162e-21
3.664801823853423e-21
3.852528543620287e-21
4.050488554800314e-21
4.2593136208358184e-21
4.479682437311622e-21
4.7123249547458225e-21
4.958027207302606e-21
5.21763668417955e-21
5.492068347555191e-21
5.782311370955804e-21
6.089436710029026e-21
6.414605621177518e-21
6.7590792741864945e-21
7.124229635588493e-21
7.511551804439398e-21
7.922678041472634e-21
8.359393785996518e-21
8.823655960639997e-21
9.317613987471322e-21
9.843633987790907e-21
1.0404326743269027e-20
1.1002580076110618e-20
1.164159659454427e-20
1.2324937746538705e-20
1.3056575504537082e-20
1.3840953277050106e-20
1.468305801171473e-20
1.5588505965580942e-20
1.65636452594453e-20
1.7615679128477698e-20
1.8752815030019735e-20
1.9984446034389066e-20
2.1321372915905455e-20
2.2776078316999665e-20
2.4363067112146038e-20
2.6099293227724012e-20
2.8004698955996065e-20
3.0102902977371434e-20
3.2422087515532976e-20
3.499615445373684e-20
3.7866250740555625e-20
4.1082807950034417e-20
4.470830871524447e-20
4.882110114939487e-20
5.35207516496239e-20
5.893570768312101e-20
6.523451632476137e-20
7.26426645687869e-20
8.146858947143794e-20
9.214518599458936e-20
1.0529856139982325e-19
1.2186695567796026e-19
1.4331690034023097e-19
1.7205901613688677e-19
2.122982901434432e-19
2.7186724250189176e-19
3.6609808407627565e-19
5.218649952733545e-19
7.287963737142564e-19
7.3661939279739e-19
5.482298555798522e-19
4.0379252362383285e-19
3.149768424523838e-19
2.5816344821917543e-19
2.1946765510621935e-19
1.9166364309623124e-19
1.7082177470420886e-19
1.546679465154291e-19
1.418087415301775e-19
1.3134767996623808e-19
1.2268381502674845e-19
1.1540010552684447e-19
1.0919848734468186e-19
1.0386048095304913e-19
9.922240750928543e-20
9.515928276872077e-20
9.157405584003869e-20
8.83902398008769e-20
8.554675056703821e-20
8.299422313061635e-20
8.069233356747865e-20
7.860782246478806e-20
7.671301259620444e-20
7.49846870155619e-20
7.340322247437466e-20
7.195192351865305e-20
7.061649052667108e-20
6.938460814249917e-20
6.824560932258984e-20
6.719020829187232e-20
6.621028312343522e-20
6.529869824469313e-20
6.444915666577151e-20
6.365608087790443e-20
6.291451127834544e-20
6.222002192736567e-20
6.156864955421196e-20
6.095683362086876e-20
6.038136533837406e-20
5.983934461766152e-20
5.932814190528789e-20
