1.739352052939891e-24
1.7319350289128927e-24
1.7251431338193057e-24
1.7189257674061816e-24
1.7132361047845772e-24
1.7080308644040838e-24
1.7032700826118534e-24
1.6989168959093625e-24
1.6949373317609776e-24
1.6913001085866915e-24
1.6879764453601217e-24
1.6849398810581425e-24
1.6821661040621876e-24
1.679632791473414e-24
1.677319458208637e-24
1.675207315654091e-24
1.6732791395883214e-24
1.6715191470345384e-24
1.669912881665194e-24
1.6684471073586447e-24
1.6671097094855205e-24
1.66588960350451e-24
1.6647766504369838e-24
1.6637615788019183e-24
1.6628359125973206e-24
1.6619919049275282e-24
1.6612224768931505e-24
1.6605211613696787e-24
1.6598820513311624e-24
1.659299752377976e-24
1.6587693391593333e-24
1.658286315393892e-24
1.6578465772111464e-24
1.6574463795537123e-24
1.6570823054016265e-24
1.656751237589344e-24
1.6564503330117654e-24
1.656176999021785e-24
1.6559288718409472e-24
1.6557037968220015e-24
1.6554998103989057e-24
1.6553151236003738e-24
1.6551481069804406e-24
1.654997276855664e-24
1.654861282739851e-24
1.6547388958674024e-24
1.6546289987227894e-24
1.654530575482308e-24
1.6544427032946723e-24
1.6543645443298653e-24
1.6542953385260567e-24
1.6542343969791902e-24
1.6541810959168776e-24
1.65413487121228e-24
1.6540952133815e-24
1.6540616630347253e-24
1.6540338067339795e-24
1.654011273223126e-24
1.6539937300080424e-24
1.6539808802402198e-24
1.6539724598966178e-24
1.6539682352108898e-24
1.653968000357377e-24
1.6539715753432203e-24
1.6539788041098859e-24
1.6539895528153106e-24
1.6540037082871743e-24
1.6540211766284266e-24
1.6540418819733876e-24
1.6540657653664166e-24
1.6540927837636199e-24
1.654122909147981e-24
1.6541561277511619e-24
1.654192439357951e-24
1.6542318567142672e-24
1.6542744050044936e-24
1.6543201214040828e-24
1.654369054724286e-24
1.6544212650915264e-24
1.6544768237104106e-24
1.6545358126764717e-24
1.65459832486071e-24
1.6546644638094738e-24
1.6547343437253556e-24
1.6548080895102553e-24
1.6548858368043037e-24
1.6549677321021983e-24
1.65505393292283e-24
1.655144607982001e-24
1.655239937464376e-24
1.6553401132619057e-24
1.65544533932285e-24
1.6555558319976253e-24
1.6556718204525154e-24
1.6557935470865625e-24
1.6559212680424752e-24
1.65605525371225e-24
1.6561957893304445e-24
1.6563431755485454e-24
1.6564977291249013e-24
1.6566597836267184e-24
1.6568296901635437e-24
1.6570078182443787e-24
1.6571945565628676e-24
1.6573903139916484e-24
1.657595520470875e-24
1.6578106281675552e-24
1.658036112408497e-24
1.6582724729964264e-24
1.6585202354164476e-24
1.6587799520513568e-24
1.6590522037213394e-24
1.659337601089787e-24
1.6596367862076385e-24
1.6599504342845555e-24
1.6602792553468087e-24
1.660623996155581e-24
1.6609854422850165e-24
1.661364420121499e-24
1.661761799143495e-24
1.6621784944045022e-24
1.6626154688176145e-24
1.6630737362923316e-24
1.663554364097352e-24
1.6640584763099818e-24
1.664587256953763e-24
1.6651419533780928e-24
1.665723879809712e-24
1.666334421709024e-24
1.6669750394321787e-24
1.667647273331178e-24
1.668352747713217e-24
1.6690931765046312e-24
1.6698703685609594e-24
1.67068623312883e-24
1.6715427864514568e-24
1.6724421580216224e-24
1.6733865978278288e-24
1.6743784840308315e-24
1.6754203303328763e-24
1.676514795629082e-24
1.6776646923402172e-24
1.678872996757655e-24
1.6801428598508483e-24
1.68147761778762e-24
1.6828808049475247e-24
1.6843561665286826e-24
1.6859076726672556e-24
1.6875395331555623e-24
1.6892562141442994e-24
1.691062454402418e-24
1.6929632850129538e-24
1.6949640482377337e-24
1.6970704192633944e-24
1.699288428639422e-24
1.701624488144404e-24
1.704085415201976e-24
1.7066784627980014e-24
1.7094113470523483e-24
1.7122922863389284e-24
1.7153300268026686e-24
1.718533887901327e-24
1.7219137976165123e-24
1.7254803393930095e-24
1.7292447923604002e-24
1.7332191890571466e-24
1.737416361458962e-24
1.7418500002639336e-24
1.7465347157999527e-24
1.7514861013697356e-24
1.7567208022090645e-24
1.7622565931803545e-24
1.7681124544519032e-24
1.7743086512858807e-24
1.7808668301981805e-24
1.787810114272368e-24
1.7951631976814383e-24
1.8029524517167424e-24
1.8112060513211525e-24
1.819954078770662e-24
1.8292286562242395e-24
1.839064086712068e-24
1.8494969820642027e-24
1.860566418097482e-24
1.8723140912215425e-24
1.8847844750320796e-24
1.898024989606141e-24
1.9120861941254396e-24
1.9270219512664972e-24
1.9428896318658464e-24
1.9597503118569486e-24
1.977668982760903e-24
1.9967147615168477e-24
2.0169611188754828e-24
2.0384860965149447e-24
2.0613725754357595e-24
2.0857084912785565e-24
2.1115871032264943e-24
2.1391072625135557e-24
2.168373690107351e-24
2.1994972508367514e-24
