1.3560111773769289e-24
1.3327409664528688e-24
1.3111573888288544e-24
1.2911569129486668e-24
1.2726401197939943e-24
1.255511746512861e-24
1.2396807167270386e-24
1.2250601547616134e-24
1.2115673819097037e-24
1.1991238936544777e-24
1.1876553175309912e-24
1.177091352002108e-24
1.1673656872850169e-24
1.1584159095364515e-24
1.1501833901432118e-24
1.1426131621075748e-24
1.1356537856371514e-24
1.1292572051039119e-24
1.1233785994992305e-24
1.1179762284046738e-24
1.113011275390909e-24
1.1084476905500505e-24
1.1042520337058715e-24
1.100393319627435e-24
1.0968428663856803e-24
1.0935741477927815e-24
1.0905626506751469e-24
1.0877857375725072e-24
1.0852225153003481e-24
1.0828537096679747e-24
1.0806615465272012e-24
1.0786296392517616e-24
1.0767428826088782e-24
1.0749873529696834e-24
1.0733502147113414e-24
1.0718196326264324e-24
1.0703846901284642e-24
1.0690353130155432e-24
1.0677621985180501e-24
1.0665567493732032e-24
1.0654110126469353e-24
1.0643176230182016e-24
1.0632697502597254e-24
1.0622610506423045e-24
1.0612856220009466e-24
1.0603379622143702e-24
1.0594129308493325e-24
1.0585057137507975e-24
1.0576117903564133e-24
1.0567269035256269e-24
1.0558470317062881e-24
1.0549683632462369e-24
1.0540872726829246e-24
1.0532002988770193e-24
1.0523041248150473e-24
1.0513955589881842e-24
1.050471518189201e-24
1.0495290116459888e-24
1.0485651263912383e-24
1.0475770137551518e-24
1.046561876942575e-24
1.0455169595822177e-24
1.0444395352265584e-24
1.0433268977215885e-24
1.0421763524352753e-24
1.0409852082742441e-24
1.0397507705090738e-24
1.0384703343620855e-24
1.037141179375445e-24
1.0357605645548488e-24
1.034325724295336e-24
1.0328338651899826e-24
1.0312821636330812e-24
1.0296677644404132e-24
1.0279877803903303e-24
1.0262392929389605e-24
1.0244193540790759e-24
1.0225249895843715e-24
1.020553203719933e-24
1.0185009856526424e-24
1.0163653177146405e-24
1.0141431859081925e-24
1.0118315927654156e-24
1.0094275730298382e-24
1.006928212559785e-24
1.0043306708095632e-24
1.0016322075540692e-24
9.988302143958606e-25
9.959222518286404e-25
9.929060924708576e-25
9.8977977198283e-25
9.865416480234101e-25
9.831904690211168e-25
9.797254543099769e-25
9.761463868660801e-25
9.724537211160127e-25
9.68648707786377e-25
9.647335383926594e-25
9.607115125378303e-25
9.56587231211412e-25
9.52366820099376e-25
9.480581866496564e-25
9.436713170483814e-25
9.392186166248155e-25
9.347153010629753e-25
9.301798438900818e-25
9.256344862620538e-25
9.21105816373638e-25
9.16625423350061e-25
9.122306305747613e-25
9.079653113857642e-25
9.038807847737287e-25
9.000367864007439e-25
8.965024985233032e-25
8.933576141587985e-25
8.906933935982465e-25
8.886136508257214e-25
8.87235581965032e-25
8.866903122975401e-25
8.871230016532465e-25
8.886923055035359e-25
8.91568941893482e-25
8.959330773886646e-25
9.019702300668751e-25
9.098653826896018e-25
9.197950624181361e-25
9.319172659532337e-25
9.463593092250983e-25
9.632040000621236e-25
9.824749441667083e-25
1.0041223222324332e-24
1.0280110257981214e-24
1.0539135872970923e-24
1.081510643917184e-24
1.1104015390630164e-24
1.140126958667354e-24
1.170203775949934e-24
1.2001700015853844e-24
1.229635028136876e-24
1.2583281572347421e-24
1.2861376613035683e-24
1.3131337011568298e-24
1.339571528916491e-24
1.3658751367647883e-24
1.392605425507399e-24
1.4204189393912365e-24
1.4500240136111791e-24
1.482139988255108e-24
1.5174634801294225e-24
1.5566436259017368e-24
1.6002664857360344e-24
1.648847844915846e-24
1.7028327708974197e-24
1.762600196043063e-24
1.8284709104818157e-24
1.9007173226647706e-24
1.9795740144040134e-24
2.0652480114638663e-24
2.1579283592978093e-24
2.2577945676337916e-24
2.365023861877091e-24
2.4797971741659463e-24
2.6023040195276278e-24
2.732746366319248e-24
2.8713416620729812e-24
3.018325193239961e-24
3.1739518889474572e-24
3.3384977427763654e-24
3.5122609156676975e-24
3.695562673649824e-24
3.888748133787973e-24
4.0921869835796475e-24
4.306274124602227e-24
4.5314303567854644e-24
4.768103040825124e-24
5.016766826038312e-24
5.277924423476513e-24
5.552107442394191e-24
5.839877303494034e-24
6.141826210716292e-24
6.458578215284067e-24
6.790790373857771e-24
7.139153935198448e-24
7.50439572998719e-24
7.887279472885974e-24
8.288607336604241e-24
8.709221543849001e-24
9.150005956999294e-24
9.611887987485448e-24
1.009584037660662e-23
1.0602883262055354e-23
1.1134086233571278e-23
1.1690570524491729e-23
1.2273511384470467e-23
1.2884140441914348e-23
1.3523748460834503e-23
1.419368776126752e-23
1.48953753263597e-23
1.5630295604426932e-23
1.640000375152227e-23
1.720612869156291e-23
