2.2069964689214532e-24
2.2169184868690037e-24
2.2265136581668856e-24
2.2357815592903494e-24
2.244723206874642e-24
2.2533408320572932e-24
2.261637682570876e-24
2.2696178493311295e-24
2.2772861146461627e-24
2.284647819486201e-24
2.291708747550128e-24
2.2984750241217163e-24
2.30495302794567e-24
2.311149314552238e-24
2.317070549650095e-24
2.3227234513675777e-24
2.3281147402596476e-24
2.3332510961256932e-24
2.338139120813813e-24
2.3427853062464293e-24
2.3471960070336132e-24
2.3513774170867415e-24
2.355335549716378e-24
2.3590762207812907e-24
2.3626050344753106e-24
2.3659273714018246e-24
2.3690483786384786e-24
2.371972961502614e-24
2.3747057767834063e-24
2.3772512272258678e-24
2.3796134570813895e-24
2.3817963485433918e-24
2.383803518948138e-24
2.3856383185786728e-24
2.3873038289905256e-24
2.3888028617277906e-24
2.3901379573695913e-24
2.3913113848076427e-24
2.3923251407040154e-24
2.3931809490572985e-24
2.3938802608393553e-24
2.3944242536550656e-24
2.394813831375462e-24
2.395049623739686e-24
2.3951319858834305e-24
2.395060997779957e-24
2.3948364635677477e-24
2.39445791078017e-24
2.393924589462429e-24
2.39323547114791e-24
2.3923892477657415e-24
2.391384330413005e-24
2.39021884805525e-24
2.3888906461863512e-24
2.3873972854261897e-24
2.3857360401290084e-24
2.3839038970461625e-24
2.3818975540592285e-24
2.3797134190727948e-24
2.3773476091251707e-24
2.374795949781415e-24
2.3720539749321803e-24
2.3691169270429763e-24
2.3659797580323928e-24
2.3626371309386782e-24
2.3590834223647798e-24
2.3553127261567087e-24
2.351318858242699e-24
2.3470953630704734e-24
2.3426355217834774e-24
2.33793236254623e-24
2.332978673254918e-24
2.327767017124543e-24
2.3222897516310323e-24
2.3165390511616545e-24
2.3105069342096412e-24
2.304185295614213e-24
2.2975659447516497e-24
2.2906406504097943e-24
2.2834011936390417e-24
2.275839429428704e-24
2.2679473589083747e-24
2.2597172132338038e-24
2.2511415513229208e-24
2.2422133731467328e-24
2.2329262510532237e-24
2.223274481804715e-24
2.213253262264661e-24
2.2028588923170354e-24
2.1920890090244907e-24
2.1809428564357526e-24
2.169421596377953e-24
2.157528666048183e-24
2.145270189225582e-24
2.1326554483763984e-24
2.1196974265965537e-24
2.1064134284755046e-24
2.0928257905972737e-24
2.078962693439844e-24
2.064859086915326e-24
2.0505577430922673e-24
2.0361104501907655e-24
2.021579361593711e-24
2.007038513543908e-24
1.9925755231586257e-24
1.9782934757139214e-24
1.9643130047720184e-24
1.950774561233554e-24
1.9378408569108403e-24
1.9256994523288743e-24
1.9145654402614377e-24
1.904684150240258e-24
1.8963337712460746e-24
1.8898277542333708e-24
1.885516823120616e-24
1.8837903879203315e-24
1.88507713197841e-24
1.8898445371420833e-24
1.8985971333167952e-24
1.911873313544611e-24
1.930240658445719e-24
1.9542898528435747e-24
1.9846274518788596e-24
2.0218679333492264e-24
2.0666256322660563e-24
2.1195072496842056e-24
2.1811056388787424e-24
2.2519954831139226e-24
2.3327312968868475e-24
2.4238479469942286e-24
2.525863640629328e-24
2.6392851089544167e-24
2.7646145686321327e-24
2.9023579749741874e-24
3.0530340891750227e-24
3.2171839508481107e-24
3.3953804530275874e-24
3.588237827497833e-24
3.796420962314999e-24
4.020654565519407e-24
4.261732259437203e-24
4.520525749855336e-24
4.797994245032281e-24
5.0951943302284045e-24
5.4132905148797346e-24
5.753566698623713e-24
6.117438795217779e-24
6.506468804032687e-24
6.922380599232231e-24
7.367077804710939e-24
7.842664046371329e-24
8.351466094606313e-24
8.896060271707977e-24
9.479302710446281e-24
1.0104364108672766e-23
1.0774769634479195e-23
1.1494444869185227e-23
1.2267768712844974e-23
1.3099634304388888e-23
1.3995519267065808e-23
1.496156645330446e-23
1.60046768082627e-23
1.713261569028147e-23
1.8354134051063868e-23
1.9679105587889893e-23
2.1118680004501324e-23
2.2685451574049168e-23
2.4393639395045097e-23
2.6259271802932332e-23
2.830036045773476e-23
3.0537038196623956e-23
3.299161810904896e-23
3.568850085071122e-23
3.8653818043782957e-23
4.191463352451665e-23
4.549743495591768e-23
4.942553322524021e-23
5.371485037422532e-23
5.836748207148341e-23
6.336246766347497e-23
6.864364717590164e-23
7.410567910143526e-23
7.958159321239455e-23
8.483842581213277e-23
8.958987503180152e-23
9.35328668007519e-23
9.64051614878996e-23
9.804617991015167e-23
9.843451082292937e-23
9.76842576461921e-23
9.600445815439705e-23
9.36434942276076e-23
9.084115889133381e-23
8.779978230609157e-23
8.467389403304804e-23
8.157225103728142e-23
7.856569909535802e-23
7.569639815467861e-23
7.29861615037009e-23
7.044309276394807e-23
6.806647644285251e-23
