4.368327160354741e-24
4.375258965932876e-24
4.381863566225432e-24
4.3881522493152336e-24
4.3941358878457494e-24
4.3998249376212886e-24
4.405229437749174e-24
4.4103590120696395e-24
4.415222871655617e-24
4.4198298181887295e-24
4.424188248040741e-24
4.428306156907924e-24
4.4321911448689724e-24
4.435850421746593e-24
4.4392908126727314e-24
4.442518763765341e-24
4.445540347835747e-24
4.448361270059506e-24
4.450986873544512e-24
4.453422144747256e-24
4.455671718679515e-24
4.457739883875509e-24
4.459630587069284e-24
4.461347437553333e-24
4.462893711191432e-24
4.4642723540550846e-24
4.4654859856538494e-24
4.4665369017510574e-24
4.4674270767297006e-24
4.46815816549802e-24
4.4687315049150814e-24
4.469148114721166e-24
4.469408697952129e-24
4.469513640826957e-24
4.4694630120927486e-24
4.4692565618108954e-24
4.468893719566916e-24
4.46837359209549e-24
4.467694960293368e-24
4.466856275620294e-24
4.465855655853346e-24
4.46469088019175e-24
4.463359383677257e-24
4.461858250935937e-24
4.460184209188244e-24
4.458333620530261e-24
4.4563024734551265e-24
4.4540863735833105e-24
4.451680533584704e-24
4.449079762261503e-24
4.4462784527520136e-24
4.443270569839497e-24
4.440049636319994e-24
4.436608718398964e-24
4.4329404100651675e-24
4.429036816419547e-24
4.424889535903649e-24
4.420489641367794e-24
4.4158276599503946e-24
4.4108935517148484e-24
4.40567668695412e-24
4.400165822127312e-24
4.3943490743708445e-24
4.3882138944835465e-24
4.381747038340973e-24
4.374934536613671e-24
4.367761662767132e-24
4.360212899194697e-24
4.3522719014040075e-24
4.343921460147098e-24
4.335143461388638e-24
4.3259188439675286e-24
4.316227554881155e-24
4.306048501876964e-24
4.295359503486653e-24
4.284137236039528e-24
4.272357177660382e-24
4.259993548976999e-24
4.247019250344883e-24
4.2334057954344614e-24
4.219123240725491e-24
4.204140110896723e-24
4.188423319601661e-24
4.1719380854529044e-24
4.154647842807552e-24
4.136514146839987e-24
4.117496572843408e-24
4.0975526087911104e-24
4.076637541111476e-24
4.054704332781249e-24
4.0317034934745015e-24
4.007582940550446e-24
3.982287850860157e-24
3.95576050191374e-24
3.927940101800307e-24
3.898762607250576e-24
3.868160527802049e-24
3.836062716395466e-24
3.802394143607196e-24
3.767075655772026e-24
3.730023714781852e-24
3.6911501185570056e-24
3.650361701436592e-24
3.60756001335437e-24
3.562640977079107e-24
3.5154945253119754e-24
3.466004217368736e-24
3.414046841039593e-24
3.359492005439072e-24
3.3022017372533243e-24
3.2420301000009442e-24
3.1788228668631888e-24
3.112417299098159e-24
3.0426421053184658e-24
2.969317709577269e-24
2.8922570203973908e-24
2.8112670137892043e-24
2.7261516289060788e-24
2.6367167818242015e-24
2.5427788219832318e-24
2.444178632486856e-24
2.3408050985622832e-24
2.2326343457727605e-24
2.119795960479923e-24
2.0026861321662366e-24
1.882163604854581e-24
1.759893033169683e-24
1.6389490604978854e-24
1.524862694157113e-24
1.4273259402037798e-24
1.3625277979591738e-24
1.3550237691207662e-24
1.436376135584059e-24
1.6398125409030683e-24
1.9989266605755132e-24
2.561021536626472e-24
3.4193293460744006e-24
4.780746135531757e-24
7.129465245471006e-24
1.137425992503987e-23
1.4801873347891023e-23
1.0795625507884736e-23
7.15100103779953e-24
5.101596705846717e-24
3.863193677470824e-24
3.0564164370929375e-24
2.5220424649124114e-24
2.1945109427959818e-24
2.045536070268254e-24
2.052586909077228e-24
2.185769992910843e-24
2.4122920705301294e-24
2.7050344137143626e-24
3.0454578716136754e-24
3.422158389399697e-24
3.8285259272183876e-24
4.260919806848882e-24
4.717498911054641e-24
5.197520418757169e-24
5.7009268834033165e-24
6.228102409773858e-24
6.779727186904953e-24
7.35668958419413e-24
7.960032548515263e-24
8.590920755970649e-24
9.25062057397825e-24
9.940488123385119e-24
1.066196251401273e-23
1.1416562489048945e-23
1.2205885375962183e-23
1.303160755462493e-23
1.389548605598329e-23
1.479936099614722e-23
1.5745158550997535e-23
1.673489447658795e-23
1.7770677974992704e-23
1.885471591136268e-23
1.998931737043472e-23
2.1176898437728967e-23
2.2419987307809307e-23
2.372122964609447e-23
2.5083394225202497e-23
2.650937877530101e-23
2.800221628528457e-23
2.956508141684154e-23
3.120129731607222e-23
3.29143427697616e-23
3.4707859584066713e-23
3.658566050328472e-23
3.855173724846747e-23
4.061026922167587e-23
4.276563232364328e-23
4.5022408446220785e-23
4.7385395320316095e-23
4.9859616644942786e-23
5.2450333206748124e-23
5.516305379934572e-23
5.800354740069455e-23
6.097785540383257e-23
6.409230484762828e-23
6.735352180011036e-23
