4.120245054215982e-11
4.1070036503477886e-11
4.0239849515207646e-11
3.8045393936700214e-11
3.735801380098417e-11
3.4541345473816964e-11
3.411305094742878e-11
3.287035455607965e-11
3.239393016547595e-11
2.997928247253889e-11
2.957461058412962e-11
2.8633621613931682e-11
2.739188450199135e-11
2.6514226451894185e-11
2.510120987850009e-11
2.467983189968883e-11
2.3302405298328095e-11
2.282840199989315e-11
2.1948290988722935e-11
2.1162280883553112e-11
2.008457888585191e-11
1.9213735197281602e-11
1.9050554051150996e-11
1.80116369737202e-11
1.7619946215690108e-11
1.6602182644764452e-11
1.6263731259771857e-11
1.5329694137119644e-11
1.498959781888142e-11
1.4380985335162347e-11
1.3674584716950601e-11
1.3053796285822653e-11
1.2493842160220361e-11
1.2056569488780988e-11
1.1584441444147604e-11
1.1058995866038575e-11
1.0764549213186696e-11
1.0230490654038222e-11
9.73504436633662e-12
9.480560188848272e-12
9.019641837592386e-12
8.63162822300225e-12
8.284012851846048e-12
7.935677096118316e-12
7.54374315132344e-12
7.283010388144239e-12
6.971198409300099e-12
6.673455657171026e-12
6.390769659443133e-12
6.087116068463764e-12
5.8846828056328265e-12
5.575325573423886e-12
5.380444534449131e-12
5.134778650765383e-12
4.910697744576853e-12
4.692012218895164e-12
4.4951155531878064e-12
4.3151597699930445e-12
4.1130905797247584e-12
3.920271399447424e-12
3.753152470400639e-12
3.589689732230525e-12
3.43915730605397e-12
3.278757693167983e-12
3.1437660014955782e-12
3.012433281767562e-12
2.872433694206936e-12
2.745311250972605e-12
2.6179530668504097e-12
2.512863511769711e-12
2.395565263199882e-12
2.2850844163115064e-12
2.184604067116857e-12
2.0899476051828235e-12
1.9965998880040617e-12
1.9043521757571147e-12
1.8250277817741482e-12
1.7403187278983038e-12
1.6621132892050486e-12
1.5888209355956295e-12
1.5159400190965294e-12
1.4476837116950726e-12
1.3807234144609616e-12
1.3182836722759422e-12
1.2599938882994137e-12
1.203360346217349e-12
1.1471621446751978e-12
1.0961815724675294e-12
1.0462448062845913e-12
9.980210974208097e-13
9.522391000070499e-13
9.094835660835247e-13
8.677958620052568e-13
8.274289788668958e-13
7.894440206199191e-13
7.541834625605037e-13
7.184758124819105e-13
6.85746266539495e-13
6.536420905462277e-13
6.237310722729433e-13
5.947509970957361e-13
5.671077843276901e-13
5.406631433835203e-13
5.154020272191047e-13
4.912797407929127e-13
4.682340580131544e-13
4.46214260915027e-13
4.2501246435008777e-13
4.0506994531563225e-13
3.8582778644972995e-13
3.6741142640501783e-13
3.500099700359127e-13
3.3327011353629264e-13
3.1738052312476465e-13
3.020126994241692e-13
2.874291745063734e-13
2.7349899603777263e-13
2.6019293330142317e-13
2.474310207526467e-13
2.353493046629208e-13
2.238052050008151e-13
2.1273067639736938e-13
2.021559035211709e-13
1.9200195015072035e-13
1.824151128686096e-13
1.7319718101991275e-13
1.6438654021045333e-13
1.5597227930225282e-13
1.480022771461875e-13
1.4033182883185518e-13
1.3302811223697447e-13
1.260563565147275e-13
1.19400054502143e-13
1.1304733635542933e-13
1.0698268178416706e-13
1.0118629621824491e-13
9.567295916570143e-14
9.041033960932164e-14
8.538058125285081e-14
8.058202597704384e-14
7.60037314988979e-14
7.163158622289185e-14
6.747315719224172e-14
6.349730077817878e-14
5.971132820072077e-14
5.61029166468105e-14
5.266185041229471e-14
4.938655505016511e-14
4.625890346127934e-14
4.328702427272914e-14
4.0452116434608203e-14
3.775800771140237e-14
3.5190343620567094e-14
3.2750287692002996e-14
3.042978499926707e-14
2.8224715733464488e-14
2.6127932167193198e-14
2.4138891112903776e-14
2.2249945000720786e-14
2.0459432443270393e-14
1.8762926924171983e-14
1.7156713282000483e-14
1.5637698431512716e-14
1.4201855831793976e-14
1.2846742023270975e-14
1.1569638928871003e-14
1.03675854171206e-14
9.238094651198052e-15
8.17876720041576e-15
7.187484879211092e-15
6.26204963120819e-15
5.400490561820154e-15
4.601056964392148e-15
3.862108010454813e-15
3.1820249825203564e-15
2.559436446081913e-15
1.9930270846008676e-15
1.481745496089893e-15
1.0246508486573598e-15
6.21306935836765e-16
2.7364104340435833e-16
7.903806526871332e-17
2.959168868478245e-16
4.929299232020712e-16
6.423058480347804e-16
7.427420093538129e-16
7.940721689747191e-16
7.962644937050337e-16
7.492671467542401e-16
6.530205761348378e-16
5.075659383766926e-16
3.138884497890348e-16
9.119137649019607e-17
2.499932688747312e-16
5.948124647658694e-16
9.966432235469614e-16
1.4531670749590242e-15
1.9649088497459004e-15
2.5329330072193053e-15
3.158470937965596e-15
3.843031248385542e-15
