4.003734786122424e-23
4.0047744782605483e-23
4.0057654004828795e-23
4.006709655551973e-23
4.007609247164006e-23
4.0084660842056306e-23
4.0092819848092746e-23
4.010058680215055e-23
4.010797818448225e-23
4.011500967819418e-23
4.012169620255519e-23
4.0128051944679395e-23
4.013409038965482e-23
4.01398243491776e-23
4.0145265988755716e-23
4.015042685353905e-23
4.0155317892830906e-23
4.015994948333373e-23
4.01643314511771e-23
4.0168473092776815e-23
4.01723831945674e-23
4.017607005165273e-23
4.0179541485410516e-23
4.018280486009142e-23
4.018586709844834e-23
4.018873469642418e-23
4.0191413736937815e-23
4.0193909902786806e-23
4.0196228488705674e-23
4.019837441259485e-23
4.0200352225952277e-23
4.020216612352513e-23
4.020381995220312e-23
4.020531721917316e-23
4.020666109935145e-23
4.0207854442109434e-23
4.0208899777308477e-23
4.0209799320653046e-23
4.0210554978378037e-23
4.021116835127666e-23
4.0211640738076887e-23
4.021197313817863e-23
4.0212166253750626e-23
4.0212220491194256e-23
4.0212135961979744e-23
4.0211912482851324e-23
4.0211549575404625e-23
4.021104646503533e-23
4.021040207925456e-23
4.020961504536873e-23
4.0208683687518596e-23
4.020760602306786e-23
4.0206379758339744e-23
4.020500228368282e-23
4.0203470667864304e-23
4.020178165177126e-23
4.019993164140978e-23
4.019791670018494e-23
4.019573254044353e-23
4.0193374514263844e-23
4.01908376034678e-23
4.0188116408836566e-23
4.0185205138503565e-23
4.0182097595499224e-23
4.0178787164421995e-23
4.017526679720044e-23
4.017152899792094e-23
4.0167565806681806e-23
4.016336878243984e-23
4.0158928984810155e-23
4.0154236954778205e-23
4.0149282694279965e-23
4.014405564460425e-23
4.0138544663568104e-23
4.013273800141176e-23
4.012662327536056e-23
4.012018744279348e-23
4.011341677295569e-23
4.010629681715332e-23
4.0098812377356455e-23
4.009094747314123e-23
4.008268530689195e-23
4.0074008227181677e-23
4.0064897690245444e-23
4.005533421945431e-23
4.004529736269379e-23
4.00347656475465e-23
4.002371653416906e-23
4.0012126365749425e-23
3.9999970316427537e-23
3.9987222336547956e-23
3.997385509511256e-23
3.995983991928938e-23
3.994514673082889e-23
3.9929743979225996e-23
3.9913598571460555e-23
3.9896675798135924e-23
3.9878939255830104e-23
3.9860350765451636e-23
3.9840870286395123e-23
3.982045582626379e-23
3.979906334592454e-23
3.9776646659636974e-23
3.9753157329988097e-23
3.9728544557343607e-23
3.9702755063511707e-23
3.967573296929147e-23
3.9647419665561137e-23
3.961775367753546e-23
3.958667052179775e-23
3.9554102555688835e-23
3.951997881859987e-23
3.94842248646915e-23
3.9446762586526594e-23
3.940751002906441e-23
3.936638119343153e-23
3.932328582983349e-23
3.9278129218933443e-23
3.9230811940969584e-23
3.918122963182695e-23
3.912927272522207e-23
3.907482618009505e-23
3.901776919222721e-23
3.895797488902907e-23
3.889531000635629e-23
3.8829634546114623e-23
3.876080141331892e-23
3.8688656031147916e-23
3.8613035932418584e-23
3.8533770325761326e-23
3.845067963462923e-23
3.836357500709726e-23
3.8272257794227456e-23
3.8176518994562866e-23
3.807613866208342e-23
3.797088527469422e-23
3.786051506003471e-23
3.774477127506614e-23
3.762338343554037e-23
3.749606649104306e-23
3.7362519940847656e-23
3.722242688530596e-23
3.7075453006917723e-23
3.692124547456654e-23
3.675943176367068e-23
3.65896183841453e-23
3.6411389507122643e-23
3.622430548027785e-23
3.6027901220358095e-23
3.5821684470086437e-23
3.560513390496472e-23
3.537769707361826e-23
3.5138788153139156e-23
3.48877854983818e-23
3.4624028961236475e-23
3.434681695253144e-23
3.405540321527216e-23
3.374899327332121e-23
3.342674051424463e-23
3.308774185873158e-23
3.2731032961561525e-23
3.2355582880327085e-23
3.1960288137759155e-23
3.1543966091199243e-23
3.110534750817111e-23
3.064306822959029e-23
3.0155659781402587e-23
2.9641538770610396e-23
2.9098994871961424e-23
2.85261771760488e-23
2.792107862711001e-23
2.7281518228266264e-23
2.660512063211082e-23
2.588929266462451e-23
2.5131196250322304e-23
2.4327717118375998e-23
2.347542857959513e-23
2.2570549588326892e-23
2.160889627676389e-23
2.0585826248484612e-23
1.9496175309955968e-23
1.8334187372042728e-23
1.7093440812338832e-23
1.5766780679271462e-23
1.4346280920722877e-23
1.2823298703213725e-23
1.1188788093522787e-23
9.434368790774093e-24
7.555854181580812e-24
5.566572247864268e-24
3.564702980264771e-24
2.2126923972009156e-24
3.326779465195676e-24
5.996267366490841e-24
9.275576840116082e-24
1.305122307490799e-23
1.7369129673716984e-23
2.2333943379826692e-23
2.8102545388227214e-23
3.490072433835641e-23
4.305835650558601e-23
