1.7861642084523903e-24
1.721623510370007e-24
1.660430216120854e-24
1.6024437183813606e-24
1.5475293090232306e-24
1.4955578525095452e-24
1.4464054759791986e-24
1.39995327667319e-24
1.3560870473676594e-24
1.3146970205372656e-24
1.2756776319649437e-24
1.2389273045309836e-24
1.2043482526689526e-24
1.1718463080423536e-24
1.141330766560788e-24
1.112714256844578e-24
1.0859126297506764e-24
1.0608448684407925e-24
1.0374330180520224e-24
1.0156021337247746e-24
9.95280245543876e-25
9.763983385104241e-25
9.588903456756915e-25
9.426931521880824e-25
9.277466081061596e-25
9.139935477345623e-25
9.013798132782947e-25
8.898542807935914e-25
8.793688865468582e-25
8.69878652114011e-25
8.613417068349752e-25
8.53719306457445e-25
8.46975847086448e-25
8.410788738662008e-25
8.359990838961968e-25
8.317103233121648e-25
8.281895784311783e-25
8.254169610754955e-25
8.233756882622871e-25
8.220520565192417e-25
8.2143541107573935e-25
8.215181100893998e-25
8.222954842781249e-25
8.237657919322226e-25
8.259301695051934e-25
8.287925777246799e-25
8.323597432921828e-25
8.366410959829758e-25
8.41648701005519e-25
8.473971866696276e-25
8.539036669239737e-25
8.611876589611054e-25
8.692709956045997e-25
8.781777326640437e-25
8.879340513265899e-25
8.985681557639163e-25
9.101101664953997e-25
9.225920097401004e-25
9.36047303692393e-25
9.505112421841057e-25
9.66020476760951e-25
9.826129979635103e-25
1.0003280170125919e-24
1.0192058485338482e-24
1.0392877956064801e-24
1.0606160380155086e-24
1.0832335244417043e-24
1.1071838693042025e-24
1.132511255107675e-24
1.1592603405429632e-24
1.1874761745730396e-24
1.2172041169817838e-24
1.248489765024657e-24
1.2813788862132723e-24
1.3159173571215536e-24
1.352151107243527e-24
1.390126068631769e-24
1.4298881295230447e-24
1.4714830923602643e-24
1.5149566354356952e-24
1.56035427788364e-24
1.607721347383814e-24
1.6571029501454937e-24
1.7085439437806415e-24
1.762088911651172e-24
1.8177821397189845e-24
1.8756675950898303e-24
1.9357889072573986e-24
1.9981893511940766e-24
2.0629118329364532e-24
2.12999887908419e-24
2.1994926284137675e-24
2.271434827181765e-24
2.345866829758155e-24
2.422829602113772e-24
2.5023637308301842e-24
2.5845094373082485e-24
2.669306597429991e-24
2.7567947666772576e-24
2.8470132118360532e-24
2.9400009478317477e-24
3.0357967822950528e-24
3.134439364387096e-24
3.2359672417078014e-24
3.3404189221843896e-24
3.447832941763674e-24
3.558247938027889e-24
3.671702728501799e-24
3.788236394088955e-24
3.907888366238065e-24
4.030698518803924e-24
4.1567072616957696e-24
4.2859556379439946e-24
4.418485422238707e-24
4.554339220953659e-24
4.693560572778079e-24
4.836194048105387e-24
4.982285350814021e-24
5.131881413972167e-24
5.285030498458404e-24
5.441782285437756e-24
5.602187967484244e-24
5.7663003362694174e-24
5.9341738669285695e-24
6.105864793472649e-24
6.281431188903626e-24
6.460933027218067e-24
6.644432254979543e-24
6.831992844768863e-24
7.023680850369194e-24
7.219564451704043e-24
7.419713998013278e-24
7.624202044140548e-24
7.833103376137414e-24
8.046495035818724e-24
8.26445633932005e-24
8.487068886280332e-24
8.714416565139633e-24
8.946585552806819e-24
9.183664302949389e-24
9.425743538530008e-24
9.672916230601267e-24
9.925277566521224e-24
1.0182924932194017e-23
1.0445957854444073e-23
1.0714477976768601e-23
1.0988588993384489e-23
1.126839659910365e-23
1.1554008424070215e-23
1.184553396505542e-23
1.214308450601635e-23
1.2446773024359859e-23
1.275671412102243e-23
1.307302389329119e-23
1.339581984420495e-23
1.3725220755052303e-23
1.4061346570781767e-23
1.4404318245444262e-23
1.475425761692282e-23
1.5111287246675487e-23
1.547553024205284e-23
1.5847110088510945e-23
1.622615046520821e-23
1.6612775030701216e-23
1.7007107221888286e-23
1.7409270020836785e-23
1.7819385716544684e-23
1.823757565707e-23
1.8663959957195506e-23
1.909865724451977e-23
1.9541784348615388e-23
1.9993455983052673e-23
2.04537843948231e-23
2.0922879065243592e-23
2.140084631021656e-23
2.1887788901806638e-23
2.2383805680216525e-23
2.2888991138240122e-23
2.3403434990468112e-23
2.3927221723385676e-23
2.4460430140793044e-23
2.500313289279787e-23
2.5555395951967693e-23
2.6117278207716967e-23
2.6688830774857905e-23
2.7270096676968495e-23
2.7861110207603247e-23
2.8461896332735634e-23
2.9072470313837767e-23
2.969283701214198e-23
3.032299044105294e-23
3.096291324084312e-23
3.1612576062567165e-23
3.2271937158018285e-23
3.29409418871265e-23
3.3619522125946723e-23
3.430759600738317e-23
3.5005067368392075e-23
3.5711825537071934e-23
3.642774475294995e-23
3.715268419662346e-23
