2.4495838212251246e-24
2.3404710291106205e-24
2.236430833494628e-24
2.137242770354938e-24
2.042696671313665e-24
1.9525922099484164e-24
1.866738467517132e-24
1.7849535169141534e-24
1.707064023683642e-24
1.6329048629233317e-24
1.562318750913971e-24
1.4951558903107873e-24
1.4312736277380164e-24
1.370536122629971e-24
1.3128140261739706e-24
1.2579841692282739e-24
1.20592925812097e-24
1.1565375772839572e-24
1.1097026977475321e-24
1.0653231906219435e-24
1.023302344825011e-24
9.835478884878916e-25
9.459717136878725e-25
9.10489604420959e-25
8.770209680353052e-25
8.454885707022572e-25
8.158182778891864e-25
7.879388012110607e-25
7.617814534532007e-25
7.372799139494403e-25
7.143700068430666e-25
6.929894950114452e-25
6.730778925699292e-25
6.5457629884993e-25
6.374272565477353e-25
6.215746363451749e-25
6.069635497167721e-25
5.935402908725821e-25
5.81252307882014e-25
5.700482020318878e-25
5.598777534610484e-25
5.506919701512784e-25
5.424431565173504e-25
5.350849971866784e-25
5.285726511365079e-25
5.228628511958707e-25
5.179140040124938e-25
5.136862859230188e-25
5.101417307028234e-25
5.072443058591593e-25
5.049599749124275e-25
5.032567439251143e-25
5.021046913327478e-25
5.014759808658568e-25
5.013448579888663e-25
5.016876308075094e-25
5.024826367984119e-25
5.037101969945052e-25
5.053525594314968e-25
5.073938337286467e-25
5.09819918670774e-25
5.126184245821923e-25
5.157785921652764e-25
5.192912093252193e-25
5.231485273345176e-25
5.273441775157876e-25
5.318730894485791e-25
5.367314115396122e-25
5.419164346437392e-25
5.47426519282199e-25
5.532610268827243e-25
5.594202553568032e-25
5.659053792386528e-25
5.727183945305397e-25
5.798620683356796e-25
5.8733989330520025e-25
5.951560468833997e-25
6.033153553006473e-25
6.1182326223766375e-25
6.206858020631453e-25
6.299095775344601e-25
6.395017418393484e-25
6.494699848518211e-25
6.598225234721172e-25
6.705680959219271e-25
6.817159598677002e-25
6.932758942503134e-25
7.052582047059997e-25
7.176737324708172e-25
7.305338666715903e-25
7.438505599153655e-25
7.57636347101999e-25
7.719043673963973e-25
7.866683893098518e-25
8.019428388530221e-25
8.177428307377332e-25
8.34084202617879e-25
8.509835523744068e-25
8.684582784633097e-25
8.865266233595013e-25
9.052077201430262e-25
9.245216422885875e-25
9.44489456730122e-25
9.651332802874294e-25
9.864763395515184e-25
1.008543034337969e-24
1.0313590048275274e-24
1.054951202523298e-24
1.0793479651631366e-24
1.1045790957330876e-24
1.1306759457366907e-24
1.1576715028804127e-24
1.1856004833413125e-24
1.2144994287887348e-24
1.2444068083349007e-24
1.2753631255938869e-24
1.307411031030342e-24
1.340595439781871e-24
1.3749636551407366e-24
1.410565497881955e-24
1.4474534416255022e-24
1.485682754422348e-24
1.5253116467540571e-24
1.5664014261384483e-24
1.6090166585344059e-24
1.6532253367433844e-24
1.699099056007464e-24
1.7467131970100002e-24
1.7961471164911523e-24
1.847484345698859e-24
1.9008127969068617e-24
1.956224978243649e-24
2.0138182170923764e-24
2.0736948923388594e-24
2.1359626757671155e-24
2.200734782924525e-24
2.2681302338072134e-24
2.338274123746198e-24
2.411297904907387e-24
2.4873396788569966e-24
2.5665445006814273e-24
2.6490646951948648e-24
2.7350601858102276e-24
2.8246988366992758e-24
2.9181568089135396e-24
3.015618931190407e-24
3.117279086219965e-24
3.223340613200275e-24
3.334016727563568e-24
3.449530958807575e-24
3.570117607420673e-24
3.69602222194256e-24
3.827502097254572e-24
3.9648267952434435e-24
4.108278689037798e-24
4.2581535320602284e-24
4.4147610531918586e-24
4.578425579391316e-24
4.749486687158864e-24
4.928299884280863e-24
5.1152373233388435e-24
5.310688548510607e-24
5.515061277238027e-24
5.728782218383502e-24
5.9522979285417684e-24
6.186075708222496e-24
6.430604539669614e-24
6.686396068130105e-24
6.953985628440557e-24
7.233933318848026e-24
7.526825124043095e-24
7.83327408943398e-24
8.153921548751382e-24
8.489438407135761e-24
8.840526481917049e-24
9.207919903361812e-24
9.59238657772758e-24
9.994729715029025e-24
1.0415789423984774e-23
1.0856444376682782e-23
1.1317613545562609e-23
1.180025801538585e-23
1.2305382872916436e-23
1.2834039177107412e-23
1.3387326012636284e-23
1.3966392629693538e-23
1.4572440672973732e-23
1.5206726502859636e-23
1.5870563611836126e-23
1.6565325139186287e-23
1.7292446487048127e-23
1.8053428040918467e-23
1.8849837997681655e-23
1.9683315304224997e-23
2.0555572709663525e-23
2.146839993415049e-23
2.2423666957163027e-23
2.3423327428063298e-23
2.4469422201613168e-23
2.5564083000957154e-23
2.6709536210410894e-23
