5.822798280343866e-22
5.822868975792465e-22
5.8229358198246355e-22
5.8229989543136405e-22
5.823058513256266e-22
5.823114623058039e-22
5.823167402801974e-22
5.8232169645011705e-22
5.823263413337802e-22
5.823306847885802e-22
5.823347360321353e-22
5.823385036617888e-22
5.823419956729302e-22
5.8234521947596845e-22
5.823481819120817e-22
5.823508892677835e-22
5.823533472882014e-22
5.823555611894007e-22
5.823575356693458e-22
5.823592749179837e-22
5.8236078262605085e-22
5.823620619930429e-22
5.823631157338908e-22
5.823639460847642e-22
5.823645548078742e-22
5.823649431951281e-22
5.823651120710211e-22
5.823650617941862e-22
5.823647922583644e-22
5.823643028920227e-22
5.82363592657258e-22
5.823626600475172e-22
5.823615030844688e-22
5.823601193137111e-22
5.82358505799688e-22
5.823566591193282e-22
5.823545753549134e-22
5.823522500856079e-22
5.8234967837823685e-22
5.82346854776701e-22
5.823437732904119e-22
5.823404273816237e-22
5.823368099515234e-22
5.823329133251124e-22
5.823287292349877e-22
5.823242488037442e-22
5.823194625251319e-22
5.823143602438683e-22
5.823089311340805e-22
5.823031636762964e-22
5.822970456330311e-22
5.822905640226809e-22
5.822837050921118e-22
5.822764542872881e-22
5.822687962224895e-22
5.822607146475218e-22
5.822521924132701e-22
5.822432114352298e-22
5.82233752655029e-22
5.822237960000529e-22
5.822133203407031e-22
5.822023034454944e-22
5.8219072193383415e-22
5.821785512262873e-22
5.821657654923713e-22
5.821523375956145e-22
5.82138239035832e-22
5.821234398885947e-22
5.821079087415087e-22
5.820916126274844e-22
5.82074516954491e-22
5.820565854321019e-22
5.82037779994205e-22
5.820180607179879e-22
5.819973857389758e-22
5.819757111619356e-22
5.819529909674419e-22
5.819291769137663e-22
5.819042184343011e-22
5.818780625297211e-22
5.818506536550787e-22
5.8182193360150085e-22
5.817918413720315e-22
5.817603130516566e-22
5.817272816709617e-22
5.816926770632779e-22
5.816564257150082e-22
5.816184506087505e-22
5.815786710588043e-22
5.815370025389553e-22
5.814933565018713e-22
5.814476401899403e-22
5.813997564369251e-22
5.813496034602625e-22
5.812970746433101e-22
5.812420583071985e-22
5.811844374717066e-22
5.811240896048012e-22
5.810608863599843e-22
5.809946933012391e-22
5.8092536961459e-22
5.808527678060064e-22
5.807767333846689e-22
5.806971045310797e-22
5.806137117492072e-22
5.805263775018961e-22
5.804349158287349e-22
5.803391319455097e-22
5.802388218243927e-22
5.801337717537629e-22
5.800237578769186e-22
5.7990854570838745e-22
5.7978788962686385e-22
5.7966153234359305e-22
5.79529204344921e-22
5.793906233078933e-22
5.792454934872896e-22
5.7909350507292e-22
5.789343335155456e-22
5.787676388199234e-22
5.785930648031756e-22
5.784102383169685e-22
5.782187684314276e-22
5.780182455789078e-22
5.778082406557695e-22
5.775883040795012e-22
5.773579647995565e-22
5.771167292589491e-22
5.768640803043304e-22
5.765994760416938e-22
5.7632234863517475e-22
5.76032103045468e-22
5.75728115705083e-22
5.7540973312685215e-22
5.750762704422093e-22
5.747270098654123e-22
5.743611990797818e-22
5.739780495415501e-22
5.735767346970303e-22
5.731563881081839e-22
5.727161014814965e-22
5.722549225948408e-22
5.717718531165789e-22
5.712658463106436e-22
5.707358046214198e-22
5.701805771310938e-22
5.6959895688236275e-22
5.689896780586094e-22
5.683514130128384e-22
5.676827691368579e-22
5.669822855604229e-22
5.662484296708435e-22
5.654795934410708e-22
5.646740895553786e-22
5.638301473190315e-22
5.62945908338879e-22
5.620194219598696e-22
5.610486404417687e-22
5.600314138587443e-22
5.589654847037732e-22
5.578484821774662e-22
5.566779161400746e-22
5.554511707031027e-22
5.54165497435132e-22
5.528180081543872e-22
5.514056672778701e-22
5.499252836943422e-22
5.483735021254911e-22
5.4674679393608e-22
5.450414473503049e-22
5.432535570272359e-22
5.413790129437055e-22
5.394134885276191e-22
5.373524279786841e-22
5.351910327068054e-22
5.329242468109895e-22
5.30546741512625e-22
5.280528984471743e-22
5.254367917070838e-22
5.226921685156917e-22
5.198124283967006e-22
5.167906006864618e-22
5.136193202163905e-22
5.102908009686546e-22
5.067968074811162e-22
5.031286237445466e-22
4.992770192965743e-22
4.952322121706856e-22
4.909838283035894e-22
4.865208569372876e-22
4.818316014721791e-22
4.769036251281863e-22
4.717236906504109e-22
4.662776931450903e-22
4.605505849445512e-22
4.545262911630478e-22
4.481876143059072e-22
4.415161259090992e-22
4.344920426879792e-22
4.270940840220746e-22
4.1929930673941936e-22
