2.5627103093598308e-11
2.545301555533353e-11
2.46826108259254e-11
2.3296423885278735e-11
2.2783504134708842e-11
2.1104126862712418e-11
2.0546718820229046e-11
1.9803936845106795e-11
1.9308411653013084e-11
1.7946944567080173e-11
1.7539965362668594e-11
1.688558773167506e-11
1.61489669170445e-11
1.5540839855914665e-11
1.462984805576135e-11
1.4265997389252259e-11
1.3517974995797408e-11
1.3112598945242584e-11
1.2572015012070575e-11
1.2088650269483698e-11
1.1423292317959093e-11
1.0945320680058123e-11
1.0732749544510261e-11
1.0136675345334983e-11
9.838663464253287e-12
9.270838809187694e-12
9.01081101024247e-12
8.495425947486108e-12
8.251395289570503e-12
7.891734449979472e-12
7.491503796014124e-12
7.133230504094614e-12
6.8109326365023485e-12
6.543988767175126e-12
6.269224411248965e-12
5.9685368767555246e-12
5.772470686721019e-12
5.479778684203652e-12
5.212025285269026e-12
5.035933455272376e-12
4.786879612441373e-12
4.569214198917116e-12
4.370634896818471e-12
4.1751031431848146e-12
3.9694460020960994e-12
3.808462420283939e-12
3.6361513111112098e-12
3.472691447632569e-12
3.314829442456544e-12
3.1538107290600277e-12
3.0305965480537224e-12
2.8737075096468146e-12
2.756391760796011e-12
2.6247129365931387e-12
2.5038186661610947e-12
2.3862916072920854e-12
2.277864778728121e-12
2.1771636732104187e-12
2.0708631417707053e-12
1.9697019633117226e-12
1.8789588560371168e-12
1.7910485063948819e-12
1.7085537131238745e-12
1.624702572963464e-12
1.5505357982316348e-12
1.4789311689878147e-12
1.405752882544349e-12
1.3383474285708137e-12
1.271919035456882e-12
1.2136690506604832e-12
1.1529398541148035e-12
1.0953718852367059e-12
1.0419293557863754e-12
9.91347211593216e-13
9.42137488514286e-13
8.942613068045088e-13
8.511669080740154e-13
8.074060728097066e-13
7.664463393156957e-13
7.277017068569823e-13
6.899308763688949e-13
6.542534230772889e-13
6.197069607424123e-13
5.8720163313755e-13
5.565139474655824e-13
5.269479594677137e-13
4.981998746930629e-13
4.71452340264882e-13
4.4563445294381487e-13
4.2085912590827823e-13
3.972937949425546e-13
3.7505134714928133e-13
3.5363481429747496e-13
3.3308149887904263e-13
3.1362187113745337e-13
2.952837789281643e-13
2.773657762010291e-13
2.6058316877199435e-13
2.4441926548178685e-13
2.2916834287478195e-13
2.1456183528926893e-13
2.006653405842955e-13
1.874259710585827e-13
1.748274127551681e-13
1.628458244632596e-13
1.5145331609084528e-13
1.4062486859179438e-13
1.3031334304780077e-13
1.2057088776799977e-13
1.1129897488889123e-13
1.0250335579530018e-13
9.41948183814222e-14
8.631434620815472e-14
7.887515943005269e-14
7.182488238459311e-14
6.51846048284503e-14
5.89276584142474e-14
5.30411386011609e-14
4.750890986707204e-14
4.233092121517839e-14
3.748746972097115e-14
3.296588981949976e-14
2.876047616800565e-14
2.4859831214639188e-14
2.1262570236103267e-14
1.7954107596040998e-14
1.4929590685998827e-14
1.218346373849156e-14
9.710541478320115e-15
7.503520226741741e-15
5.55909373977752e-15
3.872946300148281e-15
2.4416316470671827e-15
1.2628098007854754e-15
3.401153415270687e-16
3.6638646305049536e-16
7.989282348152177e-16
9.916342268269334e-16
9.411343136529598e-16
6.478287932960588e-16
1.3429815655507812e-16
6.906101919304277e-16
1.7217056130504071e-15
3.0053563913060774e-15
4.542360612883496e-15
6.33557426797867e-15
8.38888455337237e-15
1.070620883881808e-14
1.3293619416272392e-14
1.615441210233206e-14
1.9297199790110312e-14
2.272571321018952e-14
2.6450842238269773e-14
3.0476545689447244e-14
3.481357127158534e-14
3.946956975253033e-14
4.4458133731619747e-14
4.9784192314637096e-14
5.546548289347455e-14
6.151004419351376e-14
6.79287054426416e-14
7.473882688444271e-14
8.194960555211438e-14
8.958615539405837e-14
9.765698575446288e-14
1.0618003725831252e-13
1.151735547739331e-13
1.246565133751501e-13
1.3465443606812128e-13
1.4517633182732806e-13
1.5625038995695004e-13
1.6790293991174037e-13
1.8016728271638064e-13
1.9303866162231822e-13
2.0656950491916837e-13
2.2077868436685574e-13
2.3572371198362746e-13
2.513877768210739e-13
2.678418103222296e-13
2.8511855500046217e-13
3.032100354622558e-13
3.222041781174272e-13
3.4212256954210256e-13
3.630068143733436e-13
3.849041900787929e-13
4.0785639778606915e-13
4.318889508816874e-13
4.571026006094344e-13
4.835211070916051e-13
5.112331885624744e-13
5.402384782018098e-13
5.706386961851581e-13
6.024459588775944e-13
6.358423779502753e-13
6.707655644696157e-13
7.073064074859556e-13
7.456132893874517e-13
7.857288724374692e-13
8.277897213724033e-13
8.717288500288636e-13
9.177886270426029e-13
