1.9848879594387653e-24
1.874135590635338e-24
1.77211810176962e-24
1.6783653686159314e-24
1.592440255375246e-24
1.5139352839787142e-24
1.442469255366018e-24
1.3776838515024753e-24
1.3192402723477473e-24
1.2668159852802936e-24
1.2201016875123957e-24
1.1787985959453598e-24
1.1426161812044188e-24
1.1112704499944329e-24
1.0844828500445758e-24
1.061979827147741e-24
1.0434930108847363e-24
1.0287599514860732e-24
1.0175252838491273e-24
1.0095421644074207e-24
1.0045738159857495e-24
1.0023950245177205e-24
1.0027934579196592e-24
1.0055707127452951e-24
1.0105430342408532e-24
1.0175416927448612e-24
1.0264130301987088e-24
1.0370182126781438e-24
1.0492327386670904e-24
1.0629457579361701e-24
1.0780592558779146e-24
1.0944871532790442e-24
1.112154364494873e-24
1.1309958491532823e-24
1.1509556842362135e-24
1.1719861762117962e-24
1.1940470265435975e-24
1.217104558511043e-24
1.2411310093296268e-24
1.2661038885062247e-24
1.2920054008072228e-24
1.3188219310634178e-24
1.3465435868479272e-24
1.3751637944913988e-24
1.4046789438224697e-24
1.4350880769311326e-24
1.466392616181393e-24
1.4985961276645586e-24
1.531704115398639e-24
1.5657238433624303e-24
1.6006641814483474e-24
1.6365354726826223e-24
1.673349419087592e-24
1.7111189835949708e-24
1.7498583062465186e-24
1.7895826326364335e-24
1.830308253200333e-24
1.87205245173495e-24
1.9148334622659086e-24
1.958670432882843e-24
2.0035833959559125e-24
2.0495932435838436e-24
2.0967217080900277e-24
2.144991346455674e-24
2.1944255285320897e-24
2.2450484285719964e-24
2.296885019490983e-24
2.3499610697489173e-24
2.404303142611271e-24
2.459938597225087e-24
2.516895591721312e-24
2.57520308794525e-24
2.6348908575355692e-24
2.6959894896410003e-24
2.7585303996815975e-24
2.8225458393204174e-24
2.8880689076954512e-24
2.9551335635106943e-24
3.0237746379675046e-24
3.094027849048683e-24
3.1659298161560492e-24
3.23951807594729e-24
3.314831098681668e-24
3.391908305725709e-24
3.470790087446565e-24
3.551517822118612e-24
3.634133895245628e-24
3.7186817199284725e-24
3.805205757993656e-24
3.8937515412000814e-24
3.984365693922357e-24
4.077095956267409e-24
4.1719912074747875e-24
4.269101490812151e-24
4.368478038327066e-24
4.470173297088514e-24
4.5742409555797826e-24
4.680735971025054e-24
4.789714597462328e-24
4.901234414814099e-24
5.0153543577771725e-24
5.132134746993821e-24
5.2516373189564044e-24
5.373925259423975e-24
5.499063234657633e-24
5.627117425526463e-24
5.758155562063758e-24
5.892246957455692e-24
6.029462545449296e-24
6.16987491639419e-24
6.313558354375408e-24
6.460588877694939e-24
6.6110442759084504e-24
6.765004152814644e-24
6.92254996532108e-24
7.083765067773032e-24
7.248734754553503e-24
7.417546304294295e-24
7.590289025735553e-24
7.767054303098205e-24
7.947935644929978e-24
8.133028731893293e-24
8.322431466176369e-24
8.516244023087824e-24
8.71456890273146e-24
8.917510981498519e-24
9.125177569122715e-24
9.337678462898958e-24
9.555126002942987e-24
9.777635133727477e-24
1.0005323458418647e-23
1.0238311304475981e-23
1.0476721782763982e-23
1.0720680850378063e-23
1.0970317377573868e-23
1.1225763211426408e-23
1.148715324576312e-23
1.1754625488322459e-23
1.2028321129593735e-23
1.2308384616320959e-23
1.2594963730874e-23
1.2888209653431838e-23
1.318827705079253e-23
1.3495324144245823e-23
1.3809512797259108e-23
1.413100859521134e-23
1.4459980924974103e-23
1.479660306221317e-23
1.5141052256641482e-23
1.5493509822519095e-23
1.585416122448394e-23
1.6223196166884812e-23
1.6600808710014793e-23
1.6987197331464427e-23
1.738256502347396e-23
1.7787119447188673e-23
1.8201072968145346e-23
1.862464277851728e-23
1.905805099740588e-23
1.9501524839135525e-23
1.9955296599141913e-23
2.0419603876789773e-23
2.089468965340987e-23
2.138080235075906e-23
2.1878195960982765e-23
2.238713035812089e-23
2.290787107881168e-23
2.3440689659099694e-23
2.3985863746503233e-23
2.454367718741262e-23
2.5114420185112288e-23
2.569838931621118e-23
2.6295887815828033e-23
2.6907225578464654e-23
2.7532719465726665e-23
2.817269302979048e-23
2.882747721945114e-23
2.9497410491362976e-23
3.018283776374877e-23
3.088411266093189e-23
3.160159516862358e-23
3.233565475044602e-23
3.308666689523612e-23
3.385501632255047e-23
3.4641096042996105e-23
3.544530712668465e-23
3.6268058748218436e-23
3.710976966856572e-23
3.79708672917399e-23
3.885178566643102e-23
3.975297083145442e-23
4.0674878040238636e-23
4.161796907741979e-23
4.2582716544207714e-23
4.356960360753132e-23
4.4579122508700064e-23
4.561177597895726e-23
4.6668072889804395e-23
4.7748537212010697e-23
4.885370046739225e-23
4.998410312188155e-23
