3.199279307699358e-24
3.1982873444373596e-24
3.1973846734700986e-24
3.1965633350559786e-24
3.1958160665355924e-24
3.195136242017187e-24
3.194517817154322e-24
3.1939552786045185e-24
3.193443597787386e-24
3.1929781885896e-24
3.1925548686904997e-24
3.1921698242072178e-24
3.1918195773818815e-24
3.191500957055098e-24
3.191211071690623e-24
3.19094728473474e-24
3.1907071921118057e-24
3.190488601673365e-24
3.1902895144334982e-24
3.1901081074369098e-24
3.18994271811894e-24
3.1897918300288157e-24
3.1896540597977435e-24
3.189528145244127e-24
3.189412934516903e-24
3.1893073761862282e-24
3.189210510199397e-24
3.1891214596256235e-24
3.1890394231211288e-24
3.188963668050817e-24
3.1888935242091403e-24
3.188828378087182e-24
3.1887676676376876e-24
3.1887108774942135e-24
3.188657534603795e-24
3.188607204236797e-24
3.188559486340006e-24
3.1885140122024875e-24
3.1884704414062043e-24
3.18842845903579e-24
3.18838777312406e-24
3.1883481123120055e-24
3.1883092237038068e-24
3.188270870898871e-24
3.1882328321848858e-24
3.1881948988767418e-24
3.1881568737880083e-24
3.1881185698222696e-24
3.1880798086731206e-24
3.1880404196223474e-24
3.1880002384268098e-24
3.187959106285243e-24
3.1879168688770442e-24
3.1878733754656693e-24
3.1878284780599313e-24
3.1877820306270757e-24
3.187733888351771e-24
3.1876839069360845e-24
3.187631941935269e-24
3.1875778481252962e-24
3.1875214788976605e-24
3.1874626856779305e-24
3.187401317364351e-24
3.187337219783301e-24
3.1872702351585642e-24
3.1872002015914255e-24
3.1871269525491264e-24
3.1870503163589633e-24
3.186970115705765e-24
3.186886167130613e-24
3.186798280528362e-24
3.1867062586422955e-24
3.1866098965538186e-24
3.186508981165177e-24
3.186403290673706e-24
3.186292594035687e-24
3.1861766504180788e-24
3.186055208636629e-24
3.185928006578588e-24
3.185794770608535e-24
3.185655214955619e-24
3.185509041080851e-24
3.1853559370225824e-24
3.1851955767188885e-24
3.1850276193050867e-24
3.184851708385012e-24
3.1846674712741678e-24
3.184474518213518e-24
3.1842724415519725e-24
3.1840608148961043e-24
3.1838391922253202e-24
3.183607106970944e-24
3.183364071057301e-24
3.1831095739031268e-24
3.182843081381599e-24
3.1825640347369572e-24
3.1822718494561413e-24
3.1819659140933252e-24
3.181645589045516e-24
3.181310205277349e-24
3.1809590629930055e-24
3.180591430253275e-24
3.1802065415358527e-24
3.1798035962366463e-24
3.1793817571102606e-24
3.1789401486475217e-24
3.1784778553878927e-24
3.17799392016507e-24
3.1774873422833515e-24
3.1769570756231676e-24
3.176402026673722e-24
3.175821052490854e-24
3.1752129585785104e-24
3.1745764966921446e-24
3.1739103625624935e-24
3.1732131935385653e-24
3.1724835661485673e-24
3.1717199935780056e-24
3.1709209230643797e-24
3.170084733208226e-24
3.169209731200576e-24
3.1682941499676064e-24
3.16733614523357e-24
3.1663337925036752e-24
3.1652850839696373e-24
3.164187925340899e-24
3.1630401326060485e-24
3.1618394287296082e-24
3.1605834402907706e-24
3.1592696940720193e-24
3.1578956136074043e-24
3.1564585157014552e-24
3.1549556069328906e-24
3.1533839801582233e-24
3.1517406110346674e-24
3.1500223545833172e-24
3.1482259418183578e-24
3.146347976471163e-24
3.144384931843123e-24
3.142333147826259e-24
3.14018882813608e-24
3.1379480378085154e-24
3.13560670101981e-24
3.133160599297104e-24
3.130605370197456e-24
3.1279365065438546e-24
3.1251493563201696e-24
3.1222391233408783e-24
3.1192008688285233e-24
3.116029514050608e-24
3.1127198441891335e-24
3.1092665136409225e-24
3.105664052974981e-24
3.1019068778052692e-24
3.097989299874277e-24
3.0939055406848966e-24
3.089649748066761e-24
3.0852160161179672e-24
3.0805984090272476e-24
3.075790989354029e-24
3.0707878514277066e-24
3.0655831606230623e-24
3.0601711993792315e-24
3.0545464209559682e-24
3.048703512066406e-24
3.0426374656921654e-24
3.036343665579288e-24
3.0298179841324505e-24
3.0230568956786064e-24
3.0160576073606788e-24
3.0088182102530864e-24
3.0013378536709537e-24
2.993616946077014e-24
2.9856573864824783e-24
2.9774628307963535e-24
2.969038998206664e-24
2.9603940233843286e-24
2.951538861085564e-24
2.942487750596503e-24
2.933258748406885e-24
2.9238743385086807e-24
2.914362130768518e-24
2.9047556588842666e-24
2.8950952904471423e-24
2.885429262505282e-24
2.8758148566347403e-24
2.8663197276840075e-24
2.8570233998164652e-24
2.8480189418711064e-24
2.839414830925895e-24
2.8313370076430558e-24
2.8239311186848177e-24
2.8173649291744474e-24
2.8118308705639188e-24
2.8075486648533268e-24
2.804767933182286e-24
2.803770653627889e-24
2.8048732779763996e-24
2.8084282492202425e-24
2.8148245806057554e-24
2.8244870651687034e-24
