1.9862891198965893e-22
1.919640524479716e-22
1.8588780923380849e-22
1.8038729163447349e-22
1.7545083195707872e-22
1.7106796077679302e-22
1.6722938474308982e-22
1.6392696689720715e-22
1.611537094596194e-22
1.5890373905108362e-22
1.5717229431683492e-22
1.5595571592782887e-22
1.5525143893903167e-22
1.550579874886157e-22
1.5537497182818247e-22
1.5620308767854417e-22
1.575441179107848e-22
1.594009365577786e-22
1.6177751516623833e-22
1.64678931504912e-22
1.6811138064974198e-22
1.7208218847208276e-22
1.7659982756190335e-22
1.8167393562311313e-22
1.8731533638379688e-22
1.9353606307005632e-22
2.0034938449784185e-22
2.0776983384295322e-22
2.1581324015643673e-22
2.2449676269701317e-22
2.3383892816145956e-22
2.4385967089762114e-22
2.545803761944627e-22
2.660239267486113e-22
2.7821475241618243e-22
2.9117888336518555e-22
3.049440067532812e-22
3.195395270628429e-22
3.3499663023626043e-22
3.51348351760885e-22
3.6862964886677454e-22
3.8687747700654684e-22
4.061308708012121e-22
4.264310296447832e-22
4.478214081734711e-22
4.703478118185182e-22
4.940584976734414e-22
5.190042809231899e-22
5.452386470935802e-22
5.728178704012896e-22
6.018011384942446e-22
6.322506838955942e-22
6.6423192248116825e-22
6.978135993392701e-22
7.3306794238491735e-22
7.700708241218911e-22
8.089019319697757e-22
8.496449475994377e-22
8.923877357475615e-22
9.372225430101716e-22
9.842462071407118e-22
1.0335603774270725e-21
1.0852717467330458e-21
1.139492295848943e-21
1.1963395508284877e-21
1.2559368540262474e-21
1.3184136496158693e-21
1.3839057843817968e-21
1.4525558246884082e-21
1.524513390526696e-21
1.5999355076377798e-21
1.678986978778086e-21
1.761840775242611e-21
1.8486784498587746e-21
1.93969057276874e-21
2.0350771912890464e-21
2.1350483154546573e-21
2.2398244307724814e-21
2.3496370397818695e-21
2.464729234480386e-21
2.5853563013159272e-21
2.7117863611035866e-21
2.844301045722624e-21
2.9831962147199965e-21
3.1287827136766e-21
3.2813871775543684e-21
3.44135288229099e-21
3.60904064747165e-21
3.784829793560313e-21
3.969119158854905e-21
4.162328177875142e-21
4.364898028572356e-21
4.577292850957237e-21
4.8000010435136314e-21
5.033536643217054e-21
5.278440795551258e-21
5.535283320875176e-21
5.80466438452206e-21
6.087216279587843e-21
6.38360533101906e-21
6.694533930255254e-21
7.020742714005615e-21
7.363012887645071e-21
7.722168731772183e-21
8.099080269072805e-21
8.494666142021879e-21
8.909896692486812e-21
9.345797291321188e-21
9.803451894487957e-21
1.0284006897051711e-20
1.078867527647723e-20
1.131874106952629e-20
1.1875564209044837e-20
1.246058576124339e-20
1.3075333589883107e-20
1.3721428481795222e-20
1.4400590875347614e-20
1.5114648046322326e-20
1.58655420146221e-20
1.665533817883109e-20
1.7486234548335664e-20
1.8360572357041568e-20
1.928084681018382e-20
2.024971978310358e-20
2.127003300745878e-20
2.2344822947834205e-20
2.3477337595648588e-20
2.467105347837458e-20
2.5929696775699442e-20
2.725726408375356e-20
2.865804797669071e-20
3.0136663305642953e-20
3.169807750424127e-20
3.33476441657887e-20
3.5091140931386133e-20
3.693481117000024e-20
3.888541129035842e-20
4.095026465475843e-20
4.313731778318987e-20
4.5455216028046866e-20
4.791336759399983e-20
5.0522044707079e-20
5.329247204113535e-20
5.623694287415205e-20
5.936895880275571e-20
6.270335609487763e-20
6.625650095324176e-20
7.004647802344012e-20
7.409333127303256e-20
7.841931156641307e-20
8.304922129670162e-20
8.801074840805629e-20
9.333497481560915e-20
9.905681190450327e-20
1.0521564870648572e-19
1.118561294004446e-19
1.1902908125770745e-19
1.2679253644593826e-19
1.3521292275312136e-19
1.4436694482761057e-19
1.5434375261799911e-19
1.6524640094469242e-19
1.7719679237326445e-19
1.903375167363475e-19
2.0483999407441551e-19
2.209066648445943e-19
2.387842276091428e-19
2.5877038189812624e-19
2.812366772848188e-19
3.066386245673212e-19
3.3554700950220183e-19
3.6869781214896727e-19
4.070408331991899e-19
4.518116016615548e-19
5.046710946331615e-19
5.678752996462604e-19
6.445529096709551e-19
7.391595050106507e-19
8.581555380079826e-19
1.0110031798473995e-18
1.2116786462960269e-18
1.4795839766765003e-18
1.835241845402294e-18
2.2717359305952007e-18
2.6679525856827536e-18
2.7639714135406423e-18
2.5045499295065224e-18
2.1269299588801464e-18
1.792262370183704e-18
1.531833688899533e-18
1.3338660386794665e-18
1.1820283433459672e-18
1.0633363855647273e-18
9.688370865561383e-19
8.920727462147005e-19
8.287777129553512e-19
7.757784232545323e-19
7.308876978766138e-19
6.924120454424449e-19
6.5912860528988235e-19
6.300868977364018e-19
