4.5154724742890724e-24
4.513545706330359e-24
4.511583687585501e-24
4.509579892475112e-24
4.507527914061658e-24
4.505421432360944e-24
4.5032541844077486e-24
4.501019935880015e-24
4.49871245409458e-24
4.496325482207881e-24
4.493852714461189e-24
4.4912877723237526e-24
4.488624181399354e-24
4.485855348961562e-24
4.4829745420069206e-24
4.4799748657041395e-24
4.476849242138503e-24
4.473590389250502e-24
4.470190799870737e-24
4.466642720764558e-24
4.46293813159421e-24
4.45906872372345e-24
4.455025878774497e-24
4.450800646869282e-24
4.4463837244730556e-24
4.441765431769506e-24
4.436935689494874e-24
4.431883995158107e-24
4.426599398580202e-24
4.421070476676638e-24
4.41528530741808e-24
4.409231442896597e-24
4.402895881426175e-24
4.396265038604933e-24
4.3893247172702076e-24
4.382060076267148e-24
4.374455597959199e-24
4.366495054401358e-24
4.358161472097555e-24
4.34943709525986e-24
4.340303347487453e-24
4.330740791775019e-24
4.320729088766757e-24
4.31024695315754e-24
4.2992721081490885e-24
4.287781237860882e-24
4.275749937591254e-24
4.263152661824608e-24
4.2499626698687236e-24
4.2361519690120255e-24
4.221691255075152e-24
4.206549850234575e-24
4.1906956379878445e-24
4.1740949951235715e-24
4.156712720555221e-24
4.138511960872681e-24
4.119454132460166e-24
4.0994988400167784e-24
4.078603791321691e-24
4.056724708067534e-24
4.033815232586994e-24
4.009826830288028e-24
3.98470868760832e-24
3.9584076052909356e-24
3.930867886782275e-24
3.902031221540784e-24
3.871836563047099e-24
3.84022000129815e-24
3.807114629565732e-24
3.7724504051995375e-24
3.7361540042566416e-24
3.698148669740739e-24
3.65835405324432e-24
3.6166860498016475e-24
3.573056625776984e-24
3.5273736396450564e-24
3.4795406555608436e-24
3.4294567496756146e-24
3.377016309238046e-24
3.322108824629574e-24
3.2646186746388706e-24
3.2044249054940742e-24
3.141401004466814e-24
3.0754146692680332e-24
3.0063275750395256e-24
2.9339951415502553e-24
2.858266304371669e-24
2.778983295490872e-24
2.695981441278621e-24
2.6090889894031266e-24
2.5181269818377516e-24
2.4229091996918372e-24
2.3232422191366666e-24
2.2189256395812016e-24
2.1097525815833613e-24
1.995510614122674e-24
1.8759833810261138e-24
1.750953399047423e-24
1.6202068909958413e-24
1.4835423110563473e-24
1.340785934731894e-24
1.1918218772796666e-24
1.0366540685645988e-24
8.755466616935308e-25
7.093844278807166e-25
5.407702277119062e-25
3.7824748523029152e-25
2.5678136989860454e-25
2.6251942746818125e-25
4.0593001630944875e-25
6.076900434270262e-25
8.345094057965022e-25
1.0782724328688024e-24
1.3366169978439217e-24
1.60888964798766e-24
1.895084511215383e-24
2.1954930813739426e-24
2.5105676159786424e-24
2.8408610956607912e-24
3.1869985347085256e-24
3.549662534447969e-24
3.9295858738876715e-24
4.3275478319245185e-24
4.7443726151522976e-24
5.180929044281516e-24
5.6381310363199845e-24
6.1169386193666775e-24
6.618359325618629e-24
7.143449869558318e-24
7.693318054571197e-24
8.269124872746081e-24
8.872086776813952e-24
9.503478111144602e-24
1.0164633695259019e-23
1.0856951556680559e-23
1.1581895812809417e-23
1.2340999703769318e-23
1.313586877907662e-23
1.3968184242338232e-23
1.4839706459597717e-23
1.5752278636540586e-23
1.6707830671782308e-23
1.7708383192507486e-23
1.8756051781092543e-23
1.9853051399798353e-23
2.100170102237863e-23
2.220442848300198e-23
2.3463775549313797e-23
2.4782403232079192e-23
2.616309734130776e-23
2.760877429729965e-23
2.9122487214634794e-23
3.070743226100826e-23
3.2366955312938073e-23
3.410455891659109e-23
3.5923909568471614e-23
3.7828845329947457e-23
3.982338378396431e-23
4.1911730372316365e-23
4.4098287087351906e-23
4.6387661594423774e-23
4.8784676721358734e-23
5.129438043483427e-23
5.392205621913482e-23
5.667323395771296e-23
5.955370128083966e-23
6.25695154382557e-23
6.572701572385841e-23
6.903283639178517e-23
7.249392023258886e-23
7.61175326975775e-23
7.991127665540272e-23
8.388310786148299e-23
8.804135097435942e-23
9.239471651042777e-23
9.695231816943983e-23
1.0172369141423745e-22
1.0671881236571276e-22
1.119481178999924e-22
1.1742252631981025e-22
1.2315345911278869e-22
1.2915286362839868e-22
1.354332365321598e-22
1.4200764846277266e-22
1.488897695271184e-22
1.5609389641164738e-22
1.6363497938270376e-22
1.7152865210351512e-22
1.7979126089719487e-22
1.8843989690494446e-22
1.9749242810727118e-22
2.0696753322945549e-22
2.168847378395786e-22
2.2726444888561087e-22
2.381279947584166e-22
2.4949766494322284e-22
2.613967495139991e-22
2.7384958160460416e-22
2.8688158242076924e-22
3.0051930616533203e-22
3.1479049163179795e-22
