1.2515166521937862e-12
1.2145494406611305e-12
1.1767295497254588e-12
1.1367951340018091e-12
1.0976519220905992e-12
1.055725634288636e-12
1.0196005414191548e-12
9.828142375540813e-13
9.485544532902207e-13
9.103677405568494e-13
8.778770636185543e-13
8.445982087779597e-13
8.12253786814531e-13
7.808100793761667e-13
7.492194746617552e-13
7.206498444168501e-13
6.915776354295907e-13
6.645747184846395e-13
6.377165064545257e-13
6.124310574624443e-13
5.863592095676927e-13
5.622494234085976e-13
5.398729633262273e-13
5.164424307700904e-13
4.956918128857383e-13
4.741499933168993e-13
4.546545619503797e-13
4.3465642816224514e-13
4.1639174974289895e-13
3.987059576868824e-13
3.8137427299694475e-13
3.6456733485611706e-13
3.4873856373824577e-13
3.3347726457672714e-13
3.1902333782009047e-13
3.0482922828472793e-13
2.91522288490534e-13
2.7852847518539413e-13
2.659664896070144e-13
2.5431109268935875e-13
2.427755163423933e-13
2.3173793333950856e-13
2.2133429802462866e-13
2.112660532002019e-13
2.0155103829495192e-13
1.923764428058429e-13
1.8354414059363339e-13
1.7508091094623022e-13
1.6695649112081415e-13
1.5914274141834578e-13
1.5177977079195272e-13
1.44589432927188e-13
1.3784617674182058e-13
1.3128980107617069e-13
1.2504561256526227e-13
1.1904475199737906e-13
1.1334050526220467e-13
1.0790724221336563e-13
1.026562044408479e-13
9.763993365017165e-14
9.28540144680088e-14
8.82860773262782e-14
8.391750627946068e-14
7.971841816017371e-14
7.572734127504375e-14
7.190620082582848e-14
6.82374765266357e-14
6.474060173772732e-14
6.138873075319918e-14
5.820180343282487e-14
5.513851336986359e-14
5.221438720254872e-14
4.942212722353939e-14
4.675622158711154e-14
4.4205751157920635e-14
4.176609510173521e-14
3.9441493115204e-14
3.7214292007920306e-14
3.5086799928301013e-14
3.305530350608952e-14
3.111125539490058e-14
2.925451312959969e-14
2.748066589447536e-14
2.5785919907156687e-14
2.4168452801643526e-14
2.2622080107008256e-14
2.1142884308581816e-14
1.9731922131979758e-14
1.838406209680179e-14
1.709534747933324e-14
1.586495803523963e-14
1.4690113897956816e-14
1.356711362909811e-14
1.2495305738667978e-14
1.1471034098670573e-14
1.0493093115914674e-14
9.558666639001068e-15
8.666958811568083e-15
7.815098581041452e-15
7.001550771046047e-15
6.224656828465649e-15
5.48317747453942e-15
4.774960770854335e-15
4.098983989145056e-15
3.4536815116747886e-15
2.8379583336678876e-15
2.250348768949041e-15
1.6900787961183185e-15
1.1565863633234836e-15
6.515768362715141e-16
2.0357797072512895e-16
3.4727162770938565e-16
7.752439929746348e-16
1.1949853892169039e-15
1.5975751366224476e-15
1.9823577208049558e-15
2.3497533655810893e-15
2.7001957091002544e-15
3.034501259428248e-15
3.353222313340866e-15
3.657050451244673e-15
3.946545542012793e-15
4.222337432063706e-15
4.485039244500283e-15
4.735191378167727e-15
4.973222113970834e-15
5.1997280917515435e-15
5.415204142555696e-15
5.61999826761226e-15
5.81464715628854e-15
5.999551164148034e-15
6.1749363798531685e-15
6.341485349561126e-15
6.499264999753568e-15
6.648685994815421e-15
6.790166751818129e-15
6.9238983179079715e-15
7.0502392448479e-15
7.169308876269717e-15
7.281532490932558e-15
7.387037299541431e-15
7.486056676144903e-15
7.578926382946673e-15
7.665597236808114e-15
7.746529060954213e-15
7.821681220452885e-15
7.891359805449713e-15
7.955605770232295e-15
8.014609550397365e-15
8.068508427556441e-15
8.117330512589152e-15
8.161263629691467e-15
8.200393489883174e-15
8.234745800129161e-15
8.264434516478071e-15
8.289502252332243e-15
8.310003133063362e-15
8.326091667961144e-15
8.337622938309889e-15
8.344801835390951e-15
8.347440538776952e-15
8.34570361729514e-15
8.339509077420318e-15
8.328868198274445e-15
8.313750858252856e-15
8.294174649020073e-15
8.269987326790096e-15
8.241239368062268e-15
8.207816511750553e-15
8.169655585105376e-15
8.126655621945024e-15
8.078811532604282e-15
8.02595914185618e-15
7.967968825954713e-15
7.904703123862546e-15
7.836063949772319e-15
7.761924788721615e-15
7.682090768295806e-15
7.596414127138313e-15
7.504685726172166e-15
7.40668793159147e-15
7.302284830889512e-15
7.191208217774963e-15
7.073192233727319e-15
6.9480431738797625e-15
6.815440342364004e-15
6.675118775444996e-15
6.5268084851212514e-15
6.3701550496564206e-15
6.2048353359326286e-15
6.030483587848431e-15
5.846744295583667e-15
5.653166987919954e-15
5.449425885080528e-15
5.2350067224466415e-15
5.009460530033644e-15
4.772331592766615e-15
4.523075197540999e-15
4.261196936975261e-15
3.986075177828637e-15
3.697176319095898e-15
