1.0725570574770709e-12
1.0625355332061897e-12
1.048034439024369e-12
1.0328597124634348e-12
1.0149919330720057e-12
9.955898548030674e-13
9.761914599327298e-13
9.547853932516832e-13
9.331480348027702e-13
9.09686263206638e-13
8.868411941563161e-13
8.633141232904899e-13
8.39005435020404e-13
8.150391406609294e-13
7.902758750260678e-13
7.66237295198061e-13
7.416970268929631e-13
7.17902311985852e-13
6.941077741479678e-13
6.704289543408729e-13
6.468372854756613e-13
6.234979857928148e-13
6.012950005291054e-13
5.78903444874342e-13
5.573139223388579e-13
5.355504916329355e-13
5.149816479888253e-13
4.943096032702731e-13
4.745788831637755e-13
4.552785464323288e-13
4.363772632498657e-13
4.1789826183517456e-13
4.0019468446585786e-13
3.8278519810676905e-13
3.6611102897468754e-13
3.498269072271059e-13
3.341986873710086e-13
3.1896351641429893e-13
3.0418043451092386e-13
2.90090325750155e-13
2.7629233621224247e-13
2.6300088546631194e-13
2.502575297893853e-13
2.379065856371124e-13
2.2599496451207162e-13
2.145445904943973e-13
2.0351036108825356e-13
1.9291095553310025e-13
1.8267270537094825e-13
1.728250755717866e-13
1.6339023263486643e-13
1.5426747862258616e-13
1.4556178230020593e-13
1.3715246090359626e-13
1.2908114325876215e-13
1.2133925637735352e-13
1.1389360179226372e-13
1.0677221256982745e-13
9.991716457785756e-14
9.334382074562979e-14
8.70427601535431e-14
8.100460580327627e-14
7.521021876689913e-14
6.965361543576873e-14
6.433064169613483e-14
5.923026781475884e-14
5.434174305626245e-14
4.966082836871759e-14
4.517455619229575e-14
4.087934026477194e-14
3.676443084891867e-14
3.282539288588792e-14
2.9055465691102605e-14
2.544526650704058e-14
2.1989942267837797e-14
1.8684468596341357e-14
1.5519894955405895e-14
1.2491888575648274e-14
9.594981436635181e-15
6.823668838331586e-15
4.172446165647586e-15
1.637813903146836e-15
7.96740597896289e-16
3.1126246013509583e-15
5.330968031839487e-15
7.452816596912992e-15
9.481364703016372e-15
1.1421718781617092e-14
1.3276961937955874e-14
1.5050400650179578e-14
1.67457931182927e-14
1.836693963539839e-14
1.991582477399457e-14
2.139748466566467e-14
2.281313496298136e-14
2.4166344941513895e-14
2.545956412700323e-14
2.6695882168629165e-14
2.7876824356570308e-14
2.900572504775486e-14
3.008390163520709e-14
3.111583610458811e-14
3.210126030533821e-14
3.304275476971406e-14
3.39413440433249e-14
3.4801633364877505e-14
3.562268438306337e-14
3.640677470893088e-14
3.715674440374177e-14
3.787259539936933e-14
3.8557589208299095e-14
3.9211608624046536e-14
3.983543650320043e-14
4.0432522156203047e-14
4.10020793345615e-14
4.15464937108138e-14
4.20666308896194e-14
4.2563213295933526e-14
4.303900783049405e-14
4.3491768179921846e-14
4.392468094571965e-14
4.433843355494072e-14
4.4733827437976876e-14
4.511127991825524e-14
4.5471858001867424e-14
4.581609816434911e-14
4.614467210276347e-14
4.645894488194475e-14
4.67586522018019e-14
4.704539318866931e-14
4.731861315925004e-14
4.757989360428234e-14
4.7830121600303566e-14
4.806816964846491e-14
4.8295378075272513e-14
4.8513167648840995e-14
4.8720630213311504e-14
4.891928915152878e-14
4.9107915635289353e-14
4.9289075232171616e-14
4.9461237501478634e-14
4.962585877887394e-14
4.9783511253555485e-14
4.993373143398476e-14
5.007732949598686e-14
5.021387507869074e-14
5.034449154987991e-14
5.046934998936398e-14
5.0588485005505855e-14
5.070236318863998e-14
5.0810391431489963e-14
5.091399494603397e-14
5.101294094866668e-14
5.110697804110856e-14
5.1196841676884125e-14
5.12830536017248e-14
5.136416961404343e-14
5.144249376956965e-14
5.151674127985299e-14
5.1588054724775254e-14
5.1655360281024894e-14
5.1720140576983436e-14
5.1781577383912325e-14
5.1840052014048874e-14
5.189583800632741e-14
5.194904378870189e-14
5.1999760650324685e-14
5.204760574440114e-14
5.2093710178208055e-14
5.213699923061001e-14
5.21785374663049e-14
5.2217554808459166e-14
5.2255151139849954e-14
5.2290609371866407e-14
5.2324210116734524e-14
5.235603546800259e-14
5.2386362307351855e-14
5.2414783151552446e-14
5.244184897111679e-14
5.2467522803516124e-14
5.249158408439661e-14
5.25141034387774e-14
5.253530287758208e-14
5.255533142692544e-14
5.257403221501898e-14
5.2591274511911434e-14
5.260771350448685e-14
5.26229581448285e-14
5.263694257439096e-14
5.264988593455141e-14
5.266163261903097e-14
5.2672486805273275e-14
5.268201703925565e-14
5.2690971601470445e-14
5.269866860455252e-14
5.270541415741009e-14
5.2711381448159707e-14
5.271602628021283e-14
5.2719987357479726e-14
5.272291287544892e-14
5.272505790439941e-14
