2.3710661455648156e-24
2.460148980783145e-24
2.54470295474563e-24
2.6248838677872397e-24
2.7008429636589076e-24
2.772726123500643e-24
2.8406733485045168e-24
2.9048184410534198e-24
2.965288823387785e-24
3.0222054519129512e-24
3.075682797920116e-24
3.1258288740425983e-24
3.1727452916329437e-24
3.2165273383250144e-24
3.257264067924286e-24
3.2950383968109977e-24
3.32992720252251e-24
3.36200142124528e-24
3.391326141733125e-24
3.417960693742121e-24
3.441958729495208e-24
3.463368297005353e-24
3.482231904309552e-24
3.498586573839893e-24
3.512463886273789e-24
3.523890013288948e-24
3.532885738705105e-24
3.539466467526585e-24
3.5436422224146316e-24
3.54541762711782e-24
3.5447918763795516e-24
3.5417586918174176e-24
3.536306263243799e-24
3.528417174853212e-24
3.5180683156709826e-24
3.505230773598639e-24
3.489869712351203e-24
3.471944230525528e-24
3.45140720198979e-24
3.428205096735613e-24
3.402277781294586e-24
3.37355829779387e-24
3.341972620714594e-24
3.3074393904425148e-24
3.2698696227655672e-24
3.229166393609422e-24
3.185224498534825e-24
3.1379300868986842e-24
3.0871602711620766e-24
3.0327827127287287e-24
2.9746551870354564e-24
2.9126251326340522e-24
2.846529192029361e-24
2.7761927565796333e-24
2.7014295346704746e-24
2.6220411729283826e-24
2.5378169766326757e-24
2.4485338013252428e-24
2.353956229122337e-24
2.2538372113995506e-24
2.147919474305188e-24
2.0359381825778476e-24
1.917625713918734e-24
1.7927200607794752e-24
1.6609796705422283e-24
1.5222101875074266e-24
1.3763143308858044e-24
1.2233896044037188e-24
1.0639325924725594e-24
8.993031664606108e-25
7.328914925438938e-25
5.733760950365719e-25
4.439993225884276e-25
3.973577360280488e-25
4.787051507734206e-25
6.572335501399201e-25
8.892102584447322e-25
1.1548801178464877e-24
1.4471137918315915e-24
1.763621161380438e-24
2.1041296772026068e-24
2.4693593253601595e-24
2.8606198123063026e-24
3.2796449265604663e-24
3.7285285708807575e-24
4.209710357109047e-24
4.7259893371545336e-24
5.280556921000087e-24
5.8770456848442804e-24
6.519593707261748e-24
7.21292591585092e-24
7.962455400444164e-24
8.774409125592649e-24
9.655984206470263e-24
1.0615543130718314e-23
1.1662859289910988e-23
1.2809428304860372e-23
1.4068866440359774e-23
1.54574257433047e-23
1.6994667704680817e-23
1.870435530946094e-23
2.0615650661369662e-23
2.2764747544890197e-23
2.5197134856018714e-23
2.7970794531917723e-23
3.1160816712664915e-23
3.4866222065421653e-23
3.922032684908866e-23
4.440699490980951e-23
5.0687072801636453e-23
5.844328957073408e-23
6.82605695474857e-23
8.10790343171774e-23
9.850925570241783e-23
1.235501776265349e-22
1.624538205724835e-22
2.305069456108615e-22
3.744353090439188e-22
7.379725530520773e-22
6.917789271043962e-22
3.7320555332424864e-22
2.461496856930932e-22
1.839311512213797e-22
1.4756550800539994e-22
1.2379565044857446e-22
1.0704800034652998e-22
9.459767006265071e-23
8.496095250961403e-23
7.726265403422455e-23
7.095369358824359e-23
6.567230570468564e-23
6.117045133286862e-23
5.727234080529402e-23
5.384984840163164e-23
5.08073110657956e-23
4.80717859287069e-23
4.558661045102991e-23
4.330702965009487e-23
4.1197155999681313e-23
3.9227811238053634e-23
3.7374965477825544e-23
3.561858935159549e-23
3.3941797191388147e-23
3.2330198836301903e-23
3.07714034160942e-23
2.9254635565808964e-23
2.7770436129956494e-23
2.63104274656902e-23
2.4867129203565072e-23
2.3433814613171415e-23
2.200440116800539e-23
2.0573372050178296e-23
1.9135728796558545e-23
1.768697999462264e-23
1.6223178616011042e-23
1.4741034872926013e-23
1.3238160799580503e-23
1.1713568071458214e-23
1.0168698772914417e-23
8.609689150443863e-24
7.052804836632376e-24
5.5390309705472464e-24
4.177415648066361e-24
3.2618336604409463e-24
3.304648002780662e-24
4.365818234958258e-24
5.993743453770135e-24
7.905046047800427e-24
9.992427895678399e-24
1.221576171422533e-23
1.455964134259329e-23
1.7018905288478327e-23
1.959321100463525e-23
2.2284760162236398e-23
2.5097249374513767e-23
2.803534823950226e-23
3.110442459415097e-23
3.4310394313596503e-23
3.7659637813970187e-23
4.115895422745968e-23
4.4815537886499635e-23
4.8636968612067523e-23
5.263121091303878e-23
5.680661918796925e-23
6.117194715219269e-23
6.573636037987048e-23
7.050945125537246e-23
7.550125588057956e-23
8.072227264584907e-23
8.618348227762857e-23
9.189636924599419e-23
9.787294446324662e-23
1.041257692380153e-22
1.1066798047296455e-22
1.1751331711137183e-22
1.246761478505915e-22
1.3217150015014097e-22
1.400150905697238e-22
1.4822335647867957e-22
1.5681348918335494e-22
1.658034685233241e-22
