1.2780111334816355e-09
1.3064187489750584e-09
1.2780111334816362e-09
9.114928109724399e-10
1.3062838301744099e-09
3.821950846828563e-10
1.3061489392372335e-09
1.3062838301744092e-09
1.3060140761572945e-09
3.8214889657020765e-10
1.2778848120872063e-09
1.3058792409227718e-09
1.277632242526009e-09
1.2773797705536795e-09
1.30547490221665e-09
1.2025470473967545e-09
3.791769756939706e-10
1.305879240922772e-09
1.2776322425260091e-09
9.110382826389398e-10
3.812702822091247e-10
1.2024417516654473e-09
1.2773797705536791e-09
3.8195272157210817e-10
9.107138939004349e-10
3.8188353141648775e-10
8.822122642254026e-10
3.789514940162151e-10
1.201915524799424e-09
1.305070813823389e-09
1.1020916487435064e-09
3.817452262805715e-10
1.3039944667607425e-09
1.2761188725929927e-09
1.2761188725915023e-09
3.816070212870173e-10
1.275615194601062e-09
1.2761188725915017e-09
1.201074433819226e-09
9.094832973115301e-10
1.2756151946010626e-09
1.274357698761074e-09
1.2010744338192256e-09
1.3026515270413257e-09
3.7827664290430577e-10
1.3026515270413255e-09
1.27410649043418e-09
1.3018470901194356e-09
1.2736043641880264e-09
1.1996051021823722e-09
1.3013113505739456e-09
3.807111223085e-10
9.179061195623767e-10
1.3010436461220673e-09
1.3005085675074121e-09
3.796711092759358e-10
3.795801322857374e-10
9.16841572018966e-10
1.2718499658427445e-09
3.737111227384686e-10
3.798878642353663e-10
1.1966762460195818e-09
1.1958418232860717e-09
3.787632934505716e-10
1.296509463670434e-09
9.045936262159126e-10
1.267857607258836e-09
1.2949167002012112e-09
3.759333336016699e-10
1.266366785382193e-09
1.2938570302356428e-09
1.2648793887134689e-09
1.1925147185570564e-09
1.2638896881407647e-09
1.2901618041224642e-09
1.2896356369897174e-09
1.1892044663113877e-09
1.260437635049554e-09
1.287535253213597e-09
1.285964449732318e-09
1.1863217308518731e-09
1.283875997523674e-09
1.283354943951081e-09
1.2828343131461742e-09
1.2802374825481033e-09
1.1826340671106608e-09
3.7345012920222054e-10
1.1801872466434406e-09
1.275075234637561e-09
1.0840029614413663e-09
3.723724189699468e-10
1.2448889713629678e-09
1.2429717509457913e-09
1.26791763508513e-09
3.702794592381e-10
1.2382038975269168e-09
3.634423724749456e-10
1.2598352915908252e-09
3.6795282544722763e-10
1.1633157206131826e-09
1.1609415560534552e-09
1.2498761193192691e-09
1.2459363994859524e-09
1.2469189991625344e-09
1.2194854141011903e-09
1.2381310030935275e-09
1.235229133554401e-09
3.599556946014235e-10
1.1414979152308648e-09
3.532862412854754e-10
1.2199793911578729e-09
1.1950780973287794e-09
1.2106380481987874e-09
1.2106380481987876e-09
1.1810614614920373e-09
1.1977979476776978e-09
8.350610863795962e-10
1.1673637780018725e-09
1.1816840739493018e-09
1.1572934595239521e-09
8.260675501258714e-10
8.137637270622822e-10
1.1360492772108418e-09
3.364759496388825e-10
8.014944896006865e-10
1.06737010797591e-09
1.1109320921334454e-09
1.0526857131259643e-09
1.0927995671231485e-09
1.0839499733874335e-09
1.0294553561157686e-09
1.0219241076116531e-09
9.462231452115578e-10
1.0597140019724954e-09
1.0456966210020183e-09
1.020523298162047e-09
1.0240241521787789e-09
9.607578059923557e-10
6.988166344539913e-10
6.910372775116096e-10
6.815057288589053e-10
9.50176256573545e-10
6.442907967787506e-10
8.754223852754571e-10
8.589894817901481e-10
8.448711806973956e-10
8.245102056011729e-10
8.05072381918347e-10
7.864987288548614e-10
7.969220216408642e-10
2.239955116219709e-10
5.155115348714652e-10
2.084417758168387e-10
6.74358989361751e-10
5.991741399418876e-10
5.345046453417843e-10
5.845294555035397e-10
5.30324145386009e-10
4.681283275342417e-10
4.87886174470749e-10
4.451276156941664e-10
3.978405157443383e-10
2.5383802330802167e-10
2.995870699607684e-10
2.69228775588711e-10
2.193213633366866e-10
1.643615325821312e-10
1.1021804577668829e-10
2.1503100507379252e-11
7.69559545509875e-12
6.103339834731597e-11
1.1739091497539718e-10
1.7682253609503905e-10
2.6281470926534144e-10
2.1746958085091306e-10
4.1174304451051384e-10
4.621919761307176e-10
4.0170053123750573e-10
6.676914235412489e-10
2.1904316114729756e-10
8.212081148718904e-10
9.39127319776807e-10
1.0568805420958892e-09
1.1625685962649803e-09
1.2487408311972918e-09
1.4116904383217614e-09
1.4815887269071185e-09
1.1556316345275678e-09
1.8131803795647977e-09
1.8570535922865081e-09
2.1025176741227323e-09
2.27168576283209e-09
1.6556758556397635e-09
7.638274449959228e-10
8.209207118062544e-10
2.920648032208909e-09
3.0982776099605663e-09
2.351776060303402e-09
1.0607759938652525e-09
3.88475010071668e-09
4.106735820730314e-09
