2.710825666996185e-25
1.888890007909566e-25
2.4693074570340805e-25
3.711912104703874e-25
5.056853646293191e-25
6.36777864034978e-25
7.607803881503736e-25
8.764814747116665e-25
9.834653782748148e-25
1.081621537315657e-24
1.1709690524671173e-24
1.2515838599262288e-24
1.3235650170252912e-24
1.3870177453019232e-24
1.4420443410493e-24
1.488739057871966e-24
1.5271851158182325e-24
1.5574529054737014e-24
1.5795988918383349e-24
1.5936649441136309e-24
1.5996779361732474e-24
1.5976495299956705e-24
1.587576095884581e-24
1.569438752218477e-24
1.5432035318563187e-24
1.5088217084748958e-24
1.4662303510119167e-24
1.4153532284778545e-24
1.3561022794382743e-24
1.288380027505051e-24
1.2120836446122247e-24
1.1271120144238465e-24
1.0333785559037704e-24
9.308358501108605e-25
8.195264980000009e-25
6.9969860557681625e-25
5.721033544633537e-25
4.38905834752877e-25
3.072028904879686e-25
2.0575672376836214e-25
2.1794305864193637e-25
3.4943044269105898e-25
5.289372475583424e-25
7.3190582528440235e-25
9.522073466504047e-25
1.1880842047126104e-24
1.439101777996149e-24
1.7053364576956886e-24
1.987105503646851e-24
2.2848612137409786e-24
2.5991443502610638e-24
2.9305619474333777e-24
3.2797762429390325e-24
3.647499130703061e-24
4.034489557881099e-24
4.441552596008011e-24
4.869539523802093e-24
5.319348559385955e-24
5.7919260360812035e-24
6.2882679011507886e-24
6.809421465199596e-24
7.356487358344668e-24
7.930621666503158e-24
8.533038231930249e-24
9.165011109089562e-24
9.827877171536618e-24
1.0523038868642456e-23
1.1251967133197324e-23
1.2016204442548285e-23
1.2817368037141586e-23
1.3657153301299137e-23
1.4537337311838618e-23
1.5459782560812592e-23
1.6426440859231912e-23
1.7439357429169106e-23
1.8500675192146244e-23
1.9612639262194427e-23
2.0777601652449667e-23
2.199802620461586e-23
2.3276493751112615e-23
2.4615707520195134e-23
2.6018498794834936e-23
2.748783283665107e-23
2.902681508669095e-23
3.0638697655413e-23
3.23268861147487e-23
3.409494660571075e-23
3.5946613275586714e-23
3.7885796059372807e-23
3.9916588820719185e-23
4.204327786831987e-23
4.4270350864332015e-23
4.660250614211171e-23
4.904466245125912e-23
5.1601969148699753e-23
5.427981685529114e-23
5.70838485982009e-23
6.00199714601339e-23
6.309436875727133e-23
6.631351276864201e-23
6.968417804050899e-23
7.321345529021908e-23
7.690876593485864e-23
8.077787727098715e-23
8.482891833260784e-23
8.907039645550121e-23
9.351121457695894e-23
9.816068930093813e-23
1.0302856975952982e-22
1.0812505730267474e-22
1.1346082604887942e-22
1.190470443307036e-22
1.248953970695694e-22
1.3101810911541684e-22
1.3742796958742491e-22
1.4413835725289218e-22
1.5116326698196518e-22
1.585173373166222e-22
1.6621587919275056e-22
1.7427490585460972e-22
1.8271116400130533e-22
1.9154216620489464e-22
2.007862246398009e-22
2.1046248616286784e-22
2.2059096878292714e-22
2.311925995579331e-22
2.4228925395649935e-22
2.5390379671945665e-22
2.660601242547526e-22
2.787832085969781e-22
2.920991429595631e-22
3.0603518890445916e-22
3.2061982514949376e-22
3.3588279802862996e-22
3.51855173614749e-22
3.6856939150689685e-22
3.8605932027649377e-22
4.0436031455712897e-22
4.2350927375186384e-22
4.435447023194853e-22
4.645067715868353e-22
4.864373830178295e-22
5.093802328512267e-22
5.333808779983249e-22
5.584868030667954e-22
5.847474883509656e-22
6.122144785966488e-22
6.40941452315124e-22
6.709842913814044e-22
7.024011506076078e-22
7.352525269336321e-22
7.696013278218687e-22
8.055129383823251e-22
8.430552866827382e-22
8.822989066255705e-22
9.233169976871754e-22
9.661854807174872e-22
1.0109830489001696e-21
1.0577912128517748e-21
1.1066943387145403e-21
1.1577796779592175e-21
1.2111373874582062e-21
1.2668605382238858e-21
1.325045111027789e-21
1.3857899769160006e-21
1.449196860425524e-21
1.5153702830777534e-21
1.5844174844857658e-21
1.6564483181464348e-21
1.7315751187230906e-21
1.809912537340973e-21
1.8915773411180634e-21
1.97668817286885e-21
2.0653652666028637e-21
2.157730114160789e-21
2.2539050780477683e-21
2.3540129452490002e-21
2.4581764166233433e-21
2.5665175262563637e-21
2.679156985075286e-21
2.7962134429809137e-21
2.917802663857298e-21
3.0440366079999984e-21
3.1750224169173562e-21
3.3108612960066286e-21
3.4516472913923064e-21
3.597465958301829e-21
3.7483929196830495e-21
3.904492315459722e-21
4.0658151448802364e-21
4.232397506866577e-21
4.404258746098117e-21
4.581399515857728e-21
4.76379977235901e-21
4.9514167192458224e-21
5.144182725466285e-21
5.342003244128836e-21
5.544754764837515e-21
5.752282836515924e-21
5.964400202215321e-21
6.180885091226013e-21
