5.40982060220482e-23
5.412881662457308e-23
5.415701405890302e-23
5.418285816136606e-23
5.420640377330633e-23
5.422770085760623e-23
5.42467946048156e-23
5.426372552912729e-23
5.427852955444288e-23
5.429123809063718e-23
5.430187810027009e-23
5.431047215579906e-23
5.431703848750215e-23
5.432159102213859e-23
5.432413941246991e-23
5.432468905770736e-23
5.432324111488123e-23
5.43197925012408e-23
5.431433588758027e-23
5.430685968257914e-23
5.429734800805029e-23
5.428578066509226e-23
5.427213309101233e-23
5.425637630697377e-23
5.423847685629099e-23
5.421839673310808e-23
5.419609330145768e-23
5.417151920440723e-23
5.414462226318767e-23
5.411534536599525e-23
5.408362634632903e-23
5.404939785049448e-23
5.40125871940741e-23
5.397311620698022e-23
5.393090106682642e-23
5.388585212019607e-23
5.383787369144571e-23
5.378686387862434e-23
5.373271433606114e-23
5.36753100431594e-23
5.361452905884124e-23
5.355024226120469e-23
5.348231307171293e-23
5.34105971633647e-23
5.333494215220593e-23
5.325518727150861e-23
5.317116302782079e-23
5.308269083824359e-23
5.298958264803504e-23
5.2891640527705993e-23
5.2788656248751944e-23
5.268041083696868e-23
5.2566674102484294e-23
5.2447204145260834e-23
5.232174683512184e-23
5.219003526494604e-23
5.2051789175898305e-23
5.190671435325366e-23
5.1754501991452024e-23
5.159482802691017e-23
5.142735243688382e-23
5.125171850284445e-23
5.106755203640385e-23
5.087446056602444e-23
5.0672032482380924e-23
5.0459836140204203e-23
5.023741891432627e-23
5.000430620739339e-23
4.9760000406554484e-23
4.950397978629528e-23
4.923569735422602e-23
4.8954579636533604e-23
4.8660025399350964e-23
4.835140430208026e-23
4.8028055478279e-23
4.768928603924031e-23
4.733436949496715e-23
4.6962544086469914e-23
4.6573011022850925e-23
4.616493261545168e-23
4.5737430300613354e-23
4.528958254115085e-23
4.4820422595187083e-23
4.4328936139133897e-23
4.381405872920825e-23
4.327467308304109e-23
4.270960615921186e-23
4.211762600788293e-23
4.1497438359658105e-23
4.0847682912127135e-23
4.0166929263267324e-23
3.945367242747414e-23
3.87063278521279e-23
3.7923225828350884e-23
3.7102605156677287e-23
3.6242605882875324e-23
3.5341260855455994e-23
3.439648576639661e-23
3.3406067206783515e-23
3.236764807993252e-23
3.127870943297163e-23
3.013654734205921e-23
2.893824282811538e-23
2.7680621739857524e-23
2.6360199855614164e-23
2.4973105647805606e-23
2.3514968328219198e-23
2.198075019936519e-23
2.0364486407456483e-23
1.865886426029134e-23
1.6854510885668697e-23
1.4938719644874814e-23
1.2893020359862154e-23
1.0688163778252328e-23
8.272739943994135e-24
5.5448451971799445e-24
2.3099175989980786e-24
3.1781348659929405e-24
1.9189765622090504e-23
1.505244567754437e-23
2.5291263235159434e-24
3.1336864376315716e-24
7.005299851684157e-24
1.063943743739772e-23
1.4220223789419702e-23
1.7841867904806932e-23
2.1554582731229848e-23
2.538921960528199e-23
2.9367334655755996e-23
3.350570234506404e-23
3.781853578575355e-23
4.231866825231354e-23
4.7018225518159074e-23
5.192903182209657e-23
5.706286879271771e-23
6.243164952136683e-23
6.804754185871613e-23
7.392306042911935e-23
8.007113894500024e-23
8.650518993785384e-23
9.32391564135366e-23
1.0028755836845147e-22
1.0766553613102808e-22
1.1538889187719322e-22
1.2347413026989007e-22
1.319384989099626e-22
1.4080002910976058e-22
1.5007757738134131e-22
1.597908679487994e-22
1.6996053653803876e-22
1.8060817565711312e-22
1.917563815539054e-22
2.0342880301795978e-22
2.156501921819864e-22
2.284464574689845e-22
2.4184471882726032e-22
2.5587336539249564e-22
2.705621157159295e-22
2.859420806983739e-22
3.020458293726116e-22
3.1890745767913007e-22
3.365626603846298e-22
3.5504880629745924e-22
3.744050169388069e-22
3.9467224883504493e-22
4.158933796022908e-22
4.38113298001197e-22
4.613789981474146e-22
4.857396780702937e-22
5.1124684282078485e-22
5.379544123377332e-22
5.659188342906293e-22
5.951992021261017e-22
6.258573785551919e-22
6.5795812472802905e-22
6.915692353538813e-22
7.267616800345427e-22
7.6360975109110295e-22
8.021912181746496e-22
8.425874899664075e-22
8.848837832817345e-22
9.291692999087506e-22
9.755374115246942e-22
1.024085853047093e-21
1.0749169247918713e-21
1.1281377038256613e-21
1.1838602649151845e-21
1.2422019114923023e-21
1.303285417071463e-21
1.3672392775713046e-21
1.4341979750125912e-21
1.504302253080418e-21
1.577699405060383e-21
1.6545435746747472e-21
1.734996070368731e-21
1.819225693613449e-21
1.9074090818163906e-21
1.999731066452783e-21
2.0963850470500082e-21
2.197573381687287e-21
2.303507794688194e-21
