3.018132085343337e-10
2.952034190347488e-10
2.8916468506375675e-10
2.833670247439245e-10
2.762487217727313e-10
2.689352207581096e-10
2.614261067473461e-10
2.573269720110236e-10
2.5164521962348203e-10
2.4550653997692746e-10
2.3982322495889253e-10
2.346845963933609e-10
2.2923352773694213e-10
2.2402350454136564e-10
2.188815786000932e-10
2.1335861956351791e-10
2.0816091564653613e-10
2.040727391425661e-10
1.9952198268243243e-10
1.942048004085067e-10
1.9005105875313715e-10
1.8553321285513148e-10
1.813260557050369e-10
1.7780150814846327e-10
1.7388709489426935e-10
1.6909717404474352e-10
1.6539891831379867e-10
1.6130352750802125e-10
1.5799102538580467e-10
1.5474309195135715e-10
1.5101408612780602e-10
1.4727242975522626e-10
1.4416591336599009e-10
1.4034496042067503e-10
1.3761273034593842e-10
1.338853174568416e-10
1.311833397364271e-10
1.2820049676615692e-10
1.250960475289873e-10
1.2236206091202171e-10
1.1938528434009534e-10
1.1653292325651675e-10
1.1417452947128198e-10
1.1129485339851268e-10
1.0855429558191481e-10
1.0638500053719071e-10
1.038657634176903e-10
1.015614834498859e-10
9.895907350170402e-11
9.675242251290744e-11
9.474725222362528e-11
9.202268801142897e-11
9.03664614186169e-11
8.788015692236634e-11
8.596775510927536e-11
8.383395088315413e-11
8.206886465188382e-11
7.997791778641331e-11
7.810850365327342e-11
7.633409136848792e-11
7.45499992404032e-11
7.268228541295566e-11
7.10695826723177e-11
6.92854032848192e-11
6.771633225752475e-11
6.612329968488938e-11
6.45533905851079e-11
6.297143597300922e-11
6.143223663927002e-11
6.010051956066231e-11
5.851246458000208e-11
5.709068136990066e-11
5.56893759179615e-11
5.442933509995776e-11
5.305562111712182e-11
5.17157783936003e-11
5.05296900086653e-11
4.9294706237975844e-11
4.808573600755212e-11
4.692825408599707e-11
4.574888515174712e-11
4.4620279165275e-11
4.3439211973306686e-11
4.2330788925595247e-11
4.132242098670399e-11
4.032044997279886e-11
3.920215554671714e-11
3.826519599688703e-11
3.72878638460034e-11
3.632423209898684e-11
3.5362770155087354e-11
3.446856802605253e-11
3.358812103467572e-11
3.2669962690889765e-11
3.1834998005166924e-11
3.102178448197017e-11
3.014157789676791e-11
2.937972981308963e-11
2.856501092347368e-11
2.7798680757443733e-11
2.7051493324216655e-11
2.631824766960489e-11
2.5598203218892848e-11
2.4875972207568664e-11
2.41901883068345e-11
2.3498905004767947e-11
2.282782559730407e-11
2.2167329082318635e-11
2.1555289264886286e-11
2.0905737661641784e-11
2.0306608809479883e-11
1.971371933476258e-11
1.9129751417744683e-11
1.857352201556087e-11
1.7993061900249228e-11
1.7451042570108965e-11
1.692933463608777e-11
1.639496405819195e-11
1.587323886953698e-11
1.538643201399256e-11
1.4909834709211252e-11
1.443246662619639e-11
1.3965054592701043e-11
1.3497984605963872e-11
1.3069964516895866e-11
1.2639007221408022e-11
1.2211605710230363e-11
1.1792673796000562e-11
1.1404721451887055e-11
1.1010624133518998e-11
1.0629093584445053e-11
1.0257516200582498e-11
9.894383537002498e-12
9.544475252483091e-12
9.203266662355369e-12
8.86958914204929e-12
8.54608766655633e-12
8.235815450726806e-12
7.930281674636684e-12
7.632323101794551e-12
7.344452155615752e-12
7.0618540694331805e-12
6.7907991378862865e-12
6.52628972113247e-12
6.271152747164339e-12
6.02576808518255e-12
5.784000912098783e-12
5.5538483838396475e-12
5.3257128552846045e-12
5.109288613573436e-12
4.898469702172435e-12
4.696283422285597e-12
4.496401622282575e-12
4.306794614998346e-12
4.124047720377528e-12
3.947689762578032e-12
3.7752898682818e-12
3.611060823638815e-12
3.450496149654038e-12
3.296268121651141e-12
3.1486149342191903e-12
3.0057875956415188e-12
2.868645675625559e-12
2.735845798154647e-12
2.6081149160115767e-12
2.4854152010908176e-12
2.3672722670199224e-12
2.2535941177001843e-12
2.1442903610781276e-12
2.039068848816917e-12
1.938450902694236e-12
1.8414922538631396e-12
1.7481624918386917e-12
1.6589948668926501e-12
1.5733272034633843e-12
1.4910110313983762e-12
1.4118410167393161e-12
1.3362834459944676e-12
1.2635231087463556e-12
1.1938592925130272e-12
1.1272482872797913e-12
1.0633710046388795e-12
1.002203422044857e-12
9.43654305387966e-13
8.876285827383866e-13
8.340374337318364e-13
7.828335643899158e-13
7.338232495105145e-13
6.86979850599124e-13
6.422701044994428e-13
5.995795642220838e-13
5.588215039320335e-13
5.20023536722372e-13
4.8294751956203e-13
4.4768299983995114e-13
4.1410167646585404e-13
3.821506262933438e-13
3.5178734717953993e-13
3.229148417649084e-13
2.9555152773434397e-13
2.6960615748397985e-13
