3.920156514827203e-23
3.9202337839542944e-23
3.9203068906645665e-23
3.920375989792689e-23
3.9204412276932537e-23
3.920502742549512e-23
3.920560664664681e-23
3.9206151167369623e-23
3.9206662141183845e-23
3.920714065058032e-23
3.920758770930847e-23
3.9208004264512974e-23
3.920839119873526e-23
3.920874933177503e-23
3.920907942242232e-23
3.920938217006017e-23
3.9209658216139627e-23
3.920990814553648e-23
3.921013248778352e-23
3.921033171819251e-23
3.9210506258852187e-23
3.921065647952612e-23
3.921078269842711e-23
3.9210885182891915e-23
3.9210964149944205e-23
3.921101976674929e-23
3.9211052150972895e-23
3.9211061371018807e-23
3.92110474461791e-23
3.9211010346669226e-23
3.9210949993562264e-23
3.9210866258622144e-23
3.9210758964028274e-23
3.921062788199596e-23
3.9210472734290244e-23
3.9210293191640677e-23
3.921008887303441e-23
3.920985934490561e-23
3.9209604120224877e-23
3.9209322657449986e-23
3.920901435938785e-23
3.920867857192036e-23
3.9208314582614184e-23
3.9207921619213776e-23
3.920749884799498e-23
3.920704537200535e-23
3.920656022914558e-23
3.920604239013457e-23
3.920549075633227e-23
3.9204904157387027e-23
3.9204281348775673e-23
3.920362100913468e-23
3.9202921737481035e-23
3.920218205021806e-23
3.920140037799879e-23
3.920057506238751e-23
3.919970435233385e-23
3.9198786400464137e-23
3.919781925915743e-23
3.919680087639875e-23
3.919572909144642e-23
3.9194601630205815e-23
3.919341610044655e-23
3.919216998667693e-23
3.919086064481951e-23
3.9189485296624944e-23
3.91880410237077e-23
3.9186524761399214e-23
3.918493329222699e-23
3.918326323904998e-23
3.918151105791827e-23
3.917967303053002e-23
3.917774525633084e-23
3.9175723644207773e-23
3.9173603903851695e-23
3.9171381536525546e-23
3.916905182560729e-23
3.9166609826588553e-23
3.9164050356401647e-23
3.91613679825076e-23
3.9158557011377265e-23
3.91556114763483e-23
3.915252512486026e-23
3.914929140526639e-23
3.9145903452797033e-23
3.914235407501868e-23
3.913863573649945e-23
3.9134740542759357e-23
3.913066022345952e-23
3.9126386114846063e-23
3.912190914122738e-23
3.911721979568518e-23
3.911230811974121e-23
3.9107163682310017e-23
3.9101775557229207e-23
3.9096132300121e-23
3.9090221923908026e-23
3.908403187345223e-23
3.907754899843191e-23
3.907075952540206e-23
3.9063649028664445e-23
3.905620239886959e-23
3.9048403811462987e-23
3.904023669215678e-23
3.9031683682073743e-23
3.90227266001752e-23
3.901334640485983e-23
3.9003523152891253e-23
3.899323595605397e-23
3.898246293827517e-23
3.897118118657451e-23
3.895936670331043e-23
3.894699435447264e-23
3.893403781479249e-23
3.892046951310659e-23
3.89062605711591e-23
3.889138074266235e-23
3.8875798347561325e-23
3.8859480204724396e-23
3.8842391559359205e-23
3.882449600889797e-23
3.880575542430954e-23
3.878612986666871e-23
3.8765577503228847e-23
3.874405451463568e-23
3.87215150001426e-23
3.8697910880473176e-23
3.867319179020948e-23
3.864730497126266e-23
3.862019515720666e-23
3.8591804451009045e-23
3.856207220195962e-23
3.8530934871330706e-23
3.849832589476448e-23
3.846417553438468e-23
3.842841072827242e-23
3.839095492937384e-23
3.835172793685379e-23
3.8310645717715307e-23
3.826762022672471e-23
3.8222559206092434e-23
3.817536598052622e-23
3.812593925086877e-23
3.8074172859820464e-23
3.8019955554799265e-23
3.796317075050116e-23
3.790369625691973e-23
3.784140399942718e-23
3.7776159753062324e-23
3.770782281170889e-23
3.763624569147213e-23
3.7561273777242675e-23
3.7482744984585497e-23
3.740048937905549e-23
3.731432878433147e-23
3.722407638477893e-23
3.7129536270181335e-23
3.703050300371432e-23
3.6926761124088673e-23
3.681808464055453e-23
3.670423650706379e-23
3.658496805915877e-23
3.646001840598795e-23
3.6329113820799176e-23
3.619196707176872e-23
3.604827672089307e-23
3.58977263712314e-23
3.5739983921315253e-23
3.5574700713822684e-23
3.540151065568523e-23
3.522002930091676e-23
3.5029852863636046e-23
3.4830557183434737e-23
3.462169662516515e-23
3.440280284426274e-23
3.417338364484832e-23
3.3932921546489833e-23
3.368087241450396e-23
3.3416663960578083e-23
3.313969407843532e-23
3.28493291504195e-23
3.25449022384074e-23
3.2225710995056944e-23
3.1891015597890744e-23
3.154003647215974e-23
3.117195177226577e-23
3.0785894707154603e-23
3.038095060170677e-23
2.995615387702521e-23
2.951048433592269e-23
2.9042863639299304e-23
2.855215097166446e-23
2.803713849273482e-23
2.749654614731388e-23
2.692901607094913e-23
2.6333105700846335e-23
2.5707280979046003e-23
2.5049907290038006e-23
2.4359239887940835e-23
2.363341224859298e-23
2.2870421744416732e-23
