1.6059840824633457e-23
1.6345845553429293e-23
1.6617960579680967e-23
1.6876763322899126e-23
1.7122802948428612e-23
1.7356601532449936e-23
1.7578655169710032e-23
1.7789435026274897e-23
1.7989388339463137e-23
1.8178939367055678e-23
1.8358490287754488e-23
1.8528422054838282e-23
1.8689095204662928e-23
1.8840850621920188e-23
1.898401026304843e-23
1.9118877839492194e-23
1.9245739462236257e-23
1.9364864248803012e-23
1.9476504894237033e-23
1.9580898207134567e-23
1.9678265611889008e-23
1.976881361827645e-23
1.9852734259233055e-23
1.9930205497836236e-23
2.0001391604420936e-23
2.0066443504541832e-23
2.0125499098393737e-23
2.0178683552645482e-23
2.0226109565058633e-23
2.0267877602570334e-23
2.030407611328024e-23
2.0334781712721462e-23
2.0360059345135537e-23
2.0379962419366585e-23
2.039453292058259e-23
2.0403801497335044e-23
2.0407787524233332e-23
2.0406499140785283e-23
2.03999332658744e-23
2.038807558827403e-23
2.0370900533041895e-23
2.0348371203716176e-23
2.0320439300022587e-23
2.0287045011079e-23
2.0248116883810727e-23
2.020357166600642e-23
2.0153314124042257e-23
2.0097236834616842e-23
2.0035219949647033e-23
1.9967130934609894e-23
1.9892824279064038e-23
1.9812141178703463e-23
1.972490918838965e-23
1.9630941845353158e-23
1.9530038261469325e-23
1.9421982683970668e-23
1.9306544022926087e-23
1.9183475345357425e-23
1.905251333361139e-23
1.891337770787224e-23
1.8765770610280543e-23
1.8609375950085615e-23
1.84438587080809e-23
1.826886419767537e-23
1.808401728291565e-23
1.7888921548682085e-23
1.768315842406608e-23
1.7466286254044658e-23
1.7237839319591576e-23
1.6997326801601914e-23
1.6744231687826574e-23
1.6478009619565855e-23
1.6198087673753805e-23
1.5903863081528773e-23
1.5594701874541413e-23
1.5269937460667043e-23
1.4928869122960128e-23
1.4570760439274477e-23
1.4194837619269924e-23
1.3800287754507027e-23
1.3386256978996058e-23
1.2951848536975288e-23
1.2496120756255578e-23
1.2018084924273764e-23
1.151670307030261e-23
1.0990885656414691e-23
1.0439489190532569e-23
9.861313780805032e-24
9.25510067960403e-24
8.619529894184659e-24
7.953218030098651e-24
7.254716688619054e-24
6.522512111075699e-24
5.755027649029033e-24
4.950633049819321e-24
4.1076719817191464e-24
3.2245469638543227e-24
2.300036917044872e-24
1.3350923402148777e-24
3.665124419941365e-25
7.975591918640079e-25
1.9005491659020836e-24
3.0698920828784753e-24
4.298396532626395e-24
5.587298143013041e-24
6.939049554370359e-24
8.356530159465571e-24
9.842875519524017e-24
1.1401430262498789e-23
1.3035736028589424e-23
1.474953200385681e-23
1.6546760920001357e-23
1.843157792275664e-23
2.0408361240299085e-23
2.248172422023584e-23
2.4656528530834987e-23
2.693789848042879e-23
2.9331236451194877e-23
3.184223948863276e-23
3.447691711922116e-23
3.7241610479530475e-23
4.014301283517145e-23
4.318819164574897e-23
4.638461225779649e-23
4.9740163408085044e-23
5.326318466127977e-23
5.696249597569854e-23
6.08474296207426e-23
6.492786457830042e-23
6.921426379176299e-23
7.371771441147943e-23
7.844997142322272e-23
8.342350495967826e-23
8.865155162055201e-23
9.414817037247899e-23
9.992830328195833e-23
1.060078417510307e-22
1.1240369890014402e-22
1.191338884906865e-22
1.2621761152192692e-22
1.3367535099542183e-22
1.4152897606588087e-22
1.498018564620679e-22
1.5851898864264607e-22
1.6770713481269482e-22
1.7739497676874161e-22
1.8761328593441235e-22
1.9839511241863888e-22
2.0977599451066418e-22
2.2179419257446996e-22
2.3449094953749424e-22
2.479107824931262e-22
2.6210180935968086e-22
2.771161156134513e-22
2.9301016753021994e-22
3.0984527827732675e-22
3.2768813529749843e-22
3.466113989423753e-22
3.666943828596924e-22
3.880238310970264e-22
4.1069480679285606e-22
4.3481171268064335e-22
4.604894659078962e-22
4.878548566151131e-22
5.170481240188333e-22
5.482247892599618e-22
5.815578009307144e-22
6.1724005273490355e-22
6.554873511990339e-22
6.965419322371412e-22
7.406766478902739e-22
7.881999761358458e-22
8.394620543541481e-22
8.948619756775683e-22
9.548566886496252e-22
1.0199719043357578e-21
1.09081557712972e-21
1.1680946881814389e-21
1.2526363237619251e-21
1.3454143621782444e-21
1.4475836402921907e-21
1.5605241072138466e-21
1.6858985834524415e-21
1.8257292708772746e-21
1.982500505457166e-21
2.1592989054780388e-21
2.3600077759527834e-21
2.589582026664043e-21
2.854445190493593e-21
3.1630770035290143e-21
3.52690729179795e-21
3.961719868348304e-21
4.4899410093872015e-21
5.1445373997145606e-21
5.9760155138045965e-21
7.065828459196962e-21
8.554222300445238e-21
1.0704455871013059e-20
1.407327000693512e-20
2.006290711527949e-20
3.331840147446502e-20
