8.63402217065621e-23
8.6650913316584e-23
8.694377126657338e-23
8.721941712353804e-23
8.747843590774017e-23
8.772137733660562e-23
8.794875699334829e-23
8.816105742296832e-23
8.835872915771145e-23
8.85421916744884e-23
8.871183428671443e-23
8.886801697052228e-23
8.901107113048125e-23
8.914130030320879e-23
8.925898080201345e-23
8.936436230348399e-23
8.945766837847315e-23
8.953909696504411e-23
8.960882079048313e-23
8.966698773588e-23
8.971372115128291e-23
8.974912011626084e-23
8.977325964942413e-23
8.978619086781361e-23
8.978794109349443e-23
8.977851391145728e-23
8.97578891766024e-23
8.97260229678532e-23
8.968284749544751e-23
8.962827095467575e-23
8.956217732884532e-23
8.948442614243965e-23
8.939485215903002e-23
8.929326502877302e-23
8.917944888276836e-23
8.905316186995733e-23
8.891413564135926e-23
8.876207477750904e-23
8.859665615627505e-23
8.841752826346574e-23
8.822431044010165e-23
8.801659207200409e-23
8.779393170832222e-23
8.755585612148584e-23
8.730185929345026e-23
8.703140133500272e-23
8.674390732875914e-23
8.643876610185372e-23
8.611532891597598e-23
8.577290808006325e-23
8.541077547641463e-23
8.502816100111167e-23
8.462425091523711e-23
8.419818609880661e-23
8.374906020960481e-23
8.327591773640388e-23
8.277775195109338e-23
8.225350274342427e-23
8.170205434585064e-23
8.112223293368177e-23
8.051280409811995e-23
7.987247019401798e-23
7.919986753988973e-23
7.849356348371144e-23
7.775205331045335e-23
7.697375699497219e-23
7.615701578972731e-23
7.53000886395575e-23
7.440114841665821e-23
7.3458277956172e-23
7.246946591846297e-23
7.143260240670728e-23
7.0345474396658e-23
6.92057609230168e-23
6.801102802864002e-23
6.675872345902051e-23
6.544617110429753e-23
6.407056514214512e-23
6.262896391081433e-23
6.111828346152942e-23
5.953529080318934e-23
5.787659679784749e-23
5.613864870541705e-23
5.431772236406892e-23
5.24099139720162e-23
5.041113145823613e-23
4.8317085441139097e-23
4.6123279708659524e-23
4.3825001267277126e-23
4.1417309856410427e-23
3.8895027001003324e-23
3.625272452349491e-23
3.3484712558865417e-23
3.0585027089658887e-23
2.754741712392959e-23
2.4365331786951334e-23
2.103190809475934e-23
1.7539961561264532e-23
1.388198706019899e-23
1.0050201752624893e-23
6.0368415901036e-24
1.8389231599057007e-24
2.5866096244910604e-24
7.197340136820246e-24
1.2031967727744539e-23
1.7097679514939165e-23
2.2405114758942642e-23
2.796576187819117e-23
3.3791753842270046e-23
3.98958489362274e-23
4.6291447011629553e-23
5.299261654120591e-23
6.001412661722537e-23
6.737148201788852e-23
7.508096097208556e-23
8.31596552551282e-23
9.162551281433285e-23
1.0049738289472044e-22
1.0979506390629252e-22
1.1953935400872167e-22
1.2975210484930464e-22
1.4045627843921114e-22
1.5167600744238562e-22
1.6343665907027045e-22
1.757649032454288e-22
1.8868878448092627e-22
2.0223779840489777e-22
2.164429735939301e-22
2.31336957774268e-22
2.4695411037195277e-22
2.6333060037950173e-22
2.80504511345013e-22
2.985159529175188e-22
3.1740717985050375e-22
3.3722271946413925e-22
3.580095077340791e-22
3.7981703450488597e-22
4.0269749957333653e-22
4.267059797487083e-22
4.519006079554696e-22
4.78342764497548e-22
5.0609728564223595e-22
5.352326833858987e-22
5.658213867713911e-22
5.97939997561958e-22
6.31669570411607e-22
6.670959112715073e-22
7.04309903224349e-22
7.43407857433702e-22
7.844918937251505e-22
8.276703540931129e-22
8.730582513544162e-22
9.207777578801537e-22
9.709587366839908e-22
1.0237393216008308e-21
1.0792665507155251e-21
1.137697060220417e-21
1.1991978453144914e-21
1.263947084777311e-21
1.332135067306595e-21
1.4039651927657803e-21
1.4796550840305336e-21
1.5594378155807114e-21
1.6435632679088553e-21
1.7322996370859173e-21
1.8259351015297876e-21
1.924779692756371e-21
2.029167354313558e-21
2.1394582826268117e-21
2.2560415029599687e-21
2.3793377953863916e-21
2.5098029934545938e-21
2.6479316712813955e-21
2.794261325327312e-21
2.949377145665922e-21
3.113917425233331e-21
3.2885796968549354e-21
3.474127827918325e-21
3.671400064086443e-21
3.881318420636587e-21
4.1048994143065895e-21
4.343266610129234e-21
4.5976650793060386e-21
4.869478607136921e-21
5.160249395948635e-21
5.4717020596132285e-21
5.805771054288457e-21
6.16463423044672e-21
6.550752693312692e-21
6.966918793117278e-21
7.416313935159433e-21
7.902579604320584e-21
8.429904280030208e-21
9.003131080317779e-21
9.627891491786896e-21
1.031077333225545e-20
1.1059535703917218e-20
1.1883380899683744e-20
1.2793308896181139e-20
1.3802581864878756e-20
1.492734072955473e-20
