2.4604476794604774e-24
2.4590590500778023e-24
2.457835643293205e-24
2.4567609479927465e-24
2.455819958830046e-24
2.4549990461347862e-24
2.4542858362202584e-24
2.4536691013779263e-24
2.4531386588769994e-24
2.4526852783151652e-24
2.4523005967018033e-24
2.4519770406861148e-24
2.4517077553789895e-24
2.451486539250756e-24
2.451307784620055e-24
2.4511664232843627e-24
2.4510578768692756e-24
2.4509780115096985e-24
2.4509230965009377e-24
2.450889766585447e-24
2.4508749875688058e-24
2.450876024978883e-24
2.4508904155090184e-24
2.4509159410021106e-24
2.4509506047579422e-24
2.4509926099571062e-24
2.451040340018757e-24
2.4510923407202172e-24
2.4511473039218363e-24
2.4512040527554652e-24
2.4512615281433096e-24
2.4513187765312525e-24
2.4513749387233543e-24
2.4514292397194218e-24
2.4514809794652535e-24
2.4515295244288905e-24
2.4515742999300526e-24
2.4516147831533673e-24
2.451650496775497e-24
2.4516810031592587e-24
2.451705899049944e-24
2.4517248107353367e-24
2.4517373896207073e-24
2.451743308173921e-24
2.45174225621753e-24
2.451733937519865e-24
2.4517180666616714e-24
2.451694366150111e-24
2.451662563754319e-24
2.4516223900347686e-24
2.4515735760559584e-24
2.451515851245445e-24
2.451448941404982e-24
2.451372566830423e-24
2.451286440548602e-24
2.4511902666462875e-24
2.451083738676422e-24
2.4509665381369605e-24
2.450838333011511e-24
2.4506987763519032e-24
2.4505475049078602e-24
2.450384137784393e-24
2.450208275123064e-24
2.4500194968063334e-24
2.449817361163292e-24
2.449601403689976e-24
2.4493711357502494e-24
2.449126043297069e-24
2.448865585566833e-24
2.4485891937423842e-24
2.448296269633428e-24
2.447986184303357e-24
2.4476582766655387e-24
2.4473118520880436e-24
2.446946180901921e-24
2.4465604969402105e-24
2.4461539959740713e-24
2.4457258341775405e-24
2.4452751264620625e-24
2.4448009448540955e-24
2.444302316765564e-24
2.4437782232302915e-24
2.4432275971241094e-24
2.442649321284754e-24
2.4420422266412918e-24
2.441405090212941e-24
2.440736633187661e-24
2.4400355188102638e-24
2.4393003503288453e-24
2.438529668918787e-24
2.4377219514260885e-24
2.4368756083083722e-24
2.4359889813099187e-24
2.4350603412976512e-24
2.4340878860580182e-24
2.433069737997741e-24
2.432003942018778e-24
2.4308884632334557e-24
2.4297211849416517e-24
2.4284999064845933e-24
2.4272223413464785e-24
2.4258861151687656e-24
2.4244887642460094e-24
2.423027733731494e-24
2.421500376539136e-24
2.4199039521528732e-24
2.4182356260401554e-24
2.4164924690142113e-24
2.4146714577291354e-24
2.4127694749752413e-24
2.4107833108687692e-24
2.408709665125824e-24
2.4065451493455144e-24
2.4042862911519514e-24
2.40192953867931e-24
2.399471266915791e-24
2.3969077850644935e-24
2.3942353461685433e-24
2.391450157963979e-24
2.3885483966117966e-24
2.3855262227062025e-24
2.382379800555683e-24
2.3791053202076714e-24
2.3756990247430806e-24
2.372157240262199e-24
2.3684764125183708e-24
2.3646531492617034e-24
2.3606842685777106e-24
2.356566856162248e-24
2.3522983310257094e-24
2.3478765217047952e-24
2.343299753997699e-24
2.3385669538586323e-24
2.333677763639681e-24
2.3286326800626108e-24
2.3234332088789035e-24
2.3180820469526224e-24
2.3125832908471485e-24
2.306942679168254e-24
2.3011678691391376e-24
2.2952687567675068e-24
2.2892578494508643e-24
2.283150691512823e-24
2.2769663571006927e-24
2.2707280189857e-24
2.2644636054248962e-24
2.258206555131029e-24
2.251996688754015e-24
2.2458812157802282e-24
2.2399158893960775e-24
2.234166336934663e-24
2.228709584128126e-24
2.2236358102829923e-24
2.219050344924088e-24
2.2150759510595914e-24
2.2118554195997443e-24
2.2095545009709474e-24
2.2083652066229243e-24
2.2085094994303886e-24
2.2102433890850815e-24
2.2138614325102215e-24
2.219701627700875e-24
2.22815066151287e-24
2.239649450691595e-24
2.254698874821421e-24
2.2738655826485466e-24
2.2977876982909138e-24
2.3271802424526193e-24
2.362840048090172e-24
2.4056499664303433e-24
2.456582141216295e-24
2.5167001344147012e-24
2.5871597241126593e-24
2.6692080831849908e-24
2.7641809032517644e-24
2.873496725074741e-24
2.9986470399647964e-24
3.1411797801604e-24
3.302672345054888e-24
3.484688155981327e-24
3.688708176293881e-24
3.9160251919706854e-24
4.1675861749605425e-24
4.443764237927378e-24
4.74404454152462e-24
5.066615059690145e-24
5.4078777529571636e-24
5.761936876249606e-24
6.120191399077116e-24
6.4712344881735445e-24
6.801313581698579e-24
7.095547777291603e-24
7.339879420887538e-24
7.523383163888061e-24
7.640239056399659e-24
7.690675576842292e-24
7.680564168220095e-24
7.619910086690552e-24
7.520859356198437e-24
7.395862957095014e-24
7.256374876111069e-24
