3.904728920971873e-24
3.716640616549062e-24
3.540545679539052e-24
3.375843524280474e-24
3.221961914693427e-24
3.0783558566620377e-24
2.9445065174781572e-24
2.8199201711038993e-24
2.704127168999531e-24
2.596680936512604e-24
2.4971569956957557e-24
2.4051520157428607e-24
2.320282892861529e-24
2.242185861538162e-24
2.1705156394615723e-24
2.1049446083214566e-24
2.045162032243752e-24
1.9908733157903914e-24
1.9417993019476594e-24
1.8976756106964258e-24
1.8582520173725432e-24
1.8232918691443917e-24
1.7925715372910058e-24
1.765879902327458e-24
1.7430178679366004e-24
1.7237979000501574e-24
1.708043586691342e-24
1.6955892148413707e-24
1.686279360379241e-24
1.679968488375537e-24
1.676520560781305e-24
1.675808650341959e-24
1.677714559001798e-24
1.682128440982561e-24
1.6889484302348408e-24
1.6980802732396378e-24
1.7094369678367604e-24
1.7229384094059586e-24
1.7385110455119802e-24
1.756087540592974e-24
1.7756064513582658e-24
1.797011914422142e-24
1.8202533467545856e-24
1.845285159661149e-24
1.8720664867813205e-24
1.9005609263715265e-24
1.930736297809795e-24
1.9625644124664384e-24
1.996020858427049e-24
2.0310847990491396e-24
2.0677387845446227e-24
2.1059685764525318e-24
2.145762984221527e-24
2.187113713247427e-24
2.2300152242593022e-24
2.2744646027385638e-24
2.320461438259114e-24
2.36800771330726e-24
2.417107700306651e-24
2.46776786731101e-24
2.5199967907892405e-24
2.5738050762614166e-24
2.6292052849185857e-24
2.6862118669207374e-24
2.7448411006686885e-24
2.805111037359809e-24
2.8670414508086187e-24
2.9306537922430116e-24
2.9959711495964588e-24
3.0630182109971788e-24
3.1318212325445263e-24
3.202408009669038e-24
3.2748078521589306e-24
3.3490515627062235e-24
3.425171418650449e-24
3.503201156284223e-24
3.583175958939075e-24
3.665132447214366e-24
3.7491086714885605e-24
3.835144107919699e-24
3.923279655861457e-24
4.0135576379361145e-24
4.106021802332284e-24
4.200717327160804e-24
4.2976908262242884e-24
4.396990357880541e-24
4.498665434335895e-24
4.6027670339827676e-24
4.709347614655424e-24
4.8184611286941124e-24
4.930163039732192e-24
5.0445103412338884e-24
5.161561576265988e-24
5.281376858768256e-24
5.404017896315225e-24
5.5295480146147e-24
5.658032183049504e-24
5.789537041507172e-24
5.924130929379093e-24
6.061883914483631e-24
6.202867825059128e-24
6.3471562815505356e-24
6.494824730116415e-24
6.64595047910788e-24
6.800612733671439e-24
6.958892634554525e-24
7.120873296254434e-24
7.286639848016092e-24
7.4562794755661e-24
7.629881462840203e-24
7.807537237575569e-24
7.989340415947007e-24
8.175386849870386e-24
8.365774674993846e-24
8.560604361322766e-24
8.759978762414205e-24
8.964003169562722e-24
9.172785364131642e-24
9.386435674465514e-24
9.605067032094638e-24
9.828795028047935e-24
1.0057737976151022e-23
1.0292016970425601e-23
1.053175595155246e-23
1.0777081768204582e-23
1.1028124244932969e-23
1.1285016248975e-23
1.1547893760051172e-23
1.1816895942332157e-23
1.2092165213333198e-23
1.237384732394081e-23
1.266209142886193e-23
1.2957050172845282e-23
1.3258879758610673e-23
1.3567740042060288e-23
1.3883794607403437e-23
1.4207210855883258e-23
1.4538160094099678e-23
1.4876817621734517e-23
1.522336282698544e-23
1.5577979278623717e-23
1.5940854823376042e-23
1.6312181683870164e-23
1.669215655970166e-23
1.708098073384359e-23
1.7478860171809877e-23
1.7886005638364635e-23
1.830263280211251e-23
1.8728962350099762e-23
1.9165220107760135e-23
1.9611637146996233e-23
2.0068449924760878e-23
2.0535900391842393e-23
2.101423612722046e-23
2.1503710462317727e-23
2.2004582625053517e-23
2.2517117862442722e-23
2.3041587589328216e-23
2.3578269527340746e-23
2.4127447852262424e-23
2.4689413333241725e-23
2.526446350244103e-23
2.5852902800648263e-23
2.6455042722554117e-23
2.707120201732997e-23
2.7701706814069556e-23
2.834689080692171e-23
2.900709545613625e-23
2.968267011897711e-23
3.037397225783907e-23
3.108136762931448e-23
3.1805230467729456e-23
3.254594367170496e-23
3.3303899025601216e-23
3.407949736454731e-23
3.4873148838503215e-23
3.5685273061248115e-23
3.6516299367179266e-23
3.736666703535178e-23
3.823682549151004e-23
3.912723454830779e-23
4.0038364650220094e-23
4.0970697111833404e-23
4.1924724361795806e-23
4.290095018867952e-23
4.389989001990417e-23
4.4922071153400664e-23
4.596803304411145e-23
4.7038327587507114e-23
4.813351936048162e-23
4.9254185960219307e-23
5.040091827191983e-23
5.157432072342262e-23
5.2775011703315334e-23
5.400362371022257e-23
5.526080376960629e-23
5.65472137985574e-23
5.786353079796936e-23
5.921044732088491e-23
6.058867173769753e-23
6.199892856776076e-23
