4.763776443554091e-23
4.763790484698184e-23
4.7638029288182034e-23
4.763813802198884e-23
4.763823127802651e-23
4.763830925317949e-23
4.763837211199946e-23
4.763841998704608e-23
4.763845297916483e-23
4.763847115769439e-23
4.7638474560605437e-23
4.763846319457749e-23
4.7638437035012243e-23
4.7638396025970763e-23
4.7638340080058255e-23
4.763826907822408e-23
4.763818286951995e-23
4.763808127076805e-23
4.7637964066171606e-23
4.7637831006851266e-23
4.7637681810327017e-23
4.763751615990214e-23
4.7637333703987103e-23
4.763713405538494e-23
4.7636916790420174e-23
4.7636681448073315e-23
4.763642752898867e-23
4.763615449441196e-23
4.7635861765055356e-23
4.7635548719860726e-23
4.763521469468069e-23
4.7634858980872727e-23
4.763448082378394e-23
4.7634079421176365e-23
4.7633653921481056e-23
4.763320342204722e-23
4.7632726967145796e-23
4.7632223546054136e-23
4.763169209079741e-23
4.763113147392785e-23
4.763054050618282e-23
4.762991793387335e-23
4.762926243627271e-23
4.762857262284274e-23
4.762784703016856e-23
4.7627084118976833e-23
4.762628227086934e-23
4.7625439784704814e-23
4.7624554873291094e-23
4.7623625659278687e-23
4.7622650171429917e-23
4.7621626340302367e-23
4.762055199379235e-23
4.761942485275718e-23
4.761824252591643e-23
4.7617002505004643e-23
4.7615702159295884e-23
4.7614338730006456e-23
4.7612909324458636e-23
4.7611410910201795e-23
4.7609840308036564e-23
4.760819418587084e-23
4.7606469051148644e-23
4.760466124373015e-23
4.760276692796675e-23
4.760078208474756e-23
4.7598702502560847e-23
4.7596523769343565e-23
4.759424126189727e-23
4.759185013700685e-23
4.758934532163544e-23
4.758672150000172e-23
4.7583973105585415e-23
4.758109430522241e-23
4.757807899077994e-23
4.757492076320108e-23
4.757161292079149e-23
4.7568148443554323e-23
4.7564519979173114e-23
4.756071982733645e-23
4.755673992338488e-23
4.7552571819843863e-23
4.754820667082104e-23
4.754363521127451e-23
4.753884773719717e-23
4.7533834089114797e-23
4.7528583623715133e-23
4.752308519274301e-23
4.7517327129606186e-23
4.751129720578473e-23
4.750498262180734e-23
4.7498369973150716e-23
4.7491445217283177e-23
4.748419365192944e-23
4.7476599882111114e-23
4.7468647778808804e-23
4.7460320458389975e-23
4.745160023564847e-23
4.744246858998315e-23
4.7432906127699953e-23
4.7422892536791537e-23
4.741240654651927e-23
4.7401425881523416e-23
4.738992721542608e-23
4.7377886114337704e-23
4.736527699486938e-23
4.735207306422928e-23
4.733824626046457e-23
4.7323767197990655e-23
4.7308605099685054e-23
4.729272773570177e-23
4.727610135094618e-23
4.7258690594831153e-23
4.7240458442435665e-23
4.7221366122522986e-23
4.720137302532276e-23
4.718043661989403e-23
4.715851236492907e-23
4.7135553609318785e-23
4.711151149296409e-23
4.7086334843261526e-23
4.7059970063100095e-23
4.703236101813084e-23
4.700344891256283e-23
4.697317216281172e-23
4.694146626940456e-23
4.690826367190141e-23
4.6873493605015756e-23
4.683708194573137e-23
4.679895105863233e-23
4.675901961144832e-23
4.671720242047344e-23
4.667341024443375e-23
4.6627549608112e-23
4.657952258986794e-23
4.652922660870108e-23
4.647655420180798e-23
4.6421392788739937e-23
4.636362442821786e-23
4.630312555918421e-23
4.623976672397254e-23
4.6173412296283906e-23
4.6103920165349046e-23
4.603114143218579e-23
4.595492009327086e-23
4.587509266194062e-23
4.579148784642614e-23
4.570392613365307e-23
4.561221941836693e-23
4.5516170549459415e-23
4.54155729264384e-23
4.5310210011451903e-23
4.5199854847856874e-23
4.508426953985629e-23
4.4963204740987146e-23
4.483639904129275e-23
4.47035784170591e-23
4.456445559420504e-23
4.4418729352189416e-23
4.426608386182366e-23
4.410618797202096e-23
4.393869439827521e-23
4.376323893097921e-23
4.3579439583021654e-23
4.338689567756721e-23
4.318518690657872e-23
4.297387232023879e-23
4.275248929152888e-23
4.2520552345415836e-23
4.2277552065403366e-23
4.202295370664007e-23
4.175619602683188e-23
4.147668980951996e-23
4.118381641195726e-23
4.0876926109692127e-23
4.055533658854581e-23
4.021833102145527e-23
3.9865156344358744e-23
3.9495021119863895e-23
3.910709348824348e-23
3.870049898399219e-23
3.827431801716665e-23
3.782758315773579e-23
3.7359276771161186e-23
3.6868327714748483e-23
3.635360829867242e-23
3.5813930986186423e-23
3.524804437771763e-23
3.465462969047061e-23
3.403229588442132e-23
3.3379575715882224e-23
3.269491977189119e-23
3.1976691416230787e-23
3.122316057754938e-23
3.043249621631269e-23
2.9602759825778994e-23
2.8731895469254126e-23
2.7817721170284236e-23
2.685791713111909e-23
2.585001314189144e-23
2.4791374116347072e-23
