2.6403490321018953e-24
2.5928393639623846e-24
2.5504738923396125e-24
2.5130418033474724e-24
2.4803417674553774e-24
2.4521817469868594e-24
2.4283788205826537e-24
2.4087590186936837e-24
2.3931571648215508e-24
2.3814167172458883e-24
2.373389607334462e-24
2.3689360708567717e-24
2.367924469866101e-24
2.370231103721573e-24
2.3757400085493396e-24
2.384342745417327e-24
2.3959381780084455e-24
2.410432241337295e-24
2.427737703276219e-24
2.447773920966444e-24
2.4704665942642306e-24
2.495747518547755e-24
2.523554338715587e-24
2.5538303065584765e-24
2.58652404299348e-24
2.6215893066912725e-24
2.658984770278057e-24
2.698673805064893e-24
2.7406242748877805e-24
2.7848083397210543e-24
2.8312022691868525e-24
2.8797862660946374e-24
2.930544300028767e-24
2.98346395096188e-24
3.0385362623330288e-24
3.0957556036486085e-24
3.1551195421214343e-24
3.2166287229326993e-24
3.280286757871099e-24
3.3461001218348366e-24
3.414078056882514e-24
3.484232483296714e-24
3.556577917735228e-24
3.6311313973463745e-24
3.707912410365704e-24
3.786942832337959e-24
3.868246867682777e-24
3.9518509966500076e-24
4.0377839270955675e-24
4.126076550973184e-24
4.216761905265401e-24
4.309875137186647e-24
4.40545347348773e-24
4.503536193464453e-24
4.6041646059928146e-24
4.707382029737155e-24
4.813233776987967e-24
4.921767140807108e-24
5.033031385119454e-24
5.1470777379579894e-24
5.263959387635987e-24
5.383731481668469e-24
5.506451128398564e-24
5.632177401297709e-24
5.760971345749305e-24
5.892895988507425e-24
6.028016348988485e-24
6.166399453665431e-24
6.3081143521307334e-24
6.453232135638427e-24
6.601825957616569e-24
6.753971056391596e-24
6.909744780330892e-24
7.069226613952904e-24
7.232498207537027e-24
7.399643407157188e-24
7.570748287742954e-24
7.74590118767401e-24
7.925192744709785e-24
8.108715935113774e-24
8.296566113028313e-24
8.488841052642238e-24
8.685640992208215e-24
8.887068679134665e-24
9.093229417856945e-24
9.304231118741099e-24
9.52018434860401e-24
9.741202384539693e-24
9.96740126718801e-24
1.019889985807386e-23
1.0435819897251721e-23
1.0678286063569508e-23
1.0926426036269327e-23
1.1180370558828602e-23
1.1440253504464839e-23
1.1706211943691222e-23
1.1978386213338257e-23
1.2256919988332804e-23
1.2541960354932888e-23
1.2833657885092028e-23
1.3132166714962582e-23
1.3437644623522478e-23
1.375025311360599e-23
1.4070157496173953e-23
1.4397526974837332e-23
1.473253473603557e-23
1.5075358035571126e-23
1.5426178293159517e-23
1.5785181186951532e-23
1.6152556749206108e-23
1.6528499466898594e-23
1.6913208383175947e-23
1.7306887199864526e-23
1.770974438744529e-23
1.812199329003342e-23
1.8543852242051847e-23
1.8975544679076015e-23
1.941729925769407e-23
1.9869349973169395e-23
2.0331936283866937e-23
2.0805303238733558e-23
2.1289701602747842e-23
2.1785387991658226e-23
2.2292625005882653e-23
2.2811681367076107e-23
2.3342832063922628e-23
2.3886358492789058e-23
2.444254860680828e-23
2.501169706927564e-23
2.5594105406121412e-23
2.6190082166952013e-23
2.6799943085941214e-23
2.742401124824389e-23
2.806261726019122e-23
2.8716099421976605e-23
2.938480391211959e-23
3.006908495791374e-23
3.076930503128856e-23
3.148583503608516e-23
3.221905450242765e-23
3.2969351788492525e-23
3.373712428048633e-23
3.4522778604173004e-23
3.5326730837059593e-23
3.614940672938319e-23
3.699124192542991e-23
3.7852682191589396e-23
3.873418364296916e-23
3.9636213005385924e-23
4.0559247826849966e-23
4.1503776758595465e-23
4.247029977750643e-23
4.345932848441136e-23
4.4471386353407117e-23
4.550700897982163e-23
4.656674441522893e-23
4.7651153415367895e-23
4.8760809710349936e-23
4.989630035138498e-23
5.1058226025096516e-23
5.224720127670793e-23
5.346385493452924e-23
5.470883037359415e-23
5.598278584499994e-23
5.728639487186059e-23
5.862034654041906e-23
5.998534589985551e-23
6.138211426137213e-23
6.281138962547356e-23
6.427392703535435e-23
6.577049903062357e-23
6.730189588802305e-23
6.886892624417156e-23
7.047241731395548e-23
7.211321531137504e-23
7.379218604360263e-23
7.551021540552813e-23
7.726820937236981e-23
7.906709500432989e-23
8.090782050958109e-23
8.279135614858673e-23
8.471869411509446e-23
8.669084979020586e-23
8.870886126511078e-23
9.077379108329655e-23
9.288672564578641e-23
9.504877656945422e-23
9.726108031514525e-23
9.952479997098845e-23
1.0184112535618099e-22
1.0421127195035152e-22
1.0663648446390934e-22
1.0911803530235592e-22
1.116572255452795e-22
1.142553867708855e-22
1.1691388047801287e-22
1.196340970484853e-22
1.224174617941724e-22
1.2526542846018914e-22
1.281794862558814e-22
1.3116115722450456e-22
