1.2827364852276457e-23
1.2837395489363991e-23
1.2846854659128653e-23
1.285576235794283e-23
1.2864137418942022e-23
1.287199755131468e-23
1.2879359377394639e-23
1.2886238467424108e-23
1.2892649372162058e-23
1.2898605653401731e-23
1.2904119912380636e-23
1.2909203816164199e-23
1.2913868122197903e-23
1.2918122700833166e-23
1.2921976556077259e-23
1.2925437844475102e-23
1.2928513892283316e-23
1.2931211210825153e-23
1.2933535510244341e-23
1.293549171145364e-23
1.2937083956462823e-23
1.2938315617266886e-23
1.2939189302678883e-23
1.2939706864121423e-23
1.2939869399242363e-23
1.2939677254513471e-23
1.2939130025816116e-23
1.2938226557645663e-23
1.2936964940723522e-23
1.2935342507970996e-23
1.2933355829052716e-23
1.2931000702952424e-23
1.292827214952369e-23
1.29251643986721e-23
1.2921670878654105e-23
1.2917784202003094e-23
1.2913496150209636e-23
1.2908797656583954e-23
1.2903678787095094e-23
1.2898128719778555e-23
1.289213572194576e-23
1.2885687125786984e-23
1.2878769301838718e-23
1.287136763035537e-23
1.28634664712604e-23
1.2855049130937637e-23
1.2846097827809287e-23
1.283659365514976e-23
1.2826516541783943e-23
1.2815845210158583e-23
1.2804557132361935e-23
1.2792628483180179e-23
1.2780034090652912e-23
1.2766747384111577e-23
1.2752740338794363e-23
1.2737983418353949e-23
1.2722445513384386e-23
1.2706093877655554e-23
1.268889406071427e-23
1.2670809836629102e-23
1.2651803130222882e-23
1.2631833938699106e-23
1.2610860249850534e-23
1.2588837956886822e-23
1.2565720768044538e-23
1.2541460113126506e-23
1.251600504488273e-23
1.2489302136683393e-23
1.2461295374213375e-23
1.2431926043980167e-23
1.240113261629219e-23
1.2368850621720641e-23
1.233501252477462e-23
1.2299547590140005e-23
1.2262381744557176e-23
1.222343743200148e-23
1.2182633464513206e-23
1.2139884865073607e-23
1.2095102707021209e-23
1.2048193944985691e-23
1.1999061240943884e-23
1.1947602785167854e-23
1.1893712108091202e-23
1.1837277890543601e-23
1.1778183764611235e-23
1.1716308110096784e-23
1.1651523848040263e-23
1.1583698226045943e-23
1.1512692602955304e-23
1.1438362229089877e-23
1.1360556025170965e-23
1.1279116359163607e-23
1.1193878827416098e-23
1.110467203831044e-23
1.1011317397924797e-23
1.0913628915933228e-23
1.0811413012080422e-23
1.070446835590749e-23
1.0592585720796507e-23
1.0475547881373963e-23
1.0353129551816566e-23
1.0225097382588637e-23
1.0091210035851698e-23
9.951218351443134e-24
9.8048656393752e-24
9.651888128379147e-24
9.492015614451647e-24
9.324972365483035e-24
9.150478360533049e-24
8.968250948670695e-24
8.778007065609974e-24
8.579466172971378e-24
8.37235413889399e-24
8.156408373437114e-24
7.931384635753978e-24
7.697066077054595e-24
7.45327533378204e-24
7.199890789599393e-24
6.936868617522234e-24
6.664272916607523e-24
6.382317306586637e-24
6.091422930759916e-24
5.792300166778238e-24
5.4860648832200295e-24
5.174405189549368e-24
4.859821715608025e-24
4.545972984951269e-24
4.238164039966557e-24
3.944009291696191e-24
3.674247845389034e-24
3.443525197189504e-24
3.2705995542060592e-24
3.1769717764434254e-24
3.183037486560259e-24
3.3025772667275736e-24
3.538932228323949e-24
3.885802991965948e-24
4.331601075640158e-24
4.8639018737672236e-24
5.4720110811384325e-24
6.147768837997293e-24
6.885419290579742e-24
7.681168934766015e-24
8.53272921626653e-24
9.438940605962946e-24
1.0399490239892438e-23
1.1414708250591082e-23
1.2485423218121225e-23
1.3612860300486254e-23
1.479856940126389e-23
1.6044374543200494e-23
1.735233817637062e-23
1.8724736088834125e-23
2.0164040025427004e-23
2.1672905580452428e-23
2.3254164443573175e-23
2.4910819381803952e-23
2.664604158207673e-23
2.846316964369228e-23
3.03657096429055e-23
3.2357336606712257e-23
3.4441896133871636e-23
3.662340689540194e-23
3.890606344424138e-23
4.129423913834742e-23
4.3792489125361084e-23
4.640555356349491e-23
4.9138360513444337e-23
5.199602834851404e-23
5.498386862247702e-23
5.810738776046152e-23
6.13722879167453e-23
6.478446822409886e-23
6.835002407514485e-23
7.207524567916267e-23
7.596661559047396e-23
8.003080487796806e-23
8.427466646031125e-23
8.870522817857173e-23
9.332968267116208e-23
9.815537412792014e-23
1.0318978394159143e-22
1.0844051078967625e-22
1.1391524866137455e-22
1.1962175992206019e-22
1.2556784402781925e-22
1.3176130069219568e-22
1.382098874167545e-22
1.4492126943448878e-22
1.5190296600641183e-22
1.5916228444574316e-22
1.667062467606776e-22
1.7454151257897138e-22
1.8267428268957077e-22
1.911101983985354e-22
1.9985423159207106e-22
2.0891055467363653e-22
2.1828241022288067e-22
2.27971954549774e-22
2.3798010023489195e-22
2.4830634732995136e-22
