9.159776517265314e-24
9.33449115312676e-24
9.500686923543724e-24
9.658716046955846e-24
9.808913471395176e-24
9.951597573769726e-24
1.008707082631894e-23
1.0215620431100067e-23
1.0337518923334307e-23
1.0453024744810047e-23
1.0562382788101422e-23
1.0665824912791042e-23
1.0763570434452407e-23
1.0855826587518803e-23
1.0942788962692722e-23
1.1024641920027373e-23
1.1101558978249337e-23
1.1173703181198871e-23
1.1241227442285273e-23
1.1304274867236317e-23
1.136297905628652e-23
1.1417464386091933e-23
1.1467846272051637e-23
1.1514231411518152e-23
1.155671800854136e-23
1.1595395980410903e-23
1.1630347146479862e-23
1.1661645399777712e-23
1.1689356861493318e-23
1.1713540018964961e-23
1.1734245847130539e-23
1.1751517913889125e-23
1.1765392469400176e-23
1.1775898519734482e-23
1.1783057884745665e-23
1.1786885240318574e-23
1.1787388145121077e-23
1.178456705193148e-23
1.1778415303342029e-23
1.1768919111802166e-23
1.1756057524172018e-23
1.1739802370359347e-23
1.1720118195977584e-23
1.1696962178731306e-23
1.1670284028819275e-23
1.1640025871818951e-23
1.1606122115392048e-23
1.1568499297949364e-23
1.1527075919726303e-23
1.1481762255493464e-23
1.1432460148434423e-23
1.1379062784696452e-23
1.1321454447683164e-23
1.1259510251920473e-23
1.1193095855379275e-23
1.1122067149482554e-23
1.1046269926051054e-23
1.096553952034318e-23
1.0879700428892883e-23
1.0788565901362331e-23
1.0691937505175976e-23
1.0589604661578407e-23
1.0481344151979933e-23
1.0366919593339105e-23
1.0246080880347355e-23
1.0118563594311806e-23
9.984088374943022e-24
9.842360256179804e-24
9.693067960969161e-24
9.535883156125495e-24
9.370459663156969e-24
9.196432624697974e-24
9.013417623588123e-24
8.821009753519607e-24
8.6187826394458e-24
8.406287406845871e-24
8.183051599347818e-24
7.948578045379954e-24
7.702343676022941e-24
7.443798300647094e-24
7.172363347278198e-24
6.887430587831483e-24
6.5883608733716635e-24
6.2744829306631726e-24
5.9450922984629516e-24
5.5994505487131204e-24
5.236785042247969e-24
4.856289684834014e-24
4.457127580728349e-24
4.038437409547251e-24
3.5993475214610685e-24
3.13900727591712e-24
2.6566610405206967e-24
2.1518436146910903e-24
1.6249983919193607e-24
1.0801130444439376e-24
5.444915992206011e-25
3.5907208802952767e-25
8.803329601491964e-25
1.5359424461716326e-24
2.2407415117414098e-24
2.986108822480122e-24
3.771228393377436e-24
4.597083208856861e-24
5.465314596113786e-24
6.3779047174721676e-24
7.337068400480426e-24
8.345213322548608e-24
9.404926861671392e-24
1.0518974984827462e-23
1.1690307386094817e-23
1.2922066349967499e-23
1.421759822355779e-23
1.5580466971285564e-23
1.7014469615437553e-23
1.8523653510237457e-23
2.0112335526354177e-23
2.1785123246867474e-23
2.354693839307954e-23
2.5403042640930218e-23
2.735906616137698e-23
2.942103915339311e-23
3.1595426728695187e-23
3.388916760935171e-23
3.6309717056211226e-23
3.886509466704968e-23
4.156393758329576e-23
4.441555994816396e-23
4.743001942594222e-23
5.061819181368522e-23
5.399185486110108e-23
5.756378278947382e-23
6.134785294830439e-23
6.535916673744833e-23
6.961418669449259e-23
7.413089283025136e-23
7.892896094797364e-23
8.40299670708915e-23
8.945762217641853e-23
9.523804303979736e-23
1.0140006528044899e-22
1.0797560743680972e-22
1.150000944338955e-22
1.2251295449477615e-22
1.305582020167072e-22
1.3918512654089177e-22
1.4844911015700447e-22
1.5841260132176252e-22
1.6914628374686345e-22
1.807304837644937e-22
1.932568788891897e-22
2.0683058298100278e-22
2.2157270745655705e-22
2.376235365616053e-22
2.5514648601844024e-22
2.7433308650310503e-22
2.9540932076786423e-22
3.1864374246024854e-22
3.4435801892405448e-22
3.7294075895169343e-22
4.048659008168957e-22
4.407175166549094e-22
4.812237825986864e-22
5.273043288811577e-22
5.801376040093711e-22
6.412587018238727e-22
7.127051521902384e-22
7.9724043728672245e-22
8.987080964957727e-22
1.022614599646614e-21
1.177133758081053e-21
1.3749338924470005e-21
1.6367319162336565e-21
1.9988061814871765e-21
2.5306677572967113e-21
3.3828740551059782e-21
4.942443508206079e-21
8.432041752310705e-21
1.5209960395292433e-20
1.0241757828414038e-20
6.001902299896742e-21
4.178279144969256e-21
3.218044118655185e-21
2.6328992946238674e-21
2.240822720036911e-21
1.96043318041525e-21
1.7502378388167306e-21
1.5869530199121097e-21
1.4565316319827284e-21
1.3500065492091665e-21
1.2613890437338244e-21
1.1865282696963295e-21
1.1224575291118062e-21
1.0670000038652722e-21
1.018522463815383e-21
9.75775292162897e-22
9.377860283424753e-22
9.037862533509925e-22
8.731606656495185e-22
8.454103249434204e-22
8.201264518114043e-22
