5.794451902359371e-22
5.794444786725659e-22
5.79443733573961e-22
5.794429533596514e-22
5.794421363746905e-22
5.794412808860163e-22
5.794403850790446e-22
5.794394470535312e-22
5.794384648197514e-22
5.7943743629415075e-22
5.79436359295045e-22
5.794352315378623e-22
5.794340506303794e-22
5.794328140676343e-22
5.794315192265746e-22
5.794301633605707e-22
5.794287435934657e-22
5.794272569136251e-22
5.79425700167403e-22
5.794240700525517e-22
5.794223631111746e-22
5.794205757224098e-22
5.794187040947209e-22
5.79416744257815e-22
5.794146920543743e-22
5.794125431310188e-22
5.794102929293328e-22
5.794079366758189e-22
5.794054693722507e-22
5.7940288578457075e-22
5.794001804321678e-22
5.793973475760671e-22
5.793943812067699e-22
5.793912750315763e-22
5.793880224610374e-22
5.793846165952608e-22
5.793810502090733e-22
5.793773157366632e-22
5.793734052556216e-22
5.79369310470203e-22
5.7936502269343695e-22
5.793605328290002e-22
5.79355831351704e-22
5.79350908287389e-22
5.793457531917074e-22
5.793403551280084e-22
5.793347026438868e-22
5.793287837473545e-22
5.793225858809229e-22
5.793160958950089e-22
5.793093000203443e-22
5.79302183838315e-22
5.792947322507207e-22
5.792869294474299e-22
5.792787588729027e-22
5.792702031911976e-22
5.792612442488047e-22
5.792518630364143e-22
5.79242039648555e-22
5.792317532410686e-22
5.792209819867108e-22
5.79209703029618e-22
5.791978924353235e-22
5.791855251417837e-22
5.791725749039464e-22
5.791590142399554e-22
5.79144814371733e-22
5.79129945163516e-22
5.79114375059029e-22
5.790980710132937e-22
5.790809984225128e-22
5.790631210512086e-22
5.790444009538179e-22
5.790247983960847e-22
5.790042717687576e-22
5.78982777498776e-22
5.789602699592617e-22
5.789367013692339e-22
5.789120216929392e-22
5.788861785356139e-22
5.788591170287173e-22
5.788307797138231e-22
5.788011064224664e-22
5.787700341449699e-22
5.787374968991649e-22
5.787034255876801e-22
5.786677478503209e-22
5.786303879113767e-22
5.785912664178179e-22
5.785503002698826e-22
5.785074024432947e-22
5.784624818053147e-22
5.784154429138126e-22
5.783661858254184e-22
5.7831460587173445e-22
5.782605934375427e-22
5.782040337310077e-22
5.78144806535391e-22
5.780827859483683e-22
5.780178401224704e-22
5.77949830969151e-22
5.778786138770957e-22
5.7780403739265395e-22
5.777259429028649e-22
5.776441642851229e-22
5.775585275570686e-22
5.7746885050684855e-22
5.77374942297652e-22
5.772766030572459e-22
5.771736234427014e-22
5.770657842094118e-22
5.769528557076803e-22
5.768345974196835e-22
5.767107574296596e-22
5.765810718624716e-22
5.764452643384085e-22
5.763030453668117e-22
5.761541117186391e-22
5.759981457716145e-22
5.758348148184246e-22
5.756637703495311e-22
5.75484647304176e-22
5.75297063240813e-22
5.751006175425479e-22
5.74894890556411e-22
5.746794426387305e-22
5.744538131638779e-22
5.742175196295319e-22
5.7397005650429945e-22
5.737108941339285e-22
5.734394776028171e-22
5.731552255063794e-22
5.728575286189079e-22
5.725457486394334e-22
5.722192167229688e-22
5.718772319506364e-22
5.715190599027949e-22
5.711439308720062e-22
5.707510381953039e-22
5.703395366449305e-22
5.6990854014146e-22
5.694571200343609e-22
5.68984303067292e-22
5.684890689174836e-22
5.679703480256922e-22
5.674270192998323e-22
5.668579072500504e-22
5.66261779538809e-22
5.656373440258482e-22
5.649832459305375e-22
5.642980643886179e-22
5.635803095335314e-22
5.628284187014574e-22
5.620407530587236e-22
5.612155933435365e-22
5.603511362394491e-22
5.59445489595916e-22
5.584966683881738e-22
5.575025897250812e-22
5.564610675728438e-22
5.553698078916549e-22
5.542264027670986e-22
5.530283239551039e-22
5.5177291803515275e-22
5.504573979429153e-22
5.490788376891121e-22
5.476341633359491e-22
5.461201460493398e-22
5.4453339406509065e-22
5.428703428466007e-22
5.411272469020922e-22
5.393001678491424e-22
5.373849660201132e-22
5.353772891316232e-22
5.332725577543478e-22
5.310659564961201e-22
5.287524165795233e-22
5.263266045178427e-22
5.2378290531630325e-22
5.211154053286037e-22
5.183178776945023e-22
5.153837601930284e-22
5.123061375147623e-22
5.090777183143088e-22
5.056908144306726e-22
5.021373139479841e-22
4.984086566053721e-22
4.944958038741275e-22
4.903892089655459e-22
4.860787854757681e-22
4.815538692013506e-22
4.768031826223817e-22
4.718147880192211e-22
4.665760516578124e-22
4.6107358957817825e-22
4.552932109011786e-22
4.492198672622857e-22
4.428375894499653e-22
4.361294150943033e-22
4.290773165104219e-22
4.2166212023440523e-22
