3.699332755871476e-24
4.074534734188932e-24
4.429554106072536e-24
4.76513527080349e-24
5.0819843349649535e-24
5.3807694232817665e-24
5.662121427135159e-24
5.92663494595785e-24
6.1748693022747735e-24
6.40734956923068e-24
6.624567577920048e-24
6.82698288679855e-24
7.0150237033606e-24
7.189087752653667e-24
7.349543089951808e-24
7.496728856262539e-24
7.630955976057437e-24
7.752507797737597e-24
7.861640676722524e-24
7.958584501905943e-24
8.043543166230958e-24
8.116694981478931e-24
8.178193038304305e-24
8.22816551155238e-24
8.266715911640158e-24
8.293923281717558e-24
8.309842341623549e-24
8.314503577642504e-24
8.307913279041203e-24
8.290053520399959e-24
8.260882089933833e-24
8.220332363072647e-24
8.168313120938776e-24
8.104708312986758e-24
8.029376762679325e-24
7.94215181576902e-24
7.842840929590987e-24
7.731225202397928e-24
7.60705884127341e-24
7.470068567442434e-24
7.319952956733032e-24
7.1563817148468e-24
6.978994884485006e-24
6.787401984218068e-24
6.581181077294928e-24
6.3598777702880516e-24
6.123004142616343e-24
5.870037609074678e-24
5.6004197227568716e-24
5.313554930694453e-24
5.0088093068160505e-24
4.685509309704719e-24
4.34294065498967e-24
3.980347484220885e-24
3.5969322128278116e-24
3.1918569224774343e-24
2.7642484469782116e-24
2.313213184542505e-24
1.8378817052531424e-24
1.337568862574144e-24
8.126068063911152e-25
2.757375320399981e-25
3.614850980403336e-25
9.642660556208136e-25
1.609755507065491e-24
2.2905732364018765e-24
3.007121129523896e-24
3.760726357071788e-24
4.553010496283793e-24
5.385761166068217e-24
6.260897259976294e-24
7.18045974207026e-24
8.146611383399968e-24
9.161640314968694e-24
1.0227965554612855e-23
1.1348143776212201e-23
1.2524877012804149e-23
1.3761021172726107e-23
1.5059595335317686e-23
1.64237918302011e-23
1.7856987141500508e-23
1.9362753688147597e-23
2.094487254742045e-23
2.2607347204686012e-23
2.4354418412600253e-23
2.619058027356931e-23
2.81205976511722e-23
3.0149525045162413e-23
3.2282727074163217e-23
3.452590072971933e-23
3.6885099575509367e-23
3.9366760112438234e-23
4.197773052024428e-23
4.47253020413683e-23
4.7617243307721997e-23
5.066183791309039e-23
5.386792562469392e-23
5.724494765319083e-23
6.080299643258533e-23
6.455287047895164e-23
6.850613494034022e-23
7.267518852736321e-23
7.707333764959077e-23
8.171487868186021e-23
8.661518940307444e-23
9.179083086572558e-23
9.725966111048944e-23
1.0304096234767346e-22
1.0915558352971114e-22
1.1562610056625137e-22
1.2247699675861242e-22
1.2973486649289122e-22
1.3742864584245058e-22
1.4558987422590145e-22
1.5425299233228582e-22
1.634556819649087e-22
1.7323925531162508e-22
1.8364910188226066e-22
1.947352035606634e-22
2.0655273007151485e-22
2.1916273012055835e-22
2.326329363930711e-22
2.470387070989848e-22
2.6246413189769514e-22
2.7900333666983775e-22
2.9676202995987806e-22
3.1585934537816295e-22
3.364300480263479e-22
3.5862719160250638e-22
3.8262533745231343e-22
4.0862447964338896e-22
4.368548629164491e-22
4.675829408929829e-22
5.011187994511519e-22
5.378254885499516e-22
5.781308556801809e-22
6.225426997277775e-22
6.716683923968668e-22
7.262405690463767e-22
7.871512132891467e-22
8.554975045809994e-22
9.326444575967743e-22
1.0203119898310945e-21
1.1206982932330124e-21
1.2366584702522372e-21
1.3719696339015067e-21
1.5317354815725392e-21
1.7230240961301744e-21
1.9559121347103993e-21
2.245272732226368e-21
2.6140062373103134e-21
3.099277249522672e-21
3.765599394705502e-21
4.73541283846145e-21
6.271750493396126e-21
9.053221375949852e-21
1.541714573556229e-20
3.547290196126958e-20
2.6872698455595182e-20
1.3533382239452884e-20
8.923602648438823e-21
6.7015424556874345e-21
5.405986452574362e-21
4.560348042550405e-21
3.966013762232403e-21
3.525989653361111e-21
3.187405170693256e-21
2.9190228826363705e-21
2.7012139997314597e-21
2.5210293170415287e-21
2.3695827785068222e-21
2.2405745546628097e-21
2.1294142391306824e-21
2.032677874283842e-21
1.947759460271049e-21
1.8726402800774057e-21
1.8057320795693287e-21
1.7457679189579325e-21
1.6917245942156479e-21
1.6427665041694328e-21
1.5982043110391736e-21
1.5574640575523278e-21
1.5200637980940751e-21
1.485595646064078e-21
1.4537118782255964e-21
1.4241140305034328e-21
1.3965442722297434e-21
1.3707785224930007e-21
1.3466209084649029e-21
1.3238992654917458e-21
1.302461462996924e-21
1.2821723817923454e-21
1.2629114118105307e-21
1.2445703617874868e-21
1.2270517159697452e-21
1.2102671549882134e-21
1.1941363123859233e-21
1.1785857128658313e-21
1.1635478551155408e-21
1.1489604354990294e-21
1.134765670157699e-21
