3.4584167104717815e-24
3.4577159259599604e-24
3.457076532085209e-24
3.456493606197976e-24
3.455962656370974e-24
3.4554795849707385e-24
3.455040655358334e-24
3.454642461470069e-24
3.454281900001332e-24
3.4539561450285766e-24
3.4536626248070294e-24
3.453399000610722e-24
3.453163147423317e-24
3.452953136298351e-24
3.452767218310121e-24
3.452603809887042e-24
3.452461479469274e-24
3.4523389353530636e-24
3.452235014611571e-24
3.452148673035231e-24
3.4520789759681675e-24
3.45202508999821e-24
3.451986275388934e-24
3.451961879250264e-24
3.4519513293237784e-24
3.451954128380211e-24
3.451969849141056e-24
3.451998129723115e-24
3.452038669517053e-24
3.4520912255048515e-24
3.452155608958228e-24
3.4522316825038645e-24
3.452319357502195e-24
3.4524185917547375e-24
3.452529387465907e-24
3.452651789501919e-24
3.45278588386472e-24
3.452931796400256e-24
3.453089691731788e-24
3.4532597723771396e-24
3.453442278044919e-24
3.453637485138139e-24
3.4538457063841266e-24
3.454067290638901e-24
3.4543026228631455e-24
3.454552124179115e-24
3.454816252143788e-24
3.455095501080431e-24
3.4553904025848516e-24
3.4557015261230325e-24
3.456029479782578e-24
3.4563749111174046e-24
3.456738508094773e-24
3.457121000208759e-24
3.457523159641353e-24
3.457945802597713e-24
3.4583897907006025e-24
3.458856032538785e-24
3.459345485306175e-24
3.459859156577432e-24
3.4603981061567925e-24
3.460963448114857e-24
3.461556352870691e-24
3.462178049449123e-24
3.462829827851654e-24
3.463513041540879e-24
3.4642291100742866e-24
3.464979521867109e-24
3.465765837080044e-24
3.466589690703791e-24
3.467452795690767e-24
3.468356946383691e-24
3.469304021904215e-24
3.4702959899794556e-24
3.471334910591621e-24
3.4724229401476226e-24
3.473562335527581e-24
3.474755458556319e-24
3.476004780522644e-24
3.477312886895023e-24
3.478682482341835e-24
3.480116395888618e-24
3.481617586220971e-24
3.483189147380574e-24
3.484834314582254e-24
3.486556470239532e-24
3.4883591502865355e-24
3.490246050748138e-24
3.492221034580296e-24
3.494288138723717e-24
3.4964515813667024e-24
3.4987157697402444e-24
3.50108530787998e-24
3.503565004955528e-24
3.5061598835335865e-24
3.5088751886309806e-24
3.511716396664468e-24
3.514689224821684e-24
3.517799641000588e-24
3.5210538735919196e-24
3.524458421934018e-24
3.528020067175652e-24
3.5317458828874536e-24
3.5356432471066996e-24
3.539719853198921e-24
3.5439837223682194e-24
3.5484432161138014e-24
3.553107048286538e-24
3.5579842988661214e-24
3.563084426613937e-24
3.568417282989852e-24
3.5739931257663386e-24
3.5798226337223206e-24
3.585916920762827e-24
3.592287550571902e-24
3.598946551515245e-24
3.6059064326779964e-24
3.613180198087144e-24
3.620781362585476e-24
3.628723968469721e-24
3.6370226001380314e-24
3.645692400842393e-24
3.654749088463747e-24
3.6642089711014874e-24
3.6740889639429704e-24
3.68440660510042e-24
3.695180071034519e-24
3.706428192384639e-24
3.718170469756119e-24
3.730427089386474e-24
3.743218937712656e-24
3.756567616037086e-24
3.770495455225959e-24
3.7850255304060486e-24
3.800181671861113e-24
3.8159884810520726e-24
3.832471340260289e-24
3.849656426784397e-24
3.8675707210018e-24
3.886242018885191e-24
3.905698941984146e-24
3.925970942954376e-24
3.9470883161269714e-24
3.9690822036142105e-24
3.991984602139624e-24
4.015828366904014e-24
4.040647216575368e-24
4.066475735607477e-24
4.09334938094923e-24
4.12130447654346e-24
4.1503782226201094e-24
4.1806086891849346e-24
4.2120348177348665e-24
4.244696419346176e-24
4.2786341789027086e-24
4.313889641665478e-24
4.350505220245095e-24
4.3885241869508734e-24
4.4279906737721786e-24
4.4689496681589595e-24
4.511447005309497e-24
4.5555293851366875e-24
4.601244341324565e-24
4.648640260007638e-24
4.6977663762408305e-24
4.748672774697855e-24
4.80141038677401e-24
4.856030997812064e-24
4.912587250378937e-24
4.971132658294643e-24
5.031721598895695e-24
5.094409342104784e-24
5.159252047099228e-24
5.226306798003466e-24
5.295631589113024e-24
5.367285385823833e-24
5.4413281241733766e-24
5.517820738019459e-24
5.596825195269747e-24
5.678404522244144e-24
5.762622867161357e-24
5.849545517257919e-24
5.939238923405429e-24
6.031770821349506e-24
6.127210203742155e-24
6.225627436654918e-24
6.327094261607078e-24
6.4316839534453186e-24
6.539471312577048e-24
6.650532755085455e-24
6.76494646993451e-24
6.882792399393199e-24
7.004152382460225e-24
7.129110352402768e-24
7.257752295296133e-24
7.390166440202964e-24
7.52644343433017e-24
7.666676424385532e-24
7.810961238139713e-24
7.959396554192733e-24
8.112083989207683e-24
