4.017246709536252e-24
4.0916487869930424e-24
4.16244787182063e-24
4.2297899487931186e-24
4.293814297012063e-24
4.3546536786559215e-24
4.412434534340382e-24
4.467277181117669e-24
4.5192960102292664e-24
4.5685996824372045e-24
4.6152913193568564e-24
4.659468689610422e-24
4.701224389011749e-24
4.7406460141184314e-24
4.777816328764241e-24
4.812813423324923e-24
4.845710866493391e-24
4.876577849531035e-24
4.905479322888997e-24
4.932476125318287e-24
4.9576251053931255e-24
4.980979235636772e-24
5.002587719231591e-24
5.022496089510415e-24
5.040746302211573e-24
5.057376820733722e-24
5.072422694386665e-24
5.08591562980084e-24
5.097884055546329e-24
5.108353180126829e-24
5.117345043314136e-24
5.124878561035805e-24
5.130969563708597e-24
5.135630828316381e-24
5.1388721039938836e-24
5.140700131379801e-24
5.1411186556472716e-24
5.1401284332947076e-24
5.137727232563749e-24
5.133909827710469e-24
5.1286679868475094e-24
5.121990453540296e-24
5.1138629219751875e-24
5.104268005675834e-24
5.093185199833071e-24
5.0805908368872874e-24
5.06645803559459e-24
5.050756643262701e-24
5.033453171122004e-24
5.014510722729685e-24
4.993888915200084e-24
4.97154379325802e-24
4.9474277358622185e-24
4.921489355244882e-24
4.8936733883806146e-24
4.8639205804643965e-24
4.832167560532169e-24
4.798346708949153e-24
4.762386016554954e-24
4.724208935691374e-24
4.683734222598241e-24
4.640875771703851e-24
4.5955424411972775e-24
4.54763787089932e-24
4.497060291672135e-24
4.443702327785587e-24
4.387450792169042e-24
4.328186475900064e-24
4.2657839329650974e-24
4.200111262308705e-24
4.131029889767259e-24
4.058394353018525e-24
3.982052094717527e-24
3.9018432700217786e-24
3.817600577748752e-24
3.729149127212353e-24
3.636306358403828e-24
3.538882039630929e-24
3.436678376800272e-24
3.329490284359959e-24
3.2171058898248857e-24
3.0993073777944278e-24
2.975872335762115e-24
2.846575847868842e-24
2.7111937254549242e-24
2.5695075023697234e-24
2.4213122369450947e-24
2.266428908797902e-24
2.1047245954710353e-24
1.936146347102919e-24
1.7607802976105694e-24
1.578959794011671e-24
1.3914747146293234e-24
1.2000045562547314e-24
1.0080834555455637e-24
8.234024188227467e-25
6.633313118565953e-25
5.645998508879116e-25
5.768374768590036e-25
7.089099261958304e-25
9.226438274347403e-25
1.1851795155951966e-24
1.4803481770346439e-24
1.801018841195715e-24
2.1440853414049223e-24
2.5082967907940034e-24
2.8933337412507527e-24
3.2993906967966824e-24
3.726974199283207e-24
4.176799217232764e-24
4.649733525598332e-24
5.146767015713985e-24
5.6689947225379245e-24
6.217607797825712e-24
6.793889340134283e-24
7.399213342913639e-24
8.035045770416429e-24
8.70294716598979e-24
9.404576451217547e-24
1.0141695700640308e-23
1.0916175780518922e-23
1.1730002790862399e-23
1.2585285284079319e-23
1.348426228805441e-23
1.4429312136590318e-23
1.5422962182080502e-23
1.6467899432661506e-23
1.756698222135069e-23
1.872325295333401e-23
1.9939952107027745e-23
2.1220533546089598e-23
2.2568681349055723e-23
2.398832826924518e-23
2.5483676029672003e-23
2.705921772264064e-23
2.8719762455890195e-23
3.0470462601607017e-23
3.2316843940653984e-23
3.426483909953605e-23
3.632082464185911e-23
3.8491662334058767e-23
4.0784745220740705e-23
4.3208048911837723e-23
4.577018926610451e-23
4.848048680858131e-23
5.134903932335763e-23
5.438680371040551e-23
5.760568830152247e-23
6.101865759528599e-23
6.463985096702236e-23
6.848471842385083e-23
7.25701747256174e-23
7.69147770647386e-23
8.153892824022431e-23
8.646511176701715e-23
9.171816328958184e-23
9.732558596717282e-23
1.0331791845280733e-22
1.0972916534036721e-22
1.1659730202901865e-22
1.2396487288148752e-22
1.318796986179067e-22
1.403957197612161e-22
1.4957400797930497e-22
1.5948398436729958e-22
1.702048928907377e-22
1.8182760140729455e-22
1.9445680764368408e-22
2.0821376910527922e-22
2.2323969967298066e-22
2.3970003328998016e-22
2.5778983084743514e-22
2.7774067665344706e-22
2.99829591301896e-22
3.2439065981260606e-22
3.5183037938520594e-22
3.826481818186401e-22
4.1746424499730217e-22
4.570577604253119e-22
5.024204108764151e-22
5.54832446642807e-22
6.159729934485979e-22
6.880830822433489e-22
7.7421179860026505e-22
8.785956287695798e-22
1.0072533255022594e-21
1.1689277985555401e-21
1.3765556292804355e-21
1.6493667229329436e-21
2.0148283587301566e-21
2.504846262418294e-21
3.1214372216172135e-21
3.716006331579818e-21
3.908905022774513e-21
3.5627757519351725e-21
3.0179255263559318e-21
2.5306701443389603e-21
2.1529364851812134e-21
1.867509194698989e-21
1.6496706002376346e-21
1.480134690594411e-21
