2.3226656566613985e-24
2.3295022680398376e-24
2.3361248834429625e-24
2.3425307006480223e-24
2.3487181058704473e-24
2.354686505536852e-24
2.3604361770344975e-24
2.3659681364133344e-24
2.371284021225436e-24
2.3763859868561452e-24
2.3812766148838808e-24
2.385958832138418e-24
2.3904358392914344e-24
2.3947110479068253e-24
2.398788025015237e-24
2.4026704443670455e-24
2.4063620436101037e-24
2.409866586717265e-24
2.413187831067834e-24
2.416329498648478e-24
2.4192952508908743e-24
2.4220886667319466e-24
2.424713223509999e-24
2.427172280361892e-24
2.4294690638287656e-24
2.431606655394024e-24
2.4335879807286667e-24
2.4354158004166172e-24
2.4370927020015646e-24
2.4386210931598437e-24
2.4400031958831683e-24
2.441241041512561e-24
2.4423364665518053e-24
2.4432911091167283e-24
2.4441064059713677e-24
2.4447835900627775e-24
2.4453236884891138e-24
2.445727520863725e-24
2.445995698015462e-24
2.446128620997234e-24
2.44612648039053e-24
2.44598925586787e-24
2.445716716020247e-24
2.4453084184349022e-24
2.444763710040538e-24
2.4440817277387168e-24
2.443261399314638e-24
2.4423014446981177e-24
2.441200377592263e-24
2.439956507505982e-24
2.4385679422786527e-24
2.4370325911505034e-24
2.435348168457467e-24
2.4335121980431114e-24
2.431522018511084e-24
2.4293747894307115e-24
2.4270674986182764e-24
2.4245969706947333e-24
2.421959877068598e-24
2.419152747540202e-24
2.4161719838082012e-24
2.4130138750732736e-24
2.409674616075846e-24
2.406150327884905e-24
2.402437081805076e-24
2.3985309268214037e-24
2.3944279210622913e-24
2.3901241677784483e-24
2.385615856458896e-24
2.380899309743268e-24
2.3759710368723934e-24
2.3708277945110822e-24
2.365466655882246e-24
2.3598850892705594e-24
2.354081047127572e-24
2.348053066948339e-24
2.3418003856056416e-24
2.3353230686131085e-24
2.328622156232877e-24
2.3216998285112248e-24
2.3145595914053196e-24
2.307206486632461e-24
2.299647327930604e-24
2.291890966798535e-24
2.283948591126865e-24
2.2758340602122536e-24
2.2675642801793448e-24
2.259159623917101e-24
2.2506444000470807e-24
2.2420473754154482e-24
2.2334023558867623e-24
2.2247488300976034e-24
2.216132680663329e-24
2.2076069668136295e-24
2.199232781847347e-24
2.191080187479886e-24
2.18322922555328e-24
2.1757710054084258e-24
2.168808861864826e-24
2.1624595753180303e-24
2.15685463998069e-24
2.152141560792662e-24
2.1484851522481223e-24
2.1460688043075987e-24
2.145095672183944e-24
2.145789737478904e-24
2.1483966800744187e-24
2.1531844932926173e-24
2.1604437708388513e-24
2.1704875948773396e-24
2.183650961074407e-24
2.2002896907825447e-24
2.2207788036363175e-24
2.2455103546458095e-24
2.2748907790406478e-24
2.309337830743985e-24
2.3492772434791235e-24
2.3951392810025865e-24
2.4473553695133913e-24
2.506355015120294e-24
2.572563201292886e-24
2.6463984319417823e-24
2.728271542617139e-24
2.8185853463715626e-24
2.9177351222095362e-24
3.0261098997247722e-24
3.144094447804109e-24
3.2720718449988948e-24
3.410426492986251e-24
3.559547434952768e-24
3.7198318494336826e-24
3.8916886102147364e-24
4.0755418288646906e-24
4.271834314884954e-24
4.4810309203589814e-24
4.703621748233498e-24
4.940125227259313e-24
5.1910910632725e-24
5.457103091399337e-24
5.738782053227333e-24
6.0367883342551034e-24
6.351824691079244e-24
6.684639000257105e-24
7.036027066443919e-24
7.406835511643796e-24
7.797964784649465e-24
8.2103723080223e-24
8.64507579848083e-24
9.103156784735381e-24
9.58576433319975e-24
1.0094119029418001e-23
1.0629517211679349e-23
1.1193335510710075e-23
1.1787035668115453e-23
1.2412169712330766e-23
1.307038547891465e-23
1.3763432486724515e-23
1.4493168221453882e-23
1.5261564804929357e-23
1.607071610993993e-23
1.6922845270565387e-23
1.782031266108865e-23
1.8765624283904594e-23
1.9761440600400416e-23
2.081058576484552e-23
2.1916057223459026e-23
2.3081035644035464e-23
2.4308895028369676e-23
2.5603213102986545e-23
2.696778155812251e-23
2.8406616121025803e-23
2.992396621519148e-23
3.1524323823039956e-23
3.3212431240775106e-23
3.499328685374745e-23
3.687214885372158e-23
3.885453566847764e-23
4.094622175308885e-23
4.315322868395014e-23
4.5481808061746695e-23
4.7938416666801653e-23
5.052967912755042e-23
5.326233745365015e-23
5.614318325285232e-23
5.917896834342729e-23
6.237629043913555e-23
6.57414493925416e-23
6.928026683406242e-23
7.29978660942845e-23
7.689840538308401e-23
8.098475968796037e-23
8.525815000192355e-23
8.971771193794788e-23
9.4360019950765e-23
9.917855382185727e-23
1.0416314773301728e-22
1.0929942110531663e-22
1.1456824522562895e-22
1.1994528145292668e-22
1.2540065825993825e-22
1.3089883847666495e-22
