7.544525874596716e-24
7.303272828345684e-24
7.084393402600313e-24
6.887422031660548e-24
6.711939593885318e-24
6.557572522352446e-24
6.423992013456849e-24
6.310913331474865e-24
6.218095207142449e-24
6.145339328395743e-24
6.092489921481034e-24
6.0594334208578566e-24
6.046098226342156e-24
6.052454546471685e-24
6.078514327060205e-24
6.124331264621576e-24
6.190000904381507e-24
6.275660823382959e-24
6.381490899153665e-24
6.507713664991085e-24
6.654594753189622e-24
6.822443427415038e-24
7.011613205988699e-24
7.222502577704666e-24
7.455555811597871e-24
7.711263862918233e-24
7.990165376713496e-24
8.292847791151217e-24
8.619948542233346e-24
8.972156372637839e-24
9.350212746214732e-24
9.754913371116473e-24
1.0187109834009473e-23
1.0647711348161396e-23
1.1137686618560018e-23
1.165806582672874e-23
1.2209942740791383e-23
1.2794476951201873e-23
1.3412896238865648e-23
1.4066499079335142e-23
1.475665728629985e-23
1.5484818800257748e-23
1.6252510626665655e-23
1.7061341928574145e-23
1.7913007280858837e-23
1.880929008777459e-23
1.9752066173942033e-23
2.07433075522221e-23
2.1785086374900394e-23
2.2879579076039852e-23
2.4029070711016346e-23
2.5235959498024812e-23
2.650276157327173e-23
2.7832115963621194e-23
2.9226789785030045e-23
3.0689683674525197e-23
3.22238374661205e-23
3.383243611455626e-23
3.5518815880017257e-23
3.728647077467792e-23
3.9139059290658285e-23
4.108041141490911e-23
4.311453592565992e-23
4.5245628001980564e-23
4.747807713980685e-23
4.981647539552982e-23
5.226562594696577e-23
5.483055200249958e-23
5.751650606048864e-23
6.032897950592953e-23
6.327371260587307e-23
6.635670483905623e-23
6.958422563375599e-23
7.296282549299967e-23
7.649934751027103e-23
8.020093926021e-23
8.407506516471964e-23
8.812951920079289e-23
9.237243809372701e-23
9.681231484325171e-23
1.0145801277594761e-22
1.0631877995511032e-22
1.114042640026073e-22
1.1672452742584144e-22
1.2229006324179904e-22
1.281118111272763e-22
1.342011738993686e-22
1.4057003436795608e-22
1.4723077270701544e-22
1.541962839949929e-22
1.614799961957376e-22
1.6909588849440097e-22
1.7705850988801208e-22
1.853829980234611e-22
1.9408509823789367e-22
2.0318118284946828e-22
2.1268827065139376e-22
2.2262404622581375e-22
2.3300687969827945e-22
2.438558461664278e-22
2.5519074505029806e-22
2.6703211958478693e-22
2.794012754967395e-22
2.923203001504552e-22
3.058120804194482e-22
3.199003207164883e-22
3.346095597808728e-22
3.499651873655672e-22
3.6599345959493177e-22
3.827215136017851e-22
4.00177380292197e-22
4.183899966558677e-22
4.373892171180338e-22
4.572058212722168e-22
4.778715214101659e-22
4.994189682924224e-22
5.218817538651453e-22
5.452944118472499e-22
5.696924168288011e-22
5.951121774575891e-22
6.215910337130745e-22
6.491672439020232e-22
6.778799682428193e-22
7.077692576530827e-22
7.3887603267802355e-22
7.712420529893751e-22
8.049098981245676e-22
8.399229305960537e-22
8.763252617009027e-22
9.141617089738801e-22
9.534777547414585e-22
9.94319501378061e-22
1.0367336126090057e-21
1.0807672573737842e-21
1.1264680522519719e-21
1.1738840009214938e-21
1.223063410021397e-21
1.27405483378531e-21
1.3269069953475022e-21
1.3816687094396158e-21
1.438388781319589e-21
1.4971159668907366e-21
1.5578988266277161e-21
1.6207857161920717e-21
1.6858246150145707e-21
1.753063139340115e-21
1.8225482549312806e-21
1.8943265421852363e-21
1.9684437002618018e-21
2.044944737089571e-21
2.1238738058729456e-21
2.2052742006687798e-21
2.289188011502777e-21
2.375656378428642e-21
2.4647194949578297e-21
2.5564157915698177e-21
2.650782913140337e-21
2.7478571052058333e-21
2.84767291374087e-21
2.9502637533451717e-21
3.0556618114317838e-21
3.163896975220815e-21
3.2749987836206414e-21
3.388993666848304e-21
3.505908557748097e-21
3.6257662682107666e-21
3.748590390517763e-21
3.8744011461699135e-21
4.0032194211161175e-21
4.1350603502494736e-21
4.2699422988204326e-21
4.407877948461068e-21
4.548881617158803e-21
4.692963578005352e-21
4.840130944731742e-21
4.9903945592389875e-21
5.143759482888772e-21
5.3002324160275374e-21
5.459811906951355e-21
5.622497661153416e-21
5.7882868247117845e-21
5.957176654637228e-21
6.1291638606830335e-21
6.304248209616031e-21
6.4824067531485455e-21
6.6636196153472326e-21
6.847878736425839e-21
7.03517313249427e-21
7.225487508667921e-21
7.418780351878443e-21
7.615012009634031e-21
7.814177902269044e-21
8.016205532020855e-21
8.221123582748235e-21
8.428802633532697e-21
8.639249332788362e-21
8.852411655563962e-21
9.06819818267517e-21
9.286561440018283e-21
9.507428321936956e-21
9.730723407434818e-21
