1.4810018240001863e-12
1.4192744780053754e-12
1.3637631168494528e-12
1.3126991063821697e-12
1.2667023744285283e-12
1.2247589660062083e-12
1.1868948496113624e-12
1.1521795461230592e-12
1.1210487894253152e-12
1.0926785232722807e-12
1.0673109185850281e-12
1.043864687866316e-12
1.0225989066885357e-12
1.0034865428990555e-12
9.861078184165516e-13
9.702506854441686e-13
9.56175488982522e-13
9.435066413769177e-13
9.318288894393995e-13
9.211716176143706e-13
9.117849995368938e-13
9.031522201864743e-13
8.953928455662405e-13
8.885519758682005e-13
8.822275075935059e-13
8.766179474171806e-13
8.714647034192429e-13
8.669446467982345e-13
8.628350155921326e-13
8.591372309646527e-13
8.559309377063536e-13
8.529838961296301e-13
8.503154385113898e-13
8.479422908660557e-13
8.458371062127757e-13
8.439819234748418e-13
8.423317855988453e-13
8.408904455453582e-13
8.395477325776865e-13
8.384244824981333e-13
8.373929151495619e-13
8.365867591549893e-13
8.358062223009173e-13
8.351095511097725e-13
8.345104704167613e-13
8.340117698535186e-13
8.335989022109829e-13
8.333045852577645e-13
8.329278292486677e-13
8.32708066292901e-13
8.324160248325091e-13
8.322957539113169e-13
8.321675522602274e-13
8.32044693692616e-13
8.320178882712079e-13
8.31970748940942e-13
8.31924404532788e-13
8.318987441250004e-13
8.319444116996735e-13
8.319721727675266e-13
8.320044397122938e-13
8.320694425489859e-13
8.32117261920523e-13
8.321693766678406e-13
8.322631797805541e-13
8.323061875330053e-13
8.324192394978406e-13
8.324979508541015e-13
8.325935211859666e-13
8.326601633320779e-13
8.327572537540747e-13
8.328946071603333e-13
8.329338603248894e-13
8.329994064180846e-13
8.331132320837516e-13
8.332172379723017e-13
8.333008449174235e-13
8.333743098829582e-13
8.335020420819659e-13
8.335497767368186e-13
8.336549586246671e-13
8.337348963460224e-13
8.338392053942051e-13
8.339056758510617e-13
8.339755789234532e-13
8.340402708305892e-13
8.341221071306267e-13
8.341949819300872e-13
8.342689230169303e-13
8.343441622941574e-13
8.343954498270475e-13
8.344820474352212e-13
8.345174659140773e-13
8.345805815030281e-13
8.346301649770171e-13
8.346706203198819e-13
8.347319842085538e-13
8.347880843781008e-13
8.348412788051844e-13
8.34881540556259e-13
8.349138297310632e-13
8.349798661036118e-13
8.350031171593631e-13
8.350556194620469e-13
8.350809196079964e-13
8.351372772322881e-13
8.351478044564583e-13
8.3519059428999e-13
8.352175568214314e-13
8.352573333836426e-13
8.352913020011208e-13
8.353149209645079e-13
8.353269579006863e-13
8.353561898749682e-13
8.353752308595238e-13
8.353981079075139e-13
8.354349915416055e-13
8.354507444056764e-13
8.354840914977407e-13
8.354947578425026e-13
8.355146493706732e-13
8.355289362242111e-13
8.355436367689478e-13
8.35578155543176e-13
8.355822034212162e-13
8.35598272384886e-13
8.356048383066419e-13
8.356251997607207e-13
8.356399106365441e-13
8.356540554900024e-13
8.356655357538511e-13
8.356740535323955e-13
8.356857346481378e-13
8.35689379607159e-13
8.356973844743545e-13
8.357124494412027e-13
8.357215497445805e-13
8.357339469464633e-13
8.357359784635982e-13
8.357468453598253e-13
8.357470059462037e-13
8.35756179004524e-13
8.357626501589611e-13
8.357728732231477e-13
8.357795902136786e-13
8.357787302002188e-13
8.357838784691473e-13
8.357860538744487e-13
8.357936655945604e-13
8.357944441655913e-13
8.357991174577978e-13
8.357988450969163e-13
8.358056374532975e-13
8.358033284074605e-13
8.357998321269993e-13
8.358070462944105e-13
8.358064213904293e-13
8.358038542938872e-13
8.358076367059696e-13
8.358095603807543e-13
8.358046573327921e-13
8.358085417536172e-13
8.358052289367013e-13
8.358061339944054e-13
8.358069650717427e-13
8.358082468355378e-13
8.358056159348996e-13
8.357975987445788e-13
8.35796400897207e-13
8.357922827132941e-13
8.357901067575191e-13
8.3578450645556e-13
8.357837705195158e-13
8.357768145889537e-13
8.357709799552997e-13
8.357647589715583e-13
8.357609572629982e-13
8.35754847790546e-13
8.357474214526747e-13
8.357432540238132e-13
8.357325742580416e-13
8.357277116693534e-13
8.357174877300076e-13
8.357077599057777e-13
8.356997814206944e-13
8.356866249198709e-13
8.356754721037389e-13
8.356662715746192e-13
8.356532164517639e-13
8.35642787282818e-13
8.356300483681072e-13
8.356154746743828e-13
8.355990346587838e-13
8.355853769289422e-13
8.355686543228906e-13
8.355497425205725e-13
8.355341513069026e-13
8.355144589609199e-13
8.354954188379063e-13
8.354738357819929e-13
8.354534681296898e-13
