2.6417750051585998e-24
2.5942296290029694e-24
2.551830078927749e-24
2.5143655844771388e-24
2.4816348558402036e-24
2.4534458911061694e-24
2.429615800542192e-24
2.4099706418407752e-24
2.3943452611885954e-24
2.382583134930645e-24
2.3745362077800945e-24
2.3700647242549045e-24
2.3690370504822972e-24
2.3713294855298047e-24
2.3768260609359543e-24
2.3854183291569075e-24
2.397005141512148e-24
2.411492417251986e-24
2.4287929053022985e-24
2.448825941099302e-24
2.47151720034586e-24
2.496798452196043e-24
2.5246073135307257e-24
2.554887006704044e-24
2.587586122058478e-24
2.622658386886946e-24
2.6600624418498296e-24
2.6997616260118227e-24
2.7417237708685818e-24
2.7859210041948925e-24
2.832329563742723e-24
2.8809296208806886e-24
2.9317051144652747e-24
2.9846435943843364e-24
3.0397360748824265e-24
3.0969768971715812e-24
3.156363601185479e-24
3.2178968058246756e-24
3.2815800976780543e-24
3.347419927546367e-24
3.415425514423439e-24
3.485608756678047e-24
3.557984150016751e-24
3.632568711794664e-24
3.709381911326892e-24
3.788445606240796e-24
3.869783983823302e-24
3.953423508202971e-24
4.0393928716542176e-24
4.1277229512978566e-24
4.218446769836004e-24
4.3115994607037284e-24
4.4072182371965896e-24
4.505342365474465e-24
4.606013141356909e-24
4.709273870532256e-24
4.815169852188442e-24
4.923748366065694e-24
5.035058662325841e-24
5.149151954770916e-24
5.266081416740838e-24
5.3859021798709076e-24
5.5086713356322186e-24
5.634447939425477e-24
5.763293017009881e-24
5.895269573895778e-24
6.030442606475474e-24
6.16887911599466e-24
6.310648124453127e-24
6.4558206928537855e-24
6.6044699415262444e-24
6.756671072460917e-24
6.912501394086576e-24
7.072040347081209e-24
7.23536953368068e-24
7.402572747244754e-24
7.573736004858464e-24
7.74894758165248e-24
7.92829804617638e-24
8.111880298664042e-24
8.299789610441652e-24
8.492123665333749e-24
8.688982602711829e-24
8.890469062382062e-24
9.09668823135852e-24
9.307747892340451e-24
9.523758473151055e-24
9.744833099925949e-24
9.971087649046837e-24
1.0202640804025038e-23
1.0439614111573778e-23
1.0682132041080784e-23
1.0930322044608328e-23
1.1184314619659598e-23
1.1444243373428233e-23
1.1710245088408619e-23
1.1982459790135481e-23
1.2261030816934199e-23
1.2546104891488378e-23
1.2837832193175519e-23
1.3136366434629949e-23
1.3441864937140447e-23
1.3754488710525095e-23
1.4074402534222248e-23
1.440177503882523e-23
1.4736778792589122e-23
1.5079590386835776e-23
1.5430390524073683e-23
1.5789364111954762e-23
1.615670035246704e-23
1.6532592839637557e-23
1.6917239654817318e-23
1.731084346795616e-23
1.7713611637163675e-23
1.812575631295472e-23
1.8547494545515652e-23
1.8979048390840533e-23
1.9420645023089366e-23
1.9872516845821296e-23
2.0334901607087556e-23
2.0808042519210867e-23
2.12921883763203e-23
2.178759367734771e-23
2.2294518751706617e-23
2.281322988245493e-23
2.3343999442837282e-23
2.3887106024454277e-23
2.4442834569672046e-23
2.5011476512731375e-23
2.559332991843996e-23
2.6188699623807157e-23
2.6797897384802766e-23
2.7421242017287876e-23
2.805905955812238e-23
2.871168340700335e-23
2.93794544895507e-23
3.006272140852068e-23
3.076184060996544e-23
3.147717653894717e-23
3.220910181653394e-23
3.2957997392076716e-23
3.372425272561532e-23
3.4508265959732567e-23
3.5310444081978694e-23
3.613120312351226e-23
3.697096831888121e-23
3.783017430018853e-23
3.8709265280209915e-23
3.960869523287575e-23
4.052892808524611e-23
4.147043791114338e-23
4.2433709117913895e-23
4.341923664499825e-23
4.442752615413956e-23
4.545909424077785e-23
4.651446861459036e-23
4.7594188317105575e-23
4.869880390434422e-23
4.982887764777808e-23
5.098498381542016e-23
5.216770874132374e-23
5.337765111553912e-23
5.461542222623589e-23
5.588164602870733e-23
5.717695955470054e-23
5.850201291936048e-23
5.98574696657271e-23
6.124400688145998e-23
6.266231547250943e-23
6.41131003617345e-23
6.559708071088721e-23
6.711498995495452e-23
6.866757639551152e-23
7.02556029130785e-23
7.187984762439464e-23
7.354110380933306e-23
7.524018015125838e-23
7.697790117431034e-23
7.875510714444062e-23
8.057265459310852e-23
8.243141602483302e-23
8.433228077284693e-23
8.627615469506747e-23
8.826396116033813e-23
9.029664008048436e-23
9.237514911007253e-23
9.450046361563633e-23
9.66735771180759e-23
9.889550121234173e-23
1.0116726616583179e-22
1.0348992088711157e-22
1.0586453415041169e-22
1.082921931123297e-22
1.107740068124259e-22
1.1331110200239365e-22
1.1590462946636536e-22
1.1855575971457937e-22
1.2126568508997053e-22
1.2403562163423933e-22
1.2686680692579742e-22
1.2976050606238157e-22
