3.113609596381911e-23
3.0612997491416347e-23
3.016748083549715e-23
2.979860267157288e-23
2.9505582632121396e-23
2.928780166990135e-23
2.914480076691475e-23
2.907627998661938e-23
2.9082097867250187e-23
2.916227115594334e-23
2.9316974882177e-23
2.9546542772583844e-23
2.9851468006179647e-23
3.0232404314995324e-23
3.069016742812185e-23
3.122573687089518e-23
3.184025811222625e-23
3.2535045077415095e-23
3.3311583021417436e-23
3.417153177926251e-23
3.511672939269829e-23
3.614919612948187e-23
3.7271138896924934e-23
3.848495606875479e-23
3.9793242729516387e-23
4.119879635229445e-23
4.270462292414913e-23
4.431394353109766e-23
4.6030201421169356e-23
4.7857069559819e-23
4.979845870056758e-23
5.185852598169305e-23
5.404168408118544e-23
5.635261094190526e-23
5.879626009910176e-23
6.137787162613125e-23
6.410298373865148e-23
6.697744506902284e-23
7.000742766447387e-23
7.319944070743607e-23
7.656034503881267e-23
8.009736847479016e-23
8.381812198536236e-23
8.773061677113101e-23
9.184328227522973e-23
9.61649851796132e-23
1.0070504944087109e-22
1.0547327742141062e-22
1.1047997216017608e-22
1.157359608419874e-22
1.2125261955754797e-22
1.2704189938706648e-22
1.3311635389148605e-22
1.3948916811157243e-22
1.461741891133391e-22
1.5318595820555492e-22
1.6053974490772517e-22
1.6825158275920893e-22
1.7633830710222152e-22
1.8481759491636787e-22
1.9370800685896805e-22
2.0302903161023916e-22
2.128011327006058e-22
2.2304579793301116e-22
2.3378559157400404e-22
2.4504420944443792e-22
2.568465372130136e-22
2.6921871191484504e-22
2.821881870599724e-22
2.957838014451584e-22
3.1003585196928434e-22
3.249761707193649e-22
3.4063820651937314e-22
3.5705711146325956e-22
3.7426983244464796e-22
3.92315208309001e-22
4.1123407269110813e-22
4.310693636310934e-22
4.518662392464039e-22
4.736722012760763e-22
4.965372260197897e-22
5.205139035853996e-22
5.456575860983318e-22
5.720265458400283e-22
5.996821428828904e-22
6.286890048123343e-22
6.591152175608746e-22
6.910325296358634e-22
7.245165700740325e-22
7.596470813590063e-22
7.965081687399985e-22
8.351885667898879e-22
8.757819257457488e-22
9.183871169520082e-22
9.63108562670092e-22
1.0100565881718907e-21
1.0593478021784565e-21
1.1111055042517891e-21
1.1654601244132276e-21
1.2225496969731117e-21
1.2825203709093517e-21
1.3455269620884977e-21
1.4117335485732586e-21
1.4813141156882962e-21
1.554453252989273e-21
1.6313469129864647e-21
1.7122032299306794e-21
1.7972434131757774e-21
1.8867027145329166e-21
1.9808314862292796e-21
2.0798963293617167e-21
2.184181348369894e-21
2.2939895185694183e-21
2.4096441918100837e-21
2.5314907253149184e-21
2.6598982849776404e-21
2.795261817154506e-21
2.9380042120083924e-21
3.088578674446219e-21
3.247471374815132e-21
3.415204297370187e-21
3.592338463271964e-21
3.779477436253659e-21
3.9772712225002985e-21
4.186420588393229e-21
4.4076818204652924e-21
4.6418720720424685e-21
4.889875202514388e-21
5.152648360202276e-21
5.431229250950111e-21
5.726744236437107e-21
6.040417371798765e-21
6.3735804127279215e-21
6.7276840654194234e-21
7.104310381782325e-21
7.505186660460545e-21
7.93220080916327e-21
8.387418427206425e-21
8.87310170405523e-21
9.391730206708246e-21
9.946023683687032e-21
1.0538966913288243e-20
1.1173836373021944e-20
1.1854228734140609e-20
1.2584090376510493e-20
1.3367747488973443e-20
1.4209934845813172e-20
1.511582172665847e-20
1.6091031432957268e-20
1.7141649878593605e-20
1.8274216389747137e-20
1.9495687001481447e-20
2.0813356936496892e-20
2.2234723487169992e-20
2.3767264094198188e-20
2.5418096368465382e-20
2.719348025198023e-20
2.909811137799011e-20
3.113415451267527e-20
3.32999710143473e-20
3.5588518513861285e-20
3.798546357404981e-20
4.0467148281219525e-20
4.2998715277568756e-20
4.5532894201329544e-20
4.8010135278072824e-20
5.036082820379334e-20
5.251009169234641e-20
5.438502483788056e-20
5.592335702778816e-20
5.70816229203378e-20
5.784070445485125e-20
5.820723858085115e-20
5.82106872592659e-20
5.789722224958427e-20
5.732229862966258e-20
5.654370281547037e-20
5.56162161423665e-20
5.458826660310592e-20
5.350038106983928e-20
5.238496795154445e-20
5.126692629251134e-20
5.016467343504702e-20
4.909129333104692e-20
4.805563823501356e-20
4.706330299216017e-20
4.6117435141204727e-20
4.521938154756262e-20
4.436920288335836e-20
4.3566057650268576e-20
4.2808496443224926e-20
4.209467922161491e-20
4.142253279604335e-20
4.07898652096672e-20
4.0194446930349e-20
3.96340666894484e-20
3.910656904609736e-20
3.8609880074364985e-20
3.814202126646764e-20
3.770111846453478e-20
3.7285405002790876e-20
