1.1932278326971739e-23
1.1932276244183125e-23
1.193227301626495e-23
1.1932268535513849e-23
1.1932262700446754e-23
1.193225541480406e-23
1.1932246586632682e-23
1.1932236127441107e-23
1.1932223951418618e-23
1.193220997471292e-23
1.1932194114759241e-23
1.1932176289655782e-23
1.1932156417579717e-23
1.1932134416239851e-23
1.193211020236102e-23
1.1932083691196711e-23
1.1932054796065401e-23
1.1932023427908253e-23
1.1931989494864106e-23
1.1931952901859997e-23
1.1931913550212753e-23
1.1931871337241434e-23
1.1931826155885261e-23
1.1931777894329093e-23
1.1931726435629524e-23
1.1931671657343477e-23
1.1931613431155422e-23
1.1931551622502237e-23
1.1931486090194498e-23
1.1931416686030385e-23
1.193134325440348e-23
1.1931265631902194e-23
1.1931183646897035e-23
1.1931097119118016e-23
1.1931005859218245e-23
1.1930909668322472e-23
1.1930808337560347e-23
1.1930701647583173e-23
1.1930589368058755e-23
1.193047125715287e-23
1.1930347060979803e-23
1.1930216513040192e-23
1.1930079333626839e-23
1.1929935229208935e-23
1.1929783891784916e-23
1.1929624998214899e-23
1.1929458209512485e-23
1.192928317011027e-23
1.1929099507091513e-23
1.1928906829384024e-23
1.19287047269176e-23
1.192849276974542e-23
1.1928270507116772e-23
1.192803746651489e-23
1.1927793152646251e-23
1.1927537046377691e-23
1.1927268603627515e-23
1.1926987254210006e-23
1.1926692400615187e-23
1.1926383416732639e-23
1.1926059646523896e-23
1.1925720402620463e-23
1.192536496486356e-23
1.1924992578770152e-23
1.1924602453926165e-23
1.1924193762310595e-23
1.1923765636529718e-23
1.1923317167978142e-23
1.1922847404896464e-23
1.1922355350365262e-23
1.1921839960171534e-23
1.1921300140592862e-23
1.1920734746083446e-23
1.1920142576826412e-23
1.191952237618814e-23
1.191887282805165e-23
1.1918192554016592e-23
1.1917480110477627e-23
1.1916733985532961e-23
1.1915952595816998e-23
1.1915134283083434e-23
1.191427731070528e-23
1.1913379860005406e-23
1.1912440026351994e-23
1.1911455815127918e-23
1.1910425137488604e-23
1.1909345805936477e-23
1.1908215529645506e-23
1.1907031909595763e-23
1.1905792433469589e-23
1.1904494470348376e-23
1.1903135265068302e-23
1.1901711932356413e-23
1.190022145072097e-23
1.18986606560019e-23
1.1897026234662527e-23
1.189531471675044e-23
1.1893522468386939e-23
1.1891645684213052e-23
1.1889680379143664e-23
1.188762237999088e-23
1.188546731642739e-23
1.1883210611842686e-23
1.188084747346996e-23
1.187837288221286e-23
1.1875781581924899e-23
1.1873068068264932e-23
1.1870226576906701e-23
1.1867251071080949e-23
1.1864135229107104e-23
1.1860872430382709e-23
1.1857455741764714e-23
1.1853877902261127e-23
1.1850131307815408e-23
1.1846207995108881e-23
1.1842099624229263e-23
1.183779746118279e-23
1.1833292358905683e-23
1.1828574737823228e-23
1.1823634565420167e-23
1.1818461334451622e-23
1.1813044040874408e-23
1.1807371159888461e-23
1.1801430621026661e-23
1.1795209783044569e-23
1.178869540591588e-23
1.1781873622635548e-23
1.177472990985254e-23
1.176724905579497e-23
1.1759415128420831e-23
1.1751211440306627e-23
1.174262051317419e-23
1.1733624040025435e-23
1.1724202845535818e-23
1.1714336845195426e-23
1.1704005000705373e-23
1.1693185275778923e-23
1.1681854587466025e-23
1.1669988756198336e-23
1.1657562454702616e-23
1.1644549150936122e-23
1.1630921051686224e-23
1.1616649042210257e-23
1.1601702621832351e-23
1.1586049838720372e-23
1.1569657219644765e-23
1.1552489696665001e-23
1.1534510531102184e-23
1.1515681231066528e-23
1.1495961470577301e-23
1.1475309000060531e-23
1.1453679548909797e-23
1.1431026737506149e-23
1.1407301965493942e-23
1.1382454313698598e-23
1.1356430422081265e-23
1.1329174381272226e-23
1.130062760505222e-23
1.1270728701801071e-23
1.1239413334405467e-23
1.1206614085317779e-23
1.1172260305251797e-23
1.113627795554197e-23
1.1098589443212256e-23
1.1059113451882041e-23
1.1017764765781845e-23
1.0974454074432107e-23
1.0929087781075162e-23
1.0881567802213586e-23
1.0831791342664514e-23
1.0779650682291603e-23
1.0725032941040464e-23
1.0667819833672782e-23
1.0607887432004965e-23
1.0545105882622651e-23
1.0479339159646033e-23
1.0410444784388837e-23
1.0338273549873877e-23
1.0262669211300863e-23
1.0183468238239123e-23
1.0100499486220144e-23
1.0013583949213405e-23
9.922534457243536e-24
9.827155438431861e-24
9.727242702752752e-24
9.622583234152945e-24
9.512955068840043e-24
9.398127262680799e-24
9.277859919332915e-24
9.1519044615918e-24
9.020003993183621e-24
8.881894059465256e-24
8.737303702842447e-24
8.585957116627955e-24
8.427576007411132e-24
8.261882942367784e-24
8.088606150273636e-24
7.907486216614301e-24
7.7182856776396e-24
7.520802589135536e-24
7.314889813711035e-24
