1.703920342033225e-23
1.703992307975894e-23
1.704060686847557e-23
1.7041256199857376e-23
1.7041872417455944e-23
1.7042456797560876e-23
1.7043010551644243e-23
1.7043534828690683e-23
1.704403071741629e-23
1.7044499248378742e-23
1.704494139598199e-23
1.704535808037718e-23
1.7045750169264022e-23
1.704611847959338e-23
1.7046463779174877e-23
1.7046786788191194e-23
1.7047088180621254e-23
1.7047368585574856e-23
1.7047628588540228e-23
1.7047868732547105e-23
1.7048089519246156e-23
1.704829140990762e-23
1.7048474826339446e-23
1.7048640151727417e-23
1.7048787731398125e-23
1.7048917873505734e-23
1.7049030849644347e-23
1.7049126895385817e-23
1.704920621074537e-23
1.7049268960573797e-23
1.704931527487861e-23
1.70493452490735e-23
1.704935894415658e-23
1.7049356386817893e-23
1.7049337569475978e-23
1.7049302450243365e-23
1.7049250952821082e-23
1.7049182966321372e-23
1.7049098345018477e-23
1.7048996908026697e-23
1.7048878438904516e-23
1.7048742685185224e-23
1.7048589357830927e-23
1.7048418130610265e-23
1.7048228639398133e-23
1.7048020481395334e-23
1.7047793214266747e-23
1.704754635519629e-23
1.7047279379856545e-23
1.7046991721290476e-23
1.7046682768703178e-23
1.7046351866160816e-23
1.7045998311194532e-23
1.7045621353305057e-23
1.704522019236633e-23
1.7044793976923464e-23
1.7044341802382272e-23
1.7043862709085957e-23
1.704335568027479e-23
1.7042819639925232e-23
1.7042253450462623e-23
1.70416559103434e-23
1.704102575150185e-23
1.7040361636654908e-23
1.703966215646045e-23
1.7038925826522256e-23
1.7038151084235145e-23
1.703733628546436e-23
1.7036479701051278e-23
1.7035579513138314e-23
1.7034633811304814e-23
1.7033640588506844e-23
1.7032597736810298e-23
1.703150304290991e-23
1.7030354183423554e-23
1.7029148719952264e-23
1.702788409389534e-23
1.7026557621008754e-23
1.702516648569672e-23
1.7023707735022196e-23
1.7022178272425208e-23
1.7020574851134572e-23
1.70188940672591e-23
1.701713235254346e-23
1.701528596677321e-23
1.7013350989812372e-23
1.7011323313256706e-23
1.7009198631684884e-23
1.700697243348801e-23
1.7004639991258272e-23
1.7002196351716132e-23
1.699963632515357e-23
1.699695447437141e-23
1.6994145103086044e-23
1.6991202243781376e-23
1.6988119644978036e-23
1.6984890757894215e-23
1.6981508722468282e-23
1.697796635271136e-23
1.6974256121361518e-23
1.6970370143801493e-23
1.6966300161209067e-23
1.6962037522900935e-23
1.695757316783166e-23
1.6952897605207554e-23
1.694800089417373e-23
1.6942872622527316e-23
1.6937501884411815e-23
1.693187725694447e-23
1.692598677572071e-23
1.6919817909146932e-23
1.691335753154013e-23
1.690659189493694e-23
1.6899506599547704e-23
1.6892086562791925e-23
1.688431598684399e-23
1.6876178324615223e-23
1.6867656244096233e-23
1.6858731590985598e-23
1.6849385349505854e-23
1.6839597601329626e-23
1.6829347482527662e-23
1.6818613138409368e-23
1.680737167620523e-23
1.6795599115419865e-23
1.6783270335795126e-23
1.6770359022726665e-23
1.6756837610031272e-23
1.674267721989597e-23
1.6727847599918856e-23
1.671231705704511e-23
1.6696052388267264e-23
1.6679018807914205e-23
1.6661179871352225e-23
1.6642497394932992e-23
1.6622931371962114e-23
1.6602439884494048e-23
1.6580979010775124e-23
1.6558502728008004e-23
1.6534962810331055e-23
1.6510308721593524e-23
1.6484487502843763e-23
1.645744365400764e-23
1.6429119009699358e-23
1.6399452608675483e-23
1.636838055657572e-23
1.6335835881768476e-23
1.6301748383631628e-23
1.6266044473168228e-23
1.62286470051665e-23
1.6189475101867267e-23
1.614844396713768e-23
1.6105464691135826e-23
1.606044404451101e-23
1.6013284261361303e-23
1.5963882811565076e-23
1.5912132159514332e-23
1.5857919511034856e-23
1.5801126545628082e-23
1.57416291348497e-23
1.5679297044162856e-23
1.5613993619310222e-23
1.5545575454309086e-23
1.5473892041476865e-23
1.539878540068468e-23
1.5320089688161687e-23
1.5237630782843854e-23
1.515122584853448e-23
1.5060682870130425e-23
1.4965800163480102e-23
1.486636585597988e-23
1.4762157335989466e-23
1.4652940672153615e-23
1.45384699937167e-23
1.4418486839312678e-23
1.429271946564815e-23
1.4160882117143808e-23
1.402267425163177e-23
1.387777973099919e-23
1.3725865965731868e-23
1.3566583023408368e-23
1.3399562695234035e-23
1.3224417545609678e-23
1.3040739938212304e-23
1.2848101064813084e-23
1.2646050011409935e-23
1.2434112907961254e-23
1.221179221602065e-23
1.1978566289915771e-23
1.1733889341139864e-23
1.1477192096911307e-23
1.1207883471635312e-23
1.0925353923704102e-23
1.0628981341663552e-23
1.0318140994584989e-23
9.992221876053332e-24
9.650653293624234e-24
9.292948185272772e-24
8.918774001411365e-24
8.528070171858071e-24
8.121245631314568e-24
