1.7785333707236343e-11
1.7702014834244548e-11
1.7161560260134733e-11
1.6569287046842737e-11
1.582059703804143e-11
1.4513187703868338e-11
1.414974107964356e-11
1.3580967611578384e-11
1.2969822124414889e-11
1.225507390503876e-11
1.1886236773714683e-11
1.137526788536006e-11
1.0892413504419723e-11
1.0410640165159034e-11
9.81109177668472e-12
9.540442807702999e-12
9.116852684065521e-12
8.712839447495283e-12
8.338379063400423e-12
8.095650447067358e-12
7.602655493277005e-12
7.204972242009667e-12
7.063392742921397e-12
6.595140800926831e-12
6.446628058291051e-12
6.03613305450679e-12
5.891113477465467e-12
5.5238340272309116e-12
5.376113838684452e-12
5.10878134103966e-12
4.868638643406339e-12
4.6415961255225836e-12
4.413341744448104e-12
4.21724086503499e-12
4.061130105840881e-12
3.8636114434034115e-12
3.732653089293952e-12
3.5439107046227627e-12
3.3664304218822158e-12
3.240133447063777e-12
3.0905818035480072e-12
2.9383950147471117e-12
2.8215143158654972e-12
2.69561447355053e-12
2.563458499380499e-12
2.4597701789560186e-12
2.349868942736061e-12
2.2449650688417864e-12
2.1441686519535823e-12
2.0409959211071272e-12
1.96284690907616e-12
1.866399542953535e-12
1.7881682294744678e-12
1.7043279401207431e-12
1.627911635111649e-12
1.550345537382908e-12
1.481120984497702e-12
1.4201703853219822e-12
1.354209998856085e-12
1.2902422854426945e-12
1.2322074274729835e-12
1.1767463544868376e-12
1.1259901557569705e-12
1.073743972986152e-12
1.0265442498838116e-12
9.817516028234393e-13
9.357403315873693e-13
8.934309584332773e-13
8.516603813697205e-13
8.150369549426902e-13
7.773521487123532e-13
7.418351870704876e-13
7.081616886872673e-13
6.762303018993515e-13
6.454880292004677e-13
6.154983505984201e-13
5.886986994960032e-13
5.612834444859853e-13
5.35704758758752e-13
5.116994671894622e-13
4.878839165214396e-13
4.655772236746005e-13
4.439507218114098e-13
4.2383989426671427e-13
4.045078930600939e-13
3.8620298646178556e-13
3.679750105610484e-13
3.51275421155591e-13
3.351019276972094e-13
3.195342677414486e-13
3.0473133888595825e-13
2.908139202807935e-13
2.773404543152494e-13
2.6436969736291755e-13
2.5210103468619646e-13
2.4055388548675547e-13
2.2919621623506545e-13
2.1858902058068077e-13
2.0830645705624899e-13
1.9862497696663272e-13
1.8930288912467778e-13
1.8041081372927175e-13
1.7191220393725343e-13
1.6379781626704076e-13
1.5604990785024274e-13
1.4864793465084736e-13
1.415790157080022e-13
1.3481824213474731e-13
1.283813795793852e-13
1.2220141367415451e-13
1.163334691253058e-13
1.1073706411393176e-13
1.0537319520856015e-13
1.0027289412195995e-13
9.536572093023291e-14
9.069815570178222e-14
8.625534971512161e-14
8.198626034324293e-14
7.791980191458596e-14
7.404262271291584e-14
7.034677586724937e-14
6.680883256284315e-14
6.342480453408864e-14
6.019188010355266e-14
5.712350671244497e-14
5.418577221247088e-14
5.137432755524008e-14
4.8696462053635855e-14
4.614354324650839e-14
4.3699138253602616e-14
4.1369645450355187e-14
3.914625224477273e-14
3.7024163218141634e-14
3.499937789820655e-14
3.306685154699697e-14
3.1222825334030006e-14
2.946407705148624e-14
2.7787708487527453e-14
2.6186404324673907e-14
2.4659502462488367e-14
2.320250062720749e-14
2.1813732273948576e-14
2.0490844565730458e-14
1.9228127126895055e-14
1.8025506109919668e-14
1.687947869511851e-14
1.5787806420400567e-14
1.4748143257532822e-14
1.3757733504971023e-14
1.281564343023919e-14
1.1918402893657716e-14
1.1065964257905867e-14
1.0254371239245941e-14
9.483426672429257e-15
8.751324595589151e-15
8.056167437107004e-15
7.39620966923714e-15
6.770665767383112e-15
6.177840768634725e-15
5.616604625960278e-15
5.085872415790141e-15
4.584369921350152e-15
4.111142619048196e-15
3.665061735239742e-15
3.2452383428745395e-15
2.850882402661388e-15
2.4811239353753527e-15
2.1352150841335042e-15
1.812463956327844e-15
1.5122893953170876e-15
1.2341519830536492e-15
9.776980139263103e-16
7.428263729254415e-16
5.301060457447082e-16
3.421297289393769e-16
1.9106769055082949e-16
1.370949359024065e-16
2.1436568973008388e-16
3.2006361407875035e-16
4.1830966220349884e-16
5.024246311776135e-16
5.706400960115193e-16
6.223682247857484e-16
6.573912338682653e-16
6.756205951476863e-16
6.770187573853363e-16
6.615733072623419e-16
6.292875152198635e-16
5.80206995826063e-16
5.144956963353779e-16
4.32629593479221e-16
3.3605570995810623e-16
2.301141994869815e-16
1.4267480416514925e-16
1.749276316500383e-16
3.188244557008995e-16
5.041713826956756e-16
7.154404037679727e-16
9.494955291221727e-16
1.2056633913063587e-15
1.4840657262588112e-15
