5.799385150873362e-22
5.799410888592167e-22
5.799434729415328e-22
5.799456723950749e-22
5.799476918885797e-22
5.799495357088401e-22
5.799512077696579e-22
5.799527116203026e-22
5.799540504529816e-22
5.799552271096483e-22
5.799562440881067e-22
5.799571035472196e-22
5.79957807311586e-22
5.799583568753946e-22
5.799587534056079e-22
5.7995899774447515e-22
5.799590904112416e-22
5.799590316033824e-22
5.799588211969344e-22
5.799584587462879e-22
5.799579434832025e-22
5.799572743152338e-22
5.799564498234138e-22
5.799554682591592e-22
5.799543275407259e-22
5.799530252486148e-22
5.799515586206541e-22
5.799499245458406e-22
5.79948119558076e-22
5.799461398285886e-22
5.799439811578739e-22
5.799416389667613e-22
5.799391082868584e-22
5.799363837496865e-22
5.799334595755866e-22
5.799303295613812e-22
5.799269870670938e-22
5.799234250019435e-22
5.7991963580943905e-22
5.799156114510188e-22
5.799113433891736e-22
5.79906822569511e-22
5.799020394012651e-22
5.798969837368006e-22
5.798916448506776e-22
5.798860114162592e-22
5.798800714819383e-22
5.798738124458701e-22
5.798672210289398e-22
5.79860283246837e-22
5.798529843801544e-22
5.798453089434865e-22
5.79837240651948e-22
5.798287623871637e-22
5.798198561606704e-22
5.798105030758782e-22
5.798006832876376e-22
5.797903759603327e-22
5.797795592237597e-22
5.797682101260888e-22
5.797563045859768e-22
5.7974381734083785e-22
5.797307218928847e-22
5.797169904538887e-22
5.797025938850427e-22
5.796875016359843e-22
5.796716816784351e-22
5.796551004403237e-22
5.796377227325994e-22
5.79619511674968e-22
5.796004286176957e-22
5.795804330595598e-22
5.795594825608533e-22
5.795375326547043e-22
5.795145367513993e-22
5.79490446038431e-22
5.794652093792503e-22
5.7943877320208595e-22
5.794110813873496e-22
5.793820751475734e-22
5.793516929014002e-22
5.793198701451106e-22
5.792865393134181e-22
5.79251629634358e-22
5.792150669825518e-22
5.791767737166512e-22
5.79136668517776e-22
5.790946662131809e-22
5.7905067759766915e-22
5.790046092396362e-22
5.789563632871086e-22
5.789058372526393e-22
5.788529238001256e-22
5.787975105127601e-22
5.787394796551342e-22
5.786787079176495e-22
5.786150661587867e-22
5.785484191266062e-22
5.784786251661534e-22
5.784055359229052e-22
5.783289960217897e-22
5.782488427353523e-22
5.781649056311775e-22
5.780770062188646e-22
5.779849575540953e-22
5.778885638428836e-22
5.777876200258787e-22
5.776819113311897e-22
5.775712128184705e-22
5.774552888934507e-22
5.773338928019313e-22
5.772067660991544e-22
5.770736380936601e-22
5.769342252630847e-22
5.767882306444077e-22
5.766353431893965e-22
5.764752370937129e-22
5.763075711170758e-22
5.761319877971475e-22
5.759481127123248e-22
5.757555536708708e-22
5.7555389983308985e-22
5.7534272084696265e-22
5.751215659048191e-22
5.748899627600242e-22
5.746474166926726e-22
5.743934094225168e-22
5.741273980238699e-22
5.738488136834193e-22
5.735570604824981e-22
5.732515140675086e-22
5.729315203346707e-22
5.725963938935089e-22
5.722454166563895e-22
5.718778362154787e-22
5.714928641287172e-22
5.710896742372329e-22
5.706674008105571e-22
5.70225136613663e-22
5.69761930909467e-22
5.69276787256449e-22
5.687686613380052e-22
5.682364586504449e-22
5.676790319296166e-22
5.670951786564477e-22
5.664836382615138e-22
5.658430892777258e-22
5.651721463631128e-22
5.644693570890215e-22
5.637331985438519e-22
5.629620739984876e-22
5.621543090526076e-22
5.613081476635814e-22
5.60421748358022e-22
5.594931795821941e-22
5.585204153662794e-22
5.5750133030440715e-22
5.564336947802861e-22
5.553151694695955e-22
5.541432996550224e-22
5.529155091118499e-22
5.516290945681206e-22
5.5028121820350845e-22
5.488689009815312e-22
5.473890154776522e-22
5.458382774256954e-22
5.442132383899897e-22
5.4251027568020165e-22
5.407255845149607e-22
5.388551665800807e-22
5.368948210704886e-22
5.348401325311524e-22
5.326864596227965e-22
5.304289221930367e-22
5.280623882938202e-22
5.255814600205577e-22
5.229804576800544e-22
5.202534047508278e-22
5.1739401018500045e-22
5.143956497822759e-22
5.112513469575113e-22
5.079537521806147e-22
5.044951191096276e-22
5.008672819175756e-22
4.97061627947691e-22
4.93069072136436e-22
4.888800243955349e-22
4.844843589217392e-22
4.798713785569419e-22
4.750297773013338e-22
4.699475980604136e-22
4.646121915198701e-22
4.5901016177584795e-22
4.531273186608982e-22
4.469486174299387e-22
4.404580949202942e-22
4.3363879772353305e-22
4.264727071206708e-22
4.1894065125613196e-22
4.1102220641823787e-22
4.0269559177338433e-22
