2.0496738019624875e-24
2.0456328191334764e-24
2.04192859162845e-24
2.038533955545595e-24
2.0354239498512657e-24
2.0325756509354287e-24
2.02996801782856e-24
2.027581747714003e-24
2.025399141318838e-24
2.0234039777380653e-24
2.0215813982265097e-24
2.0199177984816667e-24
2.018400728938741e-24
2.0170188026020086e-24
2.015761609945602e-24
2.0146196404292087e-24
2.0135842101897207e-24
2.0126473954876822e-24
2.011801971506455e-24
2.0110413561225353e-24
2.0103595582857438e-24
2.0097511306694537e-24
2.009211126271127e-24
2.0087350586642146e-24
2.0083188656221177e-24
2.0079588758536717e-24
2.007651778608423e-24
2.0073945959269668e-24
2.007184657328315e-24
2.0070195767417745e-24
2.0068972315057163e-24
2.006815743269203e-24
2.0067734606454335e-24
2.006768943478115e-24
2.0068009485928403e-24
2.006868416916482e-24
2.006970461856724e-24
2.007106358843284e-24
2.0072755359406054e-24
2.007477565449338e-24
2.0077121564212885e-24
2.0079791480188784e-24
2.0082785036563207e-24
2.008610305865357e-24
2.0089747518333227e-24
2.009372149566272e-24
2.009802914634157e-24
2.010267567458977e-24
2.0107667311106912e-24
2.0113011295787865e-24
2.011871586490804e-24
2.012479024251707e-24
2.0131244635807186e-24
2.013809023424674e-24
2.014533921229014e-24
2.015300473549637e-24
2.0161100969906127e-24
2.01696430945451e-24
2.0178647316934302e-24
2.018813089150552e-24
2.0198112140828043e-24
2.0208610479569358e-24
2.0219646441117654e-24
2.023124170680739e-24
2.0243419137694963e-24
2.025620280883871e-24
2.026961804604577e-24
2.02836914650523e-24
2.0298451013107187e-24
2.0313926012935594e-24
2.033014720906053e-24
2.0347146816462394e-24
2.0364958571558514e-24
2.0383617785485764e-24
2.0403161399667924e-24
2.0423628043650998e-24
2.0445058095185425e-24
2.04674937425344e-24
2.0490979048981682e-24
2.0515560019512363e-24
2.0541284669630536e-24
2.0568203096277315e-24
2.059636755080231e-24
2.0625832513938075e-24
2.065665477271768e-24
2.0688893499266058e-24
2.0722610331389494e-24
2.075786945487447e-24
2.079473768739857e-24
2.083328456394318e-24
2.087358242358629e-24
2.0915706497541413e-24
2.095973499829405e-24
2.100574920967452e-24
2.105383357769102e-24
2.1104075801933073e-24
2.115656692733952e-24
2.1211401436112703e-24
2.1268677339542966e-24
2.1328496269495937e-24
2.1390963569300316e-24
2.1456188383759437e-24
2.152428374799971e-24
2.1595366674857503e-24
2.1669558240494084e-24
2.174698366792382e-24
2.1827772408132695e-24
2.191205821846033e-24
2.1999979237918427e-24
2.209167805912093e-24
2.218730179650364e-24
2.2287002150522318e-24
2.2390935467529175e-24
2.24992627950424e-24
2.261214993214729e-24
2.2729767474787697e-24
2.285229085573987e-24
2.297990037909114e-24
2.3112781249086404e-24
2.32511235932475e-24
2.3395122479715814e-24
2.354497792882368e-24
2.370089491895017e-24
2.3863083386779764e-24
2.4031758222139373e-24
2.420713925765628e-24
2.4389451253542584e-24
2.4578923877876652e-24
2.4775791682822338e-24
2.4980294077285073e-24
2.519267529657428e-24
2.5413184369696268e-24
2.564207508496309e-24
2.5879605954651652e-24
2.612604017949701e-24
2.6381645613843046e-24
2.664669473230642e-24
2.6921464598837525e-24
2.7206236839078645e-24
2.7501297616926463e-24
2.780693761621079e-24
2.8123452028388286e-24
2.845114054713346e-24
2.8790307370682686e-24
2.914126121275496e-24
2.9504315322824523e-24
2.9879787516479173e-24
3.0268000216535572e-24
3.0669280505527437e-24
3.1083960190114654e-24
3.15123758778955e-24
3.1954869067033213e-24
3.241178624903853e-24
3.2883479024979473e-24
3.3370304235320905e-24
3.387262410353079e-24
3.439080639352679e-24
3.492522458097894e-24
3.54762580384317e-24
3.604429223416016e-24
3.662971894463542e-24
3.723293648043922e-24
3.785434992544209e-24
3.849437138903868e-24
3.915342027122148e-24
3.9831923540271874e-24
4.053031602284746e-24
4.124904070625559e-24
4.198854905272184e-24
4.274930132548284e-24
4.353176692656758e-24
4.433642474616587e-24
4.516376352352579e-24
4.601428221937332e-24
4.688849039990082e-24
4.7786908632432786e-24
4.871006889294271e-24
4.96585149856706e-24
5.063280297516294e-24
5.1633501631148644e-24
5.2661192886751666e-24
5.371647231063701e-24
5.479994959380062e-24
5.591224905182107e-24
5.705401014352061e-24
5.822588800711922e-24
5.942855401511221e-24
6.0662696349271724e-24
6.192902059734911e-24
6.3228250373262164e-24
6.456112796277416e-24
6.5928414996927116e-24
6.733089315577852e-24
6.876936490531029e-24
7.024465427075318e-24
7.17576076499837e-24
7.330909467113703e-24
7.490000909913003e-24
7.65312697964309e-24
7.8203821744148e-24
7.991863713038036e-24
