2.2047416187211836e-24
2.214560257209296e-24
2.224047630396143e-24
2.233203075055694e-24
2.2420273587582618e-24
2.250522453602976e-24
2.258691337674247e-24
2.2665378209802713e-24
2.2740663929837222e-24
2.2812820891708037e-24
2.2881903743895257e-24
2.2947970409521023e-24
2.301108119721506e-24
2.3071298026240024e-24
2.312868375180593e-24
2.3183301578637382e-24
2.323521455170722e-24
2.3284485114688307e-24
2.3331174727824377e-24
2.337534353752093e-24
2.3417050091303744e-24
2.3456351092217446e-24
2.349330118758165e-24
2.352795278747121e-24
2.3560355909096934e-24
2.359055804332146e-24
2.3618604040285757e-24
2.3644536011338955e-24
2.3668393244816876e-24
2.369021213343688e-24
2.3710026111466785e-24
2.3727865599771025e-24
2.374375795745798e-24
2.3757727438536868e-24
2.376979515251956e-24
2.3779979027878597e-24
2.3788293777377195e-24
2.3794750864430255e-24
2.3799358469770166e-24
2.380212145774405e-24
2.380304134170945e-24
2.3802116247816808e-24
2.379934087702617e-24
2.379470646459957e-24
2.378820073715046e-24
2.377980786650073e-24
2.37695084203617e-24
2.375727930969444e-24
2.374309373239878e-24
2.372692111324376e-24
2.370872704031688e-24
2.3688473197360244e-24
2.366611729265535e-24
2.3641612984296204e-24
2.3614909801958614e-24
2.358595306557282e-24
2.3554683801308097e-24
2.3521038654806897e-24
2.3484949803305812e-24
2.3446344865987327e-24
2.3405146814564724e-24
2.3361273884459713e-24
2.331463948808262e-24
2.3265152131868928e-24
2.3212715338614935e-24
2.3157227577125576e-24
2.3098582202759424e-24
2.3036667410189934e-24
2.2971366204251e-24
2.2902556390823757e-24
2.2830110595001984e-24
2.275389631163866e-24
2.267377599524601e-24
2.258960719912229e-24
2.2501242772974702e-24
2.2408531131239098e-24
2.2311316608135162e-24
2.2209439914855994e-24
2.2102738720943084e-24
2.199104838498629e-24
2.18742028630233e-24
2.1752035831527694e-24
2.1624382066837585e-24
2.149107913223866e-24
2.135196943529093e-24
2.1206902726239607e-24
2.1055739131921076e-24
2.0898352825866947e-24
2.0734636469781006e-24
2.0564506579940146e-24
2.0387910005748214e-24
2.0204831751401216e-24
2.0015304410274995e-24
1.981941954695004e-24
1.96173414177592e-24
1.940932350682425e-24
1.9195728439435473e-24
1.8977051935364597e-24
1.8753951580648032e-24
1.852728130247898e-24
1.82981325521559e-24
1.8067883278529922e-24
1.783825581240718e-24
1.7611384718081438e-24
1.7389895441763022e-24
1.7176994096246606e-24
1.6976567859535816e-24
1.6793294067310094e-24
1.663275403009785e-24
1.6501544822212034e-24
1.640737887398238e-24
1.6359157581571061e-24
1.6367002278174525e-24
1.6442225262820651e-24
1.6597227150114576e-24
1.6845316212188374e-24
1.7200461012409636e-24
1.767700711763385e-24
1.8289406733921993e-24
1.9052019826315102e-24
1.9979041479294095e-24
2.1084592918737662e-24
2.23829886137273e-24
2.388916864383376e-24
2.5619271927155567e-24
2.7591325393496433e-24
2.982603517519403e-24
3.2347684223534345e-24
3.518516265064439e-24
3.8373180439495356e-24
4.195373763546958e-24
4.5977956829391546e-24
5.0508421326526444e-24
5.562221506804246e-24
6.141493477756171e-24
6.80060512440694e-24
7.554614725713977e-24
8.42267661383082e-24
9.429387375239043e-24
1.0606623043089902e-23
1.1996012747683103e-23
1.3652141640070396e-23
1.5646286856787118e-23
1.806948399960593e-23
2.103068088141799e-23
2.4637446753890117e-23
2.8927607319033604e-23
3.3693964460299874e-23
3.8190185744481784e-23
4.1055757091318385e-23
4.1162235908950656e-23
3.87729854206183e-23
3.5160578477293363e-23
3.1408903645122006e-23
2.8024154652480805e-23
2.5134834132392486e-23
2.2712546528852433e-23
2.068436973020528e-23
1.89756657278774e-23
1.752276987883913e-23
1.627475066060651e-23
1.5191835920935248e-23
1.424320218717659e-23
1.340497184967464e-23
1.2658609715992541e-23
1.1989700482697492e-23
1.1387036571355768e-23
1.0841943237007509e-23
1.0347781115903455e-23
9.899579707733106e-24
9.493766127733224e-24
9.127962625514378e-24
8.800831105693679e-24
8.511947312971464e-24
8.261688706678599e-24
8.051123362834255e-24
7.881887324945549e-24
7.756043074197997e-24
7.67591577793769e-24
7.643911679144426e-24
7.662331509317461e-24
7.7331973110443e-24
7.858115553423774e-24
8.038194023417398e-24
8.274022505886292e-24
8.565714249677814e-24
8.912994602047527e-24
9.315317424292058e-24
9.771989353103686e-24
1.0282285296765651e-23
1.0845545828314323e-23
1.1461251565569156e-23
1.212907528643201e-23
1.2848914900373142e-23
1.3620910915129158e-23
1.4445452633994657e-23
1.5323177611411457e-23
1.6254965767817668e-23
1.7241931809856717e-23
1.8285416502581837e-23
1.938697803975514e-23
