1.5621230315977138e-23
1.564782598256846e-23
1.5673206552614335e-23
1.5697425813968626e-23
1.572053509581608e-23
1.5742583377078025e-23
1.576361738988474e-23
1.5783681718311185e-23
1.580281889262205e-23
1.5821069479170785e-23
1.5838472166175e-23
1.585506384553464e-23
1.587087969086537e-23
1.5885953231903761e-23
1.5900316425455632e-23
1.591399972301227e-23
1.5927032135191626e-23
1.5939441293160244e-23
1.595125350709582e-23
1.5962493821900722e-23
1.5973186070225354e-23
1.598335292291913e-23
1.5993015937050677e-23
1.600219560153565e-23
1.6010911380536595e-23
1.6019181754684013e-23
1.602702426021051e-23
1.6034455526089645e-23
1.6041491309252224e-23
1.604814652795891e-23
1.6054435293383166e-23
1.6060370939522645e-23
1.606596605140274e-23
1.607123249172553e-23
1.607618142602143e-23
1.6080823346245892e-23
1.608516809300937e-23
1.608922487639513e-23
1.6093002295445404e-23
1.6096508356356436e-23
1.6099750489397037e-23
1.6102735564618627e-23
1.6105469906368793e-23
1.6107959306630955e-23
1.6110209037265642e-23
1.6112223861115114e-23
1.6114008041986452e-23
1.6115565353676823e-23
1.6116899087830748e-23
1.6118012060861942e-23
1.6118906619788775e-23
1.611958464712613e-23
1.6120047564718367e-23
1.612029633665627e-23
1.612033147111783e-23
1.6120153021331684e-23
1.6119760585468477e-23
1.6119153305600205e-23
1.611832986569152e-23
1.611728848853759e-23
1.6116026931698153e-23
1.6114542482565485e-23
1.611283195218727e-23
1.6110891668232594e-23
1.6108717466735656e-23
1.6106304682924282e-23
1.6103648140930606e-23
1.610074214214279e-23
1.6097580452686517e-23
1.6094156289606883e-23
1.609046230580039e-23
1.608649057369917e-23
1.6082232567645e-23
1.6077679145037448e-23
1.6072820525835424e-23
1.6067646270956672e-23
1.6062145258761862e-23
1.605630566036282e-23
1.605011491310996e-23
1.6043559692520305e-23
1.603662588206917e-23
1.6029298541733375e-23
1.6021561874120728e-23
1.6013399188761056e-23
1.6004792864400948e-23
1.5995724308740863e-23
1.5986173916342184e-23
1.5976121023549962e-23
1.5965543861388852e-23
1.5954419505360714e-23
1.594272382253565e-23
1.5930431415935376e-23
1.5917515565034838e-23
1.5903948163946128e-23
1.5889699655565368e-23
1.5874738961038026e-23
1.5859033407898072e-23
1.584254865158924e-23
1.582524859336495e-23
1.580709529442817e-23
1.5788048883157605e-23
1.5768067460958315e-23
1.5747106996844904e-23
1.57251212212904e-23
1.5702061512733215e-23
1.5677876774232078e-23
1.5652513307340706e-23
1.5625914676815422e-23
1.5598021565215545e-23
1.5568771623364866e-23
1.553809930728043e-23
1.5505935708929238e-23
1.5472208374143667e-23
1.5436841109542947e-23
1.5399753779300507e-23
1.5360862088388698e-23
1.5320077350506322e-23
1.5277306243538483e-23
1.5232450547934962e-23
1.5185406867372186e-23
1.513606633329094e-23
1.5084314287878617e-23
1.5030029943635205e-23
1.49730860277931e-23
1.491334839048466e-23
1.485067559136828e-23
1.478491846455504e-23
1.4715919632779965e-23
1.4643513009854292e-23
1.4567523241035357e-23
1.448776512843809e-23
1.440404298549858e-23
1.4316149964181558e-23
1.4223867314129588e-23
1.412696358948709e-23
1.4025193792759407e-23
1.391829843941144e-23
1.380600255915081e-23
1.3688014592756308e-23
1.3564025214013204e-23
1.3433706034561745e-23
1.329670819691664e-23
1.3152660852003632e-23
1.3001169460298141e-23
1.2841813995269154e-23
1.2674146919394275e-23
1.2497691001945726e-23
1.231193691635341e-23
1.2116340602519935e-23
1.1910320379909724e-23
1.1693253766268415e-23
1.1464474008212022e-23
1.1223266242546413e-23
1.0968863366095269e-23
1.0700441438607724e-23
1.0417114812176881e-23
1.0117930829174515e-23
9.801864231349657e-24
9.467811442624759e-24
9.11458487607404e-24
8.740907789231671e-24
8.345410492441273e-24
7.926629367133177e-24
7.483011373044432e-24
7.012929000442703e-24
6.514715180435762e-24
5.986737130192137e-24
5.427549056763753e-24
4.836213645951952e-24
4.213011519938958e-24
3.5611301185129795e-24
2.891127359872172e-24
2.2343074618146112e-24
1.6858202087564635e-24
1.4926917079109193e-24
1.8831467813223763e-24
2.6996711691279955e-24
3.750884936643406e-24
4.9662036664514935e-24
6.328681835733505e-24
7.841689577335578e-24
9.5186413559698e-24
1.1380083355156453e-23
1.3453399980739606e-23
1.577380776994541e-23
1.83863463233036e-23
2.1348994133301842e-23
2.47373447015466e-23
2.865164718209094e-23
3.32276383229102e-23
3.865370265191493e-23
4.519908997628043e-23
5.326243087860039e-23
6.345975226403804e-23
7.67950226703112e-23
9.501888317978667e-23
1.214664987450046e-22
1.6330090634502938e-22
2.3867985821331206e-22
4.035324425973261e-22
7.248094511084781e-22
