8.083953474021908e-24
9.056717143687823e-24
9.976832892462198e-24
1.0846248851581314e-23
1.1666806638286935e-23
1.2440244714994885e-23
1.3168201784110166e-23
1.385222009517369e-23
1.4493748610433896e-23
1.509414600729705e-23
1.5654683507726865e-23
1.6176547532475762e-23
1.6660842180731974e-23
1.710859153736843e-23
1.7520741810843924e-23
1.789816330504057e-23
1.8241652227860773e-23
1.8551932340092057e-23
1.8829656447387556e-23
1.907540773756507e-23
1.928970096578819e-23
1.9472983489852402e-23
1.9625636156502447e-23
1.974797404088075e-23
1.9840247039406016e-23
1.9902640317005974e-23
1.9935274609022375e-23
1.9938206376970033e-23
1.9911427818606323e-23
1.9854866730155457e-23
1.9768386220909202e-23
1.965178427688013e-23
1.9504793171879873e-23
1.932707872439775e-23
1.9118239395204305e-23
1.8877805224210323e-23
1.8605236601170867e-23
1.8299922866023387e-23
1.7961180734422347e-23
1.7588252542274608e-23
1.7180304303230047e-23
1.6736423573613788e-23
1.625561711694423e-23
1.5736808360892004e-23
1.517883464144229e-23
1.4580444225072898e-23
1.3940293105758795e-23
1.3256941574256594e-23
1.252885056267083e-23
1.1754377780869451e-23
1.09317736827469e-23
1.0059177352050029e-23
9.134612505039246e-24
8.155984062565824e-24
7.121076408918333e-24
6.0275563820220704e-24
4.8729906462587845e-24
3.654915581751212e-24
2.371175370190072e-24
1.0231287232988672e-24
4.480660600419944e-25
1.929121745089879e-24
3.5102073277156634e-24
5.1766145841121474e-24
6.930996097317108e-24
8.777213159834584e-24
1.0719568982496531e-23
1.2762684414397477e-23
1.4911474818307427e-23
1.717115277233306e-23
1.9547239889118812e-23
2.2045582966181364e-23
2.4672372872567204e-23
2.7434165619533043e-23
3.0337905462379963e-23
3.339095004542458e-23
3.6601097694340116e-23
3.997661701780705e-23
4.35262789989951e-23
4.7259391829686773e-23
5.1185838724215737e-23
5.531611903319752e-23
5.966139297293298e-23
6.423353036167544e-23
6.904516378253062e-23
7.410974664049405e-23
7.944161668143468e-23
8.505606553693577e-23
9.096941502973196e-23
9.719910099056576e-23
1.0376376546938203e-22
1.106833583789375e-22
1.1797924968206757e-22
1.2567435345355653e-22
1.337932653396817e-22
1.4236241506284268e-22
1.5141023607131842e-22
1.6096735451044853e-22
1.710668002382765e-22
1.8174424288487535e-22
1.930382566171657e-22
2.0499061762523135e-22
2.176466393564069e-22
2.3105555100209846e-22
2.4527092619819763e-22
2.6035116963191667e-22
2.7636007100293705e-22
2.9336743770660874e-22
3.1144981922376616e-22
3.306913396100357e-22
3.5118465688025577e-22
3.7303207317747327e-22
3.9634682336407624e-22
4.2125457697412237e-22
4.478951960055588e-22
4.764248002676713e-22
5.070182059955463e-22
5.398718179132669e-22
5.752070771717289e-22
6.132745928484895e-22
6.5435912249299095e-22
6.987856106773909e-22
7.46926557137312e-22
7.992110720809666e-22
8.561360842620398e-22
9.182803237392824e-22
9.86321917731039e-22
1.061060735210397e-21
1.1434470464742738e-21
1.234618683289304e-21
1.3359497937937282e-21
1.4491156411284165e-21
1.5761799677450755e-21
1.7197146482551315e-21
1.88296646927699e-21
2.070094214246053e-21
2.2865131976100353e-21
2.5394087393164227e-21
2.83852371195993e-21
3.19740745421585e-21
3.6354752144738065e-21
4.18156572748229e-21
4.880442150755937e-21
5.805527004380485e-21
7.086154594871465e-21
8.973100705000894e-21
1.202382321292846e-20
1.776989571926639e-20
3.235312267211551e-20
1.048477653660329e-19
4.983389909213824e-20
2.3988030058794107e-20
1.589025977689552e-20
1.1995992566401477e-20
9.714655551638529e-21
8.218407036443676e-21
7.162522535694205e-21
6.3781379119319604e-21
5.772863761911116e-21
5.2919182321879704e-21
4.900766321275951e-21
4.576559653016615e-21
4.3035792240185705e-21
4.070655766431915e-21
3.869634298717522e-21
3.6944210087959066e-21
3.540370162164725e-21
3.4038774965749984e-21
3.282103271715067e-21
3.1727792065221247e-21
3.0740710422431942e-21
2.9844789429140278e-21
2.9027640841146296e-21
2.8278937028470145e-21
2.7589994873875524e-21
2.695345601643436e-21
2.636303854909947e-21
2.5813342649249727e-21
2.529969612645152e-21
2.4818031358545046e-21
2.436478610375027e-21
2.3936822648001916e-21
2.3531362217140525e-21
2.314593044480317e-21
2.277831252044095e-21
2.2426515556691534e-21
2.2088737232499075e-21
2.176333919098887e-21
2.1448824449999003e-21
2.1143818308174424e-21
2.084705185031951e-21
2.055734767357642e-21
2.027360776909843e-21
1.9994802750186545e-21
1.9719962465496394e-21
1.944816784233296e-21
1.9178543630290966e-21
1.8910251912053623e-21
1.8642486452076945e-21
1.8374467293263263e-21
1.8105436366697596e-21
