2.0737245381781215e-22
2.0738096203929794e-22
2.0738889969226564e-22
2.0739628362540059e-22
2.0740312951180689e-22
2.074094518823688e-22
2.0741526415663714e-22
2.0742057867138534e-22
2.0742540670683364e-22
2.074297585106344e-22
2.0743364331970948e-22
2.0743706937982964e-22
2.0744004396319999e-22
2.0744257338390044e-22
2.0744466301133958e-22
2.074463172816807e-22
2.0744753970725547e-22
2.0744833288407203e-22
2.074486984973217e-22
2.0744863732500902e-22
2.074481492395958e-22
2.0744723320775547e-22
2.0744588728822072e-22
2.0744410862762337e-22
2.0744189345454354e-22
2.0743923707142726e-22
2.0743613384469588e-22
2.0743257719277253e-22
2.0742855957217678e-22
2.0742407246144163e-22
2.0741910634311635e-22
2.0741365068356201e-22
2.0740769391061092e-22
2.0740122338899e-22
2.0739422539358244e-22
2.0738668508022893e-22
2.0737858645433414e-22
2.0736991233682356e-22
2.0736064432779708e-22
2.073507627674781e-22
2.0734024669436215e-22
2.073290738010206e-22
2.0731722038649774e-22
2.0730466130614292e-22
2.0729136991828584e-22
2.0727731802765246e-22
2.072624758255883e-22
2.0724681182670037e-22
2.0723029280220828e-22
2.0721288370930165e-22
2.0719454761673407e-22
2.0717524562682286e-22
2.0715493679221752e-22
2.0713357802977698e-22
2.0711112402847294e-22
2.0708752715372478e-22
2.0706273734599904e-22
2.0703670201461945e-22
2.0700936592629802e-22
2.0698067108769896e-22
2.0695055662253128e-22
2.0691895864200574e-22
2.068858101097084e-22
2.0685104069885803e-22
2.0681457664334949e-22
2.0677634058070468e-22
2.067362513883597e-22
2.066942240110601e-22
2.066501692804211e-22
2.0660399372550519e-22
2.0655559937449734e-22
2.0650488354642628e-22
2.0645173863318415e-22
2.0639605187126261e-22
2.06337705101909e-22
2.0627657452028392e-22
2.0621253041211485e-22
2.0614543687911918e-22
2.060751515489678e-22
2.0600152527433027e-22
2.0592440181382386e-22
2.058436175026339e-22
2.0575900090231985e-22
2.0567037243808762e-22
2.0557754401555813e-22
2.0548031862287361e-22
2.0537848990985316e-22
2.0527184175058734e-22
2.0516014778277857e-22
2.0504317092747214e-22
2.0492066288346745e-22
2.0479236359984513e-22
2.0465800072276366e-22
2.0451728901458985e-22
2.0436992974863928e-22
2.0421561007146614e-22
2.0405400233830993e-22
2.0388476341243523e-22
2.0370753393900528e-22
2.035219375735499e-22
2.0332758018382814e-22
2.0312404900877722e-22
2.029109117767919e-22
2.0268771578811272e-22
2.0245398694111967e-22
2.0220922872737705e-22
2.019529211694775e-22
2.01684519707908e-22
2.0140345404045085e-22
2.011091269008226e-22
2.0080091278624173e-22
2.0047815660811234e-22
2.0014017230112874e-22
1.9978624135059126e-22
1.994156112431358e-22
1.9902749386972765e-22
1.986210638156572e-22
1.9819545660574368e-22
1.977497668289882e-22
1.9728304620214183e-22
1.967943015287643e-22
1.9628249254615731e-22
1.9574652969055924e-22
1.951852717495271e-22
1.9459752337532394e-22
1.9398203251009704e-22
1.9333748766518434e-22
1.926625150720156e-22
1.9195567569940165e-22
1.9121546209414145e-22
1.9044029511546725e-22
1.89628520455347e-22
1.8877840501064362e-22
1.8788813308579764e-22
1.869558023437826e-22
1.8597941963259066e-22
1.8495689652684985e-22
1.8388604466843933e-22
1.8276457086212007e-22
1.81590071911758e-22
1.803600291452607e-22
1.7907180268338468e-22
1.77722625378072e-22
1.7630959640290964e-22
1.7482967445569534e-22
1.7327967058661065e-22
1.7165624059712007e-22
1.6995587691177953e-22
1.6817490000711384e-22
1.6630944919643527e-22
1.643554728211186e-22
1.6230871771505817e-22
1.6016471780906e-22
1.5791878195215415e-22
1.55565980499305e-22
1.5310113088112603e-22
1.5051878151828892e-22
1.4781319432974651e-22
1.4497832478749478e-22
1.4200779986284507e-22
1.3889489276135074e-22
1.356324937277063e-22
1.3221307602459933e-22
1.2862865538697895e-22
1.2487074161566725e-22
1.2093027832868274e-22
1.1679756809988057e-22
1.1246217619187893e-22
1.079128044293657e-22
1.0313712244949147e-22
9.81215338795513e-23
9.285084636837479e-23
8.73077885394194e-23
8.14722806387306e-23
7.532029157221128e-23
6.88219700124417e-23
6.193843648639658e-23
5.461594727039427e-23
4.677449845883809e-23
3.8283491768096945e-23
2.890332239199827e-23
1.8120836625485064e-23
4.599720241330771e-24
1.7774316573547262e-23
1.4213913984865736e-22
4.51161149800036e-23
5.553855623167125e-24
1.3216464351694358e-23
2.8028553381076565e-23
4.18136457527639e-23
5.54032036226815e-23
6.915480724209369e-23
8.325642904149339e-23
9.78239710545472e-23
1.1293894434581877e-22
1.2866517800517776e-22
1.4505703121011369e-22
1.6216378277422911e-22
1.800321429091108e-22
1.9870777630560748e-22
2.1823628708994826e-22
