1.9758047844309543e-23
2.048644088290389e-23
2.117123806617547e-23
2.1813892675489074e-23
2.2415768519109385e-23
2.2978142827274577e-23
2.3502208963871565e-23
2.3989078960194947e-23
2.443978587599672e-23
2.4855285992721492e-23
2.523646084351136e-23
2.5584119084232236e-23
2.589899820946155e-23
2.6181766117049702e-23
2.6433022524551363e-23
2.665330024051601e-23
2.684306629331089e-23
2.700272291985539e-23
2.71326084163358e-23
2.7232997852683894e-23
2.7304103652302255e-23
2.7346076038232586e-23
2.735900334667499e-23
2.734291220847715e-23
2.7297767598931835e-23
2.722347275592901e-23
2.7119868966226577e-23
2.6986735219319744e-23
2.682378772809366e-23
2.663067931515973e-23
2.6406998663480694e-23
2.6152269429593746e-23
2.586594921743714e-23
2.554742841048693e-23
2.5196028859602178e-23
2.4811002423649918e-23
2.4391529359685672e-23
2.3936716559120478e-23
2.3445595625993626e-23
2.2917120793138434e-23
2.235016667170383e-23
2.1743525829185547e-23
2.1095906190813166e-23
2.0405928258892342e-23
1.967212214451008e-23
1.8892924405934412e-23
1.8066674688201052e-23
1.7191612158926813e-23
1.6265871736667606e-23
1.5287480110846272e-23
1.4254351557776945e-23
1.316428356873576e-23
1.201495233053861e-23
1.080390815498409e-23
9.528571091322991e-24
8.18622733315401e-24
6.774028217148236e-24
5.288998129136112e-24
3.728080589869834e-24
2.08844603059925e-24
3.7679072853731427e-25
1.4519368607927502e-24
3.350661074277426e-24
5.3454697950892444e-24
7.439441021553787e-24
9.636863448060981e-24
1.1942386625525293e-23
1.4360930405983714e-23
1.689767262339496e-23
1.955805321563153e-23
2.2347783473353193e-23
2.527285750763024e-23
2.833956502285645e-23
3.155450507471937e-23
3.4924600700651417e-23
3.845711439290217e-23
4.2159664421360963e-23
4.6040242031841927e-23
5.0107229556147676e-23
5.43694194772187e-23
5.883603449798235e-23
6.351674866704666e-23
6.842170961863908e-23
7.356156198838056e-23
7.894747207079006e-23
8.459115378890192e-23
9.050489605113614e-23
9.670159157563872e-23
1.0319476726768347e-22
1.0999861624160898e-22
1.1712803158495249e-22
1.2459864196924411e-22
1.3242684921914677e-22
1.4062986795953065e-22
1.4922576746849495e-22
1.5823351587364206e-22
1.6767302683875954e-22
1.7756520889891876e-22
1.879320176137191e-22
1.9879651072109917e-22
2.1018290648797418e-22
2.221166454690683e-22
2.346244559016035e-22
2.477344229814816e-22
2.614760622860763e-22
2.7588039762998077e-22
2.9098004366346894e-22
3.068092935488544e-22
3.2340421207782414e-22
3.408027346235384e-22
3.590447723547793e-22
3.7817232417646308e-22
3.982295959013662e-22
4.1926312720274488e-22
4.413219269465971e-22
4.644576175570076e-22
4.8872458912794655e-22
5.141801640612312e-22
5.408847730841955e-22
5.689021435819428e-22
5.982995012697848e-22
6.291477863317709e-22
6.615218852634685e-22
6.955008797815544e-22
7.31168314301822e-22
7.686124836429535e-22
8.079267427864043e-22
8.492098407181674e-22
8.925662805954206e-22
9.381067087276413e-22
9.859483351356994e-22
1.0362153887652117e-21
1.0890396107791995e-21
1.1445607897531556e-21
1.2029273430430413e-21
1.2642969491067441e-21
1.3288372361374296e-21
1.3967265330255171e-21
1.4681546894169842e-21
1.5433239724935746e-21
1.622450049081847e-21
1.7057630628261433e-21
1.793508817454792e-21
1.8859500786608597e-21
1.983368008844685e-21
2.086063750957277e-21
2.1943601800008804e-21
2.3086038434328546e-21
2.4291671148630105e-21
2.5564505890988083e-21
2.6908857509059144e-21
2.832937954905275e-21
2.983109760004492e-21
3.1419446688147884e-21
3.310031330898365e-21
3.4880082786574736e-21
3.676569276610865e-21
3.876469379100834e-21
4.088531808683808e-21
4.313655788264636e-21
4.552825485259181e-21
4.807120256835565e-21
5.0777264229054625e-21
5.365950839828531e-21
5.673236604956024e-21
6.00118129317993e-21
6.351558215293341e-21
6.726341299328068e-21
7.127734336652094e-21
7.558205513345548e-21
8.020528376051472e-21
8.517830676090038e-21
9.053652917963018e-21
9.632018938430612e-21
1.0257521501874924e-20
1.0935426775092526e-20
1.1671802723127947e-20
1.24736780663261e-20
1.3349240630757137e-20
1.4308086964431997e-20
1.536153936123573e-20
1.6523052510828195e-20
1.7808740766441544e-20
1.9238069891206697e-20
2.0834776344225125e-20
2.2628106356257744e-20
2.4654512337923625e-20
2.6960016057265814e-20
2.9603565045287265e-20
3.266190458075248e-20
3.6236826008312083e-20
4.04662578992595e-20
4.554179572623744e-20
5.173747087237431e-20
5.945910533086525e-20
6.933358125786177e-20
8.238098910873676e-20
1.0037383618248131e-19
1.2666406803356496e-19
1.683349101465413e-19
2.4261896456447718e-19
