6.29316689708483e-11
6.150507307028016e-11
6.004961033419243e-11
5.875155879144434e-11
5.742541534879102e-11
5.616679492318681e-11
5.4842869834156734e-11
5.3471581281387656e-11
5.232698489309865e-11
5.1150386298382053e-11
4.99416830315664e-11
4.882173642235096e-11
4.766747700999393e-11
4.662553789787503e-11
4.557985781084469e-11
4.452647924158423e-11
4.3500877600003245e-11
4.252309274471627e-11
4.150019038060455e-11
4.0608103561745404e-11
3.968853596600716e-11
3.8750246826502094e-11
3.786027827766636e-11
3.6994298648247907e-11
3.61764684485184e-11
3.529279944690529e-11
3.4479078248697503e-11
3.3698560951997895e-11
3.291569226844546e-11
3.21941314287743e-11
3.1458020446174354e-11
3.071771145728311e-11
3.0016450101640305e-11
2.9314277170962723e-11
2.8656605159510778e-11
2.798756398575316e-11
2.7344224130223145e-11
2.67196900809403e-11
2.6098616473527253e-11
2.5497563737041447e-11
2.490151258600567e-11
2.431711995641825e-11
2.3766853045582836e-11
2.3213899491828288e-11
2.2668366481123743e-11
2.2148071181506588e-11
2.1630030909060554e-11
2.1131005617821268e-11
2.063770514706515e-11
2.016080035076628e-11
1.9696585812096095e-11
1.9223026982983368e-11
1.8785075739742624e-11
1.8339581039139174e-11
1.7913876827310038e-11
1.7491379460762233e-11
1.7083766298162706e-11
1.6683226112018626e-11
1.6286216293333273e-11
1.58971658000279e-11
1.552196664958738e-11
1.515698107833191e-11
1.4797037278445265e-11
1.4447765416674103e-11
1.4104209992204248e-11
1.3769114781399942e-11
1.3438116970867923e-11
1.3114147182529871e-11
1.2795470668626212e-11
1.2497347489588364e-11
1.2189574765483603e-11
1.189507843855989e-11
1.1604762526623632e-11
1.132638382069942e-11
1.1049725482821866e-11
1.077719286224489e-11
1.0515766797183604e-11
1.0256383901102474e-11
1.000303495886914e-11
9.756667326381186e-12
9.512707772711997e-12
9.27482868814527e-12
9.040434978030428e-12
8.815515531653516e-12
8.593459619536578e-12
8.375549378691003e-12
8.162194507059312e-12
7.953535211432256e-12
7.747720465613837e-12
7.546594109493533e-12
7.351268327980534e-12
7.159745145091304e-12
6.973004997154924e-12
6.786974264180119e-12
6.60763899371042e-12
6.4340003924874395e-12
6.259590218070296e-12
6.091461739855465e-12
5.925175594516729e-12
5.764175791374615e-12
5.605174236299153e-12
5.450213378271128e-12
5.29806666467714e-12
5.1491727009198155e-12
5.0035313194841344e-12
4.861176749765021e-12
4.721822765216147e-12
4.584899858846805e-12
4.4511596288222695e-12
4.319943017248994e-12
4.192070001503488e-12
4.067346206265856e-12
3.944650587493186e-12
3.825276584254848e-12
3.707786184333454e-12
3.5929558481558445e-12
3.481409932688928e-12
3.3714402942157144e-12
3.2637300918618566e-12
3.159667898742142e-12
3.0576118972592055e-12
2.9576476129721075e-12
2.8600883439483475e-12
2.764153001727292e-12
2.6717441538024298e-12
2.580772191731341e-12
2.4920876205558655e-12
2.4055749071658978e-12
2.321870229657305e-12
2.2395252366364634e-12
2.1594831729943587e-12
2.0815716695279007e-12
2.0056851039526806e-12
1.931818628159977e-12
1.859938786628043e-12
1.7898293943020196e-12
1.7219324463131162e-12
1.65593769505533e-12
1.591690240829789e-12
1.5292255792129777e-12
1.468595657849486e-12
1.409652069990645e-12
1.3526496742724713e-12
1.2971552856703532e-12
1.2434678295003895e-12
1.1914615719839395e-12
1.140980155906897e-12
1.0922329488757097e-12
1.0448290879721547e-12
9.99187078248832e-13
9.548420145441543e-13
9.121690961851824e-13
8.707448134527224e-13
8.308083565222617e-13
7.922595341600121e-13
7.550682063294166e-13
7.191041724271571e-13
6.844575726410754e-13
6.510318726599002e-13
6.188003455140034e-13
5.87796048923761e-13
5.579113846346943e-13
5.291694937259966e-13
5.014804629889357e-13
4.748449122362843e-13
4.4924687734413246e-13
4.2463993995966135e-13
4.0100416316637404e-13
3.782945753180802e-13
3.565143330481303e-13
3.356129467650908e-13
3.155647222518064e-13
2.9634382395034624e-13
2.7793787957253897e-13
2.603089288306769e-13
2.434323937783207e-13
2.2728222699066827e-13
2.1185206290223008e-13
1.9710151790516994e-13
1.830161233277621e-13
1.6958187890195882e-13
1.56769276246157e-13
1.4456143302410765e-13
1.329404697148691e-13
1.2188792794471213e-13
1.1138687512323764e-13
1.0142100249190522e-13
9.19743589383829e-14
8.303056585135785e-14
7.457635463920913e-14
6.659857292298817e-14
5.908388627327124e-14
5.202037261342877e-14
4.5395948013440566e-14
3.920082691462631e-14
3.342459550122159e-14
2.805794639543836e-14
2.3092527058033542e-14
1.8520388717359975e-14
1.4335018050895226e-14
1.0529918779328857e-14
