4.47960816735611e-24
4.9888345269683785e-24
5.4859471390951325e-24
5.97206687802917e-24
6.448271417279723e-24
6.915593220122891e-24
7.375019633367987e-24
7.82749403175745e-24
8.273917487883592e-24
8.715150707654128e-24
9.15201607761926e-24
9.585299750376177e-24
1.001575371465967e-23
1.0444097826430725e-23
1.087102177865284e-23
1.1297187010891935e-23
1.1723228541713306e-23
1.2149756730578974e-23
1.2577358963095487e-23
1.3006601266155222e-23
1.343802984796471e-23
1.387217256733536e-23
1.430954033726425e-23
1.4750628461575155e-23
1.5195917908035516e-23
1.5645876521855324e-23
1.6100960180775884e-23
1.6561613896737804e-23
1.7028272862140046e-23
1.7501363449198647e-23
1.7981304160850984e-23
1.8468506535004582e-23
1.8963376011293305e-23
1.9466312752510446e-23
1.9977712431497215e-23
2.0497966979815677e-23
2.1027465308983447e-23
2.1566593989097687e-23
2.2115737911905116e-23
2.267528091390365e-23
2.324560638024223e-23
2.3827097823443173e-23
2.4420139439337354e-23
2.502511664090492e-23
2.5642416572138855e-23
2.6272428608379336e-23
2.691554483395865e-23
2.757216050717187e-23
2.824267451347982e-23
2.8927489800041786e-23
2.962701380282988e-23
3.0341658862647274e-23
3.107184262737385e-23
3.181798845030874e-23
3.258052577742156e-23
3.335989052827517e-23
3.4156525471258537e-23
3.497088059115551e-23
3.580341345669396e-23
3.66545895789933e-23
3.7524882767296117e-23
3.841477548634466e-23
3.932475920794582e-23
4.025533476105393e-23
4.120701268169582e-23
4.21803135647345e-23
4.317576841435909e-23
4.419391898809673e-23
4.5235318159564036e-23
4.630053026387199e-23
4.7390131455996586e-23
4.850471007003235e-23
4.964486698047626e-23
5.081121596472924e-23
5.2004384074957285e-23
5.322501200871149e-23
5.447375448626227e-23
5.575128063664851e-23
5.70582743813421e-23
5.83954348275525e-23
5.976347666949702e-23
6.1163130596478e-23
6.25951436953637e-23
6.406027988832659e-23
6.555932033880671e-23
6.709306390465499e-23
6.866232756128668e-23
7.026794687673302e-23
7.191077644557949e-23
7.359169037996029e-23
7.531158277025224e-23
7.707136818784568e-23
7.887198216501362e-23
8.071438172295629e-23
8.259954586410752e-23
8.452847613420154e-23
8.650219713920746e-23
8.852175710270816e-23
9.05882284189962e-23
9.270270826532286e-23
9.486631914528568e-23
9.708020952131185e-23
9.934555442556136e-23
1.0166355606318367e-22
1.0403544450247415e-22
1.0646247828394404e-22
1.089459451139523e-22
1.1148716256037538e-22
1.1408747873423094e-22
1.167482730214556e-22
1.19470956822554e-22
1.2225697428503673e-22
1.2510780309336075e-22
1.2802495521467486e-22
1.3100997777273939e-22
1.3406445381741875e-22
1.3719000316322804e-22
1.4038828323671956e-22
1.4366099008065542e-22
1.470098590320533e-22
1.504366658695008e-22
1.5394322759124928e-22
1.5753140346341638e-22
1.6120309600594272e-22
1.6496025194972265e-22
1.68804863282551e-22
1.7273896835525673e-22
1.767646529621821e-22
1.8088405129340106e-22
1.850993472928994e-22
1.8941277561184185e-22
1.9382662306425642e-22
1.983432294529945e-22
2.02964989133846e-22
2.0769435207496208e-22
2.1253382532142404e-22
2.1748597424301544e-22
2.2255342385274157e-22
2.277388602426935e-22
2.33045031942474e-22
2.3847475172870466e-22
2.44030897271231e-22
2.4971641357844535e-22
2.555343141284363e-22
2.6148768241688274e-22
2.6757967383406216e-22
2.7381351678832644e-22
2.8019251508510966e-22
2.8672004968985494e-22
2.9339957930897796e-22
3.0023464408419203e-22
3.072288658582943e-22
3.1438595084979325e-22
3.2170969177268684e-22
3.292039688121238e-22
3.368727532737327e-22
3.447201082337534e-22
3.5275019104408935e-22
3.6096725655277305e-22
3.693756578398466e-22
3.7797984931506064e-22
3.8678438876574607e-22
3.957939403467578e-22
4.0501327616493834e-22
4.144472795428915e-22
4.241009461687826e-22
4.339793904838514e-22
4.440878419406843e-22
4.544316552534257e-22
4.650163073239119e-22
4.758474019845903e-22
4.869306732752645e-22
4.982719899361566e-22
5.098773552444485e-22
5.21752912858695e-22
5.339049475799604e-22
5.463398921914806e-22
5.590643247890851e-22
5.720849829260296e-22
5.854087509132759e-22
5.990426811430122e-22
6.129939857162724e-22
6.272700406610572e-22
6.418783985646347e-22
6.568267868267627e-22
6.721231057986181e-22
6.877754439049714e-22
7.03792076931769e-22
7.201814599070106e-22
7.369522641902227e-22
7.541133492999448e-22
7.716737756359517e-22
7.896428218376598e-22
8.08029974493622e-22
8.268449467142252e-22
8.46097657683593e-22
8.657982820626095e-22
8.859571978570372e-22
9.065850555636069e-22
9.276927184347568e-22
9.492913215043447e-22
