2.5292313514134384e-23
2.5299379489886588e-23
2.5306120947238723e-23
2.5312552180890846e-23
2.5318686827949044e-23
2.532453789681589e-23
2.5330117794744874e-23
2.533543835412596e-23
2.5340510857550729e-23
2.5345346061721335e-23
2.534995422023783e-23
2.5354345105326746e-23
2.5358528028547704e-23
2.5362511860530097e-23
2.5366305049762e-23
2.5369915640510008e-23
2.5373351289849745e-23
2.5376619283912188e-23
2.5379726553311568e-23
2.5382679687848432e-23
2.5385484950467038e-23
2.5388148290537881e-23
2.5390675356462884e-23
2.539307150765102e-23
2.5395341825880198e-23
2.5397491126072535e-23
2.5399523966491327e-23
2.5401444658411828e-23
2.540325727526246e-23
2.5404965661248532e-23
2.540657343951197e-23
2.5408084019806672e-23
2.5409500605726776e-23
2.5410826201500182e-23
2.5412063618354647e-23
2.5413215480468337e-23
2.5414284230545312e-23
2.5415272134979846e-23
2.541618128867192e-23
2.541701361945301e-23
2.5417770892168236e-23
2.5418454712439443e-23
2.5419066530038527e-23
2.5419607641947587e-23
2.5420079195153181e-23
2.5420482189014068e-23
2.542081747741415e-23
2.5421085770546965e-23
2.5421287636432578e-23
2.542142350206714e-23
2.542149365438146e-23
2.542149824080742e-23
2.542143726954238e-23
2.542131060963429e-23
2.5421117990638944e-23
2.5420859002020796e-23
2.5420533092286017e-23
2.542013956780572e-23
2.5419677591313862e-23
2.5419146180078995e-23
2.5418544203860517e-23
2.541787038241433e-23
2.5417123282811718e-23
2.5416301316332147e-23
2.5415402735053347e-23
2.5414425628099115e-23
2.5413367917649803e-23
2.5412227354314385e-23
2.5411001512438844e-23
2.5409687784882118e-23
2.5408283377388982e-23
2.5406785302611012e-23
2.5405190373742917e-23
2.5403495197645188e-23
2.5401696167543572e-23
2.5399789455348785e-23
2.5397771003288562e-23
2.5395636515450414e-23
2.5393381448232387e-23
2.5391001000842605e-23
2.538849010477189e-23
2.5385843412949152e-23
2.538305528826326e-23
2.538011979129098e-23
2.537703066767565e-23
2.5373781334399056e-23
2.5370364865713086e-23
2.5366773978062208e-23
2.536300101447402e-23
2.535903792766506e-23
2.5354876263082314e-23
2.5350507139899923e-23
2.5345921232576493e-23
2.5341108749593643e-23
2.533605941297369e-23
2.5330762435297563e-23
2.532520649656768e-23
2.5319379719360504e-23
2.5313269642517198e-23
2.5306863194255136e-23
2.5300146663428004e-23
2.5293105669132126e-23
2.5285725129120553e-23
2.5277989226792776e-23
2.5269881376111042e-23
2.526138418462161e-23
2.5252479415090703e-23
2.524314794529463e-23
2.5233369724973075e-23
2.5223123730810048e-23
2.5212387920710118e-23
2.5201139182218383e-23
2.5189353282819536e-23
2.5177004813603758e-23
2.5164067132777967e-23
2.5150512304434367e-23
2.5136311035568294e-23
2.5121432609082463e-23
2.5105844813377717e-23
2.5089513868581003e-23
2.5072404347131545e-23
2.505447909413796e-23
2.5035699138624264e-23
2.5016023604080967e-23
2.4995409611348785e-23
2.4973812178373392e-23
2.4951184113115987e-23
2.4927475900560462e-23
2.4902635586122494e-23
2.487660864767249e-23
2.4849337864953005e-23
2.4820763180911083e-23
2.479082155133731e-23
2.4759446792664152e-23
2.4726569414277195e-23
2.4692116446026293e-23
2.46560112521745e-23
2.461817333877954e-23
2.4578518141581243e-23
2.4536956813609233e-23
2.4493395986800796e-23
2.444773752888882e-23
2.4399878278379452e-23
2.4349709767878115e-23
2.4297117927428075e-23
2.4241982769859293e-23
2.4184178054311387e-23
2.4123570928905765e-23
2.4060021551464952e-23
2.3993382677786662e-23
2.3923499229621436e-23
2.385020783407573e-23
2.3773336318624775e-23
2.3692703176208374e-23
2.3608117005715492e-23
2.35193758807093e-23
2.342626670351933e-23
2.3328564484771993e-23
2.322603158453748e-23
2.3118416878481913e-23
2.3005454870564882e-23
2.2886864719801493e-23
2.276234920390264e-23
2.2631593566626344e-23
2.2494264302743833e-23
2.2350007786356344e-23
2.219844883349611e-23
2.2039189063177447e-23
2.1871805190395715e-23
2.1695847033008402e-23
2.1510835480434632e-23
2.131626009159979e-23
2.1111576563626677e-23
2.089620388102149e-23
2.0669521180229803e-23
2.043086423050606e-23
2.017952159121467e-23
1.9914730213923877e-23
1.9635670655583198e-23
1.9341461621481708e-23
1.9031153933030654e-23
1.870372360078162e-23
1.8358064187486864e-23
1.7992978199894244e-23
1.7607167210391488e-23
1.719922100313335e-23
1.676760512929812e-23
1.6310647229938302e-23
1.5826521684470536e-23
1.5313232984395194e-23
1.4768597956915232e-23
1.4190227675100447e-23
1.3575510884781855e-23
1.292160187088362e-23
1.2225419986827522e-23
1.1483673189729753e-23
1.0692932189082936e-23
9.8498092641321e-24
8.951360548692771e-24
7.995984837946966e-24
6.98549779509798e-24
