9.48238404442723e-13
9.0693846670772e-13
8.70575247941565e-13
8.377866070286796e-13
8.091592114391894e-13
7.837069222770054e-13
7.6169200937504e-13
7.422416398575629e-13
7.256210689102861e-13
7.111417735827904e-13
6.991479395979728e-13
6.886449002855045e-13
6.798560324231883e-13
6.727167771786504e-13
6.668307939168506e-13
6.622075006244533e-13
6.588435937481846e-13
6.564844806022858e-13
6.54837597310506e-13
6.539746001426218e-13
6.537895816076038e-13
6.541927916937622e-13
6.552120825868569e-13
6.56628815225598e-13
6.585123971083624e-13
6.606288245599767e-13
6.630835055556545e-13
6.657592088330449e-13
6.68698366713902e-13
6.71779872961319e-13
6.750301934707495e-13
6.783634610341164e-13
6.817245125842924e-13
6.852007485965777e-13
6.886969879188198e-13
6.922217481475281e-13
6.957925484551129e-13
6.993324459948229e-13
7.027803216281256e-13
7.062893677328707e-13
7.097004482520807e-13
7.131301348878245e-13
7.164765573250644e-13
7.197209921997454e-13
7.228763427568441e-13
7.260287272966743e-13
7.291130518405597e-13
7.321613425512846e-13
7.349820818674606e-13
7.378468065957441e-13
7.405340832888054e-13
7.432348626736687e-13
7.458267858181207e-13
7.483192395115522e-13
7.507794340989767e-13
7.531122034586567e-13
7.553681803508544e-13
7.575592516828191e-13
7.597104218151558e-13
7.617465516956374e-13
7.636988139506421e-13
7.656274394080033e-13
7.674443511137935e-13
7.69202714702283e-13
7.709209121157083e-13
7.725189441854491e-13
7.741132086353808e-13
7.756219654112699e-13
7.770706366423982e-13
7.784614622537777e-13
7.79798498575503e-13
7.81127146632307e-13
7.823079920531514e-13
7.834732890736719e-13
7.846318099714128e-13
7.857428167229562e-13
7.867791534488316e-13
7.877618592245756e-13
7.887666167560296e-13
7.89655201598462e-13
7.905535044666457e-13
7.913995858774913e-13
7.922293453003268e-13
7.929967590668177e-13
7.937347908268034e-13
7.944362754701723e-13
7.9512718204062e-13
7.957827754261287e-13
7.964170865572269e-13
7.970159359442209e-13
7.975819469463861e-13
7.981571218396872e-13
7.986672959574006e-13
7.991656870071983e-13
7.996423395876026e-13
8.000910418940258e-13
8.005377545929281e-13
8.009658027907466e-13
8.013714289175029e-13
8.017493187736512e-13
8.021033766890584e-13
8.024789241620191e-13
8.027984999933212e-13
8.031358977465213e-13
8.034313353674863e-13
8.037402265015036e-13
8.039985583833538e-13
8.04275719831299e-13
8.045323093161718e-13
8.047819288695559e-13
8.050216644806571e-13
8.052409973024801e-13
8.05442274539062e-13
8.05651361804541e-13
8.05838064016018e-13
8.060249963052952e-13
8.062179460514373e-13
8.063854126381813e-13
8.065568714598182e-13
8.067066829015294e-13
8.068547206953574e-13
8.06994689703601e-13
8.071295954270113e-13
8.072742983667539e-13
8.073872821565992e-13
8.0750738569696e-13
8.076122640500201e-13
8.077270398081552e-13
8.078337762867926e-13
8.079326120629274e-13
8.080268134739286e-13
8.081144476005308e-13
8.082019713007461e-13
8.082764890708293e-13
8.083567893556982e-13
8.084339646548103e-13
8.085066306814849e-13
8.085818303888035e-13
8.086391547368502e-13
8.087059461465608e-13
8.087599368091502e-13
8.088177558469432e-13
8.088747361482732e-13
8.089292899338172e-13
8.089820669035097e-13
8.090254799620117e-13
8.090717903161926e-13
8.091120103868518e-13
8.091563326826207e-13
8.091923703448859e-13
8.092328414771118e-13
8.0926512303407e-13
8.093036499991792e-13
8.093321248067039e-13
8.093579754369817e-13
8.093935938723733e-13
8.094199647852587e-13
8.094433252625546e-13
8.094724957615863e-13
8.095001572881981e-13
8.095177257450589e-13
8.095454778234261e-13
8.095636419571316e-13
8.095861927049966e-13
8.096060932721848e-13
8.096288554311091e-13
8.096458801790953e-13
8.09656941456717e-13
8.096733667240967e-13
8.096886755765578e-13
8.09703999588993e-13
8.097153667286672e-13
8.097322405359706e-13
8.097420250937302e-13
8.097528856915071e-13
8.097631429937158e-13
8.097761446439513e-13
8.097857436567644e-13
8.097938277138006e-13
8.098057133043388e-13
8.098107792615093e-13
8.098219003538259e-13
8.098271871592783e-13
8.098333967014409e-13
8.098418078952078e-13
8.098444442639235e-13
8.09849972474455e-13
8.098568569612418e-13
8.098603867199347e-13
8.098672420613809e-13
8.098714871878986e-13
8.098746043993834e-13
8.098767676865329e-13
8.0988114242359e-13
8.098826710219512e-13
8.098839060750314e-13
8.098888018035464e-13
8.098892711326083e-13
8.098913323799628e-13
8.098917036715202e-13
8.098936069030852e-13
