1.6958029404445145e-24
1.692314741562174e-24
1.68928987888667e-24
1.6866812548267072e-24
1.6844458487143598e-24
1.682544419163128e-24
1.6809412197285e-24
1.6796037288104075e-24
1.6785023943686222e-24
1.677610393709215e-24
1.6769034083476615e-24
1.6763594137497343e-24
1.675958483586897e-24
1.6756826080240496e-24
1.6755155254636775e-24
1.6754425671097797e-24
1.6754505136744062e-24
1.6755274635284522e-24
1.6756627115919963e-24
1.67584663826577e-24
1.6760706077201345e-24
1.6763268748790305e-24
1.6766085004652625e-24
1.676909273500004e-24
1.677223640689163e-24
1.677546642153722e-24
1.677873853004944e-24
1.6782013302931347e-24
1.6785255648950143e-24
1.6788434379383588e-24
1.67915218139171e-24
1.6794493424775782e-24
1.679732751602024e-24
1.6800004935076578e-24
1.680250881401378e-24
1.680482433812316e-24
1.6806938539787377e-24
1.6808840115645998e-24
1.681051926543983e-24
1.681196755098046e-24
1.6813177773967258e-24
1.6814143871464704e-24
1.6814860828100894e-24
1.68153246041051e-24
1.6815532078571222e-24
1.681548100736556e-24
1.681516999531234e-24
1.6814598482393177e-24
1.6813766743888862e-24
1.681267590437057e-24
1.6811327965859933e-24
1.680972585029914e-24
1.680787345684964e-24
1.680577573458803e-24
1.680343877129064e-24
1.6800869899234825e-24
1.6798077818961945e-24
1.679507274240229e-24
1.6791866556518324e-24
1.678847300924469e-24
1.678490791937312e-24
1.6781189412479696e-24
1.6777338185081288e-24
1.6773377799448958e-24
1.6769335011940277e-24
1.6765240137710348e-24
1.676112745524208e-24
1.675703565420147e-24
1.675300833067124e-24
1.674909453402519e-24
1.6745349369981337e-24
1.6741834665128388e-24
1.673861969809091e-24
1.6735782003250477e-24
1.673340825321506e-24
1.6731595226628146e-24
1.673045086825997e-24
1.6730095448501276e-24
1.673066283018549e-24
1.6732301849959313e-24
1.6735177822714327e-24
1.6739474176395885e-24
1.674539422540555e-24
1.6753163089629254e-24
1.6763029766173653e-24
1.6775269359632308e-24
1.679018547558608e-24
1.6808112780476307e-24
1.6829419728655988e-24
1.6854511455338732e-24
1.6883832830172814e-24
1.6917871662105817e-24
1.6957162043858477e-24
1.700228781451837e-24
1.7053886118099815e-24
1.7112651024647264e-24
1.7179337176829316e-24
1.7254763413751547e-24
1.733981632160295e-24
1.743545364717905e-24
1.754270750922743e-24
1.7662687336012647e-24
1.7796582453192036e-24
1.7945664248837442e-24
1.811128784572311e-24
1.8294893216436858e-24
1.8498005693250723e-24
1.872223584097292e-24
1.8969278683491537e-24
1.924091230176647e-24
1.9538995854812154e-24
1.9865467108646253e-24
2.022233958035686e-24
2.061169945801334e-24
2.103570246233301e-24
2.1496570846732633e-24
2.1996590744696126e-24
2.2538110073737317e-24
2.3123537190212654e-24
2.3755340483229337e-24
2.443604905944768e-24
2.516825463481623e-24
2.595461472119778e-24
2.6797857142323737e-24
2.770078589368603e-24
2.8666288306539083e-24
2.969734346273394e-24
3.0797031784643544e-24
3.196854569822406e-24
3.321520129516037e-24
3.454045085866128e-24
3.594789619576029e-24
3.7441302689074635e-24
3.902461397982391e-24
4.070196726333377e-24
4.2477709117483644e-24
4.43564118977501e-24
4.634289062665932e-24
4.8442220409125104e-24
5.065975440119589e-24
5.3001142290950024e-24
5.547234933262912e-24
5.807967597342187e-24
6.082977801302677e-24
6.372968732903126e-24
6.678683311982022e-24
7.000906368009753e-24
7.340466849021788e-24
7.698240071728348e-24
8.075149973140468e-24
8.47217136717267e-24
8.890332162713908e-24
9.330715503363637e-24
9.794461810713116e-24
1.0282770634898388e-23
1.0796902284594571e-23
1.1338179101541556e-23
1.1907986324545645e-23
1.2507772365077344e-23
1.3139048373925843e-23
1.3803386871298665e-23
1.450241926305537e-23
1.523783191365617e-23
1.601136050256911e-23
1.6824782300466295e-23
1.7679905881550805e-23
1.857855776914958e-23
1.952256563982813e-23
2.0513737085789205e-23
2.1553833679396535e-23
2.264453925805328e-23
2.3787421808044438e-23
2.4983888279444117e-23
2.6235131279517474e-23
2.7542067496120086e-23
2.890526715998844e-23
3.032487447956116e-23
3.1800519734076376e-23
3.3331223871448266e-23
3.491529734142076e-23
3.655023714020146e-23
3.823262448725301e-23
3.995803042003257e-23
4.172093551386157e-23
4.3514671543667635e-23
4.5331395025759603e-23
4.71621015366169e-23
4.899668944430834e-23
5.082408143894559e-23
5.2632406299644104e-23
5.44092417809606e-23
5.614191308636653e-23
5.781783514527047e-23
5.942488145268964e-23
6.095175728667138e-23
6.23883551008888e-23
6.372606313194699e-23
6.495801074892478e-23
6.607922971086703e-23
6.708672709671603e-23
6.797946377152229e-23
