2.2304538378706447e-24
2.2283875550323182e-24
2.226544652507922e-24
2.224903263354428e-24
2.2234434583589824e-24
2.222147083621479e-24
2.220997610258224e-24
2.2199799955418492e-24
2.2190805547924892e-24
2.2182868433399123e-24
2.2175875478936843e-24
2.216972386676168e-24
2.2164320177002314e-24
2.2159579545997157e-24
2.215542489449854e-24
2.2151786220475055e-24
2.2148599951492013e-24
2.2145808351986845e-24
2.2143358981040496e-24
2.2141204196558454e-24
2.2139300702036438e-24
2.213760913240173e-24
2.213609367562965e-24
2.2134721727112953e-24
2.2133463574005612e-24
2.213229210692985e-24
2.2131182556696088e-24
2.2130112253853527e-24
2.212906040902873e-24
2.2128007912255866e-24
2.2126937149567626e-24
2.2125831835317968e-24
2.212467685879438e-24
2.2123458143855338e-24
2.2122162520338652e-24
2.212077760621523e-24
2.211929169944937e-24
2.2117693678670423e-24
2.2115972911808134e-24
2.21141191719494e-24
2.2112122559706274e-24
2.210997343145441e-24
2.210766233290355e-24
2.2105179937400766e-24
2.2102516988552165e-24
2.209966424669395e-24
2.2096612438803917e-24
2.2093352211538342e-24
2.208987408696088e-24
2.208616842083899e-24
2.2082225363040045e-24
2.2078034819924458e-24
2.207358641848409e-24
2.2068869471991752e-24
2.2063872947039587e-24
2.205858543181374e-24
2.2052995105400245e-24
2.2047089708134364e-24
2.204085651281708e-24
2.203428229672167e-24
2.2027353314396673e-24
2.2020055271205694e-24
2.201237329753145e-24
2.2004291923764153e-24
2.1995795056013673e-24
2.1986865952625696e-24
2.1977487201579307e-24
2.1967640698873413e-24
2.1957307628048983e-24
2.194646844095968e-24
2.193510284002446e-24
2.192318976222285e-24
2.191070736507656e-24
2.1897633014916394e-24
2.188394327798974e-24
2.186961391455319e-24
2.185461987680237e-24
2.1838935310979414e-24
2.1822533564378056e-24
2.1805387198242735e-24
2.1787468007110054e-24
2.1768747045937464e-24
2.174919466604431e-24
2.1728780561116033e-24
2.1707473824853934e-24
2.168524302240671e-24
2.1662056276758543e-24
2.1637881373190986e-24
2.161268588407661e-24
2.1586437316722183e-24
2.1559103288063398e-24
2.1530651730090286e-24
2.150105113074796e-24
2.1470270813866892e-24
2.1438281266621827e-24
2.1405054519119713e-24
2.137056458440333e-24
2.133478796847674e-24
2.1297704259521874e-24
2.125929680844687e-24
2.1219553514814648e-24
2.1178467732125217e-24
2.1136039312968486e-24
2.109227581037757e-24
2.104719386440293e-24
2.1000820796431008e-24
2.095319644587654e-24
2.0904375282859605e-24
2.085442884278429e-24
2.080344852464437e-24
2.0751548815757743e-24
2.069887099938357e-24
2.06455874252306e-24
2.059190642034207e-24
2.0538077941214493e-24
2.0484400071720615e-24
2.0431226497802556e-24
2.0378975091907372e-24
2.0328137768218923e-24
2.027929178620177e-24
2.023311269877749e-24
2.0190389153183426e-24
2.0152039777252122e-24
2.0119132404814744e-24
2.009290587158176e-24
2.007479466335107e-24
2.0066456628029638e-24
2.0069803998789253e-24
2.00870378710005e-24
2.0120686266835562e-24
2.017364576435345e-24
2.024922662327553e-24
2.0351201134780868e-24
2.048385482953976e-24
2.0652040040263836e-24
2.086123122978202e-24
2.1117581564005915e-24
2.142798036536653e-24
2.1800111567497205e-24
2.2242513957147105e-24
2.276464507177616e-24
2.3376951955937513e-24
2.409095357807797e-24
2.491934132895948e-24
2.587610559071695e-24
2.697669741948908e-24
2.8238234739103597e-24
2.9679761819965153e-24
3.132256848018619e-24
3.319057100626866e-24
3.531074901637766e-24
3.771361836876499e-24
4.043369676883479e-24
4.3509877887327784e-24
4.698556036008106e-24
5.0908261789825266e-24
5.5328258565820264e-24
6.029549678038248e-24
6.585359362472332e-24
7.202921657042238e-24
7.881469056288747e-24
8.614192903314981e-24
9.384804467911178e-24
1.0163928517545468e-23
1.0907136733842724e-23
1.1557606444719074e-23
1.2056003846887544e-23
1.2356392284915489e-23
1.2441077355205516e-23
1.2325427655814475e-23
1.204992971981554e-23
1.1665442103030719e-23
1.1220096762905599e-23
1.0752196291011683e-23
1.0288648947909283e-23
9.846515479325852e-24
9.435556615855306e-24
9.06063589061476e-24
8.723578168322682e-24
8.424462652555079e-24
8.162463413126287e-24
7.936368126856767e-24
7.74488180458025e-24
7.586792926164001e-24
7.46105394676642e-24
7.3668092919981e-24
7.303393297209914e-24
7.270311123520996e-24
7.267211620367195e-24
7.293858397237132e-24
7.350102318156857e-24
7.435858282490675e-24
7.551087199352346e-24
7.695784080138597e-24
7.869971671209077e-24
8.073699351618903e-24
8.307045873742289e-24
8.57012521846413e-24
8.863094308239617e-24
9.186161390509505e-24
9.539594632570717e-24
