3.5918807723528e-23
3.598005293890821e-23
3.603848471035569e-23
3.609422703454221e-23
3.6147398198561675e-23
3.619811103123366e-23
3.624647314280783e-23
3.629258715354561e-23
3.6336550911718284e-23
3.6378457701411095e-23
3.641839644067402e-23
3.6456451870337046e-23
3.6492704733971024e-23
3.652723194935048e-23
3.656010677177287e-23
3.659139894959837e-23
3.662117487231163e-23
3.664949771148964e-23
3.6676427554901035e-23
3.670202153402301e-23
3.672633394534377e-23
3.674941636557226e-23
3.6771317761112226e-23
3.6792084591962077e-23
3.6811760910302244e-23
3.6830388453939293e-23
3.684800673490545e-23
3.686465312320561e-23
3.688036292612265e-23
3.689516946306855e-23
3.690910413624085e-23
3.692219649718837e-23
3.6934474309462025e-23
3.6945963607400764e-23
3.695668875133226e-23
3.6966672479130333e-23
3.6975935954350083e-23
3.698449881098996e-23
3.6992379195052227e-23
3.699959380283639e-23
3.70061579162447e-23
3.701208543495933e-23
3.7017388905743605e-23
3.702207954887054e-23
3.7026167281634683e-23
3.7029660739086977e-23
3.703256729210157e-23
3.703489306268867e-23
3.703664293648697e-23
3.7037820572885697e-23
3.703842841220864e-23
3.703846768050551e-23
3.703793839148099e-23
3.703683934604882e-23
3.703516812908077e-23
3.7032921103527447e-23
3.7030093402022286e-23
3.702667891553282e-23
3.702267027961126e-23
3.7018058857615025e-23
3.7012834721255573e-23
3.700698662832823e-23
3.700050199741548e-23
3.699336687973917e-23
3.698556592774548e-23
3.6977082360971936e-23
3.696789792823022e-23
3.695799286679391e-23
3.6947345857958693e-23
3.6935933979035957e-23
3.692373265221036e-23
3.6910715588796254e-23
3.689685472993203e-23
3.688212018349779e-23
3.686648015607241e-23
3.684990088098703e-23
3.683234654152562e-23
3.681377918926179e-23
3.6794158657292597e-23
3.6773442468148404e-23
3.675158573634253e-23
3.672854106445284e-23
3.670425843428871e-23
3.6678685089533644e-23
3.665176541425912e-23
3.6623440801503386e-23
3.659364951646536e-23
3.656232655032665e-23
3.6529403466892667e-23
3.649480823910825e-23
3.6458465075687193e-23
3.642029424178258e-23
3.6380211862571584e-23
3.633812972123212e-23
3.629395504184363e-23
3.6247590263046296e-23
3.6198932792402226e-23
3.614787475261559e-23
3.609430270973195e-23
3.603809738480797e-23
3.59791333502714e-23
3.5917278702191734e-23
3.5852394725165537e-23
3.578433551848907e-23
3.571294761669801e-23
3.5638069575294287e-23
3.5559531533210856e-23
3.547715474875781e-23
3.5390751104118025e-23
3.5300122578512327e-23
3.520506068459959e-23
3.510534587048158e-23
3.5000746873451156e-23
3.489102004535226e-23
3.4775908608245137e-23
3.4655141879273923e-23
3.452843442389317e-23
3.439548515904835e-23
3.425597637859494e-23
3.4109572717726726e-23
3.395592002811054e-23
3.379464416830243e-23
3.362534970485653e-23
3.3447618491460835e-23
3.326100815852558e-23
3.306505044844674e-23
3.2859249419152e-23
3.2643079503991066e-23
3.2415983379011336e-23
3.217736964126615e-23
3.192661028173087e-23
3.1663037914901134e-23
3.138594272633198e-23
3.1094569125814546e-23
3.0788112079710505e-23
3.0465713014977447e-23
3.012645535298685e-23
2.9769359490008624e-23
2.939337725375828e-23
2.899738572652985e-23
2.858018032301382e-23
2.814046704225611e-23
2.7676853767590163e-23
2.718784046586472e-23
2.667180806633179e-23
2.6127005947615732e-23
2.5551537559808874e-23
2.4943344177437108e-23
2.4300186181276393e-23
2.3619621624834094e-23
2.2898981489631855e-23
2.2135341180100408e-23
2.1325487285044414e-23
2.0465879233394864e-23
1.9552604405187313e-23
1.8581326090929173e-23
1.7547222961362683e-23
1.6444919406359538e-23
1.526840677332623e-23
1.401095789663162e-23
1.2665043934279553e-23
1.1222279986985897e-23
9.673478430837176e-24
8.009064514539766e-24
6.220823717172923e-24
4.309888758479481e-24
2.342693323006281e-24
1.2843192466527435e-24
3.1527667092333694e-24
5.844075896644091e-24
8.90769117363842e-24
1.2343441683341708e-23
1.6204785724286643e-23
2.0572252209169228e-23
2.5555297472799997e-23
3.1302089708836254e-23
3.8016655868100216e-23
4.598732610460282e-23
5.563514907041851e-23
6.760032492647373e-23
8.29064067488788e-23
1.0329789586620274e-22
1.320092671292949e-22
1.7577681182963545e-22
2.512561757613807e-22
4.129303513140342e-22
9.541775360498514e-22
1.2519608067482888e-21
5.056781710176956e-22
3.0698429667273556e-22
2.199384900684424e-22
1.7083516663615552e-22
1.3891303828074234e-22
1.1615913871095502e-22
9.883947439134221e-23
8.4981048684048e-23
7.344293188348314e-23
6.351873029004661e-23
5.474695164956771e-23
4.681272147960021e-23
3.949347265542223e-23
