3.282780390320924e-13
3.3228018586852405e-13
3.350193264472051e-13
3.366762948432711e-13
3.374697781567984e-13
3.373044783171439e-13
3.363266452227386e-13
3.346192263659417e-13
3.3238334543534375e-13
3.293773449733757e-13
3.2592709240949974e-13
3.2194985064528153e-13
3.175393484761058e-13
3.1267395677647075e-13
3.0746747206496473e-13
3.0198369814098075e-13
2.9617943007230885e-13
2.901881568528322e-13
2.8397411515140967e-13
2.775746669123017e-13
2.709206162447971e-13
2.6421050964825014e-13
2.574480260329097e-13
2.5051965978704e-13
2.4358891459920103e-13
2.36520054992281e-13
2.295035192403176e-13
2.2243878594138997e-13
2.1541437289274218e-13
2.0840312401173317e-13
2.014039852139228e-13
1.9439238275568753e-13
1.875013726818489e-13
1.8063077400854356e-13
1.738645481496261e-13
1.6715843175906436e-13
1.6058545379403102e-13
1.5404446923274687e-13
1.4760650103214153e-13
1.4131231578600692e-13
1.3508570108198995e-13
1.2899997715916252e-13
1.2302436242265865e-13
1.171534231288664e-13
1.1141498312411106e-13
1.0581275121987812e-13
1.0032362568103192e-13
9.497679263758924e-14
8.974854027709525e-14
8.465188083270049e-14
7.96891981094278e-14
7.484129662694046e-14
7.015276622134394e-14
6.557418409151903e-14
6.11321178541481e-14
5.681255420377992e-14
5.262907400546448e-14
4.856855821791138e-14
4.4631077902462136e-14
4.0816517649026417e-14
3.7126271819358594e-14
3.355455907492465e-14
3.0099401078542955e-14
2.6761220067190043e-14
2.3537123531841692e-14
2.0423635904449524e-14
1.741701211945658e-14
1.451889908425108e-14
1.1723708959858272e-14
9.032092530453474e-15
6.4397883788722405e-15
3.947071132918756e-15
1.5624250381783974e-15
8.395786239303357e-16
3.018547560823373e-15
5.147304115154216e-15
7.19605479167988e-15
9.163232535552659e-15
1.1052132187864993e-14
1.286354361784974e-14
1.4600047183164904e-14
1.6263190756579198e-14
1.7856384689003165e-14
1.9381559777556713e-14
2.084002180291051e-14
2.223430740979555e-14
2.3565950140165618e-14
2.4837382827527648e-14
2.605012207689311e-14
2.720643479277129e-14
2.830729065771232e-14
2.9355781445747094e-14
3.035169631757445e-14
3.129846916809331e-14
3.219586598158873e-14
3.304667830494167e-14
3.3852007332718994e-14
3.461230729093543e-14
3.5329320295397096e-14
3.6005019094261346e-14
3.6639363316511654e-14
3.7233894515977525e-14
3.7790197424181116e-14
3.8308587932734264e-14
3.878956254402507e-14
3.923588656478946e-14
3.96457990111092e-14
4.002134519101681e-14
4.0362692150371914e-14
4.067179411854303e-14
4.094776257418508e-14
4.119061690741121e-14
4.1401959109294936e-14
4.158270660472442e-14
4.173206490853128e-14
4.184995402732295e-14
4.1937529673577106e-14
4.199445055711574e-14
4.202220704650926e-14
4.2018582376395966e-14
4.1983890938908934e-14
4.191965060049838e-14
4.1824467330717107e-14
4.169937257546428e-14
4.154243223384228e-14
4.1354404180490016e-14
4.113454162048294e-14
4.088302142658253e-14
4.0598571108269774e-14
4.02812688770536e-14
3.993062535407179e-14
3.9545337105167206e-14
3.912542676681098e-14
3.8668910098897795e-14
3.817662403106558e-14
3.764692424370421e-14
3.7078007292936104e-14
3.6470418693981085e-14
3.582181972174185e-14
3.51316968968367e-14
3.4398883879510593e-14
3.362180791381719e-14
3.279926197906977e-14
3.192965301597607e-14
3.101184206946865e-14
3.0043512394223243e-14
2.902406741450387e-14
2.7950936074269284e-14
2.6823237382386866e-14
2.5637944475022783e-14
2.4394310667773553e-14
2.308931641670862e-14
2.1722089397104404e-14
2.0289247711754098e-14
1.8789046316118435e-14
1.7219524069807042e-14
1.5578013371079652e-14
1.386216449557929e-14
1.2069489399236395e-14
1.0197509801974903e-14
8.243482330062008e-15
6.205309197492843e-15
4.081146886562738e-15
1.874783917320954e-15
5.396772089772215e-16
2.8809783566596683e-15
5.3822941748877666e-15
7.990444120111513e-15
1.0705757320860984e-14
1.3530628948875995e-14
1.646816208107586e-14
1.9521546368757228e-14
2.269434393454732e-14
2.5989714946365958e-14
2.941070111666128e-14
3.29614991024516e-14
3.6645402343289674e-14
4.0465249954798226e-14
4.442570685878207e-14
4.852951625780794e-14
5.2780072470459235e-14
5.718139329883461e-14
6.173676148484158e-14
6.644981508031159e-14
7.13238227097943e-14
7.636267479884198e-14
8.156950407703438e-14
8.694781944737553e-14
9.250119600815625e-14
9.823298505978103e-14
1.0414608362700801e-13
1.1024422093096799e-13
1.165296603787837e-13
1.2300768915964846e-13
1.2967863509150633e-13
1.3654744154351293e-13
1.436167463481622e-13
1.508886136018258e-13
1.583682911181284e-13
1.6605549625614872e-13
1.739555557708618e-13
