8.865993670813002e-24
8.865646496507524e-24
8.865315883056875e-24
8.865000916977601e-24
8.86470073662995e-24
8.864414528747057e-24
8.864141525219368e-24
8.863881000100224e-24
8.863632266824431e-24
8.86339467561528e-24
8.863167611072482e-24
8.862950489923558e-24
8.862742758924457e-24
8.862543892903069e-24
8.862353392923824e-24
8.862170784584972e-24
8.86199561640215e-24
8.861827458325251e-24
8.861665900311664e-24
8.861510551021986e-24
8.86136103656059e-24
8.861216999320141e-24
8.861078096873659e-24
8.86094400093273e-24
8.860814396372158e-24
8.860688980300237e-24
8.860567461167691e-24
8.860449557955791e-24
8.860334999355511e-24
8.860223523036013e-24
8.86011487490733e-24
8.860008808441321e-24
8.859905084011963e-24
8.859803468255369e-24
8.85970373347179e-24
8.859605657029161e-24
8.85950902080377e-24
8.859413610631183e-24
8.859319215773941e-24
8.859225628406953e-24
8.859132643088844e-24
8.859040056315853e-24
8.858947665984854e-24
8.858855270946176e-24
8.858762670525193e-24
8.85866966406512e-24
8.85857605043568e-24
8.858481627631398e-24
8.858386192246845e-24
8.858289539064218e-24
8.858191460581545e-24
8.858091746540825e-24
8.857990183479411e-24
8.8578865542647e-24
8.85778063758216e-24
8.857672207502382e-24
8.857561032959558e-24
8.857446877266874e-24
8.857329497590875e-24
8.85720864444739e-24
8.85708406115151e-24
8.856955483305363e-24
8.856822638183174e-24
8.856685244199964e-24
8.856543010284181e-24
8.856395635272023e-24
8.85624280730098e-24
8.856084203109235e-24
8.855919487378537e-24
8.855748312040271e-24
8.855570315571707e-24
8.855385122139101e-24
8.855192340940956e-24
8.854991565362651e-24
8.85478237203907e-24
8.854564320130868e-24
8.85433695031042e-24
8.854099783816426e-24
8.85385232153432e-24
8.853594042893236e-24
8.853324404852181e-24
8.853042840778309e-24
8.852748759286592e-24
8.852441543028117e-24
8.85212054746807e-24
8.851785099469576e-24
8.851434496138265e-24
8.851068003204192e-24
8.850684853623658e-24
8.850284246084744e-24
8.849865343365288e-24
8.849427270632189e-24
8.848969113668713e-24
8.84848991733764e-24
8.84798868324099e-24
8.84746436825994e-24
8.84691588209139e-24
8.846342085302245e-24
8.845741787196638e-24
8.845113743442337e-24
8.844456653675676e-24
8.843769158944743e-24
8.843049839354663e-24
8.84229721105941e-24
8.841509723828888e-24
8.840685757972075e-24
8.83982362141083e-24
8.838921546382713e-24
8.837977686603629e-24
8.836990113580647e-24
8.835956813423353e-24
8.834875683064234e-24
8.833744526810898e-24
8.832561052286076e-24
8.831322866997482e-24
8.830027473570411e-24
8.828672266423988e-24
8.827254526656858e-24
8.825771418454593e-24
8.824219984336955e-24
8.822597140113481e-24
8.820899670942667e-24
8.8191242263127e-24
8.817267314711876e-24
8.815325299785133e-24
8.81329439427788e-24
8.811170655287785e-24
8.808949980272382e-24
8.806628100838768e-24
8.804200577380761e-24
8.801662796461365e-24
8.799009964140729e-24
8.796237100954836e-24
8.79333903855446e-24
8.790310416027249e-24
8.787145674125266e-24
8.783839053374831e-24
8.78038458998071e-24
8.776776113521107e-24
8.773007245576827e-24
8.769071399267335e-24
8.764961776423675e-24
8.760671371013487e-24
8.756192970758212e-24
8.751519159419163e-24
8.74664232424629e-24
8.741554661275195e-24
8.736248185926061e-24
8.730714742807938e-24
8.724946024540246e-24
8.718933585693443e-24
8.712668870345578e-24
8.706143228524967e-24
8.699347961021253e-24
8.692274347631494e-24
8.684913688683788e-24
8.677257369483148e-24
8.669296903775272e-24
8.661024011792037e-24
8.652430704821712e-24
8.643509369521886e-24
8.63425287616293e-24
8.624654714810984e-24
8.614709114167985e-24
8.60441123769841e-24
8.593757339739679e-24
8.582745005803689e-24
8.571373379668637e-24
8.559643468241484e-24
8.547558461907517e-24
8.535124078806086e-24
8.522349047271322e-24
8.509245527143174e-24
8.49582973122831e-24
8.48212251713847e-24
8.468150161479663e-24
8.453945151235798e-24
8.439547175953336e-24
8.425004229754744e-24
8.410373834090644e-24
8.395724501149986e-24
8.381137394560382e-24
8.366708142998414e-24
8.352549092860373e-24
8.338791664855683e-24
8.325589228259366e-24
8.313120272019922e-24
8.301592050177418e-24
8.291244789386757e-24
8.282356314443696e-24
8.275247423568587e-24
8.270288027941107e-24
8.267903697398658e-24
8.268583517565626e-24
8.272888400722191e-24
8.281460529939339e-24
8.295033591844883e-24
8.314443965697001e-24
8.340642698893831e-24
8.374708146629578e-24
8.41785875550745e-24
