1.7037980938022013e-23
1.7037866994264072e-23
1.7037748561396335e-23
1.703762535033503e-23
1.703749706519441e-23
1.703736340236582e-23
1.703722404960598e-23
1.7037078685130627e-23
1.7036926976709465e-23
1.7036768580758336e-23
1.703660314142572e-23
1.7036430289668537e-23
1.7036249642315915e-23
1.7036060801115737e-23
1.7035863351762025e-23
1.7035656862899232e-23
1.703544088510085e-23
1.703521494981907e-23
1.7034978568302047e-23
1.7034731230476826e-23
1.70344724037933e-23
1.703420153202783e-23
1.703391803404178e-23
1.7033621302492886e-23
1.7033310702496623e-23
1.703298557023196e-23
1.7032645211492064e-23
1.7032288900172118e-23
1.703191587669446e-23
1.7031525346364893e-23
1.7031116477657607e-23
1.7030688400424952e-23
1.703024020402691e-23
1.7029770935377177e-23
1.7029279596901385e-23
1.7028765144402214e-23
1.7028226484827792e-23
1.702766247393734e-23
1.7027071913860187e-23
1.7026453550541867e-23
1.702580607107195e-23
1.702512810088885e-23
1.7024418200853803e-23
1.702367486418938e-23
1.7022896513274922e-23
1.7022081496292818e-23
1.7021228083717184e-23
1.7020334464639282e-23
1.701939874292023e-23
1.7018418933163358e-23
1.7017392956497873e-23
1.7016318636164513e-23
1.701519369289403e-23
1.701401574006797e-23
1.701278227865285e-23
1.7011490691895512e-23
1.7010138239768894e-23
1.7008722053157056e-23
1.7007239127765846e-23
1.7005686317747383e-23
1.7004060329024172e-23
1.700235771229878e-23
1.70005748557346e-23
1.699870797729131e-23
1.6996753116699968e-23
1.699470612705921e-23
1.6992562666036243e-23
1.699031818665261e-23
1.6987967927636118e-23
1.698550690331785e-23
1.698292989305286e-23
1.6980231430142724e-23
1.6977405790235287e-23
1.6974446979178233e-23
1.6971348720299224e-23
1.6968104441087194e-23
1.696470725924532e-23
1.696114996808615e-23
1.6957425021238815e-23
1.6953524516634453e-23
1.6949440179736762e-23
1.6945163345982073e-23
1.6940684942390655e-23
1.693599546831146e-23
1.6931084975258543e-23
1.6925943045796234e-23
1.692055877142887e-23
1.6914920729447423e-23
1.690901695868403e-23
1.6902834934122764e-23
1.689636154031293e-23
1.6889583043527772e-23
1.6882485062609962e-23
1.6875052538441637e-23
1.686726970197384e-23
1.685912004074705e-23
1.6850586263832393e-23
1.6841650265118715e-23
1.6832293084865767e-23
1.6822494869444376e-23
1.6812234829175192e-23
1.6801491194177704e-23
1.6790241168135645e-23
1.6778460879878395e-23
1.67661253326775e-23
1.6753208351148943e-23
1.673968252564716e-23
1.6725519154034573e-23
1.6710688180699677e-23
1.6695158132694125e-23
1.6678896052856354e-23
1.666186742977112e-23
1.6644036124423732e-23
1.6625364293384408e-23
1.6605812308368012e-23
1.6585338671985508e-23
1.656389992951835e-23
1.6541450576516677e-23
1.65179429620347e-23
1.6493327187284884e-23
1.646755099950239e-23
1.6440559680786648e-23
1.6412295931687125e-23
1.6382699749278332e-23
1.6351708299460886e-23
1.6319255783237526e-23
1.6285273296631837e-23
1.624968868399169e-23
1.621242638434691e-23
1.6173407270485765e-23
1.6132548480410006e-23
1.6089763240796904e-23
1.604496068211885e-23
1.5998045644992496e-23
1.594891847731364e-23
1.5897474821854224e-23
1.5843605393695045e-23
1.5787195747212934e-23
1.5728126031927966e-23
1.5666270736795643e-23
1.5601498422426242e-23
1.55336714405498e-23
1.546264564018132e-23
1.538827005992358e-23
1.531038660560396e-23
1.522882971268547e-23
1.5143425992607318e-23
1.5053993862587364e-23
1.4960343157654272e-23
1.4862274724503798e-23
1.4759579996090482e-23
1.4652040546352047e-23
1.453942762358778e-23
1.4421501662370898e-23
1.4298011772262448e-23
1.4168695202661582e-23
1.4033276783060985e-23
1.3891468336966863e-23
1.3742968069121322e-23
1.3587459924718498e-23
1.342461291933329e-23
1.3254080439353403e-23
1.3075499510897472e-23
1.2888490037899718e-23
1.269265400757019e-23
1.248757466302635e-23
1.2272815644816593e-23
1.2047920098576858e-23
1.1812409754208534e-23
1.1565783976328481e-23
1.130751879072159e-23
1.1037065893032009e-23
1.0753851650487868e-23
1.0457276106145865e-23
1.0146712014311687e-23
9.821503929359987e-24
9.480967402862831e-24
9.124388350278591e-24
8.751022706763641e-24
8.360096529763547e-24
7.950806832038975e-24
7.5223235795081e-24
7.07379361092853e-24
6.6043478099568325e-24
6.113113926424275e-24
5.599239712156307e-24
5.061935777502679e-24
4.500558832455415e-24
3.914784447977106e-24
3.3050000727346434e-24
2.6733189369511228e-24
2.0266993835455213e-24
1.3892837930013597e-24
8.681198043219936e-25
8.565119011652618e-25
1.4295719690070652e-24
2.208501294851938e-24
3.074223784491097e-24
4.000522782250936e-24
4.980465048454904e-24
6.0125739811535374e-24
