5.386411221461984e-24
5.598656415923353e-24
5.8000445907595395e-24
5.991000133640924e-24
6.171925822309289e-24
6.343203539873699e-24
6.505194983196922e-24
6.658242354381313e-24
6.802669029028864e-24
6.938780197501033e-24
7.066863476878689e-24
7.187189492299681e-24
7.300012427127762e-24
7.405570541666081e-24
7.504086660591109e-24
7.595768629350123e-24
7.680809739880729e-24
7.759389126074412e-24
7.831672129534784e-24
7.897810635936111e-24
7.957943382594902e-24
8.012196237540268e-24
8.06068245046918e-24
8.10350287599303e-24
8.140746169361973e-24
8.172488954882643e-24
8.198795967273047e-24
8.219720165883621e-24
8.235302821953642e-24
8.245573578777095e-24
8.250550484626743e-24
8.25023999831373e-24
8.24463696695326e-24
8.233724575738573e-24
8.217474269162205e-24
8.195845643072606e-24
8.168786307080605e-24
8.136231716298808e-24
8.098104971968914e-24
8.054316589422446e-24
8.004764232799073e-24
7.94933241501764e-24
7.887892161661806e-24
7.820300637321287e-24
7.746400732701323e-24
7.666020610661736e-24
7.578973209275933e-24
7.485055699591895e-24
7.38404889596284e-24
7.275716616376828e-24
7.159804989913402e-24
7.036041708890194e-24
6.904135222403828e-24
6.763773868459637e-24
6.614624941590239e-24
6.456333693338119e-24
6.288522262895094e-24
6.110788536578218e-24
5.922704935715845e-24
5.723817135096853e-24
5.513642718285592e-24
5.291669782467033e-24
5.0573555173863066e-24
4.810124802592291e-24
4.5493689025528734e-24
4.274444403787924e-24
3.984672660514299e-24
3.679340259547548e-24
3.357701529573743e-24
3.0189852796388348e-24
2.6624108024206784e-24
2.287225961531429e-24
1.8928046162352784e-24
1.4789332497718995e-24
1.0468798728068381e-24
6.055125769681751e-25
2.5461869879569347e-25
5.145582679466911e-25
1.024986349974756e-24
1.5867003664652993e-24
2.1849009721038102e-24
2.8180517288925354e-24
3.4869821555957186e-24
4.193291822563178e-24
4.938964209194367e-24
5.726248709385671e-24
6.557623346417812e-24
7.435787686094135e-24
8.363669420606465e-24
9.344438490551972e-24
1.0381526319621034e-23
1.1478649251550004e-23
1.2639835961306694e-23
1.3869458987455588e-23
1.517227075459146e-23
1.65534446386046e-23
1.801862178112576e-23
1.9573964540330433e-23
2.1226217634084094e-23
2.298277828173701e-23
2.485177688741569e-23
2.684217016795049e-23
2.896384898462949e-23
3.12277636906128e-23
3.364607038993028e-23
3.623230227168715e-23
3.900157123714536e-23
4.197080621257901e-23
4.5159036229713756e-23
4.85877283621626e-23
5.2281193392303074e-23
5.626707557004148e-23
6.05769475573614e-23
6.524703790710381e-23
7.031912682170663e-23
7.584165753263167e-23
8.187112630302749e-23
8.847383618011075e-23
9.57281305232213e-23
1.0372726690808612e-22
1.125831562611324e-22
1.2243128699671484e-22
1.334372967766303e-22
1.4580587307730175e-22
1.5979300467284383e-22
1.7572315445521814e-22
1.9401382341770404e-22
2.15211501742676e-22
2.4004567438545707e-22
2.6951241535173293e-22
3.0500835631159544e-22
3.4855433992918835e-22
4.031874372115477e-22
4.736899738085553e-22
5.680486518984576e-22
7.006622902806787e-22
9.00327263647509e-22
1.233872728050485e-21
1.8966451981344473e-21
3.7254286969756365e-21
7.675521831220423e-21
3.2727410177717007e-21
1.875844801439759e-21
1.319325575093352e-21
1.0253101222606277e-21
8.442657230240026e-22
7.217487878728118e-22
6.333717464364182e-22
5.666141591449279e-22
5.1439696192069285e-22
4.7241909688382795e-22
4.379175046440612e-22
4.0903632700821104e-22
3.844828099893011e-22
3.6332867085598476e-22
3.448899527376028e-22
3.2865142813049425e-22
3.1421741439237947e-22
3.0127882761946825e-22
2.8959054937644856e-22
2.7895552720696173e-22
2.692133807550622e-22
2.6023209305183247e-22
2.51901851757404e-22
2.4413041998107013e-22
2.3683960871555924e-22
2.2996255705331654e-22
2.2344161279438216e-22
2.172266611965577e-22
2.11273798112426e-22
2.0554426336657997e-22
2.0000357956088647e-22
1.946208479917023e-22
1.8936817159974013e-22
1.8422017645153757e-22
1.79153612816111e-22
1.7414702104360426e-22
1.6918044867540993e-22
1.6423521028300128e-22
1.59293681583941e-22
1.543391223262668e-22
1.4935552277397924e-22
1.4432746945824794e-22
1.3924002765087545e-22
1.340786371572755e-22
1.288290203027148e-22
1.2347709921454038e-22
1.180089221811331e-22
1.1241059704630481e-22
1.0666823301813156e-22
1.0076788787615705e-22
9.469552451982156e-23
8.84369761430392e-23
8.19779254264584e-23
7.530390509473323e-23
6.840033537640831e-23
6.125263303667813e-23
5.384646855672231e-23
4.6168365028503113e-23
3.8207191310918603e-23
2.995841810187211e-23
