2.495953014882209e-24
2.3908005405633187e-24
2.290627557117298e-24
2.195220386501748e-24
2.1043753102798026e-24
2.0178981151335337e-24
1.935603656213731e-24
1.8573154372656634e-24
1.782865206428314e-24
1.712092566753082e-24
1.6448446005380994e-24
1.5809755065262498e-24
1.5203462493540538e-24
1.4628242204351548e-24
1.4082829097714297e-24
1.3566015883129877e-24
1.3076650004633182e-24
1.261363066619324e-24
1.2175905958481071e-24
1.1762470087347891e-24
1.1372360708709904e-24
1.1004656374951448e-24
1.0658474099344403e-24
1.033296704705448e-24
1.002732236188231e-24
9.7407591383838e-25
9.47252655040622e-25
9.221902143675032e-25
8.988190302359956e-25
8.770720895514178e-25
8.568848106635614e-25
8.381949447973357e-25
8.209424955880102e-25
8.050696560275044e-25
7.905207617790242e-25
7.772422592630927e-25
7.651826867411542e-25
7.5429266617366585e-25
7.445249033831816e-25
7.358341943097825e-25
7.28177434281642e-25
7.2151362831595635e-25
7.158038997638744e-25
7.110114953576586e-25
7.071017848245572e-25
7.040422536513345e-25
7.018024878452543e-25
7.003541502957314e-25
6.996709480084667e-25
6.997285907728082e-25
7.00504741196983e-25
7.019789571038474e-25
7.041326268040907e-25
7.06948898518052e-25
7.10412604920393e-25
7.145101839606505e-25
7.192295972015368e-25
7.245602466895644e-25
7.304928916919089e-25
7.3701956601125955e-25
7.441334970175439e-25
7.518290270208808e-25
7.601015379756275e-25
7.689473795811277e-25
7.783638018171261e-25
7.883488917552204e-25
7.989015151445243e-25
8.100212628136213e-25
8.217084021022462e-25
8.33963832877652e-25
8.467890486355571e-25
8.60186101820628e-25
8.74157573976194e-25
8.887065497296309e-25
9.038365947197259e-25
9.195517373670252e-25
9.358564536230564e-25
9.527556550747398e-25
9.7025467959791e-25
9.883592844603399e-25
1.0070756416251026e-24
1.0264103350594953e-24
1.0463703595923366e-24
1.066963121048356e-24
1.0881964380636249e-24
1.1100785446280012e-24
1.1326180931893683e-24
1.1558241594575114e-24
1.179706246467811e-24
1.2042742905522782e-24
1.229538666230774e-24
1.2555101927436125e-24
1.2822001400402635e-24
1.3096202350264068e-24
1.337782668188489e-24
1.3667001003437877e-24
1.3963856692115941e-24
1.4268529963661888e-24
1.4581161938212731e-24
1.4901898716983797e-24
1.523089144580912e-24
1.556829639243637e-24
1.5914275013168751e-24
1.6268994035621997e-24
1.6632625523690226e-24
1.7005346961897673e-24
1.738734133346281e-24
1.7778797193734392e-24
1.817990876565099e-24
1.859087600804012e-24
1.9011904718175796e-24
1.9443206611239475e-24
1.988499941760754e-24
2.033750697834757e-24
2.080095934175691e-24
2.1275592867840305e-24
2.1761650328807945e-24
2.2259381029106357e-24
2.2769040905211227e-24
2.329089264675183e-24
2.382520582098909e-24
2.4372256992380917e-24
2.4932329853162226e-24
2.5505715355908343e-24
2.6092711848248575e-24
2.6693625222509664e-24
2.7308769048896764e-24
2.793846473752235e-24
2.858304169326754e-24
2.9242837463087853e-24
2.991819792373984e-24
3.0609477427960897e-24
3.131703899279009e-24
3.20412544906837e-24
3.2782504804492886e-24
3.35411800452008e-24
3.4317679739252706e-24
3.511241302965425e-24
3.5925798888231935e-24
3.67582663198106e-24
3.761025458291572e-24
3.84822134307289e-24
3.937460331299705e-24
4.0287895640965185e-24
4.1222573009185104e-24
4.2179129469091795e-24
4.315807074122032e-24
4.415991453652824e-24
4.518519077822485e-24
4.623444188751809e-24
4.7308223090701584e-24
4.840710268960961e-24
4.953166233018316e-24
5.068249738243766e-24
5.18602171669252e-24
5.306544534757298e-24
5.429882018584967e-24
5.5560994930443965e-24
5.68526381806805e-24
5.817443415006184e-24
5.95270831026401e-24
6.091130169888533e-24
6.2327823384722455e-24
6.377739872492185e-24
6.5260795900420154e-24
6.67788009733979e-24
6.833221848998533e-24
6.992187166579704e-24
7.154860310970612e-24
7.321327495236409e-24
7.49167695559765e-24
7.665998985926599e-24
7.844385991241164e-24
8.026932529255887e-24
8.21373536872306e-24
8.404893528115892e-24
8.600508350791197e-24
8.800683531306915e-24
9.005525195251854e-24
9.215141927623256e-24
9.429644860558018e-24
9.649147714678651e-24
9.873766852429712e-24
1.0103621376899336e-23
1.0338833129635661e-23
1.0579526819721335e-23
1.08258300677199e-23
1.1077873442073881e-23
1.1335790592418734e-23
1.1599718247786574e-23
1.1869796329343994e-23
1.2146168065224416e-23
1.2428979966736729e-23
1.2718381967312886e-23
1.3014527551063412e-23
1.3317573677788476e-23
1.3627681087695682e-23
1.394501415991596e-23
1.426974118135143e-23
1.460203427950321e-23
1.4942069727944472e-23
