3.4122112079971324e-22
3.416474196034473e-22
3.4204924834961e-22
3.4242745988109658e-22
3.427828568934535e-22
3.431161936413718e-22
3.434281775420776e-22
3.43719470678923e-22
3.4399069120853276e-22
3.4424241467439144e-22
3.444751752297954e-22
3.4468946677262514e-22
3.4488574399456657e-22
3.450644233468183e-22
3.4522588392446933e-22
3.45370468271416e-22
3.4549848310745404e-22
3.456101999792265e-22
3.457058558362567e-22
3.4578565353343947e-22
3.4584976226091463e-22
3.458983179023774e-22
3.4593142332242427e-22
3.459491485836553e-22
3.459515310939687e-22
3.4593857568425155e-22
3.4591025461678495e-22
3.4586650752416477e-22
3.4580724127880553e-22
3.4573232979252067e-22
3.456416137458945e-22
3.455349002467572e-22
3.454119624170329e-22
3.4527253890702205e-22
3.451163333361274e-22
3.4494301365868356e-22
3.447522114536141e-22
3.4454352113624313e-22
3.443164990906485e-22
3.440706627205585e-22
3.438054894167355e-22
3.4352041543864917e-22
3.4321483470787007e-22
3.4288809751059073e-22
3.4253950910645745e-22
3.421683282405877e-22
3.417737655554902e-22
3.41354981899465e-22
3.409110865276528e-22
3.404411351918249e-22
3.3994412811465135e-22
3.394190078439289e-22
3.388646569821139e-22
3.3827989578593446e-22
3.3766347963091544e-22
3.3701409633500626e-22
3.3633036333543664e-22
3.356108247123775e-22
3.348539480528009e-22
3.3405812114741754e-22
3.3322164851328447e-22
3.3234274773415115e-22
3.3141954561030962e-22
3.304500741091248e-22
3.29432266107072e-22
3.2836395091345e-22
3.272428495655542e-22
3.26066569884467e-22
3.2483260127996565e-22
3.2353830929258153e-22
3.2218092986001642e-22
3.2075756329455805e-22
3.192651679573155e-22
3.1770055361434776e-22
3.160603744589594e-22
3.143411217835344e-22
3.1253911628337815e-22
3.1065049997399655e-22
3.086712277023934e-22
3.065970582315877e-22
3.04423544876637e-22
3.0214602566908887e-22
2.997596130255134e-22
2.9725918289433464e-22
2.946393633537666e-22
2.918945226319511e-22
2.8901875651890543e-22
2.860058751378938e-22
2.828493890420173e-22
2.795424945998491e-22
2.760780586315971e-22
2.7244860225509927e-22
2.686462838983891e-22
2.6466288143294867e-22
2.6048977337888303e-22
2.5611791913024784e-22
2.515378381454436e-22
2.4673958804417597e-22
2.4171274154855787e-22
2.36446362202121e-22
2.3092897879598017e-22
2.251485584268379e-22
2.1909247810652163e-22
2.1274749483734484e-22
2.0609971406185814e-22
1.991345563894e-22
1.9183672249524791e-22
1.8419015608124973e-22
1.7617800477942024e-22
1.6778257887250266e-22
1.5898530769795387e-22
1.4976669359502339e-22
1.4010626324966458e-22
1.2998251629180102e-22
1.1937287101017823e-22
1.082536070869611e-22
9.65998053567733e-23
8.438528487789764e-23
7.158253843985035e-23
5.816267046046732e-23
4.4095353019271775e-23
2.934888474384214e-23
1.3891228277582796e-23
2.3567849096150023e-24
1.9322720779043347e-23
3.7140940594588634e-23
5.582667920983003e-23
7.542247115569057e-23
9.597385175354665e-23
1.1752892870221454e-22
1.4013843671808494e-22
1.638558685304632e-22
1.887376321951787e-22
2.148432248850052e-22
2.422354211117151e-22
2.7098047542602953e-22
3.011483403787859e-22
3.328129008761574e-22
3.6605222628964175e-22
4.009488418741095e-22
4.375900212360474e-22
4.76068101794487e-22
5.164808253960229e-22
5.589317064888473e-22
6.035304305339936e-22
6.5039328563866435e-22
6.996436307441579e-22
7.514124040933015e-22
8.05838676147879e-22
8.630702516331306e-22
9.232643259628836e-22
9.86588201957303e-22
1.0532200735171772e-21
1.1233498837811865e-21
1.1971802662822105e-21
1.2749275787572582e-21
1.3568230405793353e-21
1.4431139862968737e-21
1.5340652495257221e-21
1.6299606934801623e-21
1.7311049068087862e-21
1.8378250861769112e-21
1.9504731302876236e-21
2.0694279738494882e-21
2.195098194491485e-21
2.327924930931211e-21
2.4683851569867954e-21
2.6169953634966677e-21
2.774315709116129e-21
2.9409547116263737e-21
3.1175745641993865e-21
3.304897176507702e-21
3.503711059267366e-21
3.714879193537761e-21
3.939348053862239e-21
4.17815798838045e-21
4.432455201018499e-21
4.703505632837748e-21
4.992711104362177e-21
5.301628161741492e-21
5.6319901716761875e-21
5.985733339341888e-21
6.3650274884601884e-21
6.7723126543793996e-21
7.210342814819143e-21
7.682238439669912e-21
8.191550009879601e-21
8.74233527630625e-21
9.339253859622557e-21
9.987683913229894e-21
1.0693867100491285e-20
1.1465090247744233e-20
1.2309914981353275e-20
1.3238470826154181e-20
1.426283322450812e-20
1.5397516650130623e-20
1.666012590050046e-20
1.807222812611333e-20
1.9660538125564898e-20
2.1458556588164238e-20
2.350887699030006e-20
