2.1883749783651654e-24
2.1156329568899138e-24
2.0469437146676267e-24
1.982151326859614e-24
1.9211074103687345e-24
1.8636707997491108e-24
1.809707246541049e-24
1.759089142493502e-24
1.711695267092337e-24
1.6674105597146977e-24
1.6261259165731568e-24
1.5877380123912798e-24
1.5521491464777507e-24
1.519267112535599e-24
1.4890050911719818e-24
1.4612815636698506e-24
1.4360202451741e-24
1.41315003503551e-24
1.3926049816806374e-24
1.3743242590489579e-24
1.3582521513809363e-24
1.3443380429717717e-24
1.3325364094342527e-24
1.3228068070566204e-24
1.3151138569881919e-24
1.309427221248429e-24
1.3057215679097557e-24
1.3039765232498142e-24
1.3041766091791022e-24
1.3063111648041201e-24
1.3103742515655682e-24
1.3163645419654054e-24
1.3242851924483523e-24
1.3341437015057577e-24
1.3459517545098805e-24
1.3597250571428098e-24
1.3754831595529442e-24
1.3932492735414475e-24
1.4130500851526443e-24
1.4349155650205786e-24
1.458878778714271e-24
1.484975699137671e-24
1.513245022796525e-24
1.5437279914499126e-24
1.5764682203473548e-24
1.6115115339196628e-24
1.6489058094667394e-24
1.688700829078614e-24
1.730948139749499e-24
1.775700921407412e-24
1.8230138623927912e-24
1.8729430417750375e-24
1.925545817805871e-24
1.9808807217620472e-24
2.0390073564294787e-24
2.0999862985207584e-24
2.1638790043878878e-24
2.2307477184912015e-24
2.3006553842056918e-24
2.3736655566751205e-24
2.4498423175680186e-24
2.529250191730115e-24
2.611954065867867e-24
2.698019109533114e-24
2.7875106987979637e-24
2.880494343123954e-24
2.977035616020952e-24
3.0772000901702796e-24
3.1810532777461404e-24
3.288660576711494e-24
3.400087223883552e-24
3.515398255569378e-24
3.6346584765545196e-24
3.757932438192402e-24
3.885284426292532e-24
4.0167784594363816e-24
4.1524782982688486e-24
4.29244746621847e-24
4.436749281996078e-24
4.585446904102422e-24
4.7386033874634555e-24
4.896281752181012e-24
5.058545064263045e-24
5.225456528074905e-24
5.397079590128058e-24
5.57347805371014e-24
5.7547162037466886e-24
5.9408589411936336e-24
6.131971926161413e-24
6.3281217289088316e-24
6.529375987770226e-24
6.735803573043107e-24
6.947474755827228e-24
7.16446138078643e-24
7.38683704180975e-24
7.61467725955142e-24
7.848059659866074e-24
8.087064152182603e-24
8.331773106920266e-24
8.582271531100671e-24
8.838647241387292e-24
9.100991033848765e-24
9.369396849830342e-24
9.643961937393134e-24
9.924787007876101e-24
1.0211976387205266e-23
1.0505638161679077e-23
1.0805884318018218e-23
1.1112830877565616e-23
1.142659802458364e-23
1.174731022866898e-23
1.2075096361362306e-23
1.2410089807101266e-23
1.2752428568686545e-23
1.3102255367507109e-23
1.345971773877481e-23
1.382496812206967e-23
1.4198163947503758e-23
1.4579467717842612e-23
1.4969047086911512e-23
1.5367074934640362e-23
1.5773729439084566e-23
1.6189194145757096e-23
1.6613658034601074e-23
1.7047315584909588e-23
1.7490366838491776e-23
1.7943017461354172e-23
1.8405478804158904e-23
1.8877967961662622e-23
1.9360707831367784e-23
1.9853927171530354e-23
2.0357860658681067e-23
2.087274894477014e-23
2.1398838714015276e-23
2.1936382739508187e-23
2.248563993959557e-23
2.3046875434022778e-23
2.3620360599799372e-23
2.420637312670138e-23
2.4805197072313618e-23
2.541712291645668e-23
2.6042447614836986e-23
2.668147465170235e-23
2.7334514091266365e-23
2.800188262762897e-23
2.8683903632877526e-23
2.9380907203030387e-23
3.00932302014439e-23
3.082121629925386e-23
3.1565216012414856e-23
3.2325586734835386e-23
3.310269276707307e-23
3.389690534002136e-23
3.470860263296823e-23
3.553816978537433e-23
3.638599890163639e-23
3.725248904812236e-23
3.813804624162517e-23
3.904308342842014e-23
3.9968020452976246e-23
4.091328401538171e-23
4.1879307616433697e-23
4.2866531489315225e-23
4.387540251669609e-23
4.490637413205033e-23
4.5959906203862126e-23
4.7036464901434523e-23
4.8136522540762764e-23
4.926055740905784e-23
5.04090535662455e-23
5.1582500621851034e-23
5.278139348541502e-23
5.400623208870614e-23
5.525752107771625e-23
5.653576947247654e-23
5.78414902925656e-23
5.917520014613556e-23
6.053741878015927e-23
6.19286685895469e-23
6.334947408266774e-23
6.480036130075022e-23
6.628185718853404e-23
6.779448891347322e-23
6.933878313074673e-23
7.091526519122134e-23
7.252445828949142e-23
7.416688254902355e-23
7.584305404148988e-23
7.755348373720275e-23
7.929867638368489e-23
8.107912930930107e-23
8.289533114900443e-23
8.474776048911906e-23
8.663688442832906e-23
8.856315705192253e-23
9.052701781658252e-23
9.252888984302175e-23
9.456917811392378e-23
9.664826757486331e-23
9.87665211358915e-23
1.0092427757191365e-22
