4.769369671374439e-24
4.769116196836439e-24
4.768883267537198e-24
4.768668606917736e-24
4.768470133731309e-24
4.76828594390713e-24
4.7681142939868816e-24
4.7679535859960075e-24
4.767802353622955e-24
4.767659249589488e-24
4.767523034107041e-24
4.767392564321857e-24
4.767266784659449e-24
4.767144717988616e-24
4.767025457530423e-24
4.76690815944358e-24
4.766792036026167e-24
4.76667634947567e-24
4.766560406155698e-24
4.766443551323368e-24
4.766325164272077e-24
4.766204653852262e-24
4.76608145433188e-24
4.765955021565453e-24
4.765824829438951e-24
4.765690366565575e-24
4.7655511332036176e-24
4.765406638376325e-24
4.7652563971689e-24
4.765099928186027e-24
4.76493675114865e-24
4.7647663846161275e-24
4.7645883438154986e-24
4.764402138566941e-24
4.764207271286287e-24
4.764003235060107e-24
4.763789511776082e-24
4.763565570297886e-24
4.763330864679392e-24
4.763084832404259e-24
4.762826892643046e-24
4.762556444520234e-24
4.7622728653860754e-24
4.7619755090747454e-24
4.7616637041588786e-24
4.761336752178738e-24
4.7609939258458226e-24
4.760634467212263e-24
4.7602575858029114e-24
4.759862456702402e-24
4.759448218584201e-24
4.759013971692123e-24
4.758558775749581e-24
4.758081647801855e-24
4.757581559986126e-24
4.757057437213534e-24
4.756508154771367e-24
4.7559325358202746e-24
4.755329348808124e-24
4.754697304759943e-24
4.754035054466659e-24
4.753341185548563e-24
4.752614219401055e-24
4.751852607986203e-24
4.7510547305187215e-24
4.750218889963328e-24
4.749343309410723e-24
4.7484261282641876e-24
4.74746539827529e-24
4.7464590793800766e-24
4.745405035354492e-24
4.744301029274368e-24
4.743144718759007e-24
4.741933650994232e-24
4.7406652575373984e-24
4.7393368488644315e-24
4.737945608678909e-24
4.736488587960833e-24
4.734962698716209e-24
4.7333647074466485e-24
4.731691228348934e-24
4.729938716131335e-24
4.728103458547084e-24
4.726181568595644e-24
4.724168976264479e-24
4.7220614200457614e-24
4.719854437877951e-24
4.717543357814903e-24
4.715123288176493e-24
4.7125891073212384e-24
4.7099354527817584e-24
4.707156710137719e-24
4.704247001150609e-24
4.701200171476442e-24
4.698009777794873e-24
4.694669074304793e-24
4.691170998618409e-24
4.687508156998457e-24
4.683672808992898e-24
4.6796568512231986e-24
4.675451800514361e-24
4.67104877632924e-24
4.666438482126398e-24
4.661611186384607e-24
4.656556702123545e-24
4.651264365924453e-24
4.6457230160734636e-24
4.639920969267598e-24
4.633845996736806e-24
4.627485299154727e-24
4.6208254802888885e-24
4.613852519606816e-24
4.606551743757804e-24
4.598907796748933e-24
4.590904608683591e-24
4.582525363387976e-24
4.573752464498387e-24
4.564567500176596e-24
4.554951206253654e-24
4.544883428074172e-24
4.5343430806589095e-24
4.523308107132861e-24
4.511755435468924e-24
4.499660934238985e-24
4.486999365728227e-24
4.473744337842356e-24
4.459868254544995e-24
4.445342264096151e-24
4.430136205626738e-24
4.414218554676458e-24
4.3975563666372e-24
4.380115218647905e-24
4.36185915068027e-24
4.342750604866463e-24
4.3227503643465936e-24
4.301817491717457e-24
4.279909265791934e-24
4.256981121099173e-24
4.232986585700031e-24
4.2078772236341885e-24
4.181602575456317e-24
4.154110108462728e-24
4.125345168342177e-24
4.095250938748572e-24
4.06376841223986e-24
4.0308363729264706e-24
3.996391397650569e-24
3.9603678762127535e-24
3.922698063167716e-24
3.883312163052155e-24
3.842138464078868e-24
3.799103531648241e-24
3.754132477401696e-24
3.707149328860739e-24
3.658077530677357e-24
3.6068406083907644e-24
3.553363057984224e-24
3.49757151859682e-24
3.439396328172628e-24
3.3787735984100736e-24
3.3156479439916335e-24
3.2499761654555582e-24
3.181732160631326e-24
3.11091356554258e-24
3.0375507814130913e-24
2.9617193208928137e-24
2.8835568246688226e-24
2.803286725361434e-24
2.7212513383006368e-24
2.6379584537801364e-24
2.554147212835284e-24
2.470881280632766e-24
2.3896799653743545e-24
2.312699914364061e-24
2.242978999904527e-24
2.184743348516845e-24
2.1437465624050563e-24
2.1275371413958907e-24
2.145419123928523e-24
2.2076858386329346e-24
2.323506120084819e-24
2.4966587759819202e-24
2.7183391170446277e-24
2.9580278673069867e-24
3.1605798985468836e-24
3.2662531630520492e-24
3.2522749721722834e-24
3.1516615932153585e-24
3.0247113980479073e-24
2.9225418315074184e-24
2.8742885498920013e-24
2.8908830505099535e-24
2.9722149999780925e-24
3.1127853079056733e-24
3.305342031629906e-24
3.542893832434893e-24
3.819592159534958e-24
4.130943049724068e-24
4.4736992993641735e-24
4.845644299288629e-24
5.2453709815612936e-24
