1.1264138213975062e-22
1.1370204580632558e-22
1.1470930827028359e-22
1.1566530726563981e-22
1.1657207167022615e-22
1.1743152581834454e-22
1.1824549359074916e-22
1.190157022906348e-22
1.197437863140251e-22
1.2043129062229234e-22
1.2107967402432668e-22
1.216903122752484e-22
1.222645009983816e-22
1.2280345843664107e-22
1.2330832803923157e-22
1.2378018088916955e-22
1.2422001797676886e-22
1.2462877232395647e-22
1.250073109639221e-22
1.253564367802835e-22
1.2567689020971469e-22
1.2596935081161584e-22
1.2623443870811808e-22
1.264727158975362e-22
1.2668468744400273e-22
1.2687080254573398e-22
1.2703145548428791e-22
1.271669864566584e-22
1.272776822920694e-22
1.2736377705480877e-22
1.274254525344884e-22
1.2746283862456906e-22
1.2747601358999084e-22
1.2746500422437775e-22
1.27429785897061e-22
1.273702824899556e-22
1.2728636622408754e-22
1.27177857375209e-22
1.2704452387792645e-22
1.2688608081724973e-22
1.2670218980637127e-22
1.264924582493096e-22
1.2625643848652343e-22
1.2599362682160118e-22
1.2570346242675881e-22
1.253853261245498e-22
1.2503853904299443e-22
1.2466236114099311e-22
1.2425598960062592e-22
1.2381855708254795e-22
1.233491298404843e-22
1.2284670569038846e-22
1.2231021182956286e-22
1.2173850250058457e-22
1.2113035649466762e-22
1.2048447448845092e-22
1.1979947620808523e-22
1.1907389741381705e-22
1.18306186697948e-22
1.174947020885856e-22
1.1663770745102945e-22
1.1573336867817766e-22
1.1477974966077466e-22
1.137748080277927e-22
1.1271639064653487e-22
1.1160222887150126e-22
1.1042993353035253e-22
1.0919698963460174e-22
1.0790075080185994e-22
1.0653843337577735e-22
1.0510711022881003e-22
1.0360370423224402e-22
1.0202498137675784e-22
1.0036754352593403e-22
9.862782078399151e-23
9.68020634579141e-23
9.488633359285532e-23
9.287649605849002e-23
9.076820916264027e-23
8.855691476688044e-23
8.623782787751528e-23
8.380592568353061e-23
8.125593601148354e-23
7.858232516550199e-23
7.577928511874163e-23
7.284072002084195e-23
6.976023198417143e-23
6.653110611017274e-23
6.314629471625363e-23
5.95984007239329e-23
5.587966017170764e-23
5.19819238238726e-23
4.7896637865119034e-23
4.3614823713727085e-23
3.912705708785657e-23
3.4423446715898836e-23
2.9493613793059234e-23
2.4326675545667147e-23
1.891124496630057e-23
1.3235503696684384e-23
7.287797135495835e-24
1.0797248069346753e-24
5.49717140630246e-24
1.2345998867822822e-23
1.9528045735434726e-23
2.705755121473753e-23
3.4951216909797865e-23
4.322685623009588e-23
5.1903271880223886e-23
6.100026738881255e-23
7.053868914121887e-23
8.054047977671287e-23
9.102873813887753e-23
1.0202778442053439e-22
1.1356323019522136e-22
1.256620534139621e-22
1.3835267861828218e-22
1.516650627157573e-22
1.656307867313669e-22
1.8028315400379972e-22
1.9565729535098544e-22
2.1179028178482584e-22
2.287212454161449e-22
2.464915092566577e-22
2.6514472669825494e-22
2.847270315309435e-22
3.05287199451819e-22
3.268768221186687e-22
3.495504949153851e-22
3.7336601972473016e-22
3.9838462414653747e-22
4.246711987621628e-22
4.522945542280554e-22
4.813277001873858e-22
5.118481482233906e-22
5.439382413415128e-22
5.776855127696776e-22
6.131830772086578e-22
6.505300580544044e-22
6.898320545624912e-22
7.312016534342195e-22
7.747589898930348e-22
8.206323639925716e-22
8.689589186752573e-22
9.19885387000859e-22
9.735689169991485e-22
1.0301779838117935e-21
1.0898934001874369e-21
1.1529094380348005e-21
1.2194350756472405e-21
1.2896953874628847e-21
1.3639330958576014e-21
1.4424103075872685e-21
1.5254104611760963e-21
1.6132405159249233e-21
1.70623341841847e-21
1.804750888639908e-21
1.9091865752671773e-21
2.0199696387160415e-21
2.1375688313674934e-21
2.26249715760063e-21
2.3953172123435085e-21
2.5366473165252988e-21
2.6871685920509594e-21
2.8476331488326294e-21
3.0188735936321355e-21
3.2018141169184262e-21
3.397483472338174e-21
3.6070302371659745e-21
3.831740835954429e-21
4.07306092974548e-21
4.3326209280888175e-21
4.612266582346271e-21
4.914095882135126e-21
5.240503824554727e-21
5.5942370890054505e-21
5.978461273298185e-21
6.396844192886619e-21
6.853659906994068e-21
7.353919749979576e-21
7.903538917936739e-21
8.509550400766388e-21
9.180382740225785e-21
9.926224993654577e-21
1.0759512610478858e-20
1.1695583688073994e-20
1.2753579635836018e-20
1.3957703466420164e-20
1.533901311467995e-20
1.6938035414823913e-20
1.880867500137296e-20
2.1024233772391546e-20
2.368700163141865e-20
2.694416108037359e-20
3.1015451103534045e-20
3.624415508749475e-20
4.319809256398353e-20
5.288895453813943e-20
6.731080859383865e-20
9.101168340844687e-20
1.3708234284704621e-19
