2.045243685015404e-22
2.0508123952411552e-22
2.0536315263582835e-22
2.0537070830870694e-22
2.0510392462685732e-22
2.0456223734340032e-22
2.0374449869888286e-22
2.0264897499888232e-22
2.0127334294593197e-22
1.9961468471800737e-22
1.9766948178354513e-22
1.9543360743995643e-22
1.9290231806020346e-22
1.9007024302918546e-22
1.8693137334908126e-22
1.8347904889020874e-22
1.7970594426120638e-22
1.7560405327002724e-22
1.7116467194461322e-22
1.6637838008022685e-22
1.6123502127851775e-22
1.5572368144250042e-22
1.4983266569190024e-22
1.4354947366569092e-22
1.3686077318511724e-22
1.2975237226361689e-22
1.222091894771738e-22
1.1421522276156625e-22
1.057535168111839e-22
9.680612948223296e-23
8.735409811556657e-23
7.737740793573519e-23
6.685496801297517e-23
5.57646104682545e-23
4.408316601698143e-23
3.1786848320078116e-23
1.8853534718783496e-23
5.30232105538089e-24
9.146359262429564e-24
2.4157632138121184e-23
3.995398170421013e-23
5.654954311578822e-23
7.397691640871233e-23
9.227235328177428e-23
1.1147441423236585e-22
1.3162374745494733e-22
1.5276308321048108e-22
1.7493729025949065e-22
1.9819345653912903e-22
2.2258098242397603e-22
2.4815168243822756e-22
2.749598938519152e-22
3.0306259158872933e-22
3.325195093015316e-22
3.633932666767156e-22
3.9574950313428773e-22
4.296570181548697e-22
4.651879185037687e-22
5.0241777265471945e-22
5.4142577273919725e-22
5.822949043705397e-22
6.251121247131951e-22
6.699685491885388e-22
7.169596472297009e-22
7.661854475206307e-22
8.177507531762245e-22
8.717653673452046e-22
9.283443297420094e-22
9.876081646389882e-22
1.0496831408805083e-21
1.1147015445050857e-21
1.1828019645974363e-21
1.2541295930189217e-21
1.328836538703971e-21
1.4070821572415164e-21
1.4890333965010273e-21
1.5748651591005698e-21
1.6647606825591333e-21
1.75891193801636e-21
1.857520048452775e-21
1.9607957273934693e-21
2.0689597391271376e-21
2.182243381534332e-21
2.300888992671835e-21
2.4251504823277897e-21
2.5552938898245826e-21
2.6915979694201633e-21
2.834354804730852e-21
2.9838704536810246e-21
3.1404656255658392e-21
3.304476391907038e-21
3.476254932873994e-21
3.656170321144471e-21
3.844609345192141e-21
4.041977374092274e-21
4.248699266076883e-21
4.465220323183893e-21
4.6920072944952224e-21
4.92954943061153e-21
5.178359592153161e-21
5.438975415275986e-21
5.7119605373451245e-21
5.99790588612314e-21
6.297431036034618e-21
6.611185635295108e-21
6.93985090792484e-21
7.284141234947707e-21
7.64480581932866e-21
8.022630439527571e-21
8.418439296846011e-21
8.83309696212098e-21
9.267510427663492e-21
9.72263127076137e-21
1.0199457935512366e-20
1.0699038140190693e-20
1.1222471417913215e-20
1.1770911798872226e-20
1.2345570643030296e-20
1.2947719632835087e-20
1.357869393616104e-20
1.423989555054138e-20
1.4932796840494518e-20
1.565894428070338e-20
1.641996241883418e-20
1.7217558072731357e-20
1.805352477808192e-20
1.892974750376408e-20
1.9848207653588884e-20
2.081098837467101e-20
2.182028019434394e-20
2.2878387009374586e-20
2.3987732453300435e-20
2.5150866669891732e-20
2.6370473523255472e-20
2.764937827778718e-20
2.8990555784170643e-20
3.0397139210825366e-20
3.187242936413376e-20
3.3419904644396276e-20
3.50432316893811e-20
3.674627676186586e-20
3.8533117943533117e-20
4.040805820328443e-20
4.237563941519146e-20
4.444065740872808e-20
4.660817814255583e-20
4.888355510259766e-20
5.127244803565112e-20
5.37808431421706e-20
5.641507486457124e-20
5.918184942347384e-20
6.208827027004156e-20
6.514186564313791e-20
6.835061844069423e-20
7.172299863977057e-20
7.52679985273305e-20
7.899517103599192e-20
8.29146715142019e-20
8.70373033021578e-20
9.13745675315856e-20
9.593871762099981e-20
1.0074281900038841e-19
1.0580081466925613e-19
1.111275972756375e-19
1.167390884959302e-19
1.2265232660687164e-19
1.2888556326654904e-19
1.3545837067059057e-19
1.4239176042077676e-19
1.4970831564623842e-19
1.574323381527163e-19
1.655900126567667e-19
1.7420959048533414e-19
1.833215955162109e-19
1.9295905559073644e-19
2.0315776318591413e-19
2.1395656978506527e-19
2.2539771918166607e-19
2.3752722589674795e-19
2.5039530604195617e-19
2.6405686935711695e-19
2.7857208284852917e-19
2.9400701854608135e-19
3.1043440044913715e-19
3.2793446891892325e-19
3.465959846951786e-19
3.6651739965503873e-19
3.878082276061193e-19
4.105906562245261e-19
4.350014511902837e-19
4.611942162946845e-19
4.89342089686467e-19
5.196409777212987e-19
5.523134557239931e-19
5.876135016908838e-19
6.258322778658157e-19
6.673052406933097e-19
7.124209486436923e-19
7.616320593004675e-19
8.154691759167904e-19
8.745584404685661e-19
