1.096348410002825e-23
1.0873534584511788e-23
1.0785898185831747e-23
1.0700388810088375e-23
1.0616824888644846e-23
1.0535028991902887e-23
1.0454827451923686e-23
1.037604999308995e-23
1.0298529370023423e-23
1.0222101011987458e-23
1.0146602673018771e-23
1.0071874087045347e-23
9.997756627258466e-24
9.924092969016889e-24
9.85072675556967e-24
9.777502265890572e-24
9.704264083923815e-24
9.630856768544379e-24
9.557124523539974e-24
9.482910866924068e-24
9.408058298889956e-24
9.33240796771727e-24
9.255799332940176e-24
9.178069825087433e-24
9.099054501301147e-24
9.018585696140287e-24
8.936492666873768e-24
8.852601232565373e-24
8.766733406255164e-24
8.678707019541456e-24
8.588335338873385e-24
8.49542667287101e-24
8.399783970004342e-24
8.301204405980503e-24
8.199478960220433e-24
8.094391980846291e-24
7.985720737662161e-24
7.873234962691465e-24
7.756696377947666e-24
7.635858210272646e-24
7.510464693283009e-24
7.380250556760947e-24
7.244940504215469e-24
7.104248679884068e-24
6.957878127195986e-24
6.805520241752603e-24
6.646854223337773e-24
6.481546533524233e-24
6.309250368376931e-24
6.129605159993296e-24
5.942236126841883e-24
5.746753902112233e-24
5.5427542833110426e-24
5.329818167982198e-24
5.107511774568334e-24
4.875387302588823e-24
4.6329842778382706e-24
4.379831984856497e-24
4.1154536659664445e-24
3.839373675982528e-24
3.551129762764281e-24
3.250294632673741e-24
2.9365152462079997e-24
2.609588224294296e-24
2.2696148973146557e-24
1.9173505006062728e-24
1.555091393118377e-24
1.1893224386760609e-24
8.404121449775962e-25
5.832080633725644e-25
6.064764240753757e-25
9.203890290170977e-25
1.3573545081007354e-24
1.850772256729794e-24
2.382364565966591e-24
2.9465080781363337e-24
3.541539599340885e-24
4.1673328974062855e-24
4.824475413261203e-24
5.513941821312149e-24
6.2369490648021655e-24
6.994886614269196e-24
7.78928119601494e-24
8.62177866696597e-24
9.494135035837383e-24
1.0408212677195083e-23
1.1365979672416926e-23
1.2369511146857896e-23
1.342099196067913e-23
1.4522720377333377e-23
1.567711248512357e-23
1.688670723642136e-23
1.8154172023406845e-23
1.948230874325535e-23
2.0874060327763155e-23
2.2332517727111835e-23
2.3860927347617223e-23
2.5462698950518906e-23
2.7141414024187594e-23
2.8900834646181336e-23
3.0744912854778114e-23
3.2677800552214224e-23
3.470385996401381e-23
3.6827674680619336e-23
3.90540613090723e-23
4.138808176376239e-23
4.383505622629082e-23
4.640057680520775e-23
4.909052192680237e-23
5.191107148812413e-23
5.486872280296839e-23
5.797030737053184e-23
6.122300849471344e-23
6.463437977948e-23
6.821236452207552e-23
7.196531602098651e-23
7.590201880915955e-23
8.003171081469459e-23
8.43641064407013e-23
8.890942054282074e-23
9.367839326644126e-23
9.868231568529935e-23
1.0393305615823263e-22
1.0944308729032642e-22
1.1522551334770313e-22
1.2129409793041336e-22
1.2766329165391082e-22
1.3434825952485378e-22
1.4136490761949985e-22
1.4872990858069974e-22
1.5646072533996065e-22
1.6457563234135452e-22
1.7309373339140237e-22
1.8203497507979445e-22
1.9142015450645379e-22
2.012709198070105e-22
2.116097616875142e-22
2.2245999385603375e-22
2.338457198704856e-22
2.4579178350594253e-22
2.5832369927931603e-22
2.7146755925554357e-22
2.852499117019066e-22
2.9969760656298327e-22
3.1483760211497377e-22
3.3069672654505023e-22
3.473013876267557e-22
3.6467722317098857e-22
3.828486845927545e-22
4.0183854583123434e-22
4.216673301079541e-22
4.423526477424291e-22
4.639084396328758e-22
4.863441232457793e-22
5.096636412481309e-22
5.3386441748327445e-22
5.589362310227476e-22
5.8486002667594825e-22
6.116066896365504e-22
6.391358227793828e-22
6.673945771196281e-22
6.963165984574925e-22
7.258211652007161e-22
7.558126023533103e-22
7.861800628709373e-22
8.167977679379823e-22
8.475257901451689e-22
8.782114462582329e-22
9.086913382732915e-22
9.38794042979765e-22
9.68343403158611e-22
9.971623215184508e-22
1.0250769068881656e-21
1.0519207775170304e-21
1.0775392952588396e-21
1.1017934925229797e-21
1.1245634645329277e-21
1.1457510328552239e-21
1.165281539115578e-21
1.1831046940567542e-21
1.1991944784387149e-21
1.2135481600704383e-21
1.2261845479333756e-21
1.2371416445613552e-21
1.2464738791400217e-21
1.2542491065792206e-21
1.2605455448385823e-21
1.2654487982343339e-21
1.2690490830656888e-21
1.271438738135518e-21
1.2727100702551131e-21
1.2729535562098758e-21
1.272256399377094e-21
1.2707014217515529e-21
1.2683662603444776e-21
1.2653228300747721e-21
1.2616370124735522e-21
1.2573685297543902e-21
1.2525709661694801e-21
1.2472919022502799e-21
1.241573131900746e-21
