4.492284519613579e-24
4.518488957745264e-24
4.543189309915728e-24
4.566435779615238e-24
4.588275735486732e-24
4.6087537830110535e-24
4.627911834153452e-24
4.64578917458461e-24
4.662422528169539e-24
4.677846118480862e-24
4.692091727146073e-24
4.7051887488799264e-24
4.717164243088281e-24
4.7280429819562355e-24
4.737847494957071e-24
4.746598109734851e-24
4.754312989328711e-24
4.7610081657172376e-24
4.7666975696703855e-24
4.7713930569023686e-24
4.775104430524524e-24
4.77783945980007e-24
4.779603895205415e-24
4.780401479804562e-24
4.780233956943787e-24
4.7791010742748546e-24
4.777000584115016e-24
4.773928240153016e-24
4.769877790510114e-24
4.764840967166417e-24
4.7588074717637004e-24
4.7517649577977804e-24
4.7436990092160355e-24
4.734593115439685e-24
4.724428642835048e-24
4.7131848026645534e-24
4.70083861555759e-24
4.687364872551003e-24
4.6727360927640454e-24
4.6569224777889386e-24
4.63989186290002e-24
4.6216096652107456e-24
4.602038828940277e-24
4.581139767990843e-24
4.558870306086049e-24
4.535185614779363e-24
4.510038149714568e-24
4.4833775856084315e-24
4.45515075053414e-24
4.4253015602165044e-24
4.393770953212164e-24
4.360496828048427e-24
4.325413983639758e-24
4.2884540646058205e-24
4.249545513492891e-24
4.20861353237008e-24
4.165580056860888e-24
4.120363746409186e-24
4.072879995511192e-24
4.023040971829482e-24
3.97075568861422e-24
3.9159301207948925e-24
3.858467376608238e-24
3.798267939880314e-24
3.735230002337054e-24
3.669249910929634e-24
3.6002227626158304e-24
3.528043189023184e-24
3.4526063869030315e-24
3.373809468658136e-24
3.2915532324896944e-24
3.2057444867817995e-24
3.1162991125101537e-24
3.023146117084339e-24
2.9262330326194792e-24
2.8255331554953617e-24
2.7210553338508804e-24
2.612857318158646e-24
2.5010641465601988e-24
2.3858937142063875e-24
2.267692678087405e-24
2.1469873098880565e-24
2.0245559631221183e-24
1.9015324729611822e-24
1.779552536413502e-24
1.6609558044857408e-24
1.5490488508881847e-24
1.4484037286414413e-24
1.3650881274341486e-24
1.3065807404353244e-24
1.281001361279868e-24
1.2954727559252872e-24
1.3541823481965157e-24
1.4574076701531732e-24
1.602207047399526e-24
1.784081476383155e-24
1.9984523732448476e-24
2.241447615320662e-24
2.510119315343989e-24
2.802374971104045e-24
3.1168174053591848e-24
3.452584026437447e-24
3.8092148796405505e-24
4.186552834092512e-24
4.5846707712342985e-24
5.003819257604391e-24
5.44438908747451e-24
5.906884421669452e-24
6.391903434682763e-24
6.900124288512133e-24
7.432294903847745e-24
7.989225456182388e-24
8.571782841133757e-24
9.1808865723377e-24
9.817505727208585e-24
1.0482656661818755e-23
1.1177401290571221e-23
1.1902845779022706e-23
1.2660139535827015e-23
1.345047441685626e-23
1.4275084074231034e-23
1.5135243397409818e-23
1.6032268004162075e-23
1.696751374721396e-23
1.7942376208386824e-23
1.8958290156662868e-23
2.0016728950202822e-23
2.111920386519297e-23
2.22672633367314e-23
2.3462492098898368e-23
2.4706510212859254e-23
2.6000971973362457e-23
2.73475646854187e-23
2.874800730431027e-23
3.020404893344366e-23
3.1717467175924246e-23
3.32900663371443e-23
3.492367547713555e-23
3.662014631297128e-23
3.838135097306727e-23
4.020917960689529e-23
4.2105537855318023e-23
4.4072344188484205e-23
4.611152712002792e-23
4.8225022308048987e-23
5.041476955514915e-23
5.2682709721532e-23
5.503078156678089e-23
5.746091853753629e-23
5.99750455196764e-23
6.25750755748488e-23
6.526290668225818e-23
6.804041850738546e-23
7.09094692198338e-23
7.387189238273416e-23
7.69294939359432e-23
8.008404929486847e-23
8.333730058579585e-23
8.66909540373589e-23
9.014667754616617e-23
9.370609843243935e-23
9.737080139917546e-23
1.0114232670540788e-22
1.0502216856109466e-22
1.0901177374754137e-22
1.1311254046368783e-22
1.1732581739444059e-22
1.2165290299328367e-22
1.2609504496699417e-22
1.3065343994613477e-22
1.3532923332067e-22
1.4012351921583568e-22
1.4503734057946252e-22
1.5007168934793738e-22
1.5522750665454708e-22
1.6050568304055723e-22
1.6590705862640055e-22
1.714324231978325e-22
1.7708251615953338e-22
1.8285802630697628e-22
1.8875959136578979e-22
1.9478779724678656e-22
2.0094317696431509e-22
2.0722620916480854e-22
2.13637316212834e-22
2.201768617815925e-22
2.2684514789554266e-22
2.336424113731377e-22
2.4056881961818176e-22
2.476244657090494e-22
2.5480936273532026e-22
2.6212343733186253e-22
2.695665223604933e-22
2.771383486892424e-22
2.848385360187158e-22
2.926665827038417e-22
3.006218545182842e-22
3.087035723058231e-22
3.1691079846056423e-22
3.2524242217356652e-22
3.3369714337859657e-22
