4.017246709535471e-24
4.091648786992861e-24
4.1624478718199745e-24
4.229789948792289e-24
4.293814297012533e-24
4.354653678656195e-24
4.412434534340741e-24
4.467277181118171e-24
4.5192960102293215e-24
4.568599682437294e-24
4.615291319356102e-24
4.659468689611006e-24
4.701224389013034e-24
4.740646014118156e-24
4.777816328765116e-24
4.812813423324228e-24
4.8457108664935035e-24
4.876577849530339e-24
4.905479322889034e-24
4.932476125318764e-24
4.9576251053941335e-24
4.980979235636382e-24
5.002587719231452e-24
5.0224960895115005e-24
5.040746302210814e-24
5.057376820734461e-24
5.0724226943872705e-24
5.085915629799086e-24
5.097884055546564e-24
5.108353180127377e-24
5.1173450433178026e-24
5.1248785610372834e-24
5.130969563711591e-24
5.135630828315346e-24
5.138872103994833e-24
5.140700131379606e-24
5.1411186556485316e-24
5.140128433293341e-24
5.1377272325658704e-24
5.133909827708108e-24
5.128667986847289e-24
5.121990453544177e-24
5.1138629219755886e-24
5.104268005679605e-24
5.093185199833588e-24
5.080590836882562e-24
5.0664580355925604e-24
5.050756643265928e-24
5.033453171117905e-24
5.014510722734737e-24
4.993888915202172e-24
4.971543793260237e-24
4.947427735860619e-24
4.921489355247069e-24
4.893673388380249e-24
4.863920580462984e-24
4.8321675605310496e-24
4.798346708949732e-24
4.762386016561619e-24
4.724208935686525e-24
4.683734222601317e-24
4.640875771705541e-24
4.59554244120345e-24
4.547637870905848e-24
4.497060291673595e-24
4.443702327780461e-24
4.387450792173692e-24
4.328186475904043e-24
4.265783932960983e-24
4.200111262310613e-24
4.131029889768468e-24
4.058394353004235e-24
3.982052094705364e-24
3.901843270009064e-24
3.81760057775547e-24
3.7291491272071754e-24
3.6363063584211586e-24
3.538882039632695e-24
3.436678376789247e-24
3.3294902843769065e-24
3.217105889824729e-24
3.0993073777824455e-24
2.9758723357622933e-24
2.8465758478782374e-24
2.711193725452141e-24
2.5695075023675406e-24
2.4213122369376075e-24
2.2664289087878975e-24
2.104724595466549e-24
1.936146347098368e-24
1.760780297613295e-24
1.5789597940098156e-24
1.391474714626272e-24
1.200004556260701e-24
1.0080834555446092e-24
8.23402418831994e-25
6.633313118552847e-25
5.645998508873173e-25
5.768374768591239e-25
7.089099261968619e-25
9.226438274320858e-25
1.1851795155979565e-24
1.4803481770489223e-24
1.8010188412052587e-24
2.1440853414079863e-24
2.508296790784649e-24
2.8933337412454964e-24
3.2993906968097697e-24
3.726974199247636e-24
4.176799217211401e-24
4.649733525573713e-24
5.146767015699941e-24
5.668994722443261e-24
6.217607797837583e-24
6.793889340093694e-24
7.399213342972427e-24
8.035045770212056e-24
8.702947165731665e-24
9.404576451303756e-24
1.0141695700523682e-23
1.0916175780398763e-23
1.1730002790813204e-23
1.258528528454406e-23
1.3484262288146525e-23
1.4429312136564754e-23
1.542296218227683e-23
1.6467899432946114e-23
1.7566982220946787e-23
1.8723252953669595e-23
1.99399521064431e-23
2.1220533546832108e-23
2.2568681350847232e-23
2.3988328268587156e-23
2.5483676029098797e-23
2.70592177227627e-23
2.871976245688144e-23
3.047046260182373e-23
3.231684394090766e-23
3.426483909915325e-23
3.6320824642125885e-23
3.849166233489063e-23
4.0784745218705866e-23
4.320804891574867e-23
4.577018926896737e-23
4.848048680737978e-23
5.1349039329495054e-23
5.438680371472203e-23
5.760568830027853e-23
6.101865758436353e-23
6.463985097297053e-23
6.848471841298967e-23
7.257017472067501e-23
7.691477705398583e-23
8.15389282396125e-23
8.64651117584063e-23
9.171816325897452e-23
9.732558596377499e-23
1.0331791846179994e-22
1.0972916536286923e-22
1.165973020454624e-22
1.2396487289481173e-22
1.3187969858875887e-22
1.403957196702857e-22
1.4957400795550326e-22
1.5948398427586013e-22
1.7020489293873653e-22
1.8182760128934051e-22
1.944568077584134e-22
2.0821376926956948e-22
2.232396994260347e-22
2.397000332914698e-22
2.5778983095447814e-22
2.7774067667284366e-22
2.99829591383844e-22
3.2439066004940545e-22
3.5183037952521334e-22
3.8264818113901934e-22
4.1746424535792527e-22
4.570577593657811e-22
5.024204100557525e-22
5.548324476679648e-22
6.15972993689071e-22
6.880830809084376e-22
7.742117983884124e-22
8.785956297836583e-22
1.0072533243338137e-21
1.1689277999275837e-21
1.37655563200815e-21
1.6493667287582603e-21
2.014828361476887e-21
2.5048462566636252e-21
3.1214371966019666e-21
3.716006324175019e-21
3.908905056172077e-21
3.562775749443467e-21
3.0179255073948987e-21
2.530670149057252e-21
2.1529364872578203e-21
1.867509209177611e-21
1.6496706131032074e-21
1.4801346799372257e-21
