8.68624696970149e-11
9.080544021808348e-11
8.911720950817577e-11
8.785624940217629e-11
8.419391794929628e-11
7.55870118235916e-11
7.573982517597953e-11
7.306611829956264e-11
7.020878856357727e-11
6.684629024035135e-11
6.650201344798928e-11
6.329313281357212e-11
6.106148000400431e-11
5.890958857095569e-11
5.475834262914188e-11
5.466573116719815e-11
5.2733913035830794e-11
5.0496388559453735e-11
4.9167421751693287e-11
4.8976377580045616e-11
4.462494571971122e-11
4.2309557798005025e-11
4.346576506006644e-11
3.950668212595478e-11
4.007373340886415e-11
3.6662269090157185e-11
3.7188386056210304e-11
3.381681871040746e-11
3.412663097128592e-11
3.2370764411864894e-11
3.078881840494339e-11
2.953278903029824e-11
2.7846145416268976e-11
2.6674808196973385e-11
2.6212836956141774e-11
2.4850025805407705e-11
2.467197088426163e-11
2.3175722687204276e-11
2.1830358645919032e-11
2.1433136408977054e-11
2.047403370046546e-11
1.931716756368887e-11
1.882783998276813e-11
1.8026515665207084e-11
1.704304015974599e-11
1.6551806212801443e-11
1.588585723850104e-11
1.5209742143235288e-11
1.4573217852731007e-11
1.3784648832700585e-11
1.3513542768576598e-11
1.274525427737644e-11
1.2337708579865437e-11
1.1713891422902044e-11
1.1231988956400366e-11
1.0644148571779684e-11
1.0194253322376094e-11
9.898991253144056e-12
9.418146540699523e-12
8.93744794773614e-12
8.55493813208603e-12
8.184901327550483e-12
7.887008554090584e-12
7.50884070350126e-12
7.213838583120307e-12
6.942112644257556e-12
6.59527763704511e-12
6.306865401397909e-12
5.99897463040268e-12
5.783593289144941e-12
5.510660623372095e-12
5.2618396646335015e-12
5.029819653778642e-12
4.814097476116882e-12
4.601915097191235e-12
4.380236747896383e-12
4.217699966479754e-12
4.014786686781175e-12
3.836813944675098e-12
3.677844138401758e-12
3.5023628642566857e-12
3.346358494694549e-12
3.1878199971312896e-12
3.051089933758249e-12
2.9175648855792324e-12
2.7935629537151603e-12
2.655510071472712e-12
2.5421333885559002e-12
2.4279135009849337e-12
2.3156038224718773e-12
2.2098781149489187e-12
2.114716182540683e-12
2.0190607683350893e-12
1.9245876642603892e-12
1.837696654216491e-12
1.7592477799596981e-12
1.6752512042993294e-12
1.6017286942884784e-12
1.5269774693425218e-12
1.4594391862669447e-12
1.3930297156584581e-12
1.3295944344557265e-12
1.2689239014820726e-12
1.2110636940873566e-12
1.1556369852676209e-12
1.1027501215983958e-12
1.0521720122914294e-12
1.0035638593343455e-12
9.577002206151048e-13
9.129046363894031e-13
8.710596960979623e-13
8.312827720194629e-13
7.928210959178437e-13
7.566246155016004e-13
7.210167161638359e-13
6.874859632040017e-13
6.558677787348116e-13
6.248969094173593e-13
5.955833329959037e-13
5.677814884322317e-13
5.413902949100615e-13
5.158984614900053e-13
4.914037449808111e-13
4.679102996874708e-13
4.4603480857974896e-13
4.2488619749822495e-13
4.044772036165536e-13
3.8514951167488386e-13
3.6680959964846667e-13
3.4905025292205076e-13
3.3220856388947913e-13
3.1612219655797296e-13
3.007611379911092e-13
2.860916395177449e-13
2.72080473646805e-13
2.5868427055347497e-13
2.4592875549481816e-13
2.337826145652535e-13
2.2212631354559815e-13
2.1100075248831737e-13
2.0035049758085606e-13
1.9019775946425488e-13
1.805474005032544e-13
1.7127310470358437e-13
1.6244904741013798e-13
1.5402406719514868e-13
1.459826465797028e-13
1.3831214279962607e-13
1.309681980023604e-13
1.2399064328069494e-13
1.1729751893506106e-13
1.1095390382395875e-13
1.0485361016550627e-13
9.90548025627834e-14
9.353196501948887e-14
8.8261747714668e-14
8.321864975621137e-14
7.841923618116629e-14
7.383795617352371e-14
6.946748623909544e-14
6.531013834411651e-14
6.134326629049771e-14
5.756667503043591e-14
5.396456951001582e-14
5.053079156147301e-14
4.72640537429542e-14
4.415410090551082e-14
4.11944586573242e-14
3.837727401106794e-14
3.5700147609043054e-14
3.315638172312903e-14
3.07385300639025e-14
2.844160091613631e-14
2.6263693158479074e-14
2.4197956723336534e-14
2.2239422744268824e-14
2.0384423238515007e-14
1.863116919586935e-14
1.6973020496138915e-14
1.540788251342268e-14
1.3933121228747092e-14
1.2544500379513385e-14
1.1239479732797273e-14
1.0015371603513503e-14
8.86960191055704e-15
7.799765994653737e-15
6.8037422744025735e-15
5.8793122353908475e-15
5.024649273906205e-15
4.237939937503411e-15
3.517721672444221e-15
2.8624608440137265e-15
2.2709472765982906e-15
1.7419508748848161e-15
1.2745969181107982e-15
8.681990540108619e-16
5.225851974469729e-16
2.4000149450925977e-16
6.97825554836249e-17
1.8467432220618177e-16
2.922803080012266e-16
