1.2938712304993435e-24
1.2952250605211296e-24
1.2971279285059617e-24
1.2994870460450569e-24
1.3022190779492497e-24
1.3052494257028514e-24
1.3085115158455986e-24
1.3119461065105194e-24
1.3155006218305735e-24
1.319128520949846e-24
1.3227887059371914e-24
1.3264449709466035e-24
1.3300654934625027e-24
1.3336223673252348e-24
1.3370911764093694e-24
1.3404506072538903e-24
1.3436820985728813e-24
1.3467695253622028e-24
1.349698915224163e-24
1.3524581945285836e-24
1.3550369620891122e-24
1.3574262881410972e-24
1.3596185365440157e-24
1.3616072082887844e-24
1.3633868045580886e-24
1.3649527077607303e-24
1.3663010791349383e-24
1.3674287716871216e-24
1.3683332574007937e-24
1.369012567813958e-24
1.3694652472218253e-24
1.369690317916251e-24
1.369687257023352e-24
1.3694559846484423e-24
1.3689968631818066e-24
1.368310707763812e-24
1.3673988080514853e-24
1.3662629615745222e-24
1.3649055191168935e-24
1.3633294427115374e-24
1.3615383769913616e-24
1.359536734801508e-24
1.3573297981431951e-24
1.3549238356916977e-24
1.3523262383073253e-24
1.3495456741370064e-24
1.3465922650845082e-24
1.3434777866033767e-24
1.340215892933781e-24
1.3368223700544013e-24
1.3333154187420486e-24
1.3297159702100495e-24
1.3260480368139593e-24
1.3223391002430982e-24
1.318620539431253e-24
1.3149281000797589e-24
1.3113024071475044e-24
1.3077895208721397e-24
1.3044415357841778e-24
1.3013172206978896e-24
1.2984826957403253e-24
1.2960121400544952e-24
1.2939885208353629e-24
1.2925043308110195e-24
1.291662317195394e-24
1.2915761806129083e-24
1.2923712177262176e-24
1.2941848766071371e-24
1.2971671897430393e-24
1.3014810465866162e-24
1.3073022664923704e-24
1.3148194345790986e-24
1.3242334683386577e-24
1.3357568923383335e-24
1.3496128124398192e-24
1.3660335993268527e-24
1.3852593128121953e-24
1.4075359216008984e-24
1.4331133954253515e-24
1.4622437648209777e-24
1.4951792553956604e-24
1.5321706059889073e-24
1.5734656724893498e-24
1.6193084016527644e-24
1.6699382339429985e-24
1.7255899643429527e-24
1.7864940590293515e-24
1.852877397471797e-24
1.9249643868772934e-24
2.002978380765281e-24
2.087143326342505e-24
2.1776855656136846e-24
2.2748357213617357e-24
2.378830609396411e-24
2.489915130906498e-24
2.6083441117084968e-24
2.734384067404243e-24
2.8683148841325082e-24
3.01043141331119e-24
3.16104498542273e-24
3.320484852625298e-24
3.4890995730420394e-24
3.667258351288134e-24
3.855352350480373e-24
4.0537959909157645e-24
4.263028250042829e-24
4.483513977508645e-24
4.715745238035251e-24
4.960242693852392e-24
5.2175570373423326e-24
5.4882704836063856e-24
5.772998331748034e-24
6.072390602864354e-24
6.387133761996917e-24
6.717952530614893e-24
7.065611795572862e-24
7.430918619849063e-24
7.8147243597424e-24
8.217926892505247e-24
8.641472957577403e-24
9.086360613748103e-24
9.553641813420222e-24
1.004442509381353e-23
1.0559878383466735e-23
1.1101231920240772e-23
1.1669781274779069e-23
1.2266890470301042e-23
1.2893995186209656e-23
1.35526060282226e-23
1.4244311843046537e-23
1.4970783048588057e-23
1.5733774943386116e-23
1.6535130949633005e-23
1.7376785733142968e-23
1.826076813020911e-23
1.9189203796186803e-23
2.0164317471940663e-23
2.118843474241107e-23
2.226398313678461e-23
2.339349238951776e-23
2.457959364753087e-23
2.5825017369431865e-23
2.713258961744756e-23
2.850522639226665e-23
2.994592560170041e-23
3.145775619537605e-23
3.3043843923124424e-23
3.470735310598216e-23
3.645146373136367e-23
3.827934310870119e-23
4.019411125057307e-23
4.219879908282403e-23
4.429629855482519e-23
4.6489303696372154e-23
4.8780241714550054e-23
5.117119331663246e-23
5.366380162385123e-23
5.625916932980736e-23
5.895774417367533e-23
6.175919340825895e-23
6.466226866437508e-23
6.766466364180976e-23
7.076286818044419e-23
7.395202367357693e-23
7.722578622370608e-23
8.057620552876263e-23
8.399362886665233e-23
8.746664074487521e-23
9.098204933000909e-23
9.452493065904951e-23
9.807874035279609e-23
1.016255001715318e-22
1.051460628627042e-22
1.0862045378384792e-22
1.1202828168504219e-22
1.1534920478500884e-22
1.1856343191585437e-22
1.2165223373515787e-22
1.2459843571616594e-22
1.2738686444904228e-22
1.3000472071679068e-22
1.3244185806288407e-22
1.3469095288612293e-22
1.3674756014278224e-22
1.3861005799219076e-22
1.402794917944007e-22
1.4175933478520332e-22
1.4305518602359849e-22
1.441744282090127e-22
1.4512586723598706e-22
1.4591937292111979e-22
1.4656553716800768e-22
1.4707536191879739e-22
1.4745998391227473e-22
1.4773044189521196e-22
1.4789748635585538e-22
1.4797143069850535e-22
1.4796204076199755e-22
1.4787845802734424e-22
1.4772915290343657e-22
1.4752190126924703e-22
