8.349508183845798e-24
8.370408350990396e-24
8.390352102633557e-24
8.409381373437956e-24
8.427536194083765e-24
8.444854772562659e-24
8.46137357198946e-24
8.477127385053137e-24
8.49214940522649e-24
8.506471294853247e-24
8.52012325022528e-24
8.533134063764389e-24
8.545531183414928e-24
8.557340769354758e-24
8.568587748125523e-24
8.579295864281376e-24
8.589487729651731e-24
8.599184870309024e-24
8.60840777133029e-24
8.617175919437889e-24
8.625507843599492e-24
8.63342115366684e-24
8.640932577126954e-24
8.648057994037401e-24
8.65481247021528e-24
8.661210288742505e-24
8.66726497985248e-24
8.672989349254438e-24
8.67839550495453e-24
8.683494882624656e-24
8.688298269570996e-24
8.692815827350265e-24
8.697057113078393e-24
8.701031099474762e-24
8.704746193682455e-24
8.708210254902177e-24
8.711430610875788e-24
8.714414073251356e-24
8.717166951863016e-24
8.719695067951639e-24
8.722003766354676e-24
8.724097926689606e-24
8.725981973551896e-24
8.72765988574876e-24
8.729135204587763e-24
8.730411041234196e-24
8.731490083153734e-24
8.732374599651655e-24
8.733066446518662e-24
8.733567069792447e-24
8.733877508641063e-24
8.733998397372476e-24
8.733929966573306e-24
8.733672043377293e-24
8.733224050861268e-24
8.732585006567068e-24
8.731753520142125e-24
8.73072779009309e-24
8.729505599641354e-24
8.728084311670812e-24
8.726460862752155e-24
8.724631756229346e-24
8.722593054348773e-24
8.720340369411873e-24
8.717868853926595e-24
8.715173189733538e-24
8.71224757607757e-24
8.709085716595082e-24
8.705680805181629e-24
8.702025510705616e-24
8.698111960525125e-24
8.693931722768171e-24
8.689475787327469e-24
8.684734545520734e-24
8.679697768363211e-24
8.674354583393227e-24
8.668693449990197e-24
8.662702133117726e-24
8.656367675421648e-24
8.649676367605615e-24
8.642613717003236e-24
8.635164414260742e-24
8.627312298034653e-24
8.61904031760718e-24
8.610330493311719e-24
8.601163874654318e-24
8.591520496010827e-24
8.581379329768185e-24
8.570718236771999e-24
8.559513913930832e-24
8.547741838819005e-24
8.535376211106942e-24
8.522389890638151e-24
8.508754331955939e-24
8.494439515073321e-24
8.47941387226035e-24
8.46364421061035e-24
8.447095630127617e-24
8.429731437059428e-24
8.411513052178543e-24
8.392399913695308e-24
8.372349374460065e-24
8.351316593087408e-24
8.329254418607987e-24
8.306113268222526e-24
8.281840997702348e-24
8.256382763943247e-24
8.229680879144693e-24
8.201674656043034e-24
8.172300243585206e-24
8.141490452382705e-24
8.109174569232072e-24
8.075278159937079e-24
8.03972285960675e-24
8.002426149542489e-24
7.963301119761987e-24
7.922256216135949e-24
7.879194971042488e-24
7.834015716368092e-24
7.786611277607264e-24
7.736868647732246e-24
7.684668639435053e-24
7.629885514266653e-24
7.572386587142774e-24
7.512031804637693e-24
7.448673295465135e-24
7.382154891564184e-24
7.312311618269805e-24
7.238969152191721e-24
7.161943245671508e-24
7.081039117084491e-24
6.996050806856795e-24
6.906760499969339e-24
6.812937817030638e-24
6.714339077892337e-24
6.61070654449312e-24
6.501767653491717e-24
6.387234254785339e-24
6.2668018799366586e-24
6.1401490759247815e-24
6.0069368561101365e-24
5.866808344293583e-24
5.719388723018109e-24
5.564285649643698e-24
5.401090382504814e-24
5.2293799795791544e-24
5.048721118159251e-24
4.858676377291142e-24
4.658814296090097e-24
4.448725294981508e-24
4.228046847929337e-24
3.9965035372848425e-24
3.753971598890223e-24
3.500584814318114e-24
3.2369121996220656e-24
2.9642640496987665e-24
2.685233676317373e-24
2.4046790128179133e-24
2.1315127909122817e-24
1.8818266052804335e-24
1.6833578685317806e-24
1.5777110001500028e-24
1.609252048282377e-24
1.7982003809393255e-24
2.1304413603025446e-24
2.57834541366508e-24
3.1197907375907692e-24
3.7421682889376805e-24
4.4402218613480404e-24
5.213614714667833e-24
6.065404063744623e-24
7.001259284104591e-24
8.029154695461143e-24
9.159368872190422e-24
1.040470978448908e-23
1.1780941992473919e-23
1.33074318212444e-23
1.5008061290644418e-23
1.6912501381080397e-23
1.9057990013758753e-23
2.149184368420862e-23
2.4275066660526803e-23
2.748764875311413e-23
3.123653913002657e-23
3.5668002971854786e-23
4.098742970477049e-23
4.749236844719051e-23
5.563025609660348e-23
6.610506836170843e-23
8.008802615143033e-23
9.966918395299014e-23
1.28924469150665e-22
1.767172046999048e-22
2.642476042437749e-22
4.257929890425071e-22
4.785901429374854e-22
3.1802632307286745e-22
2.166217682089761e-22
1.6211003335333996e-22
1.2943263131124948e-22
1.0786051000821696e-22
