1.2846415610178302e-24
1.2071082961894708e-24
1.1382086197784644e-24
1.0777478562476217e-24
1.0255292445748792e-24
9.813361063424091e-25
9.449142383502597e-25
9.159570665342238e-25
8.940962905966147e-25
8.789001632808893e-25
8.698801894496786e-25
8.665052771299713e-25
8.68220844169362e-25
8.744696124228349e-25
8.847109855824964e-25
8.984367829933265e-25
9.15182256930739e-25
9.345323548501246e-25
9.561238818435966e-25
9.796445413072835e-25
1.004829866684778e-24
1.0314589238976703e-24
1.0593494622573094e-24
1.0883529879410093e-24
1.1183500612457454e-24
1.1492459870684227e-24
1.18096697595769e-24
1.2134567929294897e-24
1.246673875082519e-24
1.2805888795049009e-24
1.315182614604898e-24
1.3504443055115715e-24
1.3863701470163773e-24
1.4229621006839544e-24
1.4602268983797101e-24
1.498175218730609e-24
1.536821008422156e-24
1.5761809239943947e-24
1.6162738741252231e-24
1.6571206450976422e-24
1.69874359558662e-24
1.741166408766709e-24
1.7844138919617065e-24
1.8285118157945632e-24
1.873486785800496e-24
1.91936614139672e-24
1.966177876981188e-24
2.0139505817025696e-24
2.062713394603672e-24
2.1124959724256662e-24
2.163328467867587e-24
2.21524151666759e-24
2.268266231602392e-24
2.3224342027729583e-24
2.3777775023029227e-24
2.4343286935008386e-24
2.4921208429357968e-24
2.551187535567022e-24
2.6115628916996647e-24
2.673281586381488e-24
2.736378869571773e-24
2.8008905881734612e-24
2.8668532086834834e-24
2.9343038410259944e-24
3.003280262627591e-24
3.073820943725895e-24
3.1459650725938786e-24
3.2197525815230604e-24
3.2952241732149858e-24
3.372421347375501e-24
3.451386427654794e-24
3.5321625890497595e-24
3.614793885484536e-24
3.699325277801902e-24
3.785802661634117e-24
3.8742728966252914e-24
3.9647838343301635e-24
4.0573843483985795e-24
4.1521243634884785e-24
4.249054885270073e-24
4.348228030971878e-24
4.4496970597627496e-24
4.5535164042740856e-24
4.6597417021172415e-24
4.7684298275528846e-24
4.879638924721616e-24
4.993428440540906e-24
5.109859158096007e-24
5.2289932313672956e-24
5.350894219800043e-24
5.475627123428874e-24
5.603258420238215e-24
5.733856101572162e-24
5.867489710331442e-24
6.004230379596253e-24
6.144150870791587e-24
6.287325613759357e-24
6.433830747683111e-24
6.5837441625993764e-24
6.73714554080269e-24
6.89411640084836e-24
7.05474014097787e-24
7.219102085580991e-24
7.38728952889703e-24
7.559391783957507e-24
7.735500229685187e-24
7.915708359681276e-24
8.100111834157182e-24
8.288808527990927e-24
8.481898585570615e-24
8.679484474938315e-24
8.881671039521653e-24
9.088565557539343e-24
9.300277795928617e-24
9.516920070512188e-24
9.73860730918066e-24
9.965457105180209e-24
1.0197589787533493e-23
1.0435128479981267e-23
1.0678199170382037e-23
1.0926930773339535e-23
1.118145520248576e-23
1.1441907439933631e-23
1.1708425604392265e-23
1.1981151032344758e-23
1.2260228341181142e-23
1.2545805519471788e-23
1.2838033995496032e-23
1.3137068721458507e-23
1.3443068254382275e-23
1.3756194845335347e-23
1.4076614514703278e-23
1.4404497151031143e-23
1.4740016594576546e-23
1.508335073387442e-23
1.5434681599783945e-23
1.579419545499315e-23
1.61620828913045e-23
1.6538538959738705e-23
1.6923763224582444e-23
1.7317959911267102e-23
1.7721337997550447e-23
1.8134111319257312e-23
1.8556498695964755e-23
1.8988724032365408e-23
1.9431016457998633e-23
1.9883610413374842e-23
2.0346745831120106e-23
2.0820668185574914e-23
2.1305628689535467e-23
2.1801884427258132e-23
2.2309698388397968e-23
2.2829339780032392e-23
2.3361083975377635e-23
2.3905212869736876e-23
2.4462014832027313e-23
2.5031784896795547e-23
2.5614825101807948e-23
2.6211444459322029e-23
2.682195909870167e-23
2.7446692608442464e-23
2.808597598256222e-23
2.8740148047157513e-23
2.9409555515470893e-23
3.0094552942401907e-23
3.0795503375532984e-23
3.1512778241385774e-23
3.224675751994657e-23
3.299783020324932e-23
3.376639389780854e-23
3.4552856274454027e-23
3.535763336495268e-23
3.6181152093750716e-23
3.702384840816782e-23
3.788616849111738e-23
3.876856958684771e-23
3.9671518301427094e-23
4.0595493605721087e-23
4.154098387911812e-23
4.2508491269289456e-23
4.349852662526837e-23
4.4511615150069244e-23
4.554829249825956e-23
4.660910726031283e-23
4.7694622628449314e-23
4.8805409880504407e-23
4.994206251192757e-23
5.1105174646119696e-23
5.2295369033586446e-23
5.351327199108544e-23
5.475952325188472e-23
5.60347949850781e-23
5.733974676628907e-23
5.867507892290415e-23
6.004149297106362e-23
6.143971713731248e-23
6.287047736488904e-23
6.433454841699775e-23
6.583268747677293e-23
6.736569913385293e-23
6.89343766003605e-23
