1.404135263902434e-08
1.4041235885182107e-08
1.464504965925289e-08
1.0331338350599265e-08
1.464471848662539e-08
4.2851288747644695e-09
1.4644321099247825e-08
1.4644056186301753e-08
1.4040185184192912e-08
4.284862366196877e-09
1.464346016723019e-08
1.4643327725145987e-08
1.4643195285439908e-08
1.4642665550588978e-08
1.403901791495482e-08
1.4642135854099397e-08
4.284386135572905e-09
1.4038317642488564e-08
1.4038200936896773e-08
1.0328669043656675e-08
4.267988039893388e-09
1.4640282218047747e-08
1.4639752693956916e-08
4.283660654333973e-09
1.0108892861981054e-08
4.2674276687136256e-09
1.0326692668357549e-08
4.283139366433365e-09
1.4034467337502429e-08
1.4636708673586615e-08
1.403318435120893e-08
4.266531379685928e-09
1.4634724124831689e-08
1.4031668383812542e-08
1.4031201995314877e-08
4.265792223555462e-09
1.4632475620033483e-08
1.4631285514841174e-08
1.4630492218929649e-08
1.0321162839174846e-08
1.4027471954216702e-08
1.402630670522229e-08
1.4627319895263485e-08
1.4626262759755459e-08
4.279459965772263e-09
1.2584684566131208e-08
1.4622828124371809e-08
1.4621507540233461e-08
1.4620451244661143e-08
1.461886708743242e-08
1.4016991373160508e-08
4.276882495402624e-09
9.51487407657795e-09
1.4013501173301012e-08
1.2576439722888384e-08
4.275030444471466e-09
4.274533825627438e-09
1.0304084174027304e-08
1.4005596203896709e-08
4.256886455529895e-09
4.272165187930895e-09
1.3999556979662083e-08
1.4595672159180669e-08
4.2541896477183816e-09
1.4589884923207263e-08
1.0074901188160593e-08
1.4584627780655819e-08
1.4581737966820881e-08
4.203674089129532e-09
1.3978921906996817e-08
1.397753287185932e-08
1.4568092516669588e-08
1.3970129141429298e-08
1.4559708002940404e-08
1.396319495489249e-08
1.2538025658158711e-08
1.4547149312949315e-08
1.3951191285029924e-08
1.3946579744668249e-08
1.3942431851412639e-08
1.4527830389520449e-08
1.4521575807496245e-08
1.3927243085451606e-08
1.3922187197686539e-08
1.4502844332796197e-08
1.3909792171240738e-08
4.178484306238152e-09
1.4480533860973635e-08
1.3891010431717385e-08
1.4465525981326164e-08
4.2301288862679765e-09
1.3865435624509749e-08
1.4438178015372254e-08
1.4428913534930079e-08
4.218885579351643e-09
1.4406829773398247e-08
4.2122120726230205e-09
1.3809577671643605e-08
4.189888841246904e-09
1.4357260303707916e-08
1.3774378346762387e-08
1.4328797878894218e-08
1.3750110107116289e-08
1.4299437662766692e-08
1.4284298506532786e-08
1.3707168274231609e-08
1.3691131281909289e-08
4.1488071989282405e-09
1.4209081039208412e-08
4.151638895550637e-09
1.3618526780509781e-08
1.414551906350882e-08
1.412182968679448e-08
1.4093310671385249e-08
1.3530108090170908e-08
1.4042460535758504e-08
9.885694667923857e-09
1.3454824062130114e-08
1.3428192701289837e-08
1.3398246439869584e-08
9.608717458118259e-09
9.769729241685958e-09
1.3807732908474849e-08
3.977299086465598e-09
9.016940662242221e-09
1.3188849231559572e-08
1.3150852342552686e-08
1.3593494172443307e-08
1.354255495450781e-08
1.3491996082732505e-08
1.3436458720015401e-08
1.337960738062038e-08
1.3319727605750279e-08
1.3260381420800256e-08
1.3191235904144078e-08
1.3122807757879484e-08
1.2618879561231476e-08
1.2553783058974849e-08
9.09981750175084e-09
9.041276860288914e-09
8.837061319054998e-09
1.2640845799083707e-08
8.850692785794166e-09
1.2443429736965227e-08
1.1972478366783889e-08
1.2234309106551232e-08
1.2118559355682245e-08
1.200640372808313e-08
1.1873969798292343e-08
1.1426073852347511e-08
3.3972326133243207e-09
8.088726668373179e-09
3.311406853204967e-09
1.1163942036600219e-08
1.0989353890300788e-08
1.0578300780111053e-08
1.0403997490382483e-08
9.630495257008226e-09
1.0042352074126687e-08
9.304940267205004e-09
9.13504728158175e-09
9.607858965147794e-09
6.551891896711557e-09
8.555217327728713e-09
8.860768005403482e-09
8.587064716413872e-09
8.187639900618645e-09
7.609121955528634e-09
2.241582100601967e-09
2.1462988015171526e-09
6.758969445329084e-09
6.427938795619763e-09
6.28353021746527e-09
5.725616038798718e-09
3.864572663482284e-09
4.9414413488443214e-09
4.307660409231209e-09
2.907757776474043e-09
3.6222068521030975e-09
9.072627869761574e-10
2.562549904349636e-09
1.9659197052023896e-09
1.36691787548485e-09
7.750457308748656e-10
1.2439675991578675e-10
5.493893474641749e-10
1.2709753142676809e-09
1.4295599375270384e-09
2.7315327463404297e-09
3.6263607589996334e-09
4.40716983039315e-09
5.398525961401503e-09
4.39061084397683e-09
2.1325994217259737e-09
2.442786081038326e-09
9.432323883569543e-09
1.0323051420078037e-08
8.28746688118764e-09
3.789368502698556e-09
1.4300448081241677e-08
1.5636246715477035e-08
