1.6771380626849355e-23
1.6781753123754835e-23
1.6791618501483164e-23
1.6800997652034852e-23
1.6809910439068985e-23
1.6818375739757834e-23
1.682641148456367e-23
1.6834034695041435e-23
1.6841261519727918e-23
1.6848107268201673e-23
1.685458644338076e-23
1.686071277212401e-23
1.6866499234197047e-23
1.687195808967546e-23
1.6877100904819213e-23
1.6881938576497915e-23
1.6886481355198367e-23
1.6890738866669332e-23
1.6894720132254565e-23
1.6898433587937694e-23
1.6901887102165353e-23
1.690508799245576e-23
1.690804304086415e-23
1.6910758508289422e-23
1.6913240147702895e-23
1.6915493216284275e-23
1.6917522486513726e-23
1.6919332256246485e-23
1.6920926357762312e-23
1.69223081658459e-23
1.6923480604886057e-23
1.6924446155016412e-23
1.6925206857329207e-23
1.6925764318139135e-23
1.6926119712318884e-23
1.6926273785746363e-23
1.6926226856799975e-23
1.6925978816970254e-23
1.6925529130545702e-23
1.6924876833406042e-23
1.6924020530878942e-23
1.692295839468498e-23
1.69216881589604e-23
1.6920207115356146e-23
1.691851210712218e-23
1.6916599522347146e-23
1.6914465286098235e-23
1.691210485166134e-23
1.6909513190691342e-23
1.6906684782370697e-23
1.690361360153222e-23
1.6900293105586233e-23
1.6896716220461028e-23
1.689287532528652e-23
1.6888762235970183e-23
1.6884368187470566e-23
1.6879683814895118e-23
1.6874699133222606e-23
1.6869403515696283e-23
1.6863785670823625e-23
1.6857833617892993e-23
1.6851534661012112e-23
1.6844875361552075e-23
1.6837841508918776e-23
1.6830418089723373e-23
1.6822589255056627e-23
1.6814338285963017e-23
1.6805647556982132e-23
1.6796498497676622e-23
1.6786871551970752e-23
1.677674613536022e-23
1.6766100589799155e-23
1.6754912136098372e-23
1.6743156823775564e-23
1.6730809478383185e-23
1.6717843645774706e-23
1.6704231533827923e-23
1.6689943950541062e-23
1.667495023942632e-23
1.665921821111678e-23
1.6642714071607603e-23
1.662540234652225e-23
1.6607245801714308e-23
1.6588205359231964e-23
1.656824000923439e-23
1.6547306717190046e-23
1.6525360325887754e-23
1.6502353452695765e-23
1.647823638084423e-23
1.6452956945054664e-23
1.642646041160181e-23
1.639868935057568e-23
1.636958350265918e-23
1.633907963729257e-23
1.6307111404293574e-23
1.6273609175979846e-23
1.6238499881392766e-23
1.6201706830628285e-23
1.6163149529251545e-23
1.6122743482083863e-23
1.608039998581922e-23
1.6036025908356018e-23
1.598952345646173e-23
1.5940789928520188e-23
1.588971745153118e-23
1.583619270315926e-23
1.5780096614533158e-23
1.5721304055628685e-23
1.565968349904679e-23
1.559509666026853e-23
1.5527398115653221e-23
1.5456434892252176e-23
1.538204602821304e-23
1.53040621024094e-23
1.522230472666793e-23
1.513658600116178e-23
1.5046707925635353e-23
1.4952461761827993e-23
1.485362734312954e-23
1.4749972326240127e-23
1.464125137076958e-23
1.4527205247392332e-23
1.4407559858961833e-23
1.42820251605935e-23
1.4150293974922812e-23
1.4012040669701212e-23
1.3866919694648474e-23
1.3714563945223796e-23
1.355458292325901e-23
1.3386560666915794e-23
1.3210053400234993e-23
1.302458686371713e-23
1.282965324276283e-23
1.2624707640950014e-23
1.240916398190477e-23
1.2182390230903318e-23
1.1943702777062859e-23
1.169235978588562e-23
1.1427553277857093e-23
1.1148399613915631e-23
1.0853927972400701e-23
1.0543066283368556e-23
1.0214623931998038e-23
9.867270255053325e-24
9.499507641149313e-24
9.109637538439101e-24
8.69571716699346e-24
8.255504007375892e-24
7.786384235807286e-24
7.285280447804749e-24
6.74853376379352e-24
6.1717580245009174e-24
5.54967633137428e-24
4.875997747834131e-24
4.1435708521466874e-24
3.345796332561165e-24
2.484077884613603e-24
1.6125785652372242e-24
1.1496981861785345e-24
1.959451742607075e-24
3.6211104688226596e-24
5.974243936100789e-24
9.415328819540423e-24
1.5129529070955786e-23
2.737856184248133e-23
7.812299499632279e-23
8.762912852468052e-23
3.04742789013165e-23
1.7421147635303905e-23
1.1309330560431993e-23
7.51333702869017e-24
4.782698841297202e-24
2.7236967082685716e-24
1.6296310314010076e-24
2.3278861609561064e-24
3.782250223860395e-24
5.361894999022924e-24
6.974017078619617e-24
8.609340034520952e-24
1.0273159280086619e-23
1.1973391964009025e-23
1.371797924088331e-23
1.5514339049910916e-23
1.7369337736721326e-23
1.9289389519478515e-23
2.128057461567698e-23
2.3348746107209557e-23
2.549961957947333e-23
2.7738846497259994e-23
3.007207430982405e-23
3.2504996103411056e-23
3.5043392128970375e-23
3.7693165495981664e-23
4.0460372897165757e-23
4.335125235917558e-23
4.637224808622123e-23
4.953003396136646e-23
5.2831535217770994e-23
5.628394945879706e-23
5.989476769651022e-23
6.367179424080153e-23
