1.979967949180523e-13
1.4968355894266768e-13
1.0689657115922339e-13
6.933412358843831e-14
3.646778262083722e-14
7.941805781008674e-15
1.6781697158056477e-14
3.7874384039418225e-14
5.578141525934031e-14
7.07547961577881e-14
8.314234000421899e-14
9.316802209986581e-14
1.010329057845912e-13
1.0704245247990005e-13
1.1128724579181018e-13
1.140540914328831e-13
1.1544112195174804e-13
1.1566876903094e-13
1.1482873530288847e-13
1.1301668984879961e-13
1.1040128877154188e-13
1.070650230337273e-13
1.0316279302805012e-13
9.870251166729895e-14
9.379868865423182e-14
8.848694894021541e-14
8.289941628298158e-14
7.703004006069016e-14
7.097236696798043e-14
6.47544563271675e-14
5.841771497980341e-14
5.199144385387075e-14
4.553257196428652e-14
3.904349742348705e-14
3.257304704022425e-14
2.613252985525278e-14
1.9744838542836822e-14
1.3423768537281616e-14
7.18904056211005e-15
1.1219300828469245e-15
5.0239213779322184e-15
1.0934199218591517e-14
1.6729083079669927e-14
2.239436976770453e-14
2.7923971276850306e-14
3.331523465832534e-14
3.856616609946965e-14
4.3675966960561035e-14
4.863544122653313e-14
5.3449673876681197e-14
5.81191423631149e-14
6.264107403619961e-14
6.702666254637771e-14
7.126192361872356e-14
7.535545737853697e-14
7.931361654079248e-14
8.313114905228247e-14
8.682174856949967e-14
9.037519837388953e-14
9.380395201501727e-14
9.71047263521164e-14
1.0028780173771768e-13
1.0334772690920902e-13
1.0629231091122908e-13
1.0912517233978613e-13
1.118492655149271e-13
1.1446738690240757e-13
1.1698704978504603e-13
1.194033903294716e-13
1.2172159880856942e-13
1.239488729269856e-13
1.2609063920244626e-13
1.28144191401756e-13
1.3010853277794824e-13
1.319948259713589e-13
1.338118656011925e-13
1.3554614769408105e-13
1.3721012390912813e-13
1.388054042987725e-13
1.4033569725743555e-13
1.4180093696873838e-13
1.4320147625941126e-13
1.4454293206608073e-13
1.4583034421499427e-13
1.4706230036061563e-13
1.4824068727413367e-13
1.4936717042803107e-13
1.5044921129437962e-13
1.5148593931317775e-13
1.5247511280931244e-13
1.5342029116543508e-13
1.5432713187132542e-13
1.5518843607627012e-13
1.5602239091215516e-13
1.5681315498723334e-13
1.5756828205352306e-13
1.5829521567883516e-13
1.5898780842395183e-13
1.5964892480056896e-13
1.6028057433717797e-13
1.608817475514926e-13
1.6146518807336374e-13
1.6201849721987867e-13
1.625468382861252e-13
1.6304704479705509e-13
1.6353251325507102e-13
1.6399178329379384e-13
1.644304839620278e-13
1.648507852850944e-13
1.652507132696605e-13
1.6563654297107106e-13
1.6600285899289356e-13
1.6634827087101761e-13
1.6668231766384766e-13
1.6699847504152738e-13
1.6730145902110757e-13
1.6759028577235262e-13
1.6786524586657437e-13
1.6813249595990266e-13
1.6838072403448618e-13
1.6861834652543066e-13
1.6884642271415674e-13
1.6906406103039198e-13
1.6927073922037173e-13
1.6946686943264932e-13
1.6965338771791229e-13
1.698302755997636e-13
1.700001215976668e-13
1.7015861703152285e-13
1.7031250564800272e-13
1.7045581547389199e-13
1.7059248957150858e-13
1.7072481238873793e-13
1.7084628711090104e-13
1.7096105000550947e-13
1.7107277295163767e-13
1.711757090049569e-13
1.7127424264212545e-13
1.7136377691278355e-13
1.7145145003313405e-13
1.715310945849422e-13
1.716060844647713e-13
1.7167742960202783e-13
1.7174319363202262e-13
1.7180470714873825e-13
1.7185873238166543e-13
1.719104319299868e-13
1.719577529726675e-13
1.7200074431977156e-13
1.7203938049971602e-13
1.7207228977420526e-13
1.7210240011813215e-13
1.7212889689524759e-13
1.7215007146481928e-13
1.7216769287140224e-13
1.721829029311244e-13
1.7219063968966864e-13
1.721978248817388e-13
1.7219982333452388e-13
1.721992101702001e-13
1.7219275448261838e-13
1.7218437319781556e-13
1.7217115177985425e-13
1.721537765968695e-13
1.721328505908797e-13
1.7210805774959164e-13
1.7207937409040213e-13
1.720453192717164e-13
1.720088592919828e-13
1.7196637911932441e-13
1.7192049532434493e-13
1.7186895972488398e-13
1.7181473322630685e-13
1.7175488610117785e-13
1.716899789713091e-13
1.7162025167808905e-13
1.7154615310506071e-13
1.7146556194345238e-13
1.713804194686413e-13
1.7129008976175403e-13
1.7119331106692617e-13
1.7109012211077475e-13
1.7098067189524965e-13
1.7086538395368163e-13
1.7074305252109465e-13
1.706131063840012e-13
1.704769707586805e-13
1.703332993384797e-13
1.7018136094984752e-13
1.7002150200031891e-13
1.6985261989655212e-13
1.6967535054746963e-13
1.6948789778095035e-13
1.6929225092673904e-13
1.6908549522682422e-13
1.6886833982240597e-13
1.6864075473615475e-13
1.6840057177130318e-13
1.6814916338950536e-13
1.678849336974752e-13
1.676079947433777e-13
