1.4140060248961639e-21
1.4069103017045343e-21
1.4030851126773974e-21
1.4025227388636303e-21
1.40522242860062e-21
1.4111903996992282e-21
1.4204398568400399e-21
1.4329910242564058e-21
1.448871193810922e-21
1.468114788611504e-21
1.4907634423540811e-21
1.5168660946101122e-21
1.54647910232617e-21
1.5796663678277646e-21
1.6164994837154332e-21
1.6570578949259412e-21
1.7014290785707596e-21
1.7497087418651552e-21
1.802001038760881e-21
1.858418805843643e-21
1.9190838181222614e-21
1.9841270653939313e-21
2.0536890499338493e-21
2.1279201063109217e-21
2.206980744198558e-21
2.291042015117714e-21
2.3802859041146762e-21
2.4749057474674295e-21
2.5751066775723102e-21
2.681106096269732e-21
2.7931341779442842e-21
2.9114344038331855e-21
3.036264129092347e-21
3.1678951842621945e-21
3.306614512899467e-21
3.4527248472785976e-21
3.606545424179473e-21
3.76841274295233e-21
3.93868136816593e-21
4.117724779372712e-21
4.30593627062547e-21
4.503729902655119e-21
4.711541510780515e-21
4.929829771857029e-21
5.159077333814546e-21
5.399792011630344e-21
5.652508053807148e-21
5.917787483812806e-21
6.196221521208659e-21
6.488432087643323e-21
6.795073403140068e-21
7.116833678777721e-21
7.454436912054223e-21
7.808644792017113e-21
8.180258721568115e-21
8.570121965178191e-21
8.97912193071868e-21
9.408192595081715e-21
9.858317083817324e-21
1.033053041615256e-20
1.0825922427575171e-20
1.134564088326681e-20
1.1890894796890148e-20
1.2462957970567182e-20
1.3063172773184935e-20
1.3692954175910644e-20
1.435379406550912e-20
1.50472658578689e-20
1.577502943655886e-20
1.6538836443319902e-20
1.7340535950348182e-20
1.8182080546887883e-20
1.906553287615444e-20
1.9993072662256882e-20
2.0967004270653326e-20
2.198976485049097e-20
2.3063933112246656e-20
2.4192238799664676e-20
2.537757292165223e-20
2.6622998816615714e-20
2.793176413066194e-20
2.9307313799023314e-20
3.075330413167021e-20
3.227361811508491e-20
3.387238205541352e-20
3.5553983703554575e-20
3.7323092019673233e-20
3.9184678754217315e-20
4.1144042044321346e-20
4.320683225050963e-20
4.537908028690991e-20
4.7667228732254845e-20
5.0078166046595975e-20
5.261926426298338e-20
5.52984205743271e-20
5.812410329487277e-20
6.110540274324811e-20
6.425208767351047e-20
6.757466797464127e-20
7.108446446398271e-20
7.479368672911149e-20
7.871552012058645e-20
8.286422316996981e-20
8.725523692014016e-20
9.190530788989668e-20
9.683262669375302e-20
1.020569846765793e-19
1.0759995134025201e-19
1.1348507582777684e-19
1.1973811633374846e-19
1.2638730201704534e-19
1.3346363287569402e-19
1.410012240810029e-19
1.490377025811278e-19
1.5761466534547868e-19
1.6677821057564038e-19
1.765795556077771e-19
1.8707575820367306e-19
1.98330561646086e-19
2.1041538867533658e-19
2.2341051515059164e-19
2.3740646164807045e-19
2.5250565053407613e-19
2.688243878901306e-19
2.8649524478586345e-19
3.0566993179673786e-19
3.265227855457341e-19
3.492550181422024e-19
3.74099921701976e-19
4.013292733089667e-19
4.3126125384871587e-19
4.642702805338008e-19
5.007992605007281e-19
5.41374902433739e-19
5.866268695670101e-19
6.37311700359036e-19
6.943425094080247e-19
7.588253840682693e-19
8.321028292665347e-19
9.158029730938628e-19
1.0118892365570581e-18
1.1226961258284231e-18
1.2509174160295503e-18
1.3994734112691424e-18
1.5711086007014216e-18
1.7674455870152048e-18
1.9870746213542703e-18
2.2223021311784438e-18
2.4550648167815334e-18
2.6551208026966986e-18
2.7865381359630182e-18
2.8244641938431735e-18
2.7701350247639e-18
2.648334003753566e-18
2.4910708839258663e-18
2.324069296657837e-18
2.1629029482585284e-18
2.0149795370847083e-18
1.88271394074269e-18
1.7659471232864068e-18
1.6633918149568518e-18
1.5733908818200991e-18
1.4942775236934011e-18
1.4245266747480604e-18
1.3628040391282556e-18
1.307968245282903e-18
1.2590537137081732e-18
1.2152473956787134e-18
1.1758653124907558e-18
1.1403313020181987e-18
1.1081587169669375e-18
1.0789350765657386e-18
1.0523093752310677e-18
1.027981662699371e-18
1.0056945143149188e-18
9.85226050960874e-19
9.663842195696953e-19
9.490020953479343e-19
9.329340113178298e-19
9.18052358291563e-19
9.042449291540709e-19
8.91412706252201e-19
8.794680106643371e-19
8.683329479948343e-19
8.579380980486885e-19
8.482214058768745e-19
8.39127239652859e-19
8.306055873566024e-19
8.226113693539718e-19
8.151038480698523e-19
8.080461193755581e-19
8.014046728911645e-19
7.951490106897844e-19
7.892513156177865e-19
7.836861618972426e-19
7.784302619133827e-19
7.734622439923413e-19
7.687624568973406e-19
7.643127972971426e-19
7.600965571726049e-19
7.560982884489985e-19
