3.2004984856359798e-24
3.1994383588544933e-24
3.1984701569106638e-24
3.1975857904133684e-24
3.1967778711425056e-24
3.1960396516247246e-24
3.1953649697900746e-24
3.194748198300453e-24
3.1941841981703617e-24
3.193668276328859e-24
3.193196146797778e-24
3.192763895186251e-24
3.192367946225216e-24
3.1920050340866908e-24
3.1916721752534664e-24
3.1913666437233713e-24
3.1910859483497724e-24
3.1908278121362905e-24
3.1905901533184647e-24
3.1903710680791326e-24
3.1901688147567892e-24
3.1899817994183423e-24
3.1898085626779154e-24
3.1896477676538183e-24
3.189498188964704e-24
3.189358702674259e-24
3.189228277101691e-24
3.189105964422105e-24
3.188990892987482e-24
3.188882260304932e-24
3.1887793266141125e-24
3.1886814090109077e-24
3.188587876069021e-24
3.1884981429148823e-24
3.1884116667157465e-24
3.188327942543743e-24
3.1882464995821435e-24
3.1881668976428218e-24
3.1880887239667812e-24
3.1880115902817306e-24
3.1879351300931013e-24
3.1878589961869334e-24
3.1877828583247347e-24
3.187706401112217e-24
3.187629322025316e-24
3.1875513295782267e-24
3.1874721416196334e-24
3.1873914837441766e-24
3.1873090878075073e-24
3.18722469053418e-24
3.1871380322083392e-24
3.187048855438118e-24
3.186956903985493e-24
3.1868619216534208e-24
3.186763651223577e-24
3.186661833437667e-24
3.186556206016235e-24
3.186446502709385e-24
3.186332452373924e-24
3.186213778071836e-24
3.186090196185704e-24
3.1859614155464446e-24
3.185827136569204e-24
3.1856870503937137e-24
3.1855408380250956e-24
3.185388169471807e-24
3.185228702877109e-24
3.1850620836410373e-24
3.184887943529435e-24
3.1847058997672075e-24
3.1845155541126403e-24
3.1843164919100872e-24
3.184108281117808e-24
3.1838904713084083e-24
3.1836625926389443e-24
3.1834241547878215e-24
3.1831746458557767e-24
3.182913531228052e-24
3.182640252394885e-24
3.1823542257275377e-24
3.1820548412067393e-24
3.1817414611008326e-24
3.181413418590308e-24
3.1810700163358565e-24
3.1807105249865562e-24
3.1803341816251152e-24
3.1799401881466542e-24
3.1795277095676698e-24
3.1790958722615587e-24
3.1786437621170823e-24
3.178170422615934e-24
3.1776748528254925e-24
3.1771560053026476e-24
3.1766127839045885e-24
3.1760440415022777e-24
3.1754485775917713e-24
3.1748251357990522e-24
3.1741724012735828e-24
3.1734889979651694e-24
3.1727734857793556e-24
3.1720243576059485e-24
3.17124003621476e-24
3.170418871013401e-24
3.169559134660587e-24
3.168659019529373e-24
3.1677166340133587e-24
3.1667299986701454e-24
3.1656970421943936e-24
3.1646155972140943e-24
3.163483395902902e-24
3.1622980654008463e-24
3.1610571230359544e-24
3.159757971339534e-24
3.1583978928462602e-24
3.1569740446717434e-24
3.1554834528592746e-24
3.153923006486605e-24
3.1522894515253114e-24
3.1505793844431256e-24
3.1487892455414124e-24
3.146915312018538e-24
3.144953690750439e-24
3.1429003107802586e-24
3.1407509155077876e-24
3.1385010545711026e-24
3.1361460754119436e-24
3.1336811145173727e-24
3.1311010883301126e-24
3.1284006838209686e-24
3.125574348717916e-24
3.1226162813873238e-24
3.1195204203604273e-24
3.1162804335053976e-24
3.1128897068445096e-24
3.1093413330142035e-24
3.105628099370396e-24
3.1017424757501735e-24
3.0976766018908932e-24
3.0934222745220085e-24
3.0889709341507208e-24
3.08431365154638e-24
3.0794411139679524e-24
3.074343611156343e-24
3.0690110211309887e-24
3.063432795842632e-24
3.0575979467438975e-24
3.051495030324704e-24
3.045112133733419e-24
3.03843686054892e-24
3.0314563168148718e-24
3.0241570975260566e-24
3.0165252736330983e-24
3.008546379853634e-24
3.000205403418189e-24
2.9914867740844537e-24
2.982374355638033e-24
2.972851439316286e-24
2.9629007394643743e-24
2.9525043919621793e-24
2.9416439559922066e-24
2.930300419623028e-24
2.9184542102810094e-24
2.906085210574914e-24
2.8931727808838926e-24
2.8796957895755866e-24
2.86563265245701e-24
2.8509613829976243e-24
2.835659655335629e-24
2.8197048819373344e-24
2.8030743092269368e-24
2.785745133548862e-24
2.7676946413705796e-24
2.7489003782042688e-24
2.729340351044336e-24
2.7089932700768746e-24
2.6878388370400035e-24
2.6658580885037586e-24
2.6430338032417624e-24
2.619350986349971e-24
2.5947974424203813e-24
2.5693644555849764e-24
2.543047594333916e-24
2.515847663520502e-24
2.487771832125654e-24
2.4588349653374087e-24
2.429061198571443e-24
2.3984857973240066e-24
2.367157347473846e-24
2.335140334480734e-24
2.302518169786697e-24
2.2693967342328213e-24
2.2359084986089405e-24
2.202217296496984e-24
2.1685237963791474e-24
2.135071709785732e-24
2.10215472125302e-24
2.0701240659390935e-24
2.039396566122827e-24
2.0104627999798206e-24
1.9838948603855016e-24
1.9603529289887217e-24
