4.887811042692915e-25
4.998421993256883e-25
5.093628797173875e-25
5.166375769064478e-25
5.212217671793533e-25
5.2288584447092775e-25
5.21587950674614e-25
5.17464946930091e-25
5.108405783081634e-25
5.0225016736222135e-25
4.924805302458501e-25
4.8262064060396975e-25
4.741107314600083e-25
4.6876350666372615e-25
4.687145729093309e-25
4.762565784085022e-25
4.935507765395902e-25
5.222959677628254e-25
5.635029102204787e-25
6.174805883322122e-25
6.840082618134867e-25
7.625745391512613e-25
8.525788473260225e-25
9.53456447645537e-25
1.0647365687887953e-24
1.1860582744187332e-24
1.3171650656754983e-24
1.4578912388136517e-24
1.6081466636363573e-24
1.7679028420637896e-24
1.9371811621067274e-24
2.1160433918517934e-24
2.3045841305107236e-24
2.5029248543950893e-24
2.7112092174366895e-24
2.929599320352156e-24
3.158272720883467e-24
3.397420009009151e-24
3.6472428129283926e-24
3.907952134416006e-24
4.179766937262724e-24
4.462912931584198e-24
4.75762151118131e-24
5.0641288120230516e-24
5.382674868164624e-24
5.713502847685088e-24
6.056858356012373e-24
6.4129887976843074e-24
6.782142790406021e-24
7.164569627455938e-24
7.560518786154346e-24
7.970239481397399e-24
8.393980264211547e-24
8.831988666003765e-24
9.284510889666489e-24
9.7517915490329e-24
1.023407345832228e-23
1.0731597473282862e-23
1.1244602385648902e-23
1.1773324872376479e-23
1.231799950086188e-23
1.2878858791037096e-23
1.345613333487177e-23
1.4050051973367167e-23
1.466084203069732e-23
1.528872960468482e-23
1.593393991228452e-23
1.6596697688306175e-23
1.727722763510049e-23
1.7975754920525767e-23
1.8692505721053643e-23
1.9427707806526817e-23
2.018159116275559e-23
2.0954388647828814e-23
2.1746336677854688e-23
2.255767593762461e-23
2.3388652111682413e-23
2.4239516631148094e-23
2.511052743180237e-23
2.6001949718907936e-23
2.6914056734492207e-23
2.7847130522979955e-23
2.8801462691269424e-23
2.977735515974308e-23
3.077512090090748e-23
3.17950846627853e-23
3.2837583674528266e-23
3.390296833209811e-23
3.4991602862229085e-23
3.6103865963326983e-23
3.724015142228816e-23
3.840086870661474e-23
3.958644353154218e-23
4.07973184022069e-23
4.203395313128872e-23
4.329682533264098e-23
4.458643089193805e-23
4.590328441534307e-23
4.724791965755894e-23
4.8620889930712155e-23
5.002276849567771e-23
5.14541489376137e-23
5.2915645527338736e-23
5.440789357063976e-23
5.593154974715401e-23
5.748729244094089e-23
5.907582206436206e-23
6.069786137751317e-23
6.235415580462684e-23
6.404547374957748e-23
6.57726069118526e-23
6.753637060513544e-23
6.933760407955597e-23
7.117717084947414e-23
7.305595902808104e-23
7.497488167015758e-23
7.693487712435865e-23
7.893690939609965e-23
8.098196852209098e-23
8.307107095771344e-23
8.520525997816467e-23
8.738560609415401e-23
8.961320748273695e-23
9.188919043483299e-23
9.421470981913977e-23
9.659094956369285e-23
9.901912315542183e-23
1.0150047415860521e-22
1.0403627675226023e-22
1.0662783628687022e-22
1.0927648986174922e-22
1.119836069220347e-22
1.1475058987766688e-22
1.175788747423874e-22
1.2046993179516907e-22
1.234252662633981e-22
1.26446419027381e-22
1.2953496734915196e-22
1.326925256218522e-22
1.359207461458022e-22
1.3922131992362753e-22
1.4259597748298877e-22
1.4604648972058327e-22
1.495746687738747e-22
1.531823689150771e-22
1.5687148747087712e-22
1.6064396576647257e-22
1.6450179010034352e-22
1.684469927371146e-22
1.7248165293795373e-22
1.7660789800486238e-22
1.8082790436622901e-22
1.8514389867407156e-22
1.8955815895062756e-22
1.940730157439023e-22
1.986908533227827e-22
2.034141108988703e-22
2.0824528387800394e-22
2.131869251537313e-22
2.182416464078836e-22
2.2341211946345567e-22
2.2870107766356795e-22
2.3411131728756524e-22
2.396456989906195e-22
2.4530714927681516e-22
2.510986620329041e-22
2.570233000701637e-22
2.63084196694099e-22
2.692845573373067e-22
2.7562766123683124e-22
2.821168630964688e-22
2.887555948507047e-22
2.955473674405387e-22
3.0249577259946723e-22
3.0960448475058254e-22
3.1687726287385573e-22
3.243179524394614e-22
3.3193048742482473e-22
3.3971889233135034e-22
3.4768728422099117e-22
3.5583987488039463e-22
3.6418097286200707e-22
3.72714985988475e-22
3.8144642315408743e-22
3.9037989705557426e-22
3.9952012626927703e-22
4.0887193781982163e-22
4.184402693495604e-22
4.282301719709954e-22
4.38246812735488e-22
4.48495476906781e-22
4.589815707947677e-22
4.6971062509007215e-22
4.806882960758837e-22
4.9192036987557815e-22
5.034127650321595e-22
5.151715345973858e-22
5.272028698191028e-22
5.39513102953228e-22
5.521087102196097e-22
5.649963148458479e-22
