1.9567886549925043e-24
1.9547611655174665e-24
1.9530080141565793e-24
1.9514980661120554e-24
1.950202990936248e-24
1.9490970271657067e-24
1.9481567629082325e-24
1.947360931849674e-24
1.9466902240442735e-24
1.946127110794569e-24
1.9456556828704094e-24
1.9452615013030825e-24
1.9449314599780857e-24
1.944653659255183e-24
1.9444172898599977e-24
1.944212526314329e-24
1.944030429201044e-24
1.9438628555858524e-24
1.9437023769637496e-24
1.9435422041205934e-24
1.943376118343518e-24
1.9431984084544407e-24
1.9430038131644605e-24
1.942787468290695e-24
1.9425448584086854e-24
1.9422717725410508e-24
1.9419642635180743e-24
1.9416186106687262e-24
1.9412312855342574e-24
1.9407989203111957e-24
1.9403182787632026e-24
1.939786229356248e-24
1.939199720397958e-24
1.9385557569639755e-24
1.9378513794396556e-24
1.9370836434887274e-24
1.936249601295437e-24
1.9353462839406694e-24
1.9343706847610945e-24
1.9333197435864895e-24
1.93219033172838e-24
1.9309792376247138e-24
1.9296831530319005e-24
1.9282986596947466e-24
1.9268222163924836e-24
1.9252501463021e-24
1.9235786245941057e-24
1.921803666219032e-24
1.919921113793631e-24
1.9179266255704938e-24
1.9158156634041247e-24
1.9135834807018063e-24
1.9112251102861587e-24
1.908735352164885e-24
1.906108761128088e-24
1.9033396342244133e-24
1.900421997959477e-24
1.8973495953592425e-24
1.894115872735832e-24
1.8907139662293345e-24
1.8871366881047198e-24
1.883376512781674e-24
1.8794255626352614e-24
1.8752755935618122e-24
1.8709179803665272e-24
1.8663437019905857e-24
1.861543326619571e-24
1.8565069967970017e-24
1.851224414619498e-24
1.845684827035759e-24
1.8398770116029734e-24
1.833789262654828e-24
1.8274093783092768e-24
1.820724648436136e-24
1.8137218440498267e-24
1.8063872085386116e-24
1.7987064511178726e-24
1.790664743429536e-24
1.78224671975943e-24
1.773436482040655e-24
1.7642176109239603e-24
1.754573184011342e-24
1.744485803550369e-24
1.7339376354678283e-24
1.722910462791133e-24
1.7113857566637262e-24
1.6993447696094298e-24
1.6867686561775427e-24
1.6736386278921307e-24
1.659936151101783e-24
1.645643198448119e-24
1.6307425677814467e-24
1.6152182859755578e-24
1.5990561198424639e-24
1.5822442231895272e-24
1.5647739564462069e-24
1.5466409270811641e-24
1.5278463126351506e-24
1.5083985468217208e-24
1.4883154747296047e-24
1.4676271149384657e-24
1.44637920858798e-24
1.4246377949468973e-24
1.4024951215772502e-24
1.3800772971613492e-24
1.3575542110213793e-24
1.335152392655014e-24
1.3131716546335938e-24
1.2920065516640503e-24
1.2721738462851392e-24
1.2543472651291381e-24
1.239400717913692e-24
1.2284607054956795e-24
1.2229676850165434e-24
1.2247446524717254e-24
1.2360695452025881e-24
1.2597474644274767e-24
1.2991815699899551e-24
1.358450469809482e-24
1.442415759638993e-24
1.5569008086487777e-24
1.708987148562095e-24
1.9074426129347718e-24
2.163173110609894e-24
2.489235377436466e-24
2.8989799036488763e-24
3.398549870112162e-24
3.966230865462643e-24
4.51480274842372e-24
4.875419502109017e-24
4.898889796289639e-24
4.612180368268995e-24
4.17678774991674e-24
3.731122458675819e-24
3.339261926184746e-24
3.017794516680972e-24
2.7643233359246272e-24
2.571400734452345e-24
2.4315184136970777e-24
2.3383641739394174e-24
2.2868025060477164e-24
2.272546416834281e-24
2.2918646982050056e-24
2.3414156600284824e-24
2.418192932601489e-24
2.519533655620812e-24
2.643142373990775e-24
2.787103129724903e-24
2.9498709388864677e-24
3.130245714728591e-24
3.327335577501514e-24
3.540516522785818e-24
3.769393224971443e-24
4.0137637100860624e-24
4.273589081818389e-24
4.548968376997141e-24
4.84011823165902e-24
5.147356685799969e-24
5.471090500290624e-24
5.811805324908646e-24
6.170058217168618e-24
6.546472057015645e-24
6.941731456626949e-24
7.356579872059859e-24
7.791817725850685e-24
8.248301345078715e-24
8.726942497124263e-24
9.228708512508347e-24
9.754622912611221e-24
1.0305766287349834e-23
1.0883277693777502e-23
1.1488356186040118e-23
1.2122262704636268e-23
1.2786322247561932e-23
1.3481926147475134e-23
1.4210534702262335e-23
1.4973679828535292e-23
1.5772968155578832e-23
1.661008417364815e-23
1.748679354547172e-23
1.8404946697977267e-23
1.9366482671670228e-23
2.03734330101012e-23
2.1427925919964788e-23
2.2532190815248222e-23
2.3688562835988734e-23
2.4899487749326387e-23
2.6167527132503695e-23
2.7495363472659633e-23
2.8885806228030647e-23
3.034179729855803e-23
3.186641739157774e-23
3.346289247090389e-23
3.5134600465858595e-23
3.6885078550493147e-23
3.871803023420071e-23
4.06373337130076e-23
4.264704961549794e-23
4.4751429393428684e-23
4.695492457130925e-23
4.926219627094606e-23
