2.7991621322964703e-24
2.1772847851127028e-24
1.5612745271151394e-24
9.517606991497218e-25
3.611908851261705e-25
3.1911900540152463e-25
9.030917765304933e-25
1.5074071999130686e-24
2.115995021826779e-24
2.7278810923368444e-24
3.34349864260704e-24
3.96359135872405e-24
4.588995261586593e-24
5.220575210087204e-24
5.8592018799070655e-24
6.50574214433776e-24
7.161054645192419e-24
7.825987613847037e-24
8.501377745862034e-24
9.188049601317414e-24
9.886815276477765e-24
1.0598474218865953e-23
1.1323813123437636e-23
1.2063605871506884e-23
1.281861349795011e-23
1.3589584178604084e-23
1.437725323453803e-23
1.5182343157922733e-23
1.600556365805587e-23
1.6847611737771523e-23
1.7709171798382848e-23
1.8590915788209947e-23
1.949350338912701e-23
2.0417582258426113e-23
2.1363788317418572e-23
2.233274610724433e-23
2.3325069200230398e-23
2.4341360682693836e-23
2.5382213705202497e-23
2.6448212100956678e-23
2.7539931079745273e-23
2.865793799535367e-23
2.980279317655038e-23
3.097505084021303e-23
3.217526006012486e-23
3.3403965807675473e-23
3.466171005634162e-23
3.594903293017315e-23
3.726647391895936e-23
3.86145731285882e-23
3.999387257138822e-23
4.140491750382158e-23
4.2848257765923067e-23
4.4324449166048075e-23
4.5834054869169494e-23
4.737764678297875e-23
4.895580696399769e-23
5.056912900453424e-23
5.221821940364376e-23
5.390369894650069e-23
5.562620403009218e-23
5.738638798869541e-23
5.918492237153664e-23
6.102249820103498e-23
6.2899827187604e-23
6.481764290656307e-23
6.677670193860562e-23
6.877778496449647e-23
7.0821697827407e-23
7.29092725526257e-23
7.504136831049267e-23
7.721887236333626e-23
7.944270096779474e-23
8.171380022315885e-23
8.40331469160894e-23
8.640174929836945e-23
8.882064787743746e-23
9.129091613355057e-23
9.381366124716551e-23
9.639002480007172e-23
9.902118343644325e-23
1.0170834954376591e-22
1.0445277189599545e-22
1.0725573628861563e-22
1.1011856619446973e-22
1.130426233708638e-22
1.160293085261838e-22
1.1908006191594297e-22
1.2219636401842394e-22
1.2537973616650086e-22
1.2863174121569808e-22
1.3195398420718306e-22
1.3534811307034414e-22
1.3881581928971387e-22
1.4235883864734637e-22
1.4597895198238943e-22
1.4967798593615494e-22
1.5345781371398941e-22
1.5732035594002743e-22
1.6126758143579225e-22
1.6530150818241101e-22
1.6942420405439103e-22
1.736377879318425e-22
1.7794443047401659e-22
1.8234635523765835e-22
1.868458395997762e-22
1.914452158375759e-22
1.9614687225994384e-22
2.009532542262728e-22
2.058668653574543e-22
2.1089026875229636e-22
2.160260881405017e-22
2.2127700916563794e-22
2.2664578074865347e-22
2.321352163367621e-22
2.3774819530406123e-22
2.4348766448161935e-22
2.493566393548744e-22
2.553582058817934e-22
2.614955218141055e-22
2.6777181834704805e-22
2.7419040175176093e-22
2.8075465504769036e-22
2.8746803970813207e-22
2.9433409746062473e-22
3.013564519855776e-22
3.085388108780947e-22
3.1588496763249605e-22
3.233988032906244e-22
3.3108428879927494e-22
3.389454867528231e-22
3.4698655378229973e-22
3.55211742480522e-22
3.636254037086143e-22
3.7223198886939944e-22
3.810360522557174e-22
3.9004225334814026e-22
3.992553591466611e-22
4.0868024703836306e-22
4.183219069359665e-22
4.2818544409071575e-22
4.382760818296177e-22
4.485991641152687e-22
4.591601584766553e-22
4.699646588370819e-22
4.810183885698079e-22
4.9232720316631925e-22
5.038970939930038e-22
5.15734190391545e-22
5.278447641219889e-22
5.4023523170967e-22
5.529121582198348e-22
5.658822610471681e-22
5.791524124388406e-22
5.92729644307125e-22
6.066211513709855e-22
6.208342945059908e-22
6.353766058807993e-22
6.502557914038315e-22
6.654797360260516e-22
6.8105650701060435e-22
6.96994359115204e-22
7.133017379800483e-22
7.299872851065587e-22
7.470598426583307e-22
7.645284572830758e-22
7.824023857003093e-22
8.006910994917621e-22
8.194042891310803e-22
8.3855187078350925e-22
8.58143990006494e-22
8.781910278619237e-22
8.987036065714515e-22
9.196925930744879e-22
9.411691091361555e-22
9.631445323070816e-22
9.856305052114293e-22
1.0086389398672502e-21
1.0321820241234847e-21
1.0562722304019975e-21
1.0809223197046436e-21
1.1061453473465976e-21
1.1319546735968716e-21
1.1583639675044645e-21
1.1853872151666306e-21
1.2130387281660325e-21
1.241333147016714e-21
1.2702854550693283e-21
1.2999109811679869e-21
1.330225410538967e-21
1.3612447890392187e-21
1.3929855378835779e-21
1.4254644580526848e-21
1.4586987369633467e-21
1.4927059621402427e-21
1.5275041284916398e-21
1.5631116455747175e-21
1.599547351957788e-21
1.6368305187109003e-21
1.6749808635166766e-21
1.7140185597769697e-21
