1.1153091057516267e-23
1.115962289887667e-23
1.1165853774022778e-23
1.1171796764348912e-23
1.1177464352784366e-23
1.118286844915835e-23
1.1188020414458189e-23
1.1192931084009342e-23
1.1197610789632954e-23
1.1202069380800087e-23
1.1206316244846171e-23
1.1210360326255992e-23
1.1214210145071e-23
1.121787381445281e-23
1.1221359057413828e-23
1.1224673222789155e-23
1.1227823300422115e-23
1.123081593565467e-23
1.1233657443090128e-23
1.1236353819706757e-23
1.1238910757304895e-23
1.1241333654345474e-23
1.1243627627177548e-23
1.1245797520690652e-23
1.1247847918415547e-23
1.124978315206637e-23
1.1251607310591596e-23
1.1253324248702812e-23
1.1254937594922598e-23
1.125645075917048e-23
1.1257866939883752e-23
1.1259189130710966e-23
1.1260420126778894e-23
1.1261562530517175e-23
1.126261875712604e-23
1.126359103963016e-23
1.1264481433534447e-23
1.1265291821143068e-23
1.1266023915483448e-23
1.1266679263900374e-23
1.126725925128797e-23
1.126776510297347e-23
1.1268197887293597e-23
1.1268558517789193e-23
1.1268847755154834e-23
1.1269066208754539e-23
1.1269214337929677e-23
1.1269292452917062e-23
1.1269300715475631e-23
1.1269239139180081e-23
1.1269107589454776e-23
1.1268905783230897e-23
1.1268633288288545e-23
1.1268289522361956e-23
1.1267873751798961e-23
1.1267385090040688e-23
1.1266822495628145e-23
1.1266184770021521e-23
1.1265470554956534e-23
1.126467832954499e-23
1.1263806406988592e-23
1.1262852930944688e-23
1.1261815871553316e-23
1.1260693021038869e-23
1.1259481989008709e-23
1.1258180197197894e-23
1.1256784874064643e-23
1.125529304871654e-23
1.1253701544587683e-23
1.1252006972521365e-23
1.1250205723537249e-23
1.1248293961031579e-23
1.1246267612450056e-23
1.1244122360618173e-23
1.1241853634327563e-23
1.1239456598451529e-23
1.1236926143638287e-23
1.1234256875049366e-23
1.1231443100888766e-23
1.1228478819918307e-23
1.1225357708592556e-23
1.1222073107207244e-23
1.1218618005562954e-23
1.1214985027616482e-23
1.1211166415555723e-23
1.1207154012839447e-23
1.1202939246366348e-23
1.119851310800081e-23
1.1193866134584457e-23
1.1188988387361324e-23
1.1183869430383007e-23
1.1178498307359046e-23
1.1172863517751908e-23
1.116695299143895e-23
1.1160754062097195e-23
1.11542534393543e-23
1.1147437179321503e-23
1.1140290653797157e-23
1.1132798517844055e-23
1.1124944675462115e-23
1.1116712244181995e-23
1.1108083517011424e-23
1.1099039923031102e-23
1.1089561985946441e-23
1.1079629280030646e-23
1.1069220384377901e-23
1.105831283453804e-23
1.1046883071858344e-23
1.1034906389570956e-23
1.1022356877468658e-23
1.1009207361934829e-23
1.0995429344551189e-23
1.0980992936368518e-23
1.0965866789676039e-23
1.0950018024672303e-23
1.0933412154541944e-23
1.0916013005196207e-23
1.0897782630263898e-23
1.0878681223456565e-23
1.0858667024878691e-23
1.0837696223010447e-23
1.0815722851203544e-23
1.0792698678559058e-23
1.0768573096737059e-23
1.0743292998238417e-23
1.0716802649143671e-23
1.0689043557394288e-23
1.0659954330534955e-23
1.0629470529008593e-23
1.059752450974933e-23
1.0564045262617608e-23
1.052895823906188e-23
1.0492185170524962e-23
1.0453643878607838e-23
1.04132480764007e-23
1.0370907158113037e-23
1.0326525982235339e-23
1.0280004639023292e-23
1.0231238214042893e-23
1.0180116537855425e-23
1.012652392512087e-23
1.0070338907466519e-23
1.001143395334096e-23
9.949675184067485e-24
9.884922079279336e-24
9.817027181678307e-24
9.745835798788621e-24
9.671185705067878e-24
9.592906855643152e-24
9.510821109602338e-24
9.42474198007427e-24
9.334474414506263e-24
9.239814627392017e-24
9.140550001333313e-24
9.036459080652379e-24
8.927311696127713e-24
8.8128692583888e-24
8.692885280994893e-24
8.567106209375084e-24
8.435272654874556e-24
8.297121157957017e-24
8.152386679275379e-24
8.000806019499437e-24
7.84212252839417e-24
7.676092489736837e-24
7.502493806319558e-24
7.321137764091993e-24
7.131884991249778e-24
6.934667152536925e-24
6.729516513497066e-24
6.516606364558794e-24
6.2963064881274554e-24
6.069259501999346e-24
5.8364861038342035e-24
5.5995300690025394e-24
5.360656957859271e-24
5.123122875584957e-24
4.891528505846244e-24
4.6722622238201796e-24
4.474002074601624e-24
4.308170904955918e-24
4.189111619058356e-24
4.133612670390815e-24
4.159431413764566e-24
4.2828780132086514e-24
4.5162998867763125e-24
4.866760492097476e-24
5.336609013074564e-24
5.925433943739499e-24
6.632291574183044e-24
7.457432578146553e-24
8.403362954547875e-24
9.475431509894583e-24
1.0682202872189673e-23
1.2035818120178417e-23
1.3552480160338375e-23
1.5253165996200205e-23
1.7164666354619997e-23
1.932108216606124e-23
2.1765965565474046e-23
2.455539779744373e-23
