4.984999316442285e-24
4.990708932932292e-24
4.996154008560433e-24
5.0013444200285956e-24
5.006289657781995e-24
5.010998831702618e-24
5.015480677380222e-24
5.0197435628416125e-24
5.023795495625163e-24
5.027644130105938e-24
5.031296774989177e-24
5.034760400893773e-24
5.038041647968342e-24
5.041146833476458e-24
5.0440819593075495e-24
5.046852719367319e-24
5.049464506813484e-24
5.0519224211019675e-24
5.0542312748158746e-24
5.056395600256391e-24
5.058419655767964e-24
5.060307431787602e-24
5.062062656596885e-24
5.063688801762984e-24
5.0651890872628e-24
5.066566486270472e-24
5.067823729611261e-24
5.068963309861031e-24
5.069987485094042e-24
5.0708982822678335e-24
5.071697500243622e-24
5.0723867124276746e-24
5.072967269045069e-24
5.0734402990180505e-24
5.073806711468671e-24
5.0740671968215974e-24
5.074222227512402e-24
5.074272058288819e-24
5.074216726110061e-24
5.074056049624952e-24
5.073789628233998e-24
5.0734168407199215e-24
5.07293684343975e-24
5.072348568086037e-24
5.07165071898116e-24
5.0708417699127084e-24
5.069919960507251e-24
5.068883292101936e-24
5.0677295231391706e-24
5.0664561640354885e-24
5.065060471544248e-24
5.06353944256104e-24
5.0618898073960244e-24
5.0601080224513416e-24
5.0581902623311085e-24
5.056132411314076e-24
5.053930054229185e-24
5.051578466625647e-24
5.049072604309897e-24
5.04640709215701e-24
5.043576212176508e-24
5.040573890824906e-24
5.037393685526843e-24
5.0340287703453065e-24
5.030471920815761e-24
5.026715497819307e-24
5.02275143059621e-24
5.018571198660079e-24
5.014165812774001e-24
5.009525794765789e-24
5.004641156251338e-24
4.999501376121977e-24
4.994095376818989e-24
4.988411499241339e-24
4.9824374763157774e-24
4.976160405026996e-24
4.969566716998357e-24
4.9626421474089006e-24
4.955371702187247e-24
4.947739623411316e-24
4.939729352850876e-24
4.9313234933956246e-24
4.922503768470539e-24
4.913250979141778e-24
4.903544958807842e-24
4.893364525479755e-24
4.882687431246861e-24
4.871490309022681e-24
4.8597486162574314e-24
4.847436575328308e-24
4.8345271107989094e-24
4.820991782742987e-24
4.806800716483771e-24
4.7919225280960885e-24
4.776324245635736e-24
4.759971225508848e-24
4.7428270642459375e-24
4.7248535046180726e-24
4.706010336290081e-24
4.686255290380784e-24
4.66554392754158e-24
4.643829519297662e-24
4.6210629218035395e-24
4.5971924419680644e-24
4.572163695080124e-24
4.545919453617024e-24
4.5183994867170626e-24
4.489540389586765e-24
4.459275402148744e-24
4.427534217510812e-24
4.394242778099141e-24
4.359323060831461e-24
4.322692850369105e-24
4.2842655007738305e-24
4.2439496867582884e-24
4.2016491452762915e-24
4.15726240984139e-24
4.110682542167229e-24
4.06179686526492e-24
4.010486707561435e-24
3.9566271707221066e-24
3.9000869377245916e-24
3.840728149110768e-24
3.778406386117634e-24
3.712970814150566e-24
3.6442645694340956e-24
3.5721255067639656e-24
3.4963874801504335e-24
3.416882415943073e-24
3.333443556756525e-24
3.2459104526635564e-24
3.1541365706768763e-24
3.058000855958403e-24
2.957425318496776e-24
2.8524018864716028e-24
2.743033663767109e-24
2.6295987993541398e-24
2.5126501206156338e-24
2.393171586281818e-24
2.272824619858794e-24
2.154333800709728e-24
2.0420774923239445e-24
1.9429437351965695e-24
1.8674249247983796e-24
1.830647938236587e-24
1.852556961708747e-24
1.9563592300014396e-24
2.1658421573930466e-24
2.5047838095875996e-24
3.001822571400181e-24
3.701777703431908e-24
4.685494150721879e-24
6.108956769221679e-24
8.294659242018401e-24
1.1962719554048494e-23
1.8598896763639972e-23
2.65046560967734e-23
2.175500755760272e-23
1.4496170098321458e-23
1.0322022911892753e-23
7.85374576592453e-24
6.249289461064785e-24
5.132482077714792e-24
4.3278639441330436e-24
3.751026519472231e-24
3.3623636003090534e-24
3.143259483869026e-24
3.0804981196930865e-24
3.1569517055607915e-24
3.3501845554375706e-24
3.6366274985594445e-24
3.9959460397282065e-24
4.4128251757706644e-24
4.876687880301178e-24
5.380641964282153e-24
5.9204190843686434e-24
6.493551366282379e-24
7.098795373655586e-24
7.735746179207552e-24
8.404583508176128e-24
9.105905293726703e-24
9.840618359883766e-24
1.0609866350013596e-23
1.1414982154609948e-23
1.2257456556097945e-23
1.3138917702873571e-23
1.4061118011029145e-23
1.5025926244987213e-23
1.6035323129211797e-23
1.709139948235748e-23
1.8196356336439052e-23
1.9352506378005896e-23
2.0562276514751727e-23
2.182821125113459e-23
2.3152976700188834e-23
2.4539365361310473e-23
2.5990301152695e-23
2.7508845016941585e-23
2.9098201035281333e-23
3.0761722841213765e-23
3.250292038361321e-23
