1.850876240279256e-24
1.8767628017086902e-24
1.901597339179905e-24
1.9253934224013048e-24
1.9481676595255056e-24
1.9699389586071316e-24
1.9907279190966667e-24
2.0105563302320997e-24
2.029446757463457e-24
2.0474222015015513e-24
2.0645058173767156e-24
2.080720683158867e-24
2.0960896098265134e-24
2.1106349852662992e-24
2.1243786466025964e-24
2.1373417760493703e-24
2.149544816292407e-24
2.1610074020766416e-24
2.171748305224861e-24
2.1817853907670506e-24
2.191135582235759e-24
2.199814834494812e-24
2.2078381127273084e-24
2.2152193764253663e-24
2.221971567405469e-24
2.2281066010242305e-24
2.233635359896783e-24
2.2385676895292487e-24
2.2429123953653885e-24
2.246677240827534e-24
2.2498689459962595e-24
2.252493186631407e-24
2.254554593285233e-24
2.256056750302451e-24
2.2570021945388172e-24
2.2573924136645432e-24
2.2572278439499655e-24
2.2565078674578427e-24
2.2552308085962683e-24
2.2533939300108016e-24
2.2509934278214756e-24
2.248024426238087e-24
2.2444809716150433e-24
2.2403560260391265e-24
2.23564146057713e-24
2.2303280483492013e-24
2.2244054576381864e-24
2.217862245295801e-24
2.2106858507660018e-24
2.20286259111552e-24
2.1943776575449114e-24
2.1852151139504408e-24
2.1753578982252257e-24
2.1647878271283278e-24
2.153485605718556e-24
2.1414308425550058e-24
2.1286020721114633e-24
2.1149767861515325e-24
2.100531476175503e-24
2.085241689494097e-24
2.0690821020280238e-24
2.0520266116011794e-24
2.0340484563161728e-24
2.015120363618325e-24
1.995214736912165e-24
1.97430388815866e-24
1.9523603268321437e-24
1.9293571180521093e-24
1.9052683257610927e-24
1.8800695606603234e-24
1.853738657451129e-24
1.8262565120325766e-24
1.797608117016547e-24
1.7677838436597e-24
1.7367810306065457e-24
1.704605955308626e-24
1.6712762833498688e-24
1.6368241149341435e-24
1.601299777149973e-24
1.5647765456814118e-24
1.5273565198786568e-24
1.4891779182482463e-24
1.4504241017115593e-24
1.4113346573137653e-24
1.372218862435369e-24
1.3334717583321413e-24
1.2955928251839977e-24
1.2592067683893036e-24
1.2250850662649093e-24
1.1941655634181803e-24
1.1675654935629763e-24
1.1465811553903366e-24
1.132665912106551e-24
1.1273788751136009e-24
1.1323015497089875e-24
1.148929662930456e-24
1.1785597423372005e-24
1.2221981420830366e-24
1.2805171975330126e-24
1.3538682828134244e-24
1.4423425376860804e-24
1.5458574221565709e-24
1.664245946351417e-24
1.7973325311712747e-24
1.944988808257663e-24
2.1071697858256227e-24
2.28393440942556e-24
2.475455402099766e-24
2.6820226606584065e-24
2.904043397153099e-24
3.142041171935709e-24
3.396655159027438e-24
3.6686404341444325e-24
3.958869732991406e-24
4.268336933052865e-24
4.59816241635476e-24
4.9496004376852416e-24
5.324048629326124e-24
5.7230598053106456e-24
6.148356277930628e-24
6.6018469633093445e-24
7.085647630616124e-24
7.602104742643822e-24
8.153823446917062e-24
8.743700411004119e-24
9.374962359562921e-24
1.0051211372201643e-23
1.077647825096173e-23
1.1555285578742774e-23
1.2392722483031294e-23
1.329453361744045e-23
1.4267225508783647e-23
1.5318194232182342e-23
1.645587942674269e-23
1.7689951028971718e-23
1.9031536876919513e-23
2.0493501669398793e-23
2.209079083168727e-23
2.3840856892534628e-23
2.5764191348114645e-23
2.7884992106425815e-23
3.023200601935188e-23
3.283959836157036e-23
3.5749117073179146e-23
3.901063955127286e-23
4.2685213192590325e-23
4.6847724537011155e-23
5.1590545705246736e-23
5.702808474592668e-23
6.330224462615512e-23
7.058842391973229e-23
7.910072788490055e-23
8.909274497672458e-23
1.008450136544772e-22
1.1461935800791727e-22
1.3054055559836768e-22
1.4834270130625264e-22
1.669376819309634e-22
1.8396756339702877e-22
1.9599272447157272e-22
2.0006299585271026e-22
1.9578400142392608e-22
1.8547627470819858e-22
1.7230673788605695e-22
1.586814576154136e-22
1.4589799676201775e-22
1.3446044944364006e-22
1.244491025959005e-22
1.1575957277058833e-22
1.0822624276138633e-22
1.0167777400100462e-22
9.595870453868648e-23
9.093563423301647e-23
8.649699671853555e-23
8.255052508957683e-23
7.902018233496322e-23
7.584325979341704e-23
7.296787565477434e-23
7.035090813948725e-23
6.795632327988023e-23
6.575383517767058e-23
6.371783672984616e-23
6.182654632974193e-23
6.006132559775977e-23
5.840613203489339e-23
5.684707827658451e-23
5.537207561063621e-23
5.397054435827834e-23
5.26331777111514e-23
5.135174833072585e-23
5.011894954220795e-23
4.8928264626653446e-23
4.7773859186332034e-23
4.6650492603592715e-23
4.555344554595984e-23
4.447846110589059e-23
4.342169781950266e-23
4.2379693225922e-23
4.1349337092714076e-23
4.032785375596904e-23
3.9312793528311015e-23
