1.3900764362601235e-24
1.3595988874679013e-24
1.3310990287858412e-24
1.3044711980731364e-24
1.2796133149143534e-24
1.2564268767710348e-24
1.2348169627972582e-24
1.214692241578632e-24
1.1959649792754807e-24
1.1785510449804129e-24
1.1623699105166725e-24
1.1473446423819322e-24
1.1334018840568315e-24
1.1204718274220834e-24
1.1084881725396769e-24
1.0973880755312615e-24
1.0871120847158026e-24
1.0776040655363544e-24
1.0688111151073223e-24
1.060683467445607e-24
1.0531743906141514e-24
1.0462400771076265e-24
1.0398395288561411e-24
1.0339344382192205e-24
1.0284890663000387e-24
1.0234701198351981e-24
1.018846627818699e-24
1.0145898189064125e-24
1.01067300052461e-24
1.0070714404830683e-24
1.0037622517675387e-24
1.0007242810683032e-24
9.979380014890579e-25
9.953854097771738e-25
9.93049928323049e-25
9.909163120939188e-25
9.889705605949868e-25
9.871998348893339e-25
9.855923796557102e-25
9.841374502205751e-25
9.828252444663388e-25
9.816468394903252e-25
9.805941328688702e-25
9.796597883662272e-25
9.788371859183003e-25
9.781203757160794e-25
9.775040362119086e-25
9.769834358730052e-25
9.7655439851067e-25
9.762132720192762e-25
9.759569003666333e-25
9.757825986860537e-25
9.756881313298241e-25
9.756716927543445e-25
9.75731891117488e-25
9.758677344801214e-25
9.760786195144258e-25
9.763643226327275e-25
9.767249934615854e-25
9.77161150596165e-25
9.776736795804468e-25
9.782638330684199e-25
9.789332331308853e-25
9.7968387568099e-25
9.805181369999388e-25
9.814387823513055e-25
9.824489766790186e-25
9.835522973893708e-25
9.84752749222028e-25
9.860547812177493e-25
9.874633057929042e-25
9.889837199305401e-25
9.906219284967803e-25
9.923843696877105e-25
9.94278042606494e-25
9.963105369627859e-25
9.984900648757546e-25
1.0008254947491795e-24
1.0033263871703594e-24
1.0060030327651887e-24
1.0088664919184436e-24
1.011928636241322e-24
1.015202191637567e-24
1.0187007827848394e-24
1.0224389788089472e-24
1.0264323398865208e-24
1.0306974644651482e-24
1.0352520367410697e-24
1.0401148739823604e-24
1.0453059732322882e-24
1.0508465568727849e-24
1.0567591164745219e-24
1.063067454308367e-24
1.0697967218452386e-24
1.0769734545298542e-24
1.084625602080397e-24
1.0927825535437117e-24
1.1014751563259145e-24
1.1107357284249373e-24
1.1205980631156661e-24
1.1310974253829469e-24
1.142270539463371e-24
1.154155566946063e-24
1.1667920749930957e-24
1.180220994374392e-24
1.1944845671642443e-24
1.2096262841179923e-24
1.2256908119296454e-24
1.2427239107636195e-24
1.2607723426459858e-24
1.2798837714893348e-24
1.3001066557017638e-24
1.3214901344885685e-24
1.3440839090875708e-24
1.3679381202813314e-24
1.3931032235962806e-24
1.4196298636279941e-24
1.4475687489219046e-24
1.4769705287917047e-24
1.5078856733738287e-24
1.5403643581040808e-24
1.5744563536619991e-24
1.6102109222728974e-24
1.6476767210877214e-24
1.686901713189733e-24
1.727933086606256e-24
1.7708171815463183e-24
1.8155994259361938e-24
1.862324279200561e-24
1.911035184128184e-24
1.96177452657783e-24
2.0145836027148685e-24
2.06950259342783e-24
2.1265705455476192e-24
2.1858253594826145e-24
2.2473037828845067e-24
2.3110414099699823e-24
2.377072686137835e-24
2.445430917539833e-24
2.516148285277377e-24
2.589255863911915e-24
2.6647836439829757e-24
2.7427605582321453e-24
2.8232145112263518e-24
2.906172412063015e-24
2.9916602098237976e-24
3.079702931419812e-24
3.1703247214469234e-24
3.2635488836363304e-24
3.359397923457805e-24
3.457893591397589e-24
3.5590569264048466e-24
3.662908298970473e-24
3.76946745327856e-24
3.878753547852038e-24
3.9907851940992776e-24
4.105580492164201e-24
4.2231570634809856e-24
4.343532079446327e-24
4.466722285635456e-24
4.592744021017372e-24
4.721613231653108e-24
4.853345478405972e-24
4.9879559382366394e-24
5.125459398713303e-24
5.265870245428307e-24
5.4092024420773384e-24
5.555469503033015e-24
5.704684458319723e-24
5.856859810979246e-24
6.012007486902637e-24
6.170138777292566e-24
6.331264274014769e-24
6.4953937981926355e-24
6.662536322497994e-24
6.832699887694434e-24
7.005891514097666e-24
7.182117108720935e-24
7.361381368991677e-24
7.543687684039882e-24
7.729038034676114e-24
7.917432893303763e-24
8.108871125136519e-24
8.303349892221254e-24
8.500864561905338e-24
8.701408621522347e-24
8.904973601214924e-24
9.11154900695698e-24
9.321122265987599e-24
9.533678687016131e-24
9.749201437710605e-24
9.967671542133198e-24
1.0189067900936781e-23
1.0413367337284292e-23
1.0640544671603076e-23
1.087057282842139e-23
1.1103422978677617e-23
1.1339064721018922e-23
1.1577466305727588e-23
1.1818594905030515e-23
1.2062416933647742e-23
