2.6708775144383833e-22
2.657414318538594e-22
2.650127136229953e-22
2.649000939747551e-22
2.6540338266649055e-22
2.6652370200270336e-22
2.682634896845916e-22
2.7062650450577336e-22
2.7361783491086025e-22
2.7724391043979384e-22
2.815125160879094e-22
2.86432809618235e-22
2.920153418698015e-22
2.9827208011223637e-22
3.052164345050293e-22
3.1286328772647766e-22
3.2122902784556196e-22
3.3033158451750714e-22
3.401904685925808e-22
3.508268152351701e-22
3.6226343066016846e-22
3.74524842601685e-22
3.8763735463962973e-22
4.01629104519048e-22
4.1653012660771042e-22
4.323724186485547e-22
4.491900129747103e-22
4.670190523672285e-22
4.858978707480338e-22
5.058670789145458e-22
5.26969655535494e-22
5.492510436439213e-22
5.72759252877764e-22
5.975449677357551e-22
6.236616621347692e-22
6.511657205722634e-22
6.801165662189947e-22
7.1057679628779015e-22
7.42612325046654e-22
7.762925348702384e-22
8.116904357477503e-22
8.48882833694704e-22
8.879505085450117e-22
9.289784016315345e-22
9.720558138978531e-22
1.0172766150199702e-21
1.0647394641565126e-21
1.1145480429885987e-21
1.1668113017537035e-21
1.2216437190314627e-21
1.2791655760854912e-21
1.3395032466298354e-21
1.4027895029421405e-21
1.469163839319999e-21
1.538772813941904e-21
1.6117704102757624e-21
1.688318419262929e-21
1.7685868435915684e-21
1.852754325481244e-21
1.9410085994999598e-21
2.0335469720549526e-21
2.130576829330997e-21
2.2323161755786272e-21
2.338994203816512e-21
2.4508519011730816e-21
2.5681426912676215e-21
2.6911331162441823e-21
2.820103561266174e-21
2.9553490245403857e-21
3.0971799361728007e-21
3.2459230294733534e-21
3.401922268607883e-21
3.565539836871361e-21
3.737157190208675e-21
3.917176181050266e-21
4.106020257974311e-21
4.304135747221693e-21
4.511993222661313e-21
4.730088971426381e-21
4.958946563097705e-21
5.1991185311582076e-21
5.4511881761841864e-21
5.7157715013013206e-21
5.993519291384954e-21
6.285119348744776e-21
6.591298899267048e-21
6.912827184540055e-21
7.25051825703501e-21
7.605233997338742e-21
7.977887374427605e-21
8.369445972356714e-21
8.7809358092603e-21
9.213445477555113e-21
9.668130637622998e-21
1.014621890073509e-20
1.0649015141617032e-20
1.1177907285501292e-20
1.1734372620047456e-20
1.2319984689135343e-20
1.2936420831688807e-20
1.3585470437968834e-20
1.426904400393424e-20
1.4989183075368093e-20
1.5748071185860765e-20
1.65480459056807e-20
1.7391612136468257e-20
1.8281456802562325e-20
1.9220465114695803e-20
2.021173860308755e-20
2.1258615149065403e-20
2.2364691275949772e-20
2.3533846999713826e-20
2.477027358795062e-20
2.607850462480355e-20
2.74634508499073e-20
2.893043930744527e-20
3.048525743349791e-20
3.213420281388607e-20
3.388413946823823e-20
3.574256166350295e-20
3.771766643614391e-20
3.98184362165403e-20
4.205473319502958e-20
4.4437407377551916e-20
4.6978420647396615e-20
4.969098958341122e-20
5.2589750330743576e-20
5.569094945412488e-20
5.901266550314573e-20
6.257506698110312e-20
6.64007135274115e-20
7.051490862477544e-20
7.494611371950615e-20
7.972643584408585e-20
8.489220322365041e-20
9.048464630936419e-20
9.655070510648912e-20
1.0314398758673761e-19
1.1032590832158585e-19
1.1816704037938772e-19
1.2674871761695319e-19
1.3616492524884028e-19
1.4652451342748018e-19
1.5795375475721456e-19
1.7059923379586963e-19
1.8463098940613193e-19
2.002456972626748e-19
2.1766943585674274e-19
2.3715913516881545e-19
2.5900103057401896e-19
2.835031211377242e-19
3.1097648234873765e-19
3.416970350221728e-19
3.7583514177739185e-19
4.1333666829963377e-19
4.5374100059043365e-19
4.959407683605024e-19
5.379428754492605e-19
5.767871511960667e-19
6.088596228388043e-19
6.307413250051109e-19
6.403436239444894e-19
6.376684491510551e-19
6.246642867393039e-19
6.04335586495208e-19
5.797442637503811e-19
5.533847039464236e-19
5.269966543477477e-19
5.016469770274582e-19
4.7790473924247165e-19
4.560107285653354e-19
4.360070011375256e-19
4.1782473194259895e-19
4.0133953822620643e-19
3.864044789577518e-19
3.728687606926065e-19
3.6058770329954765e-19
3.4942753121028823e-19
3.3926721202219044e-19
3.2999866042641154e-19
3.215261012428578e-19
3.137650364644969e-19
3.066410812278868e-19
3.0008879174527933e-19
2.9405057041771173e-19
2.8847566914962607e-19
2.8331930466409684e-19
2.785418790973889e-19
2.7410830912883117e-19
2.6998743500563903e-19
2.661515208017918e-19
2.6257581705497807e-19
2.5923818596733458e-19
2.5611877736415256e-19
2.5319975151375306e-19
2.504650370186112e-19
2.4790012289646126e-19
2.4549187429077195e-19
2.432283812063401e-19
2.410988143286625e-19
2.390933131581065e-19
