1.3842326746246842e-21
1.3989743319038935e-21
1.4167833803022195e-21
1.437697734494896e-21
1.4617619147847551e-21
1.489027142971251e-21
1.5195514524310406e-21
1.5533998129866158e-21
1.5906442705464348e-21
1.6313641020863713e-21
1.6756459861024548e-21
1.723584189093345e-21
1.775280768288577e-21
1.8308457915309086e-21
1.890397573780783e-21
1.9540629324702027e-21
2.021977460117548e-21
2.0942858172612662e-21
2.1711420437407366e-21
2.2527098915627396e-21
2.3391631780579085e-21
2.4306861616209993e-21
2.5274739395372914e-21
2.6297328705460585e-21
2.73768102088123e-21
2.85154863723255e-21
2.971578645139533e-21
3.0980271767928303e-21
3.2311641268080323e-21
3.3712737388812186e-21
3.518655224285492e-21
3.673623413464723e-21
3.836509443085995e-21
4.0076614775141445e-21
4.1874454711816716e-21
4.376245968232852e-21
4.574466945702059e-21
4.782532699647134e-21
5.000888777270625e-21
5.230002957354829e-21
5.470366281130609e-21
5.72249413673691e-21
5.9869273983208236e-21
6.264233623298921e-21
6.555008314329474e-21
6.859876240666815e-21
7.179492831851898e-21
7.514545639823722e-21
7.86575587986018e-21
8.233880044007094e-21
8.619711603963475e-21
9.024082799505485e-21
9.447866517630011e-21
9.891978267643949e-21
1.0357378266388564e-20
1.0845073618237721e-20
1.1356120619331753e-20
1.1891627181057572e-20
1.2452755368170086e-20
1.304072408798764e-20
1.3656811904314504e-20
1.4302360010930972e-20
1.4978775351954432e-20
1.5687533919986127e-20
1.64301842152438e-20
1.7208350897775902e-20
1.8023738638176372e-20
1.8878136158024625e-20
1.977342051726902e-20
2.071156160118466e-20
2.1694626863009537e-20
2.2724786337001903e-20
2.3804317913469053e-20
2.493561288403731e-20
2.6121181845607432e-20
2.736366086421022e-20
2.86658180289265e-20
3.0030560346732445e-20
3.1460940998395045e-20
3.29601670986268e-20
3.4531607707373663e-20
3.617880251755575e-20
3.790547081409947e-20
3.971552111301901e-20
4.161306118666126e-20
4.360240878006353e-20
4.568810291514786e-20
4.7874915623073535e-20
5.0167864802092754e-20
5.257222718984558e-20
5.509355254868924e-20
5.773767836168998e-20
6.05107455342252e-20
6.34192147200915e-20
6.646988377796067e-20
6.966990587356334e-20
7.302680889893728e-20
7.654851560421474e-20
8.024336472844832e-20
8.412013345225663e-20
8.818806046395995e-20
9.245687086065211e-20
9.693680094869757e-20
1.0163862532585984e-19
1.0657368398663539e-19
1.117539110298517e-19
1.1719186371151396e-19
1.2290075253465292e-19
1.2889447227248636e-19
1.3518763174716332e-19
1.4179558653665776e-19
1.487344673423523e-19
1.5602121229522667e-19
1.6367359366820932e-19
1.717102455318585e-19
1.8015068685945834e-19
1.890153415932731e-19
1.9832555323294985e-19
2.0810359369643987e-19
2.183726607645624e-19
2.291568699571813e-19
2.404812290137861e-19
2.523715985673792e-19
2.64854630609696e-19
2.7795768959315207e-19
2.917087374913796e-19
3.0613618986243976e-19
3.2126873387552567e-19
3.3713509339972008e-19
3.5376375142489376e-19
3.711825969493747e-19
3.89418509090835e-19
4.084968741541921e-19
4.2844097940254983e-19
4.492713536656069e-19
4.71004976229304e-19
4.936543768834983e-19
5.172266578998187e-19
5.417223616885545e-19
5.6713428761716775e-19
5.934461996901612e-19
6.206315018862861e-19
6.48651885078563e-19
6.774560441408692e-19
7.069784778834823e-19
7.371385119532175e-19
7.678395844939381e-19
7.989689570080471e-19
8.3039788363088085e-19
8.61982417308693e-19
8.935648621227138e-19
9.249759519099912e-19
9.560377772280717e-19
9.865673509092824e-19
1.0163807691337384e-18
1.0452977685765589e-18
1.0731464258027496e-18
1.0997678168560117e-18
1.1250202656685734e-18
1.1487830249787496e-18
1.17095909474421e-18
1.1914770740599894e-18
1.2102919323955172e-18
1.2273847576321808e-18
1.2427614875484035e-18
1.2564508871053165e-18
1.2685018156993234e-18
1.2789801519346079e-18
1.2879654508210698e-18
1.295547605879955e-18
1.3018236654054456e-18
1.3068948602258707e-18
1.3108640382497899e-18
1.3138334114522497e-18
1.3159028070331602e-18
1.3171681613799983e-18
1.317720559584533e-18
1.317645437785192e-18
1.3170221402560532e-18
1.3159237332272406e-18
1.314416922883246e-18
1.3125622249724523e-18
1.3104141048180798e-18
1.3080213213423215e-18
1.3054273170490527e-18
1.3026704962863881e-18
1.299784660496446e-18
1.2967994870651355e-18
1.293740733254529e-18
1.2906307683172781e-18
1.2874888056447728e-18
1.284331294658315e-18
1.2811721887611043e-18
1.2780232165257772e-18
1.2748941763900876e-18
1.2717930653870438e-18
1.268726404155944e-18
1.2656993106263708e-18
1.2627157572075003e-18
1.2597786095098335e-18
1.2568898752409222e-18
