8.94561397143973e-23
8.946009414607299e-23
8.946379454310894e-23
8.946724875908044e-23
8.947046412498052e-23
8.947344746480024e-23
8.947620511004615e-23
8.947874291318046e-23
8.948106626007951e-23
8.948318008146845e-23
8.948508886341966e-23
8.948679665686648e-23
8.948830708623023e-23
8.948962335711799e-23
8.949074826313794e-23
8.949168419184455e-23
8.94924331298014e-23
8.949299666682497e-23
8.949337599934994e-23
8.949357193298839e-23
8.949358488423617e-23
8.949341488138241e-23
8.949306156455367e-23
8.949252418496716e-23
8.949180160335776e-23
8.949089228754417e-23
8.948979430921172e-23
8.948850533979267e-23
8.948702264556388e-23
8.948534308182464e-23
8.94834630862436e-23
8.94813786713034e-23
8.947908541583829e-23
8.94765784556599e-23
8.94738524732478e-23
8.947090168645736e-23
8.946771983626789e-23
8.946430017349626e-23
8.946063544449115e-23
8.945671787574255e-23
8.945253915737839e-23
8.944809042555991e-23
8.944336224366554e-23
8.943834458226783e-23
8.943302679786601e-23
8.942739761030736e-23
8.942144507884591e-23
8.941515657682166e-23
8.940851876486852e-23
8.94015175626126e-23
8.93941381188088e-23
8.938636477981311e-23
8.93781810564035e-23
8.936956958875956e-23
8.936051210966185e-23
8.935098940571564e-23
8.934098127659774e-23
8.933046649219023e-23
8.931942274753004e-23
8.930782661549907e-23
8.929565349710507e-23
8.92828775692856e-23
8.926947173011977e-23
8.925540754131243e-23
8.92406551678647e-23
8.92251833147458e-23
8.920895916049734e-23
8.919194828757962e-23
8.917411460933331e-23
8.915542029339937e-23
8.913582568142505e-23
8.911528920491124e-23
8.909376729697755e-23
8.907121429990524e-23
8.90475823682289e-23
8.902282136718748e-23
8.899687876630893e-23
8.896969952790442e-23
8.894122599025079e-23
8.891139774517858e-23
8.888015150983297e-23
8.88474209923421e-23
8.8813136751063e-23
8.877722604716233e-23
8.873961269016896e-23
8.870021687620009e-23
8.865895501850529e-23
8.861573956997603e-23
8.857047883721644e-23
8.852307678581344e-23
8.847343283637599e-23
8.842144165089096e-23
8.83669929089777e-23
8.830997107352851e-23
8.825025514525657e-23
8.818771840561417e-23
8.81222281475311e-23
8.805364539343111e-23
8.798182459986123e-23
8.790661334816496e-23
8.782785202048716e-23
8.774537346046509e-23
8.765900261783016e-23
8.756855617620009e-23
8.747384216323219e-23
8.737465954232186e-23
8.727079778496075e-23
8.71620364228383e-23
8.704814457872461e-23
8.692888047510416e-23
8.680399091956636e-23
8.667321076573518e-23
8.653626234870082e-23
8.639285489362492e-23
8.624268389631022e-23
8.608543047435709e-23
8.592076068752403e-23
8.574832482579509e-23
8.55677566636165e-23
8.537867267869493e-23
8.518067123359952e-23
8.497333171845067e-23
8.475621365276347e-23
8.452885574449131e-23
8.42907749041872e-23
8.404146521214189e-23
8.378039683616791e-23
8.350701489762506e-23
8.322073828320321e-23
8.292095839976916e-23
8.260703786949396e-23
8.227830916220807e-23
8.193407316213607e-23
8.157359766535995e-23
8.119611580492655e-23
8.080082439974565e-23
8.038688222323116e-23
7.99534081881717e-23
7.949947944276943e-23
7.902412937392472e-23
7.852634551226824e-23
7.800506733420302e-23
7.745918395504871e-23
7.688753170782183e-23
7.628889160035912e-23
7.566198664485337e-23
7.50054790517653e-23
7.431796728025533e-23
7.359798293584754e-23
7.284398750665817e-23
7.205436892528449e-23
7.122743794735228e-23
7.036142433072626e-23
6.945447280012875e-23
6.850463878232302e-23
6.75098838865228e-23
6.646807111222436e-23
6.537695974932766e-23
6.423419994062542e-23
6.303732686261769e-23
6.178375446935832e-23
6.047076873755696e-23
5.90955203181615e-23
5.765501649060198e-23
5.614611225489492e-23
5.45655003692163e-23
5.290970003342948e-23
5.1175043821715986e-23
4.9357662278589906e-23
4.745346531405819e-23
4.5458119108005496e-23
4.336701651472946e-23
4.117523777797898e-23
3.88774963528429e-23
3.646806096614225e-23
3.3940638360822813e-23
3.128818795981218e-23
2.850261263693645e-23
2.5574210067174543e-23
2.2490626694359163e-23
1.9234680929783692e-23
1.5779299119415637e-23
1.2073837017529351e-23
7.998474406918031e-24
3.1748451970302138e-24
7.463881187872043e-24
5.046517753001239e-24
4.1748362589335586e-24
9.64796803520481e-24
1.484079365596499e-23
2.0076510972806577e-23
2.546350394644923e-23
3.105210455761452e-23
3.687276837287847e-23
4.2947928570452877e-23
4.9296498595052605e-23
5.593585190558288e-23
6.288279754894777e-23
7.015410956690774e-23
7.776684074975339e-23
8.57385253283843e-23
