2.852872408041131e-22
2.8530625567613076e-22
2.8532429956497746e-22
2.8534141076678544e-22
2.853576255972657e-22
2.853729784689193e-22
2.85387501964193e-22
2.854012269047292e-22
2.854141824168729e-22
2.8542639599357425e-22
2.854378935528159e-22
2.8544869949266983e-22
2.854588367431522e-22
2.85468326814929e-22
2.854771898450153e-22
2.854854446395548e-22
2.854931087137532e-22
2.8550019832909655e-22
2.85506728527866e-22
2.855127131650963e-22
2.855181649379848e-22
2.8552309541286295e-22
2.8552751504973093e-22
2.85531433224467e-22
2.8553485824874782e-22
2.8553779738763705e-22
2.8554025687505413e-22
2.855422419269356e-22
2.8554375675234715e-22
2.8554480456235048e-22
2.855453875768263e-22
2.8554550702914875e-22
2.855451631687813e-22
2.8554435526176165e-22
2.855430815891164e-22
2.855413394431584e-22
2.8553912512171158e-22
2.8553643392017013e-22
2.85533260121484e-22
2.8552959698394784e-22
2.855254367267982e-22
2.85520770513655e-22
2.855155884336496e-22
2.8550987948030086e-22
2.855036315280409e-22
2.8549683130636084e-22
2.8548946437151107e-22
2.8548151507569594e-22
2.8547296653369955e-22
2.8546380058686837e-22
2.854539977643803e-22
2.854435372416771e-22
2.8543239679606095e-22
2.854205527592261e-22
2.8540797996676273e-22
2.853946517044044e-22
2.853805396509867e-22
2.853656138179445e-22
2.8534984248521677e-22
2.8533319213348145e-22
2.853156273724677e-22
2.852971108652731e-22
2.8527760324849925e-22
2.8525706304798745e-22
2.8523544659006033e-22
2.8521270790795663e-22
2.851887986433567e-22
2.851636679427381e-22
2.8513726234830432e-22
2.8510952568331055e-22
2.850803989314604e-22
2.8504982011017366e-22
2.850177241373895e-22
2.849840426916387e-22
2.849487040650457e-22
2.8491163300896846e-22
2.84872750571899e-22
2.84831973929247e-22
2.847892162046803e-22
2.8474438628254877e-22
2.8469738861099813e-22
2.846481229953505e-22
2.8459648438120346e-22
2.8454236262684534e-22
2.844856422643748e-22
2.8442620224902824e-22
2.843639156961162e-22
2.842986496049718e-22
2.842302645691935e-22
2.841586144726179e-22
2.8408354617021303e-22
2.8400489915315467e-22
2.839225051973098e-22
2.8383618799426535e-22
2.837457627640189e-22
2.836510358483727e-22
2.8355180428405973e-22
2.8344785535456835e-22
2.8333896611949207e-22
2.832249029203101e-22
2.8310542086130783e-22
2.8298026326433844e-22
2.8284916109604246e-22
2.8271183236605023e-22
2.8256798149459607e-22
2.824172986479162e-22
2.822594590396447e-22
2.820941221963737e-22
2.819209311853922e-22
2.8173951180247246e-22
2.8154947171753963e-22
2.8135039957576525e-22
2.811418640516108e-22
2.8092341285310854e-22
2.8069457167348983e-22
2.8045484308712577e-22
2.802037053864549e-22
2.7994061135643545e-22
2.7966498698278297e-22
2.793762300899228e-22
2.7907370890442843e-22
2.7875676053929326e-22
2.7842468939409486e-22
2.7807676546572317e-22
2.7771222256398484e-22
2.773302564258271e-22
2.769300227216345e-22
2.765106349463609e-22
2.760711621877193e-22
2.756106267630653e-22
2.751280017158543e-22
2.7462220816178283e-22
2.740921124738896e-22
2.735365232949213e-22
2.7295418836423703e-22
2.723437911453522e-22
2.7170394723892355e-22
2.7103320056454347e-22
2.7033001929310267e-22
2.6959279150969156e-22
2.6881982058493974e-22
2.6800932023054116e-22
2.671594092120685e-22
2.662681056893403e-22
2.6533332115146213e-22
2.643528539098341e-22
2.6332438210844273e-22
2.622454562059518e-22
2.6111349087870776e-22
2.5992575628777366e-22
2.5867936864590536e-22
2.5737128001256526e-22
2.5599826723553064e-22
2.5455691994729456e-22
2.530436275117989e-22
2.514545648029695e-22
2.497856766797573e-22
2.4803266100299058e-22
2.461909500166642e-22
2.4425568988966022e-22
2.422217181825112e-22
2.4008353896680926e-22
2.3783529528101835e-22
2.354707385542228e-22
2.3298319456714646e-22
2.303655254451409e-22
2.2761008708815115e-22
2.2470868133436146e-22
2.216525020227846e-22
2.1843207396009653e-22
2.150371836011011e-22
2.1145680001145974e-22
2.076789843836888e-22
2.0369078600770839e-22
1.9947812213541747e-22
1.9502563859850072e-22
1.9031654730525527e-22
1.8533243580923224e-22
1.8005304294765714e-22
1.7445599300673753e-22
1.6851647886875362e-22
1.6220688197406702e-22
1.5549631346931664e-22
1.4835005630231592e-22
1.407288818270171e-22
1.3258820607397965e-22
1.2387703932525194e-22
1.1453666671409285e-22
1.0449897540305984e-22
9.368431295288022e-23
8.199871885439479e-23
6.933031620783058e-23
5.554460164622655e-23
4.0478488115936285e-23
2.3934917734300997e-23
5.749754739198148e-24
1.4820128383140558e-23
3.7634072813322853e-23
6.351457004604064e-23
9.319464630035141e-23
1.27721178929992e-22
