1.9841422829144234e-22
1.9912679584117147e-22
1.9979811494713065e-22
2.0042961020480535e-22
2.010226216293777e-22
2.0157840750254488e-22
2.0209814704513774e-22
2.02582942921133e-22
2.0303382357849405e-22
2.0345174543173618e-22
2.03837594890933e-22
2.041921902413918e-22
2.0451628337804678e-22
2.0481056139821154e-22
2.0507564805603026e-22
2.05312105081731e-22
2.0552043336840666e-22
2.057010740288312e-22
2.0585440932447687e-22
2.0598076346867068e-22
2.060804033055133e-22
2.061535388659421e-22
2.0620032380199418e-22
2.0622085570013852e-22
2.0621517627423524e-22
2.0618327143834021e-22
2.061250712594968e-22
2.060404497901311e-22
2.059292247796492e-22
2.057911572643525e-22
2.0562595103467167e-22
2.054332519783035e-22
2.0521264729766835e-22
2.0496366459971476e-22
2.0468577085587856e-22
2.043783712296361e-22
2.040408077688359e-22
2.0367235795959856e-22
2.0327223313833892e-22
2.028395767580166e-22
2.023734625044319e-22
2.018728922580145e-22
2.0133679389612452e-22
2.0076401893050824e-22
2.0015333997417374e-22
1.9950344803143223e-22
1.988129496044482e-22
1.9808036360918445e-22
1.973041180930419e-22
1.9648254674605283e-22
1.9561388519687474e-22
1.9469626708423862e-22
1.93727719893973e-22
1.9270616055089243e-22
1.9162939075437345e-22
1.904950920454742e-22
1.8930082059287114e-22
1.8804400168390755e-22
1.86721923906249e-22
1.8533173300471284e-22
1.8387042539674535e-22
1.8233484132909394e-22
1.8072165765692922e-22
1.7902738022562798e-22
1.7724833583397769e-22
1.7538066375625704e-22
1.7342030679913895e-22
1.71363001867811e-22
1.6920427001386135e-22
1.6693940593584287e-22
1.645634669012755e-22
1.6207126105681924e-22
1.5945733509103084e-22
1.5671596121165234e-22
1.5384112339674754e-22
1.5082650287609088e-22
1.4766546279616338e-22
1.44351032018714e-22
1.4087588799929275e-22
1.3723233868817813e-22
1.3341230339194907e-22
1.2940729252932971e-22
1.252083862100396e-22
1.2080621156004743e-22
1.161909187108115e-22
1.1135215536415756e-22
1.0627903983782626e-22
1.0096013249015217e-22
9.538340541578479e-23
8.953621029846639e-23
8.340524430328918e-23
7.697651389226364e-23
7.023529646154519e-23
6.316609974416405e-23
5.575261905148309e-23
4.797769279820834e-23
3.9823257939859634e-23
3.127031141398796e-23
2.2298905707749017e-23
1.2888381829246855e-23
3.023531720740171e-24
7.352343703341596e-24
1.8219311125550325e-23
2.962497399383894e-23
4.1595236611746183e-23
5.415900292662532e-23
6.734699843553875e-23
8.119174136299493e-23
9.572762633445936e-23
1.1099103727873272e-22
1.2702047561743468e-22
1.4385670091646672e-22
1.6154288382215897e-22
1.8012477195887618e-22
1.996508698491441e-22
2.201726341558321e-22
2.417446857558499e-22
2.6442504035051293e-22
2.8827535954518517e-22
3.133612245627302e-22
3.397524350442116e-22
3.675233356852967e-22
3.9675317381861916e-22
4.275264914587028e-22
4.599335558078182e-22
4.940708327300083e-22
5.300415083517337e-22
5.679560646326712e-22
6.079329156281251e-22
6.500991121018172e-22
6.945911233160866e-22
7.415557059476837e-22
7.911508722937639e-22
8.435469703685964e-22
8.989278926560915e-22
9.574924306342572e-22
1.0194557971264997e-21
1.0850513403578714e-21
1.1545324801531667e-21
1.2281748983176344e-21
1.3062790271503728e-21
1.3891728781215879e-21
1.4772152745954945e-21
1.5707995525590467e-21
1.6703578087697362e-21
1.7763657999279558e-21
1.8893486084294352e-21
2.009887214773324e-21
2.138626163327384e-21
2.2762825200893442e-21
2.4236564121693898e-21
2.5816434517666938e-21
2.7512494751814824e-21
2.9336081196981432e-21
3.1300018322392532e-21
3.3418872979460913e-21
3.570926136106084e-21
3.819022380150229e-21
4.0883686180704226e-21
4.381502918095078e-21
4.701380061015214e-21
5.051460846072545e-21
5.435825744855755e-21
5.859320461584395e-21
6.327744551336808e-21
6.848099141893397e-21
7.428915322504934e-21
8.080697751175433e-21
8.816530596590052e-21
9.65292332945442e-21
1.0611010139960696e-20
1.171829524745719e-20
1.3011247563931451e-20
1.4539283858188498e-20
1.6371074382129404e-20
1.8604938640656448e-20
2.1386785653622377e-20
2.4942882364004514e-20
2.9644000848604084e-20
3.614270471259088e-20
4.570378344898343e-20
6.11418100362317e-20
9.023983265037565e-20
1.6531040735845266e-19
7.677235609924922e-19
2.921820446666699e-19
1.2809307818999578e-19
8.32389201132497e-20
6.233556546652479e-20
5.025004531513623e-20
4.237817655990171e-20
3.684540394962122e-20
3.2745176589848593e-20
2.958559188481157e-20
2.707663654508081e-20
2.5036249866228276e-20
2.334436180383745e-20
2.19185637958745e-20
2.0700415533135977e-20
1.9647309928578733e-20
1.8727444448699776e-20
