1.343969487813898e-24
1.314183054012451e-24
1.2864004717901515e-24
1.260513483433957e-24
1.2364172748388746e-24
1.2140105038817308e-24
1.1931953380551694e-24
1.1738774966061133e-24
1.1559662926614361e-24
1.1393746712147237e-24
1.1240192393762913e-24
1.1098202859371807e-24
1.0967017879146875e-24
1.0845914024896128e-24
1.0734204433892146e-24
1.0631238414166867e-24
1.0536400893818795e-24
1.0449111721661698e-24
1.0368824830460458e-24
1.0295027276835588e-24
1.0227238174257122e-24
1.0165007536123712e-24
1.0107915047037263e-24
1.005556877971179e-24
1.0007603874470139e-24
9.963681197051004e-25
9.923485989467076e-25
9.886726526282898e-25
9.853132788271626e-25
9.822455162538196e-25
9.794463177487543e-25
9.768944279008555e-25
9.74570265297555e-25
9.724558098029435e-25
9.70534495112429e-25
9.687911067591527e-25
9.672116856521941e-25
9.657834371556582e-25
9.644946456411292e-25
9.633345944167933e-25
9.62293490905897e-25
9.613623968512883e-25
9.60533163401954e-25
9.59798370835004e-25
9.591512726974927e-25
9.585857441255726e-25
9.580962341349787e-25
9.576777216310687e-25
9.573256749075194e-25
9.570360144316967e-25
9.568050786961382e-25
9.566295929167362e-25
9.565066404200956e-25
9.564336364824646e-25
9.56408304506456e-25
9.564286543085561e-25
9.564929624303615e-25
9.565997542669863e-25
9.567477879266284e-25
9.569360396644424e-25
9.571636908073583e-25
9.57430116035428e-25
9.577348729319555e-25
9.580776927317627e-25
9.584584721338162e-25
9.588772661775737e-25
9.593342820434024e-25
9.59829873757892e-25
9.603645377249288e-25
9.609389090497514e-25
9.615537585787469e-25
9.622099906572368e-25
9.629086415290635e-25
9.636508783444858e-25
9.64437998776204e-25
9.652714311941209e-25
9.661527353629047e-25
9.67083603666306e-25
9.680658628490476e-25
9.691014761713589e-25
9.701925461068896e-25
9.713413174271016e-25
9.725501807768238e-25
9.738216766046737e-25
9.751584995956133e-25
9.76563503420191e-25
9.78039705967047e-25
9.79590294859033e-25
9.812186334797416e-25
9.829282672538018e-25
9.847229302925689e-25
9.86606552472305e-25
9.885832667761412e-25
9.906574169653647e-25
9.928335654930616e-25
9.951165018628456e-25
9.97511251084792e-25
1.0000230824326894e-24
1.0026575183851266e-24
1.0054203438105298e-24
1.0083176152307516e-24
1.0113556701353813e-24
1.0145411365839249e-24
1.0178809423539502e-24
1.0213823246498187e-24
1.0250528392233758e-24
1.0289003695262865e-24
1.0329331356105938e-24
1.0371597027110132e-24
1.0415889893117256e-24
1.0462302750994476e-24
1.051093207811647e-24
1.0561878100591108e-24
1.0615244848876898e-24
1.0671140207046391e-24
1.0729675954364305e-24
1.0790967795617084e-24
1.0855135378931528e-24
1.0922302304287384e-24
1.0992596118564e-24
1.1066148296493969e-24
1.114309421334494e-24
1.1223573092018148e-24
1.1307727950780703e-24
1.1395705522700083e-24
1.1487656173536583e-24
1.158373379475084e-24
1.1684095688737842e-24
1.178890244807127e-24
1.1898317802511588e-24
1.2012508486252762e-24
1.2131644065373079e-24
1.225589678468038e-24
1.2385441389081983e-24
1.2520454964479447e-24
1.2661116748336075e-24
1.2807607973179006e-24
1.2960111707189204e-24
1.3118812678302694e-24
1.3283897147471133e-24
1.345555276304039e-24
1.3633968455662836e-24
1.3819334331361992e-24
1.401184160608383e-24
1.421168253351285e-24
1.4419050403262399e-24
1.4634139526791903e-24
1.4857145279225714e-24
1.5088264127298418e-24
1.532769377448523e-24
1.5575633248064797e-24
1.5832283082499865e-24
1.6097845475567332e-24
1.6372524543266984e-24
1.6656526606811643e-24
1.695006040681797e-24
1.725333750306028e-24
1.7566572588688794e-24
1.7889983915531394e-24
1.8223793645339827e-24
1.8568228408996734e-24
1.8923519709045036e-24
1.9289904379010875e-24
1.9667625286445008e-24
2.0056931749247624e-24
2.04580801880989e-24
2.087133479232643e-24
2.1296968083350396e-24
2.1735261676129693e-24
2.2186507045479914e-24
2.2651006148483223e-24
2.312907231245181e-24
2.3621031138698093e-24
2.412722120662701e-24
2.4647995135143866e-24
2.518372051504742e-24
2.573478088595286e-24
2.6301576917014174e-24
2.6884527595296102e-24
2.7484071277464034e-24
2.810066705259352e-24
2.873479624463147e-24
2.938696382531287e-24
3.005769986568192e-24
3.0747561378958624e-24
3.1457133985747186e-24
3.2187033780549302e-24
3.293790982830269e-24
3.371044555046854e-24
3.450536162995331e-24
3.532341847627227e-24
3.61654187580524e-24
3.703221050647732e-24
3.7924689507282056e-24
3.884380334652867e-24
3.979055471831604e-24
4.076600480022939e-24
4.177127747888019e-24
4.280756392709736e-24
4.3876126415080564e-24
4.4978303647948334e-24
