1.6882907189531192e-23
1.688454218306554e-23
1.6886067774685538e-23
1.6887487158237564e-23
1.688880330601159e-23
1.6890018974715492e-23
1.689113671102118e-23
1.6892158856691916e-23
1.6893087553299785e-23
1.689392474654028e-23
1.689467219015208e-23
1.6895331449447493e-23
1.6895903904460248e-23
1.6896390752715804e-23
1.6896793011627888e-23
1.6897111520526303e-23
1.6897346942317732e-23
1.6897499764783828e-23
1.6897570301516134e-23
1.6897558692491615e-23
1.689746490428652e-23
1.689728872993109e-23
1.6897029788401255e-23
1.6896687523747932e-23
1.689626120386091e-23
1.6895749918863213e-23
1.6895152579134198e-23
1.689446791295345e-23
1.6893694463764605e-23
1.6892830587048224e-23
1.6891874446800943e-23
1.689082401160943e-23
1.6889677050314155e-23
1.6888431127249856e-23
1.6887083597056214e-23
1.6885631599043896e-23
1.688407205110679e-23
1.6882401643164715e-23
1.6880616830125587e-23
1.6878713824348706e-23
1.6876688587595287e-23
1.6874536822448387e-23
1.6872253963183803e-23
1.686983516607184e-23
1.6867275299091154e-23
1.6864568931030337e-23
1.6861710319956073e-23
1.6858693401021638e-23
1.6855511773591373e-23
1.6852158687652045e-23
1.6848627029484218e-23
1.6844909306560232e-23
1.684099763164068e-23
1.6836883706030548e-23
1.6832558801964913e-23
1.6828013744081405e-23
1.6823238889944262e-23
1.6818224109575832e-23
1.6812958763952995e-23
1.6807431682423393e-23
1.680163113899184e-23
1.6795544827427483e-23
1.678915983513896e-23
1.6782462615760746e-23
1.677543896039386e-23
1.6768073967438544e-23
1.676035201095458e-23
1.675225670748343e-23
1.6743770881259058e-23
1.6734876527735582e-23
1.6725554775352133e-23
1.671578584545532e-23
1.6705549010292212e-23
1.669482254898421e-23
1.6683583701389628e-23
1.6671808619754093e-23
1.6659472318048018e-23
1.664654861887964e-23
1.6633010097874332e-23
1.6618828025396938e-23
1.6603972305495796e-23
1.658841141193595e-23
1.6572112321184958e-23
1.655504044220788e-23
1.6537159542920513e-23
1.65184316731433e-23
1.6498817083890432e-23
1.6478274142820538e-23
1.6456759245666716e-23
1.643422672345597e-23
1.641062874531676e-23
1.6385915216666706e-23
1.6360033672557865e-23
1.6332929165951545e-23
1.630454415067815e-23
1.6274818358829725e-23
1.6243688672316403e-23
1.621108898831055e-23
1.6176950078279665e-23
1.6141199440304975e-23
1.6103761144356634e-23
1.6064555670189544e-23
1.6023499737498563e-23
1.5980506127958318e-23
1.593548349875379e-23
1.5888336187180625e-23
1.5838964005883125e-23
1.5787262028263713e-23
1.5733120363580064e-23
1.567642392121544e-23
1.5617052163581204e-23
1.555487884708404e-23
1.5489771750540136e-23
1.5421592390416967e-23
1.535019572219787e-23
1.5275429827181307e-23
1.5197135583905498e-23
1.5115146323435204e-23
1.502928746758598e-23
1.4939376149201205e-23
1.484522081342656e-23
1.474662079898398e-23
1.4643365898182585e-23
1.4535235894488406e-23
1.4422000076246606e-23
1.4303416725012296e-23
1.4179232576935554e-23
1.4049182255224773e-23
1.3912987671787193e-23
1.3770357395629914e-23
1.3620985985473802e-23
1.3464553283583752e-23
1.3300723667401637e-23
1.3129145254925259e-23
1.2949449059132795e-23
1.2761248085808905e-23
1.2564136368022722e-23
1.2357687928848063e-23
1.2141455662097021e-23
1.1914970118343056e-23
1.1677738179582583e-23
1.1429241601826769e-23
1.116893539811565e-23
1.0896246025487643e-23
1.0610569327757468e-23
1.0311268167558781e-23
9.997669656051696e-24
9.669061852912628e-24
9.324689751782755e-24
8.963750286948516e-24
8.58538596626244e-24
8.188676538619049e-24
7.772627781430504e-24
7.336155975191987e-24
6.878065760056443e-24
6.397017601087519e-24
5.8914785866766316e-24
5.359646113434972e-24
4.7993278091206956e-24
4.2077564122124654e-24
3.581347030042066e-24
2.9156946162761357e-24
2.2085260740668175e-24
1.493608278106393e-24
1.243983207234145e-24
4.014772122464231e-24
4.5441947313637685e-24
1.3680943863370494e-24
1.6336647240050529e-24
2.54510521056563e-24
3.536526769186032e-24
4.5625083849680144e-24
5.624099098553157e-24
6.726125014516943e-24
7.873084884778144e-24
9.068920951208147e-24
1.0317200761586429e-23
1.1621284126838297e-23
1.2984438372604842e-23
1.440991481963924e-23
1.5901000373653918e-23
1.7461053649522447e-23
1.9093531474193592e-23
2.0802009370952727e-23
2.2590198246546918e-23
2.446195867656292e-23
2.6421313683643768e-23
2.8472460645556713e-23
3.061978265650153e-23
3.2867859695768425e-23
3.522147976538915e-23
3.7685650152857463e-23
4.0265608896133384e-23
4.296683659109456e-23
4.579506863167516e-23
4.8756307788343275e-23
5.1856837424751836e-23
5.510323516605663e-23
5.850238727302618e-23
6.206150360606761e-23
6.57881332104046e-23
