4.0258969389092475e-21
4.133786139836109e-21
4.2503071126274086e-21
4.375686254057022e-21
4.510166831211933e-21
4.6540093024579476e-21
4.8074917008088296e-21
4.970909993270465e-21
5.144578496096678e-21
5.3288302793646545e-21
5.524017617705629e-21
5.730512438357494e-21
5.9487067942193714e-21
6.179013347756495e-21
6.42186587654403e-21
6.6777197807355906e-21
6.94705261719928e-21
7.2303646290753e-21
7.528179290172463e-21
7.84104386279217e-21
8.169529947279395e-21
8.514234037682103e-21
8.87577809375341e-21
9.254810076894556e-21
9.65200452063446e-21
1.0068063059333e-20
1.050371497387387e-20
1.0959717685791288e-20
1.1436857295877539e-20
1.1935949001906825e-20
1.2457837614646534e-20
1.3003397937397028e-20
1.3573535159165537e-20
1.4169185210497714e-20
1.4791315057819123e-20
1.5440922967690877e-20
1.6119038684636053e-20
1.6826723612438206e-20
1.7565070841743237e-20
1.8335205191605025e-20
1.913828312478678e-20
1.997549262320433e-20
2.0848052929158577e-20
2.175721421205931e-20
2.270425719547964e-20
2.3690492616286653e-20
2.4717260595885008e-20
2.5785929945055467e-20
2.689789730770304e-20
2.8054586212886825e-20
2.9257446075033463e-20
3.050795095581545e-20
3.180759835663439e-20
3.315790776171433e-20
3.456041922997294e-20
3.601669169618971e-20
3.7528301410652827e-20
3.9096839998025204e-20
4.072391273339325e-20
4.2411136556608724e-20
4.4160138009357546e-20
4.5972551290187576e-20
4.785001607743779e-20
4.979417548129632e-20
5.180667394608965e-20
5.3889155012848253e-20
5.604325945267632e-20
5.82706230908277e-20
6.057287495341113e-20
6.295163537100152e-20
6.540851416807394e-20
6.794510917840494e-20
7.056300468737768e-20
7.326377001058582e-20
7.604895867249204e-20
7.892010727776907e-20
8.1878734778553e-20
8.492634208454727e-20
8.806441193253762e-20
9.12944086602507e-20
9.46177786472933e-20
9.803595097568971e-20
1.0155033777652266e-19
1.051623354316151e-19
1.0887332650422196e-19
1.1268467977295832e-19
1.165977535749907e-19
1.2061389804163803e-19
1.2473445294014444e-19
1.2896075691004623e-19
1.332941448777593e-19
1.3773595150377258e-19
1.422875146673271e-19
1.4695017976924149e-19
1.517252976095042e-19
1.5661423279230171e-19
1.6161836281929037e-19
1.6673908274035698e-19
1.7197780802468765e-19
1.7733597186691552e-19
1.8281503777698268e-19
1.884164921119017e-19
1.9414185314220702e-19
1.9999266527497404e-19
2.0597051415642736e-19
2.120770041723501e-19
2.1831379583044345e-19
2.246825600382066e-19
2.31185034213481e-19
2.378229617804085e-19
2.4459814577306163e-19
2.5151240752017606e-19
2.5856762534734144e-19
2.6576569273000866e-19
2.7310853731629177e-19
2.8059812619118495e-19
2.8823645709339438e-19
2.9602554328162964e-19
3.039674303364188e-19
3.120641648253386e-19
3.2031783724205752e-19
3.2873052722581175e-19
3.3730433681018707e-19
3.460413392859673e-19
3.549436499453705e-19
3.6401332199364527e-19
3.7325245712211116e-19
3.8266307928450775e-19
3.9224716806300107e-19
4.0200676417425707e-19
4.1194371432876144e-19
4.220599523327738e-19
4.323572340892992e-19
4.428373505697442e-19
4.535019113706395e-19
4.643524722350737e-19
4.753904685755386e-19
4.866173332034751e-19
4.980341808736413e-19
5.096421060275477e-19
5.214419846467687e-19
5.33434669842619e-19
5.456206358546603e-19
5.580002726432656e-19
5.705737708111179e-19
5.833411902196891e-19
5.963021122500408e-19
6.094561515141388e-19
6.228023799016235e-19
6.363398388602968e-19
6.500671132610561e-19
6.639825175782621e-19
6.780839584550749e-19
6.923695365326951e-19
7.068362856283766e-19
7.214810269809034e-19
7.363007936651663e-19
7.512914017908781e-19
7.664487313771133e-19
7.81768494813298e-19
7.972452189886405e-19
8.128741753551062e-19
8.286486695913387e-19
8.445629280634121e-19
8.606099687093069e-19
8.767829985122361e-19
8.930739351738686e-19
9.094753443123774e-19
9.259777615480362e-19
9.425731116153195e-19
9.592517431164211e-19
9.76004657396746e-19
9.928205438112936e-19
1.0096894374786618e-18
1.0266003932208062e-18
1.0435432722991549e-18
1.0605057654251192e-18
1.0774744517833458e-18
1.094439125415276e-18
1.1113866038175429e-18
1.1283063283242536e-18
1.1451850215805566e-18
1.1620081836542821e-18
1.1787642931070278e-18
1.195440759052878e-18
1.2120223649541463e-18
1.2284981810161139e-18
1.244858030836357e-18
1.2610827680995587e-18
1.2771670060268595e-18
1.2930945272208632e-18
1.30885302849884e-18
1.3244291126823767e-18
1.3398129166672833e-18
1.3550005465772094e-18
1.3699699387901454e-18
1.3847154724257478e-18
1.3992223741137447e-18
1.4134911621257281e-18
1.4275062559518586e-18
1.4412585488919353e-18
