1.251823690374288e-12
1.1363580692900852e-12
1.0319322190229267e-12
9.380913028998723e-13
8.539659800820287e-13
7.783749428868175e-13
7.113120590732545e-13
6.510522612981074e-13
5.976681950988709e-13
5.50377409507036e-13
5.085637940431285e-13
4.716897814745461e-13
4.3939953224393365e-13
4.1126839103721343e-13
3.8674236669714914e-13
3.6567092041702957e-13
3.4759567121163485e-13
3.3229949891781236e-13
3.194673166960646e-13
3.087810974456084e-13
3.000068719939642e-13
2.930818472891117e-13
2.877416417702563e-13
2.837813737040902e-13
2.811246746440237e-13
2.794762072805843e-13
2.7889325505544154e-13
2.7908834108984216e-13
2.801714561850595e-13
2.8178240819278736e-13
2.8401011564314707e-13
2.8671060650155044e-13
2.898165598306261e-13
2.9329961432605164e-13
2.970515411627472e-13
3.0111225967583617e-13
3.0534588734332047e-13
3.096951328862913e-13
3.1422175387836545e-13
3.188145721831814e-13
3.2347478108725253e-13
3.281954523588733e-13
3.3291930817550987e-13
3.3760772656229196e-13
3.422706571518228e-13
3.4689614073617507e-13
3.5150004918107897e-13
3.5603175265007125e-13
3.6048337853610404e-13
3.648981087059196e-13
3.6916125058782353e-13
3.7335300526664037e-13
3.774967447159464e-13
3.814916109092713e-13
3.8539986837280804e-13
3.8917428068954065e-13
3.9285252397247026e-13
3.964344945151879e-13
3.999144127804256e-13
4.0330030426347707e-13
4.0655076970457335e-13
4.097278359168547e-13
4.1278764356277713e-13
4.1570427729780503e-13
4.185764212337442e-13
4.2131324370906673e-13
4.2393936002341543e-13
4.265217403106475e-13
4.2897503845953145e-13
4.3134077029977735e-13
4.336054126228935e-13
4.358313811634572e-13
4.379351180167532e-13
4.399640116948134e-13
4.4189678836478727e-13
4.437911406866481e-13
4.455895899887621e-13
4.4733255941652143e-13
4.49005935149258e-13
4.505777958110367e-13
4.5211718416339286e-13
4.535751976992717e-13
4.549926896964793e-13
4.56327660810724e-13
4.576301917416124e-13
4.588623344116774e-13
4.600594736987639e-13
4.612042216163851e-13
4.622855541482582e-13
4.633369649565653e-13
4.643449132606859e-13
4.653104142709566e-13
4.662123856524379e-13
4.670932693459594e-13
4.679401191907307e-13
4.687341870581154e-13
4.69518379786557e-13
4.702385357464789e-13
4.709589055634469e-13
4.716260323498477e-13
4.722625186116911e-13
4.728990364375927e-13
4.734815278010068e-13
4.740437814703511e-13
4.745857525391605e-13
4.75113793722471e-13
4.755999472289152e-13
4.760728907643349e-13
4.765240786480743e-13
4.769681592539389e-13
4.773797270422205e-13
4.777783687192364e-13
4.781379649341809e-13
4.785090994571575e-13
4.788430081375357e-13
4.791807355199708e-13
4.794972530631059e-13
4.797910251217283e-13
4.800950689167875e-13
4.803661649582552e-13
4.806276459271458e-13
4.808777002971153e-13
4.811135701423217e-13
4.813531941107437e-13
4.815693602670378e-13
4.817795631315432e-13
4.819780452100477e-13
4.821719671823853e-13
4.823505216474003e-13
4.825269231200635e-13
4.826926475359067e-13
4.828530157508249e-13
4.830054744122676e-13
4.831491828983437e-13
4.832855994970394e-13
4.834218588226754e-13
4.835508105216944e-13
4.836704733968099e-13
4.837831361073461e-13
4.838935745891816e-13
4.839994738274798e-13
4.840994820500931e-13
4.841981150762087e-13
4.842879587778647e-13
4.843819411941104e-13
4.84458821453565e-13
4.845426200310079e-13
4.846151462743745e-13
4.846913322853209e-13
4.847601149852992e-13
4.848242462169362e-13
4.8488641093345e-13
4.849489620535144e-13
4.850040205660401e-13
4.850587947025416e-13
4.851139291830963e-13
4.851585268961313e-13
4.852081431264838e-13
4.852531324177097e-13
4.852983399769619e-13
4.853380161623576e-13
4.853786937311279e-13
4.854177366898094e-13
4.854527762991498e-13
4.854838953578432e-13
4.855199391685162e-13
4.85552853320929e-13
4.855777758822427e-13
4.856077314553614e-13
4.856347565787685e-13
4.856584475353284e-13
4.856808281686717e-13
4.857036263093241e-13
4.857271809838504e-13
4.857450188528723e-13
4.857650420222416e-13
4.857828449572695e-13
4.858002911468529e-13
4.858159400010041e-13
4.858318442224403e-13
4.858456248847955e-13
4.858608330509314e-13
4.858729188448691e-13
4.858824461010719e-13
4.858946164988178e-13
4.85903279637459e-13
4.859131394867705e-13
4.859221437776241e-13
4.859299368321328e-13
4.859361736273002e-13
4.859438938043384e-13
4.859495639498868e-13
4.859545605583469e-13
4.859599116491257e-13
4.859619395214514e-13
4.859659527037421e-13
4.859705676123216e-13
4.859701653014694e-13
4.859719933833222e-13
4.859725725165619e-13
4.85973455316801e-13
