4.09970899692959e-11
4.10695799288299e-11
4.013156705683906e-11
3.8195637398288877e-11
3.724517758523734e-11
3.4634279190141845e-11
3.392980236240419e-11
3.263098328205949e-11
3.209509700860077e-11
2.9906254380082796e-11
2.940195041726242e-11
2.8417169273880927e-11
2.722349646041723e-11
2.6345357069012192e-11
2.484260522061527e-11
2.4359576339911107e-11
2.308604816329831e-11
2.266206069052969e-11
2.180515401487993e-11
2.1018311130690443e-11
1.98097710372489e-11
1.9101277601464496e-11
1.8897695302134948e-11
1.7901418937019288e-11
1.746283890496774e-11
1.6422355033339565e-11
1.6080790246961917e-11
1.511264558681172e-11
1.482528105074735e-11
1.4198853080763694e-11
1.3486503504258808e-11
1.2854714075194122e-11
1.228550591319937e-11
1.187020123721467e-11
1.1393522422651829e-11
1.0873727649261956e-11
1.0567245537608994e-11
1.0036314056606784e-11
9.546274161186236e-12
9.284736712088472e-12
8.82093385518874e-12
8.4337969169544e-12
8.084262367623275e-12
7.729092052793857e-12
7.352230327483792e-12
7.084448602709004e-12
6.769121236181088e-12
6.473287465032913e-12
6.190798319411608e-12
5.886043590077024e-12
5.680372467976477e-12
5.3752633843437e-12
5.1781856161736085e-12
4.9309858688763955e-12
4.7075933295883895e-12
4.489104375651567e-12
4.291225389311469e-12
4.110194821394683e-12
3.908068792720276e-12
3.7172688061662264e-12
3.5498811748642593e-12
3.3858813480918644e-12
3.234411443609857e-12
3.0747943401084116e-12
2.9389070724608334e-12
2.8066055252377697e-12
2.6669703162771196e-12
2.540393945404326e-12
2.4135871032907567e-12
2.307354094772354e-12
2.1908039389936428e-12
2.0807817538100567e-12
1.980187420193516e-12
1.8853973721258795e-12
1.7920615717591928e-12
1.700437331424328e-12
1.6201993845430635e-12
1.5363468656313938e-12
1.4583371718280701e-12
1.3850589161714736e-12
1.3126573012408746e-12
1.2446792493936143e-12
1.1783291784735796e-12
1.1162442750545826e-12
1.0580949424584278e-12
1.0017362950427357e-12
9.463579184503884e-13
8.955009597603091e-13
8.460920631657057e-13
7.985246644148386e-13
7.533461982083312e-13
7.109601049975717e-13
6.699280549982216e-13
6.303909362041959e-13
5.931278539087508e-13
5.581948108210357e-13
5.2362691967029e-13
4.915480930596249e-13
4.604849680672195e-13
4.313148639873819e-13
4.0331194533208636e-13
3.76669229077598e-13
3.5129269610707574e-13
3.271518572637695e-13
3.0420173909580583e-13
2.8238751018409583e-13
2.6166458465767947e-13
2.419189419866884e-13
2.233176353835487e-13
2.0560371334200307e-13
1.888108832432165e-13
1.7298751665018266e-13
1.5798437380773459e-13
1.4384702784943548e-13
1.3045489978814659e-13
1.1787122153240902e-13
1.0603846244513926e-13
9.493196299162548e-14
8.451843377006458e-14
7.480791903992135e-14
6.575568764661068e-14
5.733719767036082e-14
4.9544483844768914e-14
4.235518834615536e-14
3.5771450925442325e-14
2.976180790847939e-14
2.431945074887754e-14
1.943442768844144e-14
1.509805044890758e-14
1.1296564468120924e-14
8.024943081237101e-15
5.275784114678061e-15
3.043397777223869e-15
1.3237561892255679e-15
1.3062190512015044e-16
6.011685486318561e-16
8.021080736453763e-16
5.019658200797925e-16
3.1783106184282087e-16
1.6244979584119298e-15
3.445980308351873e-15
5.781140922402726e-15
8.634250628740921e-15
1.2011757254637293e-14
1.5920224201127945e-14
2.0367668165519186e-14
2.536443649227259e-14
3.091888517420208e-14
3.704875744092712e-14
4.3756498487669066e-14
5.1068168922540636e-14
5.898572148137488e-14
6.754211705236438e-14
7.67384015149208e-14
8.660315377324363e-14
9.715069547024135e-14
1.084198471366635e-13
1.2040917326467783e-13
1.3317219227738072e-13
1.4671724222987862e-13
1.6106745068031095e-13
1.7626607559149545e-13
1.923249246646519e-13
2.09316476211709e-13
2.2724780266048067e-13
2.4615661517734807e-13
2.66085936932902e-13
2.8707728779763217e-13
3.0919374048934355e-13
3.3243748980115347e-13
3.5687799075514195e-13
3.8257799538481093e-13
4.096237434784704e-13
4.379545354723001e-13
4.677272517041682e-13
4.989640355464409e-13
5.318357187428079e-13
5.662293985384472e-13
6.02354641081186e-13
6.402838864444601e-13
6.799257023331132e-13
7.215466145804617e-13
7.651671891391755e-13
8.108830124499734e-13
8.587807648107016e-13
9.08958880021829e-13
9.614330830098096e-13
1.0164875972127653e-12
1.0741376178228898e-12
1.134616408040672e-12
1.1978400290860318e-12
1.2640654123047487e-12
1.3332744392715654e-12
1.4059825418828967e-12
1.4818850203702966e-12
1.5611961205119174e-12
1.644318227872144e-12
1.7313079471434025e-12
1.822516370830559e-12
1.917553692662964e-12
2.017183542051821e-12
