2.009308076784403e-24
1.922903867818514e-24
1.8406203109482625e-24
1.7622818239563526e-24
1.687721016903077e-24
1.6167783078188892e-24
1.5493015514922577e-24
1.4851456803578187e-24
1.4241723564658638e-24
1.366249633588982e-24
1.3112516286366085e-24
1.2590582016067935e-24
1.2095546434139278e-24
1.1626313711425502e-24
1.1181836303489296e-24
1.076111204304637e-24
1.0363181302535306e-24
9.987124229877848e-25
9.632058063543185e-25
9.297134534914716e-25
8.981537369482731e-25
8.684479899951412e-25
8.405202807221991e-25
8.142972006012972e-25
7.897076693909821e-25
7.6668275812952385e-25
7.451555319397973e-25
7.250609141803769e-25
7.063355730304712e-25
6.889178312911088e-25
6.7274759955832795e-25
6.577663323148726e-25
6.439170060069526e-25
6.3114411729809105e-25
6.193936992413365e-25
6.0861335262403975e-25
5.987522893232546e-25
5.897613841310271e-25
5.815932316680732e-25
5.742022047797777e-25
5.675445112497609e-25
5.615782459125629e-25
5.562634355610644e-25
5.515620748077677e-25
5.474381513455295e-25
5.438576597595931e-25
5.407886033655853e-25
5.382009842872477e-25
5.360667820469302e-25
5.343599215506628e-25
5.330562313847534e-25
5.321333936883219e-25
5.315708867421796e-25
5.3134992169900245e-25
5.314533746438731e-25
5.318657153183448e-25
5.325729335320391e-25
5.335624644362149e-25
5.3482311346677925e-25
5.363449818558103e-25
5.381193933148673e-25
5.4013882248885495e-25
5.423968256208339e-25
5.44887973817008e-25
5.476077890186911e-25
5.505526831314404e-25
5.537199001371218e-25
5.571074614221889e-25
5.607141142752041e-25
5.645392835137564e-25
5.685830261465753e-25
5.728459891293605e-25
5.773293698851296e-25
5.820348796411421e-25
5.8696470948269105e-25
5.921214987822479e-25
5.975083061707895e-25
6.031285826861753e-25
6.089861470724857e-25
6.1508516315335465e-25
6.214301190900999e-25
6.280258084400375e-25
6.348773129598107e-25
6.419899869631742e-25
6.493694432314206e-25
6.57021540435236e-25
6.649523717926064e-25
6.731682551380471e-25
6.8167572421064215e-25
6.904815210834212e-25
6.99592589758299e-25
7.090160707610991e-25
7.187592969372102e-25
7.288297900376647e-25
7.392352583614085e-25
7.4998359534313495e-25
7.6108287876645e-25
7.725413714357844e-25
7.843675217345967e-25
7.965699659861828e-25
8.091575307823155e-25
8.221392365281511e-25
8.355243014119744e-25
8.493221465570673e-25
8.635424010849422e-25
8.78194908616292e-25
8.932897341331306e-25
9.088371711350736e-25
9.24847750406563e-25
9.413322481060495e-25
9.583016957311802e-25
9.757673899067836e-25
9.937409029987199e-25
1.0122340946889669e-24
1.0312591237802374e-24
1.050828460687981e-24
1.0709549010386983e-24
1.0916515791937124e-24
1.1129319836091832e-24
1.134809971279096e-24
1.157299784800253e-24
1.1804160681885897e-24
1.2041738859158158e-24
1.228588740488732e-24
1.2536765920270846e-24
1.2794538790247443e-24
1.3059375395546186e-24
1.3331450332289968e-24
1.3610943653153872e-24
1.3898041107994877e-24
1.4192934408193557e-24
1.4495821489472523e-24
1.4806906810092804e-24
1.5126401636892954e-24
1.5454524365731557e-24
1.5791500856246816e-24
1.6137564773523223e-24
1.6492957960163437e-24
1.6857930822728923e-24
1.723274274276249e-24
1.761766249221138e-24
1.8012968699417014e-24
1.841895032820133e-24
1.883590716719954e-24
1.926415038160799e-24
1.9704003067033826e-24
2.0155800828141526e-24
2.0619892431528205e-24
2.1096640449754994e-24
2.1586421972267272e-24
2.208962933519207e-24
2.2606670895548977e-24
2.3137971910109053e-24
2.368397532058744e-24
2.4245142766663992e-24
2.482195548947069e-24
2.541491543138096e-24
2.6024546258525117e-24
2.66513945786317e-24
2.729603111380016e-24
2.795905202591235e-24
2.86410802419945e-24
2.9342766926832494e-24
3.0064793020859456e-24
3.0807870773860672e-24
3.157274549074151e-24
3.2360197356967007e-24
3.3171043286626144e-24
3.4006138908514535e-24
3.486638069171881e-24
3.575270822740204e-24
3.666610643642984e-24
3.7607608225046694e-24
3.857829689199079e-24
3.957930900768189e-24
4.061183728058523e-24
4.167713358380593e-24
4.277651216491356e-24
4.39113529880998e-24
4.5083105275299556e-24
4.629329140796612e-24
4.75435105174228e-24
4.88354427891217e-24
5.017085392600663e-24
5.1551599372261504e-24
5.297962924241106e-24
5.445699333185935e-24
5.598584627321995e-24
5.756845297115002e-24
5.92071946891413e-24
6.090457443718686e-24
6.266322396300256e-24
6.4485909686402264e-24
6.63755404341904e-24
6.833517360987522e-24
7.0368023787664e-24
7.247746998916374e-24
7.466706401408924e-24
7.69405392616601e-24
7.930181990927043e-24
8.175503013239445e-24
