1.3970449137543061e-11
1.367732506640794e-11
1.3352291662045898e-11
1.3024446302325706e-11
1.2741355193901225e-11
1.2433638393852445e-11
1.2119030347314038e-11
1.181987134120066e-11
1.1566892768823542e-11
1.1271028443204593e-11
1.1002275915869652e-11
1.073908882852494e-11
1.0478709497206182e-11
1.0221186504718086e-11
9.97548113281736e-12
9.732683444165003e-12
9.479510185794499e-12
9.255743816041308e-12
9.021068241212491e-12
8.808211764091468e-12
8.576758492813951e-12
8.35596307192202e-12
8.159076004439165e-12
7.943402832588839e-12
7.752619771804386e-12
7.536977076252774e-12
7.345035561617769e-12
7.1511394221066986e-12
6.9683917743689494e-12
6.790802810916386e-12
6.608035734623409e-12
6.428881408795619e-12
6.254561748882987e-12
6.086308464196391e-12
5.9239979956848894e-12
5.760147480058144e-12
5.610260150403115e-12
5.4494974313035164e-12
5.295936360710293e-12
5.15243783198707e-12
5.0034714308318135e-12
4.861935987830687e-12
4.724352283119658e-12
4.58749737144835e-12
4.451264923386544e-12
4.324037612313606e-12
4.196727951086101e-12
4.0715581537553e-12
3.949971937395626e-12
3.830746221753655e-12
3.716653429846185e-12
3.598413366311978e-12
3.4916172020273733e-12
3.381147980175657e-12
3.2747292858304625e-12
3.1707056549487157e-12
3.0702180197100627e-12
2.973360800317953e-12
2.875158968799812e-12
2.7802475380769324e-12
2.689573970452012e-12
2.5992711345919564e-12
2.513456770889972e-12
2.428487780334595e-12
2.346362569352508e-12
2.267047994405714e-12
2.1876535682494064e-12
2.1118627371618057e-12
2.0367868612034688e-12
1.96681959357441e-12
1.895932203337593e-12
1.8278660783018826e-12
1.7614587807042397e-12
1.6982520454280679e-12
1.6360212567769563e-12
1.5751877956818375e-12
1.5176516447049007e-12
1.4605594422569132e-12
1.4056921143665147e-12
1.3529205476421596e-12
1.3010051885068519e-12
1.2510461161394121e-12
1.2025033005771746e-12
1.1560147307904666e-12
1.1110827138639666e-12
1.0676686028909906e-12
1.0253206315635316e-12
9.846406558376376e-13
9.452873437892375e-13
9.072318538798955e-13
8.706157469595325e-13
8.354587325634337e-13
8.01421901345103e-13
7.684638143077021e-13
7.368536069449036e-13
7.066572748384776e-13
6.771579216190247e-13
6.489514773196133e-13
6.216671861298034e-13
5.955968215563868e-13
5.704216804179384e-13
5.462142063114153e-13
5.22941861434819e-13
5.005629485503329e-13
4.790623426317963e-13
4.584054366499032e-13
4.385637332296252e-13
4.1948573925027523e-13
4.0120443922595207e-13
3.836075415939614e-13
3.667498679756503e-13
3.506064089200733e-13
3.350805355872341e-13
3.2021228585109634e-13
3.0591897241995494e-13
2.922228197771816e-13
2.7911908094345597e-13
2.665125762920625e-13
2.544387417658604e-13
2.42899258142623e-13
2.318349638941453e-13
2.2122643032941186e-13
2.1106141443787626e-13
2.0130637827907822e-13
1.9200570595866362e-13
1.8307218704511819e-13
1.7452217280943746e-13
1.6633243523159384e-13
1.5851662530885544e-13
1.5101206002211917e-13
1.4383895481205985e-13
1.36972979175537e-13
1.3040460265212202e-13
1.2411664034547448e-13
1.181039662355058e-13
1.1234761093665662e-13
1.0684745656891771e-13
1.0158779214313304e-13
9.655276207355906e-14
9.173762168214433e-14
8.713356351317565e-14
8.272811726188382e-14
7.852057511440826e-14
7.449318259218065e-14
7.064544176440628e-14
6.696657244355376e-14
6.344876133986071e-14
6.008777288066091e-14
5.687201964137079e-14
5.3801722774617354e-14
5.086435837208581e-14
4.8059940602563536e-14
4.537731818023396e-14
4.2814500419809604e-14
4.0365920299159713e-14
3.802666713809667e-14
3.5789977496654566e-14
3.365374049728447e-14
3.161234669521274e-14
2.966187579480814e-14
2.7798841445331942e-14
2.6019008927144768e-14
2.4318926996910614e-14
2.2694658808582172e-14
2.1143179521805243e-14
1.966139474761353e-14
1.824602790541801e-14
1.6894337750624252e-14
1.5603419556100743e-14
1.4370841040791707e-14
1.3193785987687699e-14
1.2069842353781601e-14
1.099679138140398e-14
9.972472552482023e-15
8.99452606422452e-15
8.061057929044989e-15
7.170055572234492e-15
6.319797219662515e-15
5.5084028611893455e-15
4.7342009463356915e-15
3.995651461681953e-15
3.2911511904748817e-15
2.6192679586530906e-15
1.978638734831223e-15
1.3680177633474984e-15
7.864957533125516e-16
2.364739718748874e-16
3.051393399375487e-16
8.054808816915234e-16
1.2844581872224881e-15
1.7408286758606713e-15
2.175257224747057e-15
2.5885619696755763e-15
2.981568771504855e-15
3.355078676834589e-15
3.709862954056457e-15
4.046632650219646e-15
4.366072731048846e-15
4.6688284553816e-15
4.9555431123034055e-15
5.2267804874969846e-15
