1.99545038035668e-22
1.9290666929442752e-22
1.868589301000206e-22
1.8138909871885036e-22
1.7648569160311597e-22
1.7213844005644856e-22
1.6833826959312189e-22
1.650772819575416e-22
1.6234873977721042e-22
1.6014705382860925e-22
1.5846777290321696e-22
1.5730757626717194e-22
1.5666426871448308e-22
1.565367782235801e-22
1.5692515622962322e-22
1.578305805383261e-22
1.5925536090997036e-22
1.6120294735418455e-22
1.6367794118326952e-22
1.6668610888015784e-22
1.7023439884704176e-22
1.7433096111422296e-22
1.7898517009297036e-22
1.8420765046985872e-22
1.9001030635752754e-22
1.9640635382044862e-22
2.0341035691326736e-22
2.1103826737848157e-22
2.193074681799348e-22
2.282368210406662e-22
2.378467181989801e-22
2.4815913858993864e-22
2.591977087089785e-22
2.7098776840347625e-22
2.835564419008483e-22
2.96932714365955e-22
3.1114751436215425e-22
3.2623380255886085e-22
3.4222666714079465e-22
3.5916342632272054e-22
3.7708373851381567e-22
3.9602972063286333e-22
4.160460751739462e-22
4.371802267106823e-22
4.594824685009419e-22
4.830061199843501e-22
5.078076960604311e-22
5.339470890712071e-22
5.614877644931757e-22
5.904969715487262e-22
6.210459699347746e-22
6.532102741231695e-22
6.870699166216577e-22
7.227097321449417e-22
7.602196643316212e-22
7.996950971616617e-22
8.412372134854959e-22
8.849533831196566e-22
9.309575833398272e-22
9.793708551145938e-22
1.03032179849191e-21
1.083947111099232e-21
1.140392174401877e-21
1.1998116924078879e-21
1.262370388545859e-21
1.3282437671783548e-21
1.3976189468092686e-21
1.470695572271068e-21
1.5476868163520853e-21
1.6288204797448918e-21
1.7143402019101074e-21
1.804506795267853e-21
1.8995997188202435e-21
1.9999187076747417e-21
2.105785577945151e-21
2.2175462312261244e-21
2.3355728828587204e-21
2.460266544618198e-21
2.5920597981073026e-21
2.7314198962447132e-21
2.878852242059887e-21
3.0349042985687654e-21
3.2001699933515855e-21
3.375294692299277e-21
3.560980832584651e-21
3.757994315651972e-21
3.967171786353276e-21
4.189428942647345e-21
4.425770053072833e-21
4.677298887103862e-21
4.945231318133508e-21
5.230909893999888e-21
5.535820757184254e-21
5.861613355071783e-21
6.210123502618035e-21
6.58340047673022e-21
6.983738995281146e-21
7.413717129048706e-21
7.876241488502247e-21
8.374601346256857e-21
8.912533847436601e-21
9.49430304134048e-21
1.0124796273306465e-20
1.0809642548938763e-20
1.1555358976336552e-20
1.2369533322675837e-20
1.326105354801928e-20
1.424039904612484e-20
1.5320013819636047e-20
1.6514789808606458e-20
1.7842700255614696e-20
1.932564027871323e-20
2.0990558371155583e-20
2.2871003206544182e-20
2.5009275168651322e-20
2.745947697088407e-20
3.02919341560195e-20
3.359975954023266e-20
3.750887886439726e-20
4.2193846014387686e-20
4.790375008618052e-20
5.500658859105351e-20
6.406944368395729e-20
7.60131283056889e-20
9.243582184063181e-20
1.163649993423508e-19
1.542628360296679e-19
2.224631878450937e-19
3.728168688698346e-19
7.252071232886516e-19
5.462672628894983e-19
3.061583140595661e-19
2.0820052406200809e-19
1.5840919514798922e-19
1.2868719067361798e-19
1.0903746602260325e-19
9.5119294249233e-20
8.476247216155274e-20
7.676606881223725e-20
7.041309772503168e-20
6.524958066809988e-20
6.097429449709394e-20
5.737959912764652e-20
5.431776065797944e-20
5.1680818510557176e-20
4.938805812553816e-20
4.737792762909858e-20
4.56026732464453e-20
4.4024678948378895e-20
4.2613909841400096e-20
4.134609403111052e-20
4.020140190639052e-20
3.9163473170620106e-20
3.8218689421079254e-20
3.7355619437836824e-20
3.6564597755774335e-20
3.5837393963964574e-20
3.5166954600695225e-20
3.454719833495576e-20
3.397285416314533e-20
3.343932800906247e-20
3.2942596566188705e-20
3.2479120769248835e-20
3.204577254181949e-20
3.163977678132784e-20
3.12586614161821e-20
3.090021469222046e-20
3.056245326399953e-20
3.024358876876179e-20
2.9942006318673193e-20
2.965624058268189e-20
2.938495931259374e-20
2.912694580105849e-20
2.888108662214989e-20
2.86463590617666e-20
2.8421820354049764e-20
2.820659981201222e-20
2.79998899239183e-20
2.780094097521097e-20
2.760905109304359e-20
2.7423566288710457e-20
2.7243870616269196e-20
2.7069384825218158e-20
2.689956086810676e-20
2.6733879872557557e-20
2.6571847704805864e-20
2.6412993187894742e-20
2.6256862962213897e-20
2.610302402535567e-20
2.595105665429138e-20
2.5800554935496386e-20
2.5651124060971492e-20
2.5502379857872158e-20
2.5353946638653816e-20
2.5205451079125234e-20
2.5056530587684045e-20
2.4906826347655924e-20
2.475597528197673e-20
2.4603625516953867e-20
2.444941790188723e-20
2.429299687700093e-20
