3.4647332688203644e-24
3.257272888530831e-24
3.06182340091713e-24
2.8777711958614855e-24
2.7045326933340712e-24
2.541553389478006e-24
2.388306945727085e-24
2.2442943178084063e-24
2.109042921664905e-24
1.9821058324899765e-24
1.8630610119513814e-24
1.7515105576073344e-24
1.6470799667246413e-24
1.5494174043954475e-24
1.4581929632405568e-24
1.3730978990175844e-24
1.293843822462637e-24
1.2201618244177465e-24
1.1518015075085738e-24
1.088529895206032e-24
1.030130188180045e-24
9.764003397099627e-25
9.271514288545655e-25
8.822058215531307e-25
8.413951297681379e-25
8.045580043279534e-25
7.715378296649802e-25
7.421804231670612e-25
7.163318730401998e-25
6.938366698241731e-25
6.745362888118671e-25
6.5826835910969985e-25
6.448665084860694e-25
6.341609059802289e-25
6.259794476929737e-25
6.2014946054053315e-25
6.164997452858157e-25
6.148627567827705e-25
6.150767244484926e-25
6.169875480221454e-25
6.20450351213869e-25
6.2533062923738385e-25
6.315049751498444e-25
6.388614097486947e-25
6.472993654842203e-25
6.567293895411897e-25
6.670726345997171e-25
6.782602024850323e-25
6.902323978812455e-25
7.029379389155076e-25
7.1633316146085605e-25
7.303812437726648e-25
7.450514701767326e-25
7.603185453454543e-25
7.761619656593126e-25
7.925654499818741e-25
8.095164294754361e-25
8.270055941832305e-25
8.450264927638157e-25
8.63575181432502e-25
8.826499172985019e-25
9.02250891914974e-25
9.223800004718672e-25
9.430406426784052e-25
9.642375513450365e-25
9.859766455552433e-25
1.0082649048504228e-24
1.0311102621366536e-24
1.054521512567267e-24
1.078508236371215e-24
1.1030807337070683e-24
1.1282499699853436e-24
1.154027530008742e-24
1.1804255800475137e-24
1.2074568364838747e-24
1.2351345402186229e-24
1.263472436056957e-24
1.2924847563378362e-24
1.322186208450844e-24
1.3525919651191195e-24
1.383717657982942e-24
1.4155793731698025e-24
1.4481936491048324e-24
1.48157747619132e-24
1.5157482979213523e-24
1.550724013482174e-24
1.5865229816517462e-24
1.6231640255190946e-24
1.6606664384589856e-24
1.6990499908008108e-24
1.7383349373114015e-24
1.77854202529778e-24
1.8196925035738928e-24
1.8618081317490087e-24
1.904911190279243e-24
1.949024490830112e-24
1.9941713873009092e-24
2.040375787118585e-24
2.0876621632920415e-24
2.1360555664808885e-24
2.185581637843111e-24
2.236266621905643e-24
2.2881373803015105e-24
2.3412214054377947e-24
2.3955468348265174e-24
2.4511424657749996e-24
2.5080377704735258e-24
2.5662629113958972e-24
2.6258487568043274e-24
2.6868268977180172e-24
2.7492296638058374e-24
2.813090141000251e-24
2.8784421883155488e-24
2.9453204565998995e-24
3.013760405998444e-24
3.0837983252883688e-24
3.155471351006598e-24
3.2288174867239184e-24
3.3038756235549666e-24
3.3806855607820444e-24
3.45928802664396e-24
3.5397247004043794e-24
3.6220382339551366e-24
3.706272274473063e-24
3.792471488081625e-24
3.880681582911692e-24
3.970949333929995e-24
4.063322607122751e-24
4.157850385332708e-24
4.254582794471626e-24
4.353571129351286e-24
4.454867881573585e-24
4.558526767203043e-24
4.6646027549457644e-24
4.773152096166992e-24
4.8842323537196615e-24
4.997902433294209e-24
5.114222614236143e-24
5.233254581956384e-24
5.355061460126986e-24
5.479707844410498e-24
5.607259837545148e-24
5.737785083804834e-24
5.871352803378183e-24
6.008033832997002e-24
6.1479006597462864e-24
6.291027461399715e-24
6.4374901453790364e-24
6.587366390076025e-24
6.740735684120783e-24
6.897679371590174e-24
7.058280690377675e-24
7.222624823638703e-24
7.390798937366975e-24
7.562892233558329e-24
7.738995992531119e-24
7.919203622173655e-24
8.103610712395667e-24
8.292315081313604e-24
8.485416827949165e-24
8.683018383284708e-24
8.885224576028378e-24
9.092142672460812e-24
9.303882443847867e-24
9.520556215756095e-24
9.742278949696231e-24
9.969168277034483e-24
1.0201344579920801e-23
1.0438931038846262e-23
1.0682053726579397e-23
1.0930841640047777e-23
1.1185426796720976e-23
1.1445944299537454e-23
1.171253238446557e-23
1.1985332546397186e-23
1.226448955680899e-23
1.2550151574200002e-23
1.284247023734843e-23
1.3141600679456763e-23
1.3447701727176454e-23
1.376093584890617e-23
1.408146930490125e-23
1.4409472351773608e-23
1.4745119070771977e-23
1.5088587739606316e-23
1.544006069793515e-23
1.5799724626422466e-23
1.6167770525483537e-23
1.6544393981154102e-23
1.692979491967869e-23
1.7324178154887306e-23
1.772775317227549e-23
1.814073451323461e-23
1.856334141271817e-23
1.8995798705222745e-23
1.9438336150718111e-23
1.9891188938062932e-23
2.035459809091535e-23
2.0828809653176533e-23
2.1314075919346263e-23
2.1810655165790715e-23
