2.532291448728182e-08
2.5322716454751727e-08
2.4530294958170065e-08
1.7864179607633194e-08
2.532271645475172e-08
7.409664730835429e-09
2.5322518425318946e-08
2.532232039898342e-08
2.5322221386977104e-08
7.388829618452067e-09
2.5322023365287294e-08
2.532251842531895e-08
2.5322320398983414e-08
2.532182534669457e-08
2.532192435562653e-08
2.5321825346694573e-08
7.4094358391485934e-09
2.4529304917796034e-08
2.5321825346694576e-08
1.6799179218432236e-08
7.388560619472316e-09
2.5321033303315593e-08
2.4528944922249496e-08
7.409181531636879e-09
1.7862799944057952e-08
7.409130672228933e-09
1.7577923458829025e-08
7.4089950505585335e-09
2.5320439303279927e-08
2.5320241309461097e-08
2.4527505042358808e-08
7.408825530443668e-09
2.5319053411570236e-08
2.5319251386811684e-08
2.5319647346582798e-08
7.408622116553809e-09
2.531885543942477e-08
2.5318063581801192e-08
2.5318261541563478e-08
1.7576139536374074e-08
2.5318063581801195e-08
2.5317667671563354e-08
2.5317271773752843e-08
2.5316875888278152e-08
7.3871318898228885e-09
2.25308959328106e-08
2.5315292470180726e-08
2.5314896646603778e-08
2.4522646654581232e-08
2.2529640280252463e-08
2.2529640280220447e-08
7.4071138120798574e-09
1.7573135840376497e-08
2.5312521965055626e-08
2.4520487968569156e-08
7.3857541080036475e-09
7.385586120884986e-09
1.7855806358345546e-08
2.4517969966135635e-08
7.405758556803221e-09
7.384847068106351e-09
2.4517250628725194e-08
2.4516531332138837e-08
7.323225182199711e-09
2.451473326925643e-08
1.7567506631496203e-08
2.4512575930495067e-08
2.4512216409739325e-08
7.383000081289883e-09
2.2519878242668226e-08
2.529907384722985e-08
2.5298283226458454e-08
2.251764795178282e-08
2.5296306890795892e-08
2.4505746780041564e-08
2.4503590970771888e-08
2.4502153968400284e-08
2.4500717129044058e-08
2.5289589658355576e-08
2.5288009651490955e-08
2.4497843939270714e-08
2.4494253368621726e-08
2.4491381644964383e-08
2.4489946027371544e-08
2.527774441737747e-08
2.5276165890220124e-08
7.395441020312045e-09
2.448420518461622e-08
2.5269064957142886e-08
2.5268276210844117e-08
7.392469499062196e-09
2.5259603250263056e-08
2.525802698795623e-08
2.525566296350246e-08
7.389095667645132e-09
2.44641327218241e-08
7.366184611739721e-09
2.4453392707628228e-08
7.364046295085334e-09
2.444695307685026e-08
2.4441946742991564e-08
2.443908687129465e-08
2.521868426681508e-08
2.4431225561529694e-08
2.5210045310404137e-08
2.4423369143314085e-08
2.4416944799785894e-08
7.351175777138309e-09
2.4405531814965762e-08
7.367978201192219e-09
2.4394129148435673e-08
2.4388431680068865e-08
2.5159117508879165e-08
2.437277691262986e-08
2.5141926982008942e-08
2.4358562171585267e-08
1.7724640150748862e-08
2.4340106977373834e-08
2.5107616306774163e-08
2.432026239462921e-08
1.7695968280546896e-08
1.7686689206169538e-08
2.5056325522218712e-08
7.3096053269550175e-09
1.738499905021141e-08
2.5025342060196994e-08
2.4246827341066306e-08
2.4231347978007867e-08
2.4974386529649315e-08
2.4958986402163432e-08
2.4183623409671716e-08
2.4923638084032526e-08
2.2240767139231873e-08
2.4138872139155173e-08
2.4116556589710496e-08
2.40970632334063e-08
2.2178715991914285e-08
2.479842436457709e-08
1.747969780975511e-08
1.7457081104209694e-08
1.7175090237523082e-08
2.2087822006869376e-08
1.73985506569185e-08
2.4629419647272048e-08
2.4599482343445376e-08
2.4566635256475955e-08
2.3802848358302513e-08
2.448934429368416e-08
2.37351073874238e-08
2.37000295899149e-08
7.13032241984856e-09
1.71624780565924e-08
7.103543041099737e-09
2.423131480380636e-08
2.3478420175581544e-08
2.4110071627802687e-08
2.337567309898348e-08
2.4015656964813528e-08
2.3263394770031354e-08
2.387118910562844e-08
2.3141863623675755e-08
2.3072603876019775e-08
1.6695259960569983e-08
2.2932757492614966e-08
2.285716967945037e-08
2.3407349206741083e-08
2.331566143318406e-08
2.2608671467870833e-08
6.750940158393663e-09
6.720522380421964e-09
2.2322120350550096e-08
2.2212319881162465e-08
2.2103565993947723e-08
2.2541762222569062e-08
1.581340375379574e-08
2.2278725367075554e-08
2.2127699676701608e-08
1.5508041474026963e-08
2.131327490811474e-08
6.338635092719681e-09
2.1488632537934743e-08
2.0841510631284254e-08
2.0650223165338884e-08
2.0462337076587773e-08
2.024599692401872e-08
2.004963442281747e-08
2.0246092560506336e-08
1.397502234613892e-08
1.9350795512264096e-08
1.9467097080486198e-08
1.7897202152143783e-08
1.8583497970090176e-08
1.2681557920712732e-08
5.338802874278028e-09
5.218009676080796e-09
1.7573805247701964e-08
1.7215034131056994e-08
1.1529911078285046e-08
4.791001724504095e-09
1.5766063477391714e-08
1.5500914617216008e-08
