4.1616869884038857e-23
4.1880942022569026e-23
4.213269366204218e-23
4.2372659084998634e-23
4.260134754701083e-23
4.281924435900135e-23
4.302681191858273e-23
4.322449069259667e-23
4.3412700152971755e-23
4.3591839667881356e-23
4.376228935011917e-23
4.392441086447641e-23
4.407854819587462e-23
4.422502837986535e-23
4.436416219706288e-23
4.449624483299265e-23
4.462155650475193e-23
4.474036305582485e-23
4.485291652030474e-23
4.4959455657741677e-23
4.506020645973213e-23
4.5155382629341114e-23
4.5245186034362973e-23
4.5329807135389805e-23
4.540942538959882e-23
4.548420963108898e-23
4.555431842861113e-23
4.5619900421396844e-23
4.5681094633852884e-23
4.573803076971827e-23
4.579082948636641e-23
4.5839602649773015e-23
4.5884453570716326e-23
4.592547722268738e-23
4.596276044196738e-23
4.5996382110275137e-23
4.602641332038056e-23
4.6052917524983904e-23
4.607595066920829e-23
4.6095561306923905e-23
4.61117907011505e-23
4.61246729087413e-23
4.61342348494764e-23
4.614049635970053e-23
4.6143470230594175e-23
4.6143162231115705e-23
4.613957111562423e-23
4.6132688616179825e-23
4.6122499419435224e-23
4.610898112804153e-23
4.6092104206425156e-23
4.607183191075612e-23
4.6048120202919757e-23
4.602091764819696e-23
4.599016529641362e-23
4.595579654616914e-23
4.591773699179864e-23
4.5875904252625707e-23
4.5830207784035846e-23
4.5780548669851813e-23
4.572681939541397e-23
4.5668903600767376e-23
4.5606675813232073e-23
4.554000115863766e-23
4.5468735050401786e-23
4.5392722855559e-23
4.5311799536818334e-23
4.522578926961165e-23
4.5134505033020954e-23
4.503774817342429e-23
4.4935307939543445e-23
4.4826960987571044e-23
4.47124708548492e-23
4.459158740054869e-23
4.446404621163467e-23
4.432956797228915e-23
4.4187857794827647e-23
4.4038604509992814e-23
4.3881479914383795e-23
4.3716137972546526e-23
4.354221397114177e-23
4.3359323622367146e-23
4.316706211359038e-23
4.296500309996567e-23
4.2752697636500695e-23
4.2529673045810797e-23
4.229543171748009e-23
4.2049449834658045e-23
4.179117602310782e-23
4.152002991764377e-23
4.123540064038102e-23
4.093664518483151e-23
4.0623086699364066e-23
4.0294012663018094e-23
3.994867294604949e-23
3.9586277746960594e-23
3.9205995397040577e-23
3.8806950022683935e-23
3.8388219054849556e-23
3.7948830574154284e-23
3.7487760478970866e-23
3.7003929462833005e-23
3.649619978613269e-23
3.5963371825742335e-23
3.5404180384631863e-23
3.481729074188904e-23
3.420129442165096e-23
3.355470465744039e-23
3.287595152609666e-23
3.2163376723059535e-23
3.141522794801212e-23
3.062965286700105e-23
2.9804692613969735e-23
2.8938274791369394e-23
2.8028205926099224e-23
2.707216333383196e-23
2.6067686341976584e-23
2.501216681996214e-23
2.3902838966330145e-23
2.2736768307660514e-23
2.1510839879220903e-23
2.0221745590500636e-23
1.8865970849415631e-23
1.7439780668795888e-23
1.5939205804950043e-23
1.436003022531854e-23
1.2697783042973199e-23
1.0947743060536818e-23
9.104979608992164e-24
7.164511416997215e-24
5.1219505714165635e-24
2.977249696118117e-24
8.067156490647443e-25
1.798036992088357e-24
4.299426619487406e-24
6.967969606652576e-24
9.792425671865956e-24
1.2779477196444943e-23
1.593883769213997e-23
1.9281677946796312e-23
2.2820347297254876e-23
2.65683622889996e-23
3.054048098995255e-23
3.4752818451589956e-23
3.922299111786605e-23
4.397028783917591e-23
4.9015868993864416e-23
5.438299724090604e-23
6.009730491184763e-23
6.618710447401562e-23
7.268375008487745e-23
7.962206015814207e-23
8.704081321235193e-23
9.498333222941471e-23
1.0349817651062074e-22
1.1263996484312162e-22
1.2247036003113485e-22
1.3305925298592447e-22
1.4448619527104227e-22
1.56842143196913e-22
1.7023159556639394e-22
1.847752328742133e-22
2.0061320088247722e-22
2.179092300313003e-22
2.368558500438522e-22
2.576810553321219e-22
2.8065691518716885e-22
3.0611082478896233e-22
3.3444039309060053e-22
3.6613341741119317e-22
4.017950949306356e-22
4.421857266440662e-22
4.88273957748879e-22
5.413135733597325e-22
6.029569738871397e-22
6.754275317405225e-22
7.617898371187575e-22
8.663894478826961e-22
9.95600589627086e-22
1.1591664572756618e-21
1.3727629093413802e-21
1.6633201836009669e-21
2.081312603465563e-21
2.733589609438545e-21
3.8919369675296576e-21
6.503067600525036e-21
1.7104330775272986e-20
2.0073948673599354e-20
7.379189481523236e-21
4.520820724062061e-21
3.2910114309241165e-21
2.6083677023311737e-21
2.1742818845726264e-21
1.873768169402727e-21
1.6532116752517828e-21
1.4842619695487778e-21
1.350523863331073e-21
1.2418569147688129e-21
1.1516517139666467e-21
1.0754150186892947e-21
1.0099845117401331e-21
