1.6057025894889085e-23
1.6342925783851324e-23
1.66149309268353e-23
1.687361849572037e-23
1.7119537395616094e-23
1.7353209429164322e-23
1.7575130403550263e-23
1.7785771182423718e-23
1.798557868509705e-23
1.817497683481488e-23
1.8354367458343472e-23
1.852413113858587e-23
1.868462802211178e-23
1.883619858322094e-23
1.8979164346251655e-23
1.911382856751826e-23
1.9240476878573563e-23
1.935937789169671e-23
1.947078376944605e-23
1.9574930758992822e-23
1.9672039692696994e-23
1.976231645578291e-23
1.9845952422159543e-23
1.9923124859357746e-23
1.9993997303315138e-23
2.0058719903912697e-23
2.01174297418735e-23
2.017025111777886e-23
2.021729581375073e-23
2.0258663328322405e-23
2.029444108500006e-23
2.0324704614956394e-23
2.0349517714199317e-23
2.0368932575442606e-23
2.0382989895122034e-23
2.039171895551984e-23
2.0395137682437242e-23
2.0393252677999648e-23
2.038605922929139e-23
2.0373541292184883e-23
2.035567145055432e-23
2.033241085091558e-23
2.0303709111697064e-23
2.0269504207674085e-23
2.0229722328621685e-23
2.0184277711793453e-23
2.013307244858513e-23
2.0075996263515706e-23
2.0012926266596185e-23
1.9943726676548955e-23
1.9868248516299962e-23
1.9786329277629924e-23
1.9697792556408948e-23
1.960244765539823e-23
1.9500089155190066e-23
1.939049645127597e-23
1.927343325623093e-23
1.91486470658292e-23
1.901586858745929e-23
1.887481112965896e-23
1.872516995034053e-23
1.856662156351779e-23
1.8398823000823972e-23
1.8221411026913342e-23
1.8034001306371725e-23
1.7836187519834445e-23
1.7627540426954452e-23
1.7407606873098703e-23
1.7175908737604458e-23
1.6931941820159657e-23
1.6675174663062803e-23
1.6405047303839144e-23
1.6120969957266213e-23
1.5822321621760498e-23
1.5508448604586587e-23
1.5178662965340982e-23
1.4832240869300027e-23
1.4468420848124568e-23
1.4086401963978206e-23
1.368534186852226e-23
1.3264354756502767e-23
1.2822509206772937e-23
1.2358825906381482e-23
1.1872275257598068e-23
1.136177486542107e-23
1.082618690942083e-23
1.0264315414629995e-23
9.674903439923408e-24
9.056630244407729e-24
8.408108519997235e-24
7.727881902808514e-24
7.014423170587737e-24
6.26613404734341e-24
5.481348786783586e-24
4.6583472867930454e-24
3.7953952815488175e-24
2.8908774405106806e-24
1.9438641372063488e-24
9.583974205028019e-25
2.375425054995958e-25
1.2270056127888694e-24
2.369947307349154e-24
3.5752355836191914e-24
4.841651501052572e-24
6.171331105799347e-24
7.567165582749803e-24
9.032398967156661e-24
1.057053156544681e-23
1.2185295107168723e-23
1.388065063592857e-23
1.5660795476350896e-23
1.753017467746277e-23
1.9493495222549935e-23
2.15557423168003e-23
2.3722197509060263e-23
2.5998458594755523e-23
2.839046134770571e-23
3.090450319436369e-23
3.3547268999709364e-23
3.632585912539849e-23
3.924782002043252e-23
4.232117756678381e-23
4.555447349861404e-23
4.895680520321681e-23
5.2537869299873374e-23
5.630800941182427e-23
6.027826859519269e-23
6.446044700486048e-23
6.886716540056816e-23
7.351193518982451e-23
7.840923584095278e-23
8.357460055438197e-23
8.902471136426438e-23
9.477750461050634e-23
1.0085228866147772e-22
1.0726987491912438e-22
1.1405272455955662e-22
1.2122511277603547e-22
1.2881331325551308e-22
1.3684580582643792e-22
1.4535351082179957e-22
1.5437005405000683e-22
1.6393206755093136e-22
1.7407953138273865e-22
1.8485616374882568e-22
1.9630986714703486e-22
2.08493240450024e-22
2.2146416853150963e-22
2.3528650349461344e-22
2.500308545930139e-22
2.6577550744188807e-22
2.8260749866430656e-22
3.006238767426047e-22
3.1993318739579735e-22
3.406572338044636e-22
3.629331707048269e-22
3.8691600884244094e-22
4.1278162806966744e-22
4.407304244510733e-22
4.709917480357206e-22
5.0382934683538675e-22
5.395480839417392e-22
5.785022994386169e-22
6.211062976292854e-22
6.678476260517884e-22
7.193040435731835e-22
7.7616544419116925e-22
8.3926249823853435e-22
9.096045534971617e-22
9.884304677579458e-22
1.0772778592009142e-21
1.1780790298635478e-21
1.2932963729817103e-21
1.4261176294101789e-21
1.5807442890979886e-21
1.762829327870481e-21
1.9801632496822247e-21
2.243789176789462e-21
2.5698969193552996e-21
2.9832125420108167e-21
3.523467926018215e-21
4.258787192124641e-21
5.316447857543818e-21
6.964373066965114e-21
9.876264871158442e-21
1.632728101655123e-20
3.956712508538751e-20
4.518977025565012e-20
1.8490733587955127e-20
1.146633208916814e-20
8.382362696573066e-21
6.661426297773709e-21
5.566023324643318e-21
4.808485987184653e-21
4.2538455824839606e-21
3.830484982977568e-21
3.4969013158786365e-21
3.2273925273668513e-21
3.0051946037785053e-21
2.818907973545075e-21
2.660510706169157e-21
