4.89010410940532e-25
5.001159616493264e-25
5.096747766779823e-25
5.169815154118273e-25
5.215916169447269e-25
5.2327508248234095e-25
5.219892306483767e-25
5.17869586474022e-25
5.1123795000910865e-25
5.026269926034557e-25
4.928201192545834e-25
4.82902221692238e-25
4.743091882962927e-25
4.688500661348912e-25
4.6865908032803065e-25
4.760315829725811e-25
4.931364774372095e-25
5.21683808689014e-25
5.62695813293477e-25
6.164898730963004e-25
6.82849228720416e-25
7.612627547761326e-25
8.51127963261846e-25
9.518773611106187e-25
1.063037394722212e-24
1.1842446818961417e-24
1.3152407141395133e-24
1.4558581907946651e-24
1.6060057307620572e-24
1.765653858923189e-24
1.9348231966664033e-24
2.113574904987803e-24
2.3020030963171728e-24
2.5002288510263145e-24
2.7083954959494376e-24
2.9266648573644715e-24
3.1552142588945226e-24
3.394234088082282e-24
3.643925795381503e-24
3.904500224668179e-24
4.176176197810577e-24
4.4591792961011944e-24
4.7537407953742915e-24
5.06009672299656e-24
5.378487012268517e-24
5.7091547374166174e-24
6.052345416083767e-24
6.408306370570646e-24
6.777286140862107e-24
7.159533947090443e-24
7.555299197770828e-24
7.964831041931157e-24
8.38837796846067e-24
8.826187449149914e-24
9.278505630247476e-24
9.745577070832363e-24
1.0227644532520668e-23
1.0724948819717098e-23
1.1237728674158928e-23
1.176622072356213e-23
1.2310659486228082e-23
1.2871277433356722e-23
1.3448305107151252e-23
1.4041971298754222e-23
1.4652503280411522e-23
1.5280127096792278e-23
1.5925067909586015e-23
1.6587550395177762e-23
1.7267799194682896e-23
1.7966039412497503e-23
1.8682497155352278e-23
1.9417400121294444e-23
2.0170978218971947e-23
2.0943464224138806e-23
2.1735094466181123e-23
2.2546109536894773e-23
2.3376755021048684e-23
2.4227282246934694e-23
2.5097949037557936e-23
2.598902048232292e-23
2.690076969795216e-23
2.783347860011396e-23
2.8787438656810046e-23
2.9762951642514e-23
3.076033038013511e-23
3.17798994597951e-23
3.2821995943742655e-23
3.388697005483776e-23
3.497518584273547e-23
3.608702181747685e-23
3.7222871573697645e-23
3.838314437834734e-23
3.9568265742069103e-23
4.0778677951758173e-23
4.2014840604116257e-23
4.327723108612995e-23
4.4566345050413305e-23
4.5882696866449893e-23
4.7226820040075285e-23
4.8599267631569245e-23
5.0000612652432694e-23
5.14314484186565e-23
5.2892388929421146e-23
5.438406922442434e-23
5.590714569522506e-23
5.746229645153386e-23
5.905022161297538e-23
6.067164363081287e-23
6.232730764366829e-23
6.40179817459363e-23
6.574445732272508e-23
6.750754936464192e-23
6.930809682444017e-23
7.114696287429523e-23
7.302503529094576e-23
7.494322681802637e-23
7.69024754520878e-23
7.890374484886776e-23
8.094802472266283e-23
8.303633116494047e-23
8.516970708312383e-23
8.734922263359952e-23
8.957597568161463e-23
9.185109208516644e-23
9.41757263852977e-23
9.655106215905962e-23
9.897831247314705e-23
1.0145872052296348e-22
1.0399356016862895e-22
1.0658413634910191e-22
1.0923178582263632e-22
1.1193787760593866e-22
1.1470381378322775e-22
1.1753102995015894e-22
1.204209960317932e-22
1.2337521693011753e-22
1.263952331262723e-22
1.2948262152026873e-22
1.3263899625776059e-22
1.3586600909192107e-22
1.391653507339513e-22
1.4253875166260255e-22
1.4598798202361707e-22
1.4951485400594812e-22
1.5312122137917549e-22
1.5680898127150422e-22
1.6058007462278736e-22
1.6443648781199555e-22
1.683802527025499e-22
1.7241344825766827e-22
1.7653820187613285e-22
1.8075668945765639e-22
1.8507113770439515e-22
1.8948382501992377e-22
1.939970810497339e-22
1.9861329105143261e-22
2.033348939377191e-22
2.0816438499013252e-22
2.1310431728959154e-22
2.1815730339104043e-22
2.233260147565659e-22
2.286131851547502e-22
2.340216120619384e-22
2.395541556080846e-22
2.4521374343460767e-22
2.510033705989822e-22
2.569261007227524e-22
2.629850681486706e-22
2.6918347832532084e-22
2.755246140177145e-22
2.8201182985919902e-22
2.8864855806952646e-22
2.9543831490702007e-22
3.0238469130817435e-22
3.0949136482941095e-22
3.1676209613553117e-22
3.242007362136123e-22
3.3181122055946672e-22
3.395975751312282e-22
3.4756392281718805e-22
3.5571448015126945e-22
3.6405355853630237e-22
3.725855709423758e-22
3.813150308467688e-22
3.9024655309482153e-22
3.9938487942836447e-22
4.0873481974332834e-22
4.183013354995808e-22
4.280894841975303e-22
4.381044335711915e-22
4.483514896659741e-22
4.588360581059047e-22
4.695636937781429e-22
4.805400517242861e-22
4.917709504065757e-22
5.032623133631115e-22
5.150201796414616e-22
5.270508282238607e-22
5.393605466043572e-22
5.519558566666009e-22
5.6484340088330695e-22
