1.5566301992267895e-10
1.5631283623475617e-10
1.517037670774116e-10
1.4620481295242158e-10
1.433536823165218e-10
1.385331522704613e-10
1.3537871575097095e-10
1.3219815374806141e-10
1.296088567464e-10
1.237178638678385e-10
1.2336652434178624e-10
1.2006331213639577e-10
1.1745050959621436e-10
1.1240724414392498e-10
1.0990740498977848e-10
1.0916320798891825e-10
1.0496260881754548e-10
1.0262431503172936e-10
1.009622780711111e-10
9.813449349524997e-11
9.529951394532459e-11
9.211536793388931e-11
9.142545318235046e-11
8.8278218714205e-11
8.70957281518148e-11
8.35922299333135e-11
8.278294269121934e-11
7.902695386571449e-11
7.852515684725097e-11
7.57498448603322e-11
7.36922155455222e-11
7.111654840150951e-11
6.887461598855879e-11
6.784202297291325e-11
6.565714992198233e-11
6.375809393740101e-11
6.29158940945331e-11
6.066769959150037e-11
5.850478738361854e-11
5.7794415481255436e-11
5.544270757918688e-11
5.412627635831546e-11
5.2442824586408367e-11
5.087425843747618e-11
4.913223756800572e-11
4.790897365833545e-11
4.6650613063840546e-11
4.5215564673914e-11
4.3701703372769986e-11
4.211665468475878e-11
4.151006731506277e-11
3.9562432871622344e-11
3.888638727425469e-11
3.744262935103558e-11
3.6274253436120904e-11
3.502534484193779e-11
3.404870777607061e-11
3.306786651183935e-11
3.186187786179317e-11
3.064456065340956e-11
2.967223606639383e-11
2.8672742256005145e-11
2.7817846055706754e-11
2.6766169831915424e-11
2.6032797168299643e-11
2.52192504825786e-11
2.4215305881324617e-11
2.3381381907344408e-11
2.2457938261774072e-11
2.1889626749390175e-11
2.0988440744850536e-11
2.0153423379366443e-11
1.9443732536782084e-11
1.8804538205788088e-11
1.811136239161357e-11
1.7377311221037815e-11
1.6862739845343888e-11
1.616573001862054e-11
1.556663864271454e-11
1.50257053247367e-11
1.4405178498910453e-11
1.3853610437158714e-11
1.3277304733992798e-11
1.2764828601723696e-11
1.230758708519012e-11
1.1844743425306109e-11
1.132926192282405e-11
1.091979608151867e-11
1.0485669035024855e-11
1.0045711796504496e-11
9.631583720004368e-12
9.269142864400688e-12
8.893062106082475e-12
8.513103351723353e-12
8.167216952102267e-12
7.865556704077125e-12
7.508788504142022e-12
7.214417608860831e-12
6.902160993627163e-12
6.626466938146914e-12
6.348204734011853e-12
6.081543304785646e-12
5.82390933752774e-12
5.578347263161937e-12
5.341860242557417e-12
5.11541164299222e-12
4.896749842946783e-12
4.6803943206927616e-12
4.485473529738243e-12
4.290514078860106e-12
4.1015394973095515e-12
3.928619895107672e-12
3.7579605236919784e-12
3.5979100262196863e-12
3.4371487913142924e-12
3.2863648898462022e-12
3.142002081855517e-12
3.003864979377168e-12
2.8684814841048133e-12
2.7441109549595753e-12
2.6243835387808332e-12
2.5076331182715845e-12
2.3957157385926803e-12
2.2859989870356823e-12
2.1861542922440666e-12
2.087273868787015e-12
1.9925180582482805e-12
1.901573788474383e-12
1.8174831553310581e-12
1.7341813318397575e-12
1.6552950045329243e-12
1.5799094384705958e-12
1.5077392990342107e-12
1.4386880944423957e-12
1.3726086110173882e-12
1.3089165210485738e-12
1.2489960396310686e-12
1.1916262700757043e-12
1.136282885187838e-12
1.0833659289241924e-12
1.0327747199734217e-12
9.840997065181104e-13
9.381728871703345e-13
8.936759963671127e-13
8.51428324025095e-13
8.111105378489298e-13
7.724321599855762e-13
7.356966007289391e-13
7.000977076101631e-13
6.665799029699737e-13
6.341880014901637e-13
6.035576701399202e-13
5.739956820638203e-13
5.459481445100076e-13
5.19110251735418e-13
4.935177831393884e-13
4.689107333177176e-13
4.45542813325035e-13
4.2309594114902317e-13
4.0169512960532736e-13
3.812841826613943e-13
3.617757933215678e-13
3.431788448815077e-13
3.2535785723242386e-13
3.0834919869289836e-13
2.9211977636083716e-13
2.766228736033669e-13
2.618263937758289e-13
2.4768717290813335e-13
2.3420999173947635e-13
2.21342391815692e-13
2.0905554138569468e-13
1.973179397505135e-13
1.8614206534998505e-13
1.75470168520392e-13
1.6529207999178709e-13
1.5556485477356346e-13
1.463056227520477e-13
1.3746863449735888e-13
1.290400575794763e-13
1.210181180088414e-13
1.1336802311666318e-13
1.0607950697407121e-13
9.913713905305803e-14
9.252773447739836e-14
8.623619692748388e-14
8.025259484894504e-14
7.455912610481029e-14
6.914642052272978e-14
6.400199462937674e-14
5.911848411526659e-14
5.448358931517057e-14
5.0089112616584046e-14
4.5923079932216776e-14
4.1979942367939354e-14
3.8251375756572916e-14
3.472796477399711e-14
3.140343585478161e-14
2.8270820217358212e-14
2.532487363224903e-14
2.2558730700521802e-14
