1.1242963084857184e-22
1.1243286325606398e-22
1.1243593502720133e-22
1.124388526813388e-22
1.124416224106146e-22
1.1244425009308916e-22
1.1244674130524107e-22
1.1244910133382752e-22
1.124513351871233e-22
1.1245344760554813e-22
1.1245544307173985e-22
1.1245732582012543e-22
1.1245909984584692e-22
1.1246076891329105e-22
1.1246233656408574e-22
1.1246380612460908e-22
1.1246518071306203e-22
1.1246646324609198e-22
1.1246765644499428e-22
1.124687628414647e-22
1.1246978478304066e-22
1.124707244379733e-22
1.1247158379995416e-22
1.1247236469226497e-22
1.1247306877174075e-22
1.1247369753212469e-22
1.1247425230739715e-22
1.124747342745679e-22
1.1247514445614278e-22
1.1247548372230147e-22
1.1247575279271785e-22
1.1247595223819548e-22
1.1247608248176133e-22
1.124761437996506e-22
1.1247613632176341e-22
1.1247606003205972e-22
1.1247591476851305e-22
1.1247570022275536e-22
1.1247541593937912e-22
1.1247506131495328e-22
1.1247463559682421e-22
1.1247413788153386e-22
1.1247356711266346e-22
1.1247292207893711e-22
1.124722014114218e-22
1.1247140358064438e-22
1.124705268933395e-22
1.1246956948891902e-22
1.1246852933544892e-22
1.124674042253924e-22
1.1246619177082684e-22
1.1246488939843407e-22
1.1246349434395077e-22
1.1246200364647976e-22
1.124604141420557e-22
1.124587224566807e-22
1.1245692499977938e-22
1.1245501795592114e-22
1.1245299727685715e-22
1.1245085867339377e-22
1.124485976055537e-22
1.1244620927320055e-22
1.12443688606371e-22
1.124410302532365e-22
1.1243822856997612e-22
1.1243527760823964e-22
1.1243217110219423e-22
1.124289024554739e-22
1.1242546472750476e-22
1.1242185061810252e-22
1.124180524520299e-22
1.124140621626135e-22
1.1240987127559383e-22
1.1240547088868098e-22
1.1240085165556616e-22
1.1239600376345881e-22
1.1239091691338888e-22
1.1238558029824324e-22
1.1237998257911198e-22
1.1237411186177512e-22
1.1236795567039922e-22
1.1236150092181967e-22
1.1235473389730127e-22
1.123476402123968e-22
1.1234020478726165e-22
1.123324118143851e-22
1.1232424472328347e-22
1.123156861475768e-22
1.1230671788422242e-22
1.122973208584445e-22
1.1228747507997088e-22
1.122771596013105e-22
1.1226635247215477e-22
1.1225503069320928e-22
1.1224317016561027e-22
1.1223074564009692e-22
1.1221773066189218e-22
1.1220409751458713e-22
1.1218981715890082e-22
1.121748591727727e-22
1.1215919168218744e-22
1.1214278129411478e-22
1.121255930244575e-22
1.1210759022539464e-22
1.1208873449668535e-22
1.1206898561368656e-22
1.1204830143188818e-22
1.1202663779966578e-22
1.1200394846242594e-22
1.1198018495454412e-22
1.1195529650628054e-22
1.119292299237371e-22
1.1190192947184923e-22
1.1187333676001932e-22
1.118433906066121e-22
1.1181202690777888e-22
1.1177917849821634e-22
1.117447749992565e-22
1.117087426646293e-22
1.1167100421866886e-22
1.1163147868526617e-22
1.1159008120744907e-22
1.1154672285457701e-22
1.1150131043707482e-22
1.1145374627539153e-22
1.1140392800317388e-22
1.1135174832750506e-22
1.1129709478474145e-22
1.112398494942072e-22
1.11179888883607e-22
1.1111708340894e-22
1.110512972607996e-22
1.1098238805665185e-22
1.109102065134883e-22
1.1083459609636914e-22
1.1075539265059438e-22
1.106724240468861e-22
1.1058550975629306e-22
1.1049446042237518e-22
1.1039907743378531e-22
1.1029915244766578e-22
1.1019446688362327e-22
1.1008479141787378e-22
1.0996988540104285e-22
1.0984949631142512e-22
1.0972335912495768e-22
1.0959119563937389e-22
1.0945271383136268e-22
1.0930760709289566e-22
1.0915555348115222e-22
1.0899621490299686e-22
1.0882923623766853e-22
1.086542444505462e-22
1.084708475809337e-22
1.0827863376999785e-22
1.080771701149758e-22
1.0786600155158988e-22
1.0764464960635535e-22
1.0741261105500764e-22
1.0716935659594096e-22
1.0691432929242979e-22
1.0664694304475189e-22
1.0636658085520364e-22
1.0607259301738055e-22
1.057642952136345e-22
1.0544096645101884e-22
1.051018467471647e-22
1.0474613491057361e-22
1.0437298579429521e-22
1.0398150769168178e-22
1.0357075930485429e-22
1.0313974648091791e-22
1.0268741892123526e-22
1.0221266623993282e-22
1.0171431400400718e-22
1.0119111935742381e-22
1.0064176611495709e-22
1.0006485958588122e-22
9.945892085256409e-23
9.882238045578015e-23
9.815357166348826e-23
9.74507225298769e-23
9.671194808652808e-23
9.593524055428044e-23
9.511845933725557e-23
9.425931959205776e-23
9.335537929888465e-23
9.24040251120898e-23
9.140245607281377e-23
9.034766541616319e-23
8.92364198644858e-23
8.806523611975104e-23
8.683035367032336e-23
8.552770384950889e-23
8.415287387823674e-23
8.270106465171106e-23
8.116704204858503e-23
7.954507889734549e-23
7.782888641732141e-23
7.601153212139075e-23
7.408534143775956e-23
