2.0184001906424162e-23
2.0183727590263992e-23
2.0183441158342756e-23
2.0183141968179845e-23
2.0182829353306272e-23
2.0182502621579315e-23
2.0182161053469672e-23
2.0181803900309508e-23
2.018143038249717e-23
2.018103968765931e-23
2.018063096875623e-23
2.0180203342127595e-23
2.0179755885480097e-23
2.0179287635796363e-23
2.0178797587178923e-23
2.0178284688607568e-23
2.0177747841609003e-23
2.0177185897842527e-23
2.0176597656577859e-23
2.017598186207473e-23
2.0175337200852956e-23
2.0174662298844873e-23
2.0173955718421395e-23
2.0173215955290888e-23
2.0172441435267042e-23
2.017163051087899e-23
2.0170781457845566e-23
2.0169892471371982e-23
2.01689616623026e-23
2.016798705307104e-23
2.0166966573486326e-23
2.0165898056314313e-23
2.016477923265901e-23
2.0163607727128737e-23
2.0162381052776022e-23
2.0161096605812444e-23
2.0159751660062295e-23
2.0158343361170206e-23
2.0156868720531852e-23
2.0155324608945226e-23
2.0153707749955422e-23
2.0152014712901963e-23
2.015024190563515e-23
2.0148385566868298e-23
2.0146441758231588e-23
2.0144406355859687e-23
2.0142275041682778e-23
2.0140043294227872e-23
2.0137706379057434e-23
2.0135259338679387e-23
2.01326969820733e-23
2.0130013873628327e-23
2.012720432164324e-23
2.0124262366240658e-23
2.0121181766710085e-23
2.0117955988293336e-23
2.011457818828059e-23
2.0111041201533704e-23
2.0107337525250563e-23
2.010345930307469e-23
2.0099398308424354e-23
2.0095145926989964e-23
2.0090693138558476e-23
2.008603049778568e-23
2.008114811418681e-23
2.0076035631182083e-23
2.0070682204057832e-23
2.006507647710013e-23
2.0059206559281327e-23
2.0053059999257445e-23
2.004662375881385e-23
2.0039884185265098e-23
2.0032826982488664e-23
2.0025437180514916e-23
2.0017699103872938e-23
2.0009596338376012e-23
2.0001111696092638e-23
1.9992227179033568e-23
1.9982923941028392e-23
1.9973182247593795e-23
1.996298143407503e-23
1.995229986197497e-23
1.994111487284516e-23
1.992940274028744e-23
1.9917138619710793e-23
1.9904296495458547e-23
1.9890849125673888e-23
1.9876767984545652e-23
1.9862023201671625e-23
1.9846583498883768e-23
1.9830416123738663e-23
1.9813486779823113e-23
1.9795759554511196e-23
1.977719684228776e-23
1.975775926492844e-23
1.9737405588605076e-23
1.9716092635519347e-23
1.9693775192523517e-23
1.9670405915863423e-23
1.9645935229674242e-23
1.9620311221521026e-23
1.9593479531859615e-23
1.956538323890289e-23
1.953596273777752e-23
1.9505155613413165e-23
1.9472896509194263e-23
1.943911698735876e-23
1.94037453845184e-23
1.936670665864127e-23
1.9327922229752625e-23
1.9287309814901615e-23
1.9244783250983517e-23
1.9200252313913478e-23
1.915362252602937e-23
1.9104794954898998e-23
1.905366600558434e-23
1.900012719907857e-23
1.894406494095237e-23
1.8885360282898883e-23
1.882388866813717e-23
1.87595196683443e-23
1.8692116705459615e-23
1.8621536762770547e-23
1.8547630079939552e-23
1.8470239837314508e-23
1.8389201821451752e-23
1.830434407580532e-23
1.821548653711467e-23
1.8122440653652486e-23
1.8025008981903793e-23
1.7922984771356656e-23
1.7816151524665865e-23
1.770428253400903e-23
1.7587140406865056e-23
1.746447655932383e-23
1.7336030685224898e-23
1.7201530210008482e-23
1.7060689710632927e-23
1.6913210310968586e-23
1.6758779043319764e-23
1.659706819686546e-23
1.642773461504527e-23
1.6250418973227011e-23
1.6064745017790033e-23
1.587031877952153e-23
1.5666727728694213e-23
1.5453539924185686e-23
1.5230303101238696e-23
1.499654370281164e-23
1.4751765928979653e-23
1.44954506789501e-23
1.4227054481642358e-23
1.394600837404022e-23
1.3651716747195686e-23
1.3343556129143492e-23
1.3020873950297799e-23
1.2682987236423517e-23
1.2329181329101663e-23
1.1958708503750792e-23
1.1570786670629797e-23
1.1164597993857492e-23
1.0739287669952706e-23
1.0293962719817936e-23
9.82769102985168e-24
9.339500795091512e-24
8.828380339200095e-24
8.293279206276878e-24
7.733110809020456e-24
7.146758171171995e-24
6.533085370467761e-24
5.8909600921340904e-24
5.219299158551499e-24
4.517166459388063e-24
3.784003722876269e-24
3.020253809196295e-24
2.2294270058462026e-24
1.4276273295605658e-24
7.209683716814807e-25
7.952268106514186e-25
1.6179428909730145e-24
2.5971393232369636e-24
3.648852959116501e-24
4.760012317475233e-24
5.928388095289221e-24
7.154643371499617e-24
8.440534089505656e-24
9.788353961352431e-24
1.1200727695489938e-23
1.2680524480578656e-23
1.4230819681537438e-23
1.585487837992075e-23
1.7556149964675863e-23
1.93382677933911e-23
2.1205053739917658e-23
2.3160523002560822e-23
2.5208892382199515e-23
2.735458809027234e-23
2.9602255765571814e-23
3.1956770579149167e-23
3.442324842854951e-23
3.700705814449594e-23
