1.337553724657345e-22
1.337925092380444e-22
1.3382784253864383e-22
1.3386144735729678e-22
1.3389339501354448e-22
1.339237533083284e-22
1.3395258666810384e-22
1.3397995628176334e-22
1.3400592023069446e-22
1.340305336121867e-22
1.340538486565275e-22
1.3407591483795717e-22
1.3409677897978932e-22
1.341164853538794e-22
1.3413507577466815e-22
1.341525896880076e-22
1.3416906425492258e-22
1.3418453443055993e-22
1.3419903303839446e-22
1.3421259083995157e-22
1.3422523660010412e-22
1.3423699714817296e-22
1.3424789743486033e-22
1.3425796058522278e-22
1.342672079477675e-22
1.3427565913974496e-22
1.3428333208881009e-22
1.3429024307101562e-22
1.3429640674539135e-22
1.3430183618499585e-22
1.3430654290467007e-22
1.3431053688542317e-22
1.3431382659560146e-22
1.3431641900879794e-22
1.3431831961863582e-22
1.343195324503475e-22
1.3432006006928915e-22
1.3431990358628566e-22
1.3431906265995344e-22
1.3431753549586877e-22
1.3431531884267468e-22
1.343124079850922e-22
1.3430879673379863e-22
1.34304477412159e-22
1.3429944083981713e-22
1.342936763130567e-22
1.3428717158192256e-22
1.3427991282404432e-22
1.3427188461510263e-22
1.3426306989587582e-22
1.3425344993580488e-22
1.3424300429295225e-22
1.342317107703626e-22
1.342195453685998e-22
1.3420648223448883e-22
1.3419249360583706e-22
1.3417754975210331e-22
1.3416161891082226e-22
1.3414466721966719e-22
1.3412665864403823e-22
1.3410755489994246e-22
1.3408731537205e-22
1.3406589702674457e-22
1.3404325431994704e-22
1.3401933909954498e-22
1.339941005021813e-22
1.3396748484418206e-22
1.3393943550641311e-22
1.3390989281274504e-22
1.338787939019335e-22
1.3384607259254017e-22
1.3381165924070863e-22
1.337754805903513e-22
1.337374596154968e-22
1.3369751535440881e-22
1.336555627351215e-22
1.3361151239197798e-22
1.3356527047273681e-22
1.3351673843589113e-22
1.3346581283761898e-22
1.334123851079624e-22
1.3335634131570944e-22
1.3329756192138179e-22
1.33235921517833e-22
1.3317128855778098e-22
1.3310352506768545e-22
1.3303248634728149e-22
1.329580206540591e-22
1.3287996887190972e-22
1.327981641632156e-22
1.3271243160347484e-22
1.32622587797616e-22
1.3252844047704424e-22
1.3242978807646255e-22
1.3232641928937924e-22
1.3221811260122052e-22
1.321046357988602e-22
1.3198574545534668e-22
1.318611863884514e-22
1.31730691091707e-22
1.3159397913639419e-22
1.314507565429125e-22
1.3130071511986368e-22
1.3114353176905064e-22
1.309788677544522e-22
1.308063679332186e-22
1.3062565994638494e-22
1.3043635336715081e-22
1.3023803880408008e-22
1.3003028695664559e-22
1.298126476202685e-22
1.2958464863775595e-22
1.2934579479382285e-22
1.290955666492237e-22
1.288334193105387e-22
1.2855878113167548e-22
1.2827105234226067e-22
1.2796960359853573e-22
1.276537744509543e-22
1.2732287172320192e-22
1.2697616779593236e-22
1.2661289878876573e-22
1.2623226263262704e-22
1.2583341702446542e-22
1.2541547725512528e-22
1.2497751390008414e-22
1.2451855036243985e-22
1.2403756025511507e-22
1.2353346460888885e-22
1.2300512889090956e-22
1.2245135981578668e-22
1.2187090193054574e-22
1.2126243395097299e-22
1.2062456482473941e-22
1.199558294926217e-22
1.1925468431631464e-22
1.1851950213447624e-22
1.177485669065563e-22
1.1694006789261972e-22
1.1609209331503195e-22
1.1520262343348124e-22
1.1426952295705075e-22
1.1329053270196018e-22
1.122632603868704e-22
1.1118517043958187e-22
1.100535726625131e-22
1.0886560957298394e-22
1.076182422049373e-22
1.0630823409916914e-22
1.0493213316599581e-22
1.0348625102201088e-22
1.0196663931374286e-22
1.0036906242522725e-22
9.868896581790353e-23
9.692143905296676e-23
9.506117230274097e-23
9.310240481773194e-23
9.103886338874183e-23
8.886368825639301e-23
8.656934313109738e-23
8.414750491185715e-23
8.158892723679639e-23
7.888326989265436e-23
7.601888324886256e-23
7.298253267677855e-23
6.975904184600026e-23
6.633082485368999e-23
6.267726358050714e-23
5.877386601457763e-23
5.459110877999843e-23
5.009281504947646e-23
4.5233833447895666e-23
3.9956639342964736e-23
3.41862313483392e-23
2.782226574283017e-23
2.0726698289580643e-23
1.2705286979304703e-23
3.5309889537103194e-24
7.629021281091727e-24
2.105989487749099e-23
3.846499433424471e-23
6.280220811965312e-23
1.0134771138586279e-22
1.778515439861842e-22
4.397427929355795e-22
1.4011512943188624e-21
2.787662742245333e-22
1.477197496975268e-22
9.307733918658817e-23
6.057270138417415e-23
3.7330115897221405e-23
1.8724041547413864e-23
2.9045597073505144e-24
1.2125534589759911e-23
2.5892328959210814e-23
3.924205613228533e-23
5.241157247313115e-23
6.55789344396974e-23
7.887764086404224e-23
9.2411765357071e-23
1.062658408160982e-22
