1.608215312408351e-23
1.6086683535052273e-23
1.609096249418924e-23
1.6094999013681977e-23
1.609880159717454e-23
1.6102378257294783e-23
1.610573653218267e-23
1.6108883501055992e-23
1.6111825798840678e-23
1.6114569629890472e-23
1.611712078083159e-23
1.6119484632542077e-23
1.6121666171302684e-23
1.6123669999129444e-23
1.6125500343320575e-23
1.612716106521491e-23
1.6128655668206056e-23
1.6129987305005753e-23
1.613115878417822e-23
1.6132172575957947e-23
1.613303081736714e-23
1.6133735316631037e-23
1.6134287556905306e-23
1.6134688699330675e-23
1.6134939585404198e-23
1.6135040738683066e-23
1.613499236582522e-23
1.6134794356956752e-23
1.6134446285376113e-23
1.6133947406591155e-23
1.6133296656689802e-23
1.613249265003111e-23
1.613153367626151e-23
1.613041769664809e-23
1.6129142339704216e-23
1.6127704896136126e-23
1.6126102313052955e-23
1.6124331187454566e-23
1.612238775899186e-23
1.612026790194695e-23
1.6117967116467922e-23
1.6115480518982753e-23
1.6112802831809234e-23
1.6109928371956966e-23
1.6106851039012167e-23
1.610356430218898e-23
1.6100061186447006e-23
1.6096334257655983e-23
1.6092375606810905e-23
1.608817683320245e-23
1.6083729026607633e-23
1.607902274829563e-23
1.6074048011005754e-23
1.6068794257726427e-23
1.6063250339235213e-23
1.6057404490422015e-23
1.605124430528814e-23
1.6044756710559023e-23
1.6037927937878754e-23
1.6030743494616884e-23
1.6023188132940923e-23
1.6015245817533187e-23
1.600689969135808e-23
1.599813203992629e-23
1.5988924253531832e-23
1.5979256787747987e-23
1.5969109121758132e-23
1.595845971477173e-23
1.5947285960169846e-23
1.5935564137376525e-23
1.5923269361334245e-23
1.5910375529567395e-23
1.5896855266662727e-23
1.5882679865782546e-23
1.5867819227677772e-23
1.585224179643713e-23
1.583591449242025e-23
1.581880264135056e-23
1.5800869900890448e-23
1.5782078182646324e-23
1.5762387571172037e-23
1.574175623880635e-23
1.5720140356067852e-23
1.569749399822668e-23
1.5673769047172733e-23
1.5648915088771536e-23
1.562287930429267e-23
1.5595606358327493e-23
1.5567038279542078e-23
1.5537114336979083e-23
1.5505770909523834e-23
1.5472941349676325e-23
1.5438555840452573e-23
1.5402541245314714e-23
1.5364820950661376e-23
1.5325314701747402e-23
1.5283938428603665e-23
1.5240604066316926e-23
1.5195219363102803e-23
1.5147687682409872e-23
1.5097907792870895e-23
1.5045773649306033e-23
1.4991174162062727e-23
1.4933992956418043e-23
1.487410811702801e-23
1.4811391924062572e-23
1.474571057162992e-23
1.4676923875141923e-23
1.4604884963381875e-23
1.4529439953386444e-23
1.4450427609181518e-23
1.4367678984559928e-23
1.428101704558906e-23
1.4190256273018197e-23
1.4095202243990372e-23
1.399565119192807e-23
1.389138953951566e-23
1.3782193410109838e-23
1.3667828105832864e-23
1.3548047560973838e-23
1.3422593755045124e-23
1.3291196103649268e-23
1.3153570790967384e-23
1.3009420078350907e-23
1.2858431552535131e-23
1.2700277328828627e-23
1.2534613187758756e-23
1.2361077651478197e-23
1.2179290978854439e-23
1.1988854069289503e-23
1.1789347272579537e-23
1.1580329065996832e-23
1.1361334589060107e-23
1.1131874009152088e-23
1.0891430649378314e-23
1.0639458873437844e-23
1.0375381609661892e-23
1.0098587441651246e-23
9.808427141320687e-24
9.504209431397944e-24
9.18519574416232e-24
8.850593596440222e-24
8.499547991940249e-24
8.131130122435003e-24
7.744321968711209e-24
7.337994999839168e-24
6.910879740840442e-24
6.461521149335646e-24
5.9882111800964724e-24
5.48888376052907e-24
4.960946164837872e-24
4.401001324144702e-24
3.8043885279086664e-24
3.164483662172406e-24
2.472243426735638e-24
1.7227464000732342e-24
1.0287889422788434e-24
1.5721629331416418e-24
6.030376583633768e-24
5.6262939331589864e-24
1.5832457984944882e-24
1.186117697169279e-24
2.0781621107628556e-24
3.0961416497698912e-24
4.131034953396008e-24
5.186653652798531e-24
6.272003753970589e-24
7.394306927365987e-24
8.559192452937852e-24
9.771286233616826e-24
1.1034623183016437e-23
1.2352904186239958e-23
1.372965628616019e-23
1.5168335183864184e-23
1.667239315271987e-23
1.824532640293586e-23
1.9890709111226333e-23
2.1612219589854062e-23
2.341366070964511e-23
2.5298977674120957e-23
2.727227266903923e-23
2.933781900385816e-23
3.150007358536493e-23
3.376368956096193e-23
3.6133528439315277e-23
3.861467197928499e-23
4.1212434800665556e-23
4.393237680203832e-23
4.67803156356687e-23
4.976234067241614e-23
5.2884826074543227e-23
5.61544454743173e-23
5.957818685145525e-23
6.316336819609537e-23
6.691765321088691e-23
7.08490687219124e-23
7.496602331303901e-23
7.92773242267642e-23
8.379219850609718e-23
8.85203128972996e-23
9.347179577369108e-23
