1.0143775516275216e-21
1.0342847850729003e-21
1.0564104138841348e-21
1.0808002578865667e-21
1.107504836145507e-21
1.1365794640506812e-21
1.1680843595767365e-21
1.202084758908077e-21
1.23865104163537e-21
1.2778588656121934e-21
1.3197893116195735e-21
1.3645290381159769e-21
1.4121704461182248e-21
1.4628118548027842e-21
1.5165576871127701e-21
1.5735186670916803e-21
1.6338120272014151e-21
1.6975617280702727e-21
1.764898688896165e-21
1.8359610298385384e-21
1.910894326948671e-21
1.9898518784672954e-21
2.0729949841683844e-21
2.16049323758027e-21
2.2525248302933087e-21
2.349276870682161e-21
2.4509457148764124e-21
2.557737312201382e-21
2.6698675639171278e-21
2.787562696301509e-21
2.9110596473145674e-21
3.040606468500036e-21
3.1764627402550124e-21
3.31890000229402e-21
3.4682021985570354e-21
3.624666135874065e-21
3.7886019583449235e-21
3.96033363562328e-21
4.1401994645061826e-21
4.328552586561788e-21
4.525761517411919e-21
4.732210691158292e-21
4.948301016524376e-21
5.174450445922537e-21
5.41109455800517e-21
5.658687146714847e-21
5.917700827663635e-21
6.1886276468767805e-21
6.471979700444184e-21
6.7682897658052996e-21
7.078111928376796e-21
7.402022221365805e-21
7.740619267519959e-21
8.09452491132513e-21
8.464384863274468e-21
8.850869331536526e-21
9.254673647490447e-21
9.676518885679523e-21
1.0117152477520804e-20
1.0577348785959082e-20
1.1057909696107157e-20
1.155966515063481e-20
1.2083473699174274e-20
1.2630222963069779e-20
1.320083012274199e-20
1.379624232968366e-20
1.4417437093087352e-20
1.506542261113738e-20
1.5741238051054855e-20
1.6445953790652164e-20
1.7180671554253287e-20
1.794652452246554e-20
1.874467737694973e-20
1.9576326202062883e-20
2.0442698389416327e-20
2.1345052403885708e-20
2.228467746601464e-20
2.3262893136715492e-20
2.4281048849882232e-20
2.5340523280547826e-20
2.6442723579723834e-20
2.758908466020881e-20
2.8781068177323445e-20
3.002016155532224e-20
3.1307876839536e-20
3.264574935704467e-20
3.403533650673016e-20
3.547821620482242e-20
3.697598540960741e-20
3.853025839395569e-20
4.014266512297584e-20
4.181484944036004e-20
4.3548467246802894e-20
4.534518454434315e-20
4.720667560142531e-20
4.913462096252864e-20
5.113070551860228e-20
5.319661661392166e-20
5.533404207178676e-20
5.754466850341694e-20
5.983017933911254e-20
6.219225347559236e-20
6.463256332965252e-20
6.715277368294195e-20
6.975454064314318e-20
7.243950993451248e-20
7.52093167247863e-20
7.806558443982351e-20
8.100992462575522e-20
8.404393676935496e-20
8.71692082796652e-20
9.03873147549755e-20
9.369982101773139e-20
9.710828157433274e-20
1.0061424214789738e-19
1.0421924083958376e-19
1.0792481039169038e-19
1.1173248009154695e-19
1.1564377791065524e-19
1.1966023336269072e-19
1.2378338009914766e-19
1.2801475948976922e-19
1.3235592329457919e-19
1.3680843734542967e-19
1.4137388618980928e-19
1.4605387548781494e-19
1.5085003635415222e-19
1.5576403029430908e-19
1.6079755227581467e-19
1.6595233534454435e-19
1.71230155335238e-19
1.7663283373669679e-19
1.8216224346656888e-19
1.8782031333449507e-19
1.93609028906521e-19
1.9953044051990736e-19
2.0558666538791778e-19
2.1177989124996128e-19
2.1811238162222546e-19
2.245864781381938e-19
2.3120460315568737e-19
2.379692660057919e-19
2.4488306356971357e-19
2.519486856192477e-19
2.5916891469704135e-19
2.6654663310447094e-19
2.7408482046464655e-19
2.817865631194793e-19
2.896550483247165e-19
2.976935742463867e-19
3.059055483096284e-19
3.1429448578960133e-19
3.2286402101428234e-19
3.3161790236227675e-19
3.4055999275998505e-19
3.4969428084254714e-19
3.5902486838171042e-19
3.685559835244317e-19
3.782919802158108e-19
3.882373359161026e-19
3.9839665535168193e-19
4.087746696521567e-19
4.193762452593723e-19
4.3020637224434405e-19
4.412701830423588e-19
4.525729358648286e-19
4.641200262992601e-19
4.759169884482814e-19
4.879694946060381e-19
5.002833525707264e-19
5.128645155927486e-19
5.257190756756701e-19
5.388532726936779e-19
5.522734775083296e-19
5.659862285978692e-19
5.799981923590081e-19
5.94316190051564e-19
6.089471933011798e-19
6.238983265991226e-19
6.391768607150855e-19
6.547902199967901e-19
6.707459811059303e-19
6.870518789070634e-19
7.037158069475994e-19
7.207457944722437e-19
7.381500575787393e-19
7.559369436642853e-19
7.741149543142078e-19
7.92692787751255e-19
8.116792389302579e-19
8.310833048632435e-19
8.509141155658828e-19
8.711809498316747e-19
8.918932642083801e-19
9.130606360501542e-19
9.346928267187428e-19
9.56799687459146e-19
9.793912702555212e-19
1.0024777192095703e-18
1.0260693159274748e-18
1.0501765060316668e-18
