4.872362442046843e-24
4.873328890499014e-24
4.874256434948731e-24
4.875145366014902e-24
4.875996041203516e-24
4.876808872432072e-24
4.8775843148502154e-24
4.878322856827281e-24
4.8790250109894086e-24
4.8796913061996756e-24
4.8803222803847144e-24
4.88091847411983e-24
4.881480424893182e-24
4.882008661976533e-24
4.882503701837106e-24
4.882966044030937e-24
4.883396167523585e-24
4.883794527389166e-24
4.884161551843126e-24
4.8844976395681565e-24
4.884803157296513e-24
4.885078437615179e-24
4.885323776963487e-24
4.885539433795308e-24
4.885725626880769e-24
4.885882533724071e-24
4.886010289076708e-24
4.886108983526585e-24
4.886178662145363e-24
4.8862193231779705e-24
4.886230916759166e-24
4.886213343643599e-24
4.886166453936375e-24
4.886090045812571e-24
4.885983864214552e-24
4.88584759951676e-24
4.885680886148522e-24
4.885483301165415e-24
4.8852543627610154e-24
4.884993528710376e-24
4.884700194737569e-24
4.8843736927997406e-24
4.884013289280204e-24
4.883618183083456e-24
4.883187503625206e-24
4.882720308710379e-24
4.882215582292347e-24
4.8816722321066595e-24
4.8810890871722605e-24
4.8804648951537615e-24
4.879798319577584e-24
4.879087936895182e-24
4.8783322333864134e-24
4.877529601895755e-24
4.8766783383942774e-24
4.8757766383598225e-24
4.874822592967909e-24
4.8738141850856446e-24
4.8727492850605775e-24
4.871625646296524e-24
4.870440900608014e-24
4.8691925533447075e-24
4.867877978277367e-24
4.866494412236087e-24
4.8650389494921036e-24
4.863508535873482e-24
4.8618999626055566e-24
4.860209859866471e-24
4.8584346900479266e-24
4.85657074071159e-24
4.854614117231171e-24
4.8525607351103684e-24
4.8504063119669505e-24
4.848146359173144e-24
4.8457761731431e-24
4.843290826258189e-24
4.840685157421326e-24
4.837953762232365e-24
4.835090982776794e-24
4.832090897021593e-24
4.828947307812279e-24
4.825653731467626e-24
4.822203385969096e-24
4.818589178744889e-24
4.814803694050432e-24
4.810839179950105e-24
4.806687534908449e-24
4.802340294002988e-24
4.797788614775708e-24
4.79302326274567e-24
4.788034596611922e-24
4.782812553183568e-24
4.777346632082925e-24
4.771625880278487e-24
4.765638876516604e-24
4.7593737157357456e-24
4.752817993564285e-24
4.745958791022821e-24
4.7387826595753886e-24
4.7312756067022565e-24
4.7234230821985645e-24
4.715209965441842e-24
4.706620553915711e-24
4.697638553330043e-24
4.688247069739336e-24
4.6784286041344496e-24
4.668165050068452e-24
4.657437694979106e-24
4.646227225990515e-24
4.634513741118673e-24
4.622276766974259e-24
4.609495284255902e-24
4.596147762565699e-24
4.5822122063618095e-24
4.567666214201566e-24
4.552487053832966e-24
4.536651756176195e-24
4.520137231818007e-24
4.502920414338894e-24
4.484978435633169e-24
4.466288839393987e-24
4.446829840158831e-24
4.426580636789881e-24
4.405521791057085e-24
4.3836356841677275e-24
4.360907066731142e-24
4.337323720866137e-24
4.312877257079432e-24
4.287564073323573e-24
4.261386509472081e-24
4.234354237559112e-24
4.206485936794122e-24
4.177811312907531e-24
4.148373534186424e-24
4.1182321720531026e-24
4.087466752690598e-24
4.0561810485141966e-24
4.024508264671612e-24
3.992617306547653e-24
3.960720349494796e-24
3.929081971239462e-24
3.898030149291578e-24
3.867969467506185e-24
3.8393969129693146e-24
3.8129206690216984e-24
3.7892823112888405e-24
3.769382775828554e-24
3.7543123734500735e-24
3.745384953379148e-24
3.744176061891464e-24
3.7525646086892185e-24
3.772777202290092e-24
3.8074340771541075e-24
3.859595643502685e-24
3.9328094861568164e-24
4.031159520949382e-24
4.159322326158565e-24
4.322640512108849e-24
4.527229129207867e-24
4.780138009967498e-24
5.089600134971197e-24
5.46540378468489e-24
5.9194356316740185e-24
6.466455187125385e-24
7.125179963826147e-24
7.919783606525873e-24
8.881922240304473e-24
1.0053357351132185e-23
1.1488980402131244e-23
1.3259104843681557e-23
1.5446995712119797e-23
1.8129628493120148e-23
2.1311704808409776e-23
2.476351032688669e-23
2.778764238560863e-23
2.930166404376188e-23
2.8706753639532924e-23
2.654703440910636e-23
2.3824887595331997e-23
2.120142960659287e-23
1.89246647511948e-23
1.702756384141441e-23
1.5468174768094818e-23
1.4190049061805865e-23
1.3142359993374418e-23
1.2284476995106363e-23
1.158545711188743e-23
1.1022252876496622e-23
1.0577869787133749e-23
1.0239802361128875e-23
9.998787127294554e-24
9.84783474515507e-24
9.78149579828102e-24
9.795323346307244e-24
9.885502453040613e-24
1.0048618812860082e-23
1.0281537116794483e-23
1.0581358373085554e-23
1.0945426590783985e-23
1.1371359673653705e-23
1.1857086002494086e-23
