1.8343936318149726e-23
1.8269299827340369e-23
1.825677949333178e-23
1.8306348519607203e-23
1.8418111962066898e-23
1.8592306953614412e-23
1.882930320922522e-23
1.912960381255013e-23
1.949384628578551e-23
1.992280394520224e-23
2.0417387545394384e-23
2.097864721595017e-23
2.1607774694891196e-23
2.230610586384955e-23
2.3075123590586096e-23
2.391646088508753e-23
2.4831904376122611e-23
2.5823398115801224e-23
2.6893047720364246e-23
2.8043124856141225e-23
2.9276072080338795e-23
3.05945080470933e-23
3.200123309001204e-23
3.349923519323402e-23
3.509169636390892e-23
3.6781999419867887e-23
3.857373520717004e-23
4.047071026315416e-23
4.247695494164543e-23
4.4596732017922886e-23
4.6834545792189153e-23
4.9195151711346366e-23
5.168356653004243e-23
5.430507903317604e-23
5.706526134324608e-23
5.996998083734326e-23
6.302541269979092e-23
6.623805313806261e-23
6.961473329090323e-23
7.316263385931308e-23
7.688930049254466e-23
8.08026599631398e-23
8.49110371666373e-23
8.922317298363781e-23
9.37482430438289e-23
9.849587743358174e-23
1.0347618139108423e-22
1.0869975703495986e-22
1.1417772617521207e-22
1.199217542572612e-22
1.259440754930683e-22
1.32257519235693e-22
1.38875537656893e-22
1.4581223479031437e-22
1.5308239700606983e-22
1.6070152498605822e-22
1.6868586727277358e-22
1.7705245546863367e-22
1.8581914116622762e-22
1.9500463469460982e-22
2.0462854577122868e-22
2.1471142615346773e-22
2.252748143891281e-22
2.3634128277020323e-22
2.479344866001045e-22
2.6007921588999867e-22
2.728014496066231e-22
2.861284126000281e-22
3.000886353470153e-22
3.147120166532168e-22
3.3002988946441727e-22
3.4607508994638424e-22
3.628820300006432e-22
3.8048677339315255e-22
3.9892711568280285e-22
4.182426681464165e-22
4.384749459086166e-22
4.596674604959553e-22
4.818658170476596e-22
5.051178164274946e-22
5.294735624962687e-22
5.549855748182134e-22
5.81708907090746e-22
6.097012716032115e-22
6.390231700480619e-22
6.697380310264678e-22
7.019123546100982e-22
7.356158643415773e-22
7.709216670787453e-22
8.079064211112559e-22
8.466505130026185e-22
8.872382436379173e-22
9.297580239851465e-22
9.743025811075495e-22
1.020969174995669e-21
1.0698598268229558e-21
1.121081559259228e-21
1.1747466495190086e-21
1.2309728958559672e-21
1.2898838982587095e-21
1.3516093541438298e-21
1.4162853698892383e-21
1.484054789097555e-21
1.5550675385260343e-21
1.6294809926742272e-21
1.7074603580724733e-21
1.7891790783647368e-21
1.874819261342682e-21
1.9645721291368086e-21
2.0586384928357952e-21
2.1572292528513004e-21
2.2605659264165328e-21
2.3688812036507093e-21
2.4824195336734572e-21
2.6014377423104064e-21
2.726205682958008e-21
2.857006922227462e-21
2.994139461985193e-21
3.137916499440276e-21
3.288667226901768e-21
3.4467376728018754e-21
3.6124915855222e-21
3.786311361453315e-21
3.968599018597571e-21
4.159777216805295e-21
4.3602903254996175e-21
4.570605539404808e-21
4.791214042343182e-21
5.022632218660406e-21
5.265402911108363e-21
5.520096723214348e-21
5.787313363086175e-21
6.0676830243705184e-21
6.361867798474414e-21
6.670563110327842e-21
6.994499167693115e-21
7.334442411229375e-21
7.691196949384863e-21
8.065605958180974e-21
8.458553021359991e-21
8.870963380928911e-21
9.303805061603655e-21
9.75808982514451e-21
1.023487390153802e-20
1.0735258433795708e-20
1.1260389560994899e-20
1.1811458050344407e-20
1.2389698373376219e-20
1.299638710299138e-20
1.363284048808463e-20
1.430041103970183e-20
1.5000482937574705e-20
1.5734466039159342e-20
1.6503788244157096e-20
1.7309885938364173e-20
1.8154192210455404e-20
1.9038122508346457e-20
1.9963057377323413e-20
2.0930321905488376e-20
2.194116149755904e-20
2.299671360655124e-20
2.4097975088851905e-20
2.5245764909524623e-20
2.644068202911506e-20
2.7683058453431023e-20
2.8972907638854965e-20
3.0309868724989157e-20
3.169314741702469e-20
3.3121454775729845e-20
3.4592945672565297e-20
3.610515923448486e-20
3.765496419537986e-20
3.923851265062029e-20
4.08512062169358e-20
4.2487678946804916e-20
4.4141801448058493e-20
4.58067104121983e-20
4.747486707973291e-20
4.9138147002050916e-20
5.0787961795128423e-20
5.241541147860999e-20
5.4011463590334196e-20
5.556715279230447e-20
5.707379241030408e-20
5.852318759282731e-20
5.9907838799195e-20
6.122112436282097e-20
6.245745195940676e-20
6.361237090210464e-20
6.468264002948452e-20
6.566624923102143e-20
6.656239597501401e-20
6.737142117197264e-20
6.809471105239603e-20
6.873457324666844e-20
6.929409589546385e-20
6.977699843877589e-20
7.018748191418339e-20
7.053008530097213e-20
7.080955293342698e-20
7.103071643243718e-20
