2.487969868353044e-24
2.464913465071845e-24
2.443404874679178e-24
2.423385583464579e-24
2.404800725242863e-24
2.387598952516526e-24
2.3717323123068556e-24
2.357156126535145e-24
2.3438288769078992e-24
2.3317120942286693e-24
2.3207702520559423e-24
2.3109706646421155e-24
2.302283389061943e-24
2.2946811314437695e-24
2.2881391572245677e-24
2.2826352052781133e-24
2.278149405848859e-24
2.274664202105453e-24
2.2721642752427984e-24
2.270636472896369e-24
2.2700697407850333e-24
2.270455057368162e-24
2.2717853713408935e-24
2.274055541799636e-24
2.277262280862972e-24
2.281404098562403e-24
2.2864812498221935e-24
2.2924956832708374e-24
2.2994509917645527e-24
2.3073523643392983e-24
2.3162065394369497e-24
2.3260217593072766e-24
2.3368077251676976e-24
2.348575553222917e-24
2.361337731220233e-24
2.375108075438467e-24
2.3899016880253056e-24
2.4057349144729356e-24
2.422625301311751e-24
2.4405915537547014e-24
2.4596534934295728e-24
2.4798320160765334e-24
2.50114904926467e-24
2.5236275100978285e-24
2.547291263119157e-24
2.5721650783400546e-24
2.5982745896064068e-24
2.6256462533403953e-24
2.6543073080284898e-24
2.6842857343982487e-24
2.7156102166652524e-24
2.7483101049047962e-24
2.7824153790829508e-24
2.8179566145214464e-24
2.8549649496095567e-24
2.8934720554704818e-24
2.933510108272459e-24
2.9751117641463785e-24
3.0183101370615212e-24
3.0631387798678122e-24
3.1096316686757233e-24
3.1578231907293946e-24
3.2077481359757825e-24
3.259441692587753e-24
3.312939445886234e-24
3.368277381770559e-24
3.425491893805718e-24
3.484619794159911e-24
3.5456983287522326e-24
3.60876519580924e-24
3.673858568587477e-24
3.741017121208483e-24
3.8102800583455154e-24
3.8816871476402284e-24
3.955278755578067e-24
4.03109588578136e-24
4.109180220258733e-24
4.1895741624692036e-24
4.272320882799117e-24
4.3574643656390895e-24
4.4450494582136214e-24
4.535121920462312e-24
4.627728476380255e-24
4.722916865334054e-24
4.820735895526363e-24
4.921235496400584e-24
5.024466772062773e-24
5.130482054679529e-24
5.239334958348367e-24
5.35108043148633e-24
5.4657748107546645e-24
5.5834758732103335e-24
5.704242888650968e-24
5.828136672163269e-24
5.9552196347519656e-24
6.085555835151717e-24
6.2192110300329634e-24
6.356252724319405e-24
6.4967502209044645e-24
6.640774670519394e-24
6.788399120459354e-24
6.939698564315236e-24
7.094749989514364e-24
7.253632427980289e-24
7.416427002809307e-24
7.583216979503464e-24
7.754087812916881e-24
7.92912719719258e-24
8.108425116945507e-24
8.292073895036789e-24
8.480168244879917e-24
8.672805320644231e-24
8.870084770608903e-24
9.072108787919181e-24
9.278982166106409e-24
9.490812352323421e-24
9.707709503801413e-24
9.929786542972885e-24
1.0157159217239597e-23
1.0389946156666913e-23
1.0628268935724121e-23
1.087225213048756e-23
1.1122023388792631e-23
1.1377713488617017e-23
1.1639456407463327e-23
1.1907389388338343e-23
1.2181653009047128e-23
1.2462391256353651e-23
1.2749751592316532e-23
1.3043885034154457e-23
1.334494622878449e-23
1.365309353046012e-23
1.3968489081193185e-23
1.429129889220632e-23
1.462169292868383e-23
1.495984519573903e-23
1.5305933825139507e-23
1.5660141169078816e-23
1.6022653885952764e-23
1.6393663042252892e-23
1.6773364206988174e-23
1.7161957543318067e-23
1.7559647926612688e-23
1.7966645030238847e-23
1.8383163442094233e-23
1.8809422771059556e-23
1.9245647758543544e-23
1.969206838953034e-23
2.0148920012105845e-23
2.0616443451726544e-23
2.1094885138428072e-23
2.158449722693952e-23
2.2085537725557882e-23
2.25982706236494e-23
2.3122966022384196e-23
2.3659900275337385e-23
2.420935612668629e-23
2.477162283743263e-23
2.5346996352597525e-23
2.5935779435612606e-23
2.6538281808133277e-23
2.715482031798706e-23
2.778571910073599e-23
2.843130971456946e-23
2.909193131945964e-23
2.9767930840436326e-23
3.0459663125014026e-23
3.116749115762966e-23
3.1891786154947434e-23
3.263292782194338e-23
3.339130448760106e-23
3.416731330394954e-23
3.496136044413545e-23
3.577386125610131e-23
3.660524052681222e-23
3.745593256896282e-23
3.83263815462414e-23
3.921704158798912e-23
4.012837706260597e-23
4.1060862699764995e-23
4.201498389011588e-23
4.299123684666767e-23
4.3990128853817016e-23
4.5012178498726007e-23
4.605791586378157e-23
4.712788273287599e-23
4.822263290902879e-23
4.9342732335590966e-23
5.048875944387044e-23
5.1661305335991125e-23
5.286097396195813e-23
5.408838252225626e-23
5.534416147623556e-23
5.662895498901768e-23
5.794342122856263e-23
5.928823234402844e-23
6.066407482700974e-23
6.207164992206471e-23
6.351167381407723e-23
6.498487749802561e-23
6.649200769786277e-23
