4.491693271408812e-24
4.51787150526107e-24
4.54254440135953e-24
4.565762101531611e-24
4.587571909690354e-24
4.608018363331912e-24
4.6271433030160414e-24
4.644985939381165e-24
4.6615829174610454e-24
4.676968377952331e-24
4.691174015373945e-24
4.7042291328397655e-24
4.716160693419839e-24
4.726993367942998e-24
4.736749579270916e-24
4.7454495428217995e-24
4.753111303532932e-24
4.759750769019632e-24
4.765381739090425e-24
4.770015931535444e-24
4.773663004118792e-24
4.776330572983581e-24
4.778024227154573e-24
4.778747539512937e-24
4.778502073919324e-24
4.777287388687776e-24
4.775101036365465e-24
4.771938559802546e-24
4.76779348452494e-24
4.76265730746511e-24
4.756519482002473e-24
4.7493673993254205e-24
4.741186366144771e-24
4.7319595788260415e-24
4.7216680938286786e-24
4.710290794644258e-24
4.69780435509811e-24
4.684183199225936e-24
4.669399457655559e-24
4.6534229206116556e-24
4.636220987734638e-24
4.617758614658518e-24
4.5979982566466434e-24
4.57689980947009e-24
4.5544205476345406e-24
4.530515060596077e-24
4.505135186844505e-24
4.478229946805394e-24
4.449745474927937e-24
4.419624951625674e-24
4.387808536034947e-24
4.354233300742421e-24
4.318833169721698e-24
4.281538861166405e-24
4.2422778372396556e-24
4.200974263428095e-24
4.1575489804946886e-24
4.1119194929774834e-24
4.0639999792121306e-24
4.0137013288974555e-24
3.9609312160739644e-24
3.905594217080599e-24
3.8475919861248505e-24
3.786823503986775e-24
3.723185420439769e-24
3.656572516627789e-24
3.586878321355765e-24
3.5139959266357935e-24
3.437819061183345e-24
3.358243501213625e-24
3.275168924600736e-24
3.1885013522376644e-24
3.0981563737853364e-24
3.004063430910668e-24
2.90617153892743e-24
2.804456986072862e-24
2.6989337793236454e-24
2.589667946980387e-24
2.476797312188148e-24
2.360559105975563e-24
2.2413289026959408e-24
2.1196759886810267e-24
1.99644254996671e-24
1.872856953216688e-24
1.750694174644978e-24
1.632496355214132e-24
1.5218557009175985e-24
1.4237226741457195e-24
1.344606262649806e-24
1.2923733795543973e-24
1.2752580326752686e-24
1.300009747327664e-24
1.3699926327339352e-24
1.4845699626525625e-24
1.640174788834594e-24
1.8320810468942717e-24
2.0557658783795933e-24
2.3075406991206724e-24
2.584668394668957e-24
2.885250161053603e-24
3.2080534042250686e-24
3.552352608924576e-24
3.917803128926281e-24
4.30434739035548e-24
4.712147160826673e-24
5.141535191526703e-24
5.592980774820237e-24
6.067065165330101e-24
6.564463980500329e-24
7.08593453959192e-24
7.632306746130602e-24
8.204476496531948e-24
8.803400939143546e-24
9.43009507370076e-24
1.0085629339325065e-23
1.0771127932583718e-23
1.1487767659788491e-23
1.2236777191328945e-23
1.3019436600988889e-23
1.3837077100632242e-23
1.469108092606792e-23
1.5582881305897636e-23
1.6513962453268254e-23
1.748585958910627e-23
1.8500158918922437e-23
1.95584975490223e-23
2.06625633462841e-23
2.1814094634955686e-23
2.3014879831063908e-23
2.4266756869006325e-23
2.5571612445954162e-23
2.6931381135170146e-23
2.834804417542433e-23
2.98236280898863e-23
3.1360203012487444e-23
3.2959880694233577e-23
3.462481226433294e-23
3.635718556473796e-23
3.815922218549736e-23
4.003317409425116e-23
4.1981319889824176e-23
4.400596051201623e-23
4.6109414694739064e-23
4.829401377126232e-23
5.0562096068750295e-23
5.2916000775432975e-23
5.535806136060864e-23
5.789059835770448e-23
6.051591160703114e-23
6.323627200387402e-23
6.605391279396082e-23
6.89710199860332e-23
7.198972265655898e-23
7.511208236228357e-23
7.83400822343601e-23
8.167561553394142e-23
8.512047359501033e-23
8.867633378799602e-23
9.234474632439938e-23
9.612712173279767e-23
1.000247170343832e-22
1.0403862235640033e-22
1.0816974738263565e-22
1.1241880731372024e-22
1.1678630914367195e-22
1.2127253857112309e-22
1.2587754563761252e-22
1.3060113272818022e-22
1.3544284042474666e-22
1.4040193694325245e-22
1.4547740671181398e-22
1.506679369999411e-22
1.5597191181568334e-22
1.6138740120420944e-22
1.6691215223141194e-22
1.725435870355213e-22
1.7827879165685567e-22
1.8411451805144835e-22
1.9004717663473375e-22
1.9607284337276165e-22
2.0218724904080948e-22
2.083857939521933e-22
2.1466354836162507e-22
2.2101525347197068e-22
2.2743533652336625e-22
2.3391791885412577e-22
2.4045682816986613e-22
2.4704559951882633e-22
2.536775187685895e-22
2.603456010277327e-22
2.6704264358077745e-22
2.737612183892694e-22
2.804937117871352e-22
2.8723232436248106e-22
2.93969111072043e-22
3.006959947922123e-22
3.07404792384001e-22
3.140872245578949e-22
3.207349658560175e-22
3.2733963285121093e-22
3.3389282699552836e-22
