3.109240947676125e-23
3.109859616321903e-23
3.110447424834483e-23
3.1110056201690206e-23
3.111535386450774e-23
3.112037847488495e-23
3.1125140691586753e-23
3.112965061667556e-23
3.113391781692159e-23
3.1137951344147363e-23
3.114175975437988e-23
3.114535112603551e-23
3.114873307704771e-23
3.1151912781026335e-23
3.1154896982461116e-23
3.1157692011055516e-23
3.1160303795126015e-23
3.1162737874184e-23
3.116499941068137e-23
3.116709320094858e-23
3.1169023685385564e-23
3.1170794957831885e-23
3.117241077430031e-23
3.117387456085213e-23
3.117518942095556e-23
3.1176358141958783e-23
3.1177383201068605e-23
3.117826677052078e-23
3.117901072223487e-23
3.1179616631687126e-23
3.1180085781331183e-23
3.118041916320141e-23
3.1180617481051063e-23
3.118068115177415e-23
3.1180610306303203e-23
3.118040478979357e-23
3.1180064161347713e-23
3.1179587692891633e-23
3.1178974367762464e-23
3.117822287833822e-23
3.117733162332936e-23
3.117629870423295e-23
3.1175121921307786e-23
3.117379876874892e-23
3.11723264293626e-23
3.117070176853777e-23
3.1168921327339923e-23
3.116698131522627e-23
3.1164877601807816e-23
3.116260570795733e-23
3.1160160796210984e-23
3.115753766027971e-23
3.1154730713878386e-23
3.115173397876478e-23
3.1148541071590764e-23
3.1145145190551754e-23
3.114153910013395e-23
3.1137715116141994e-23
3.113366508856476e-23
3.1129380384295e-23
3.112485186829949e-23
3.112006988378292e-23
3.111502423139754e-23
3.110970414719325e-23
3.1104098278952344e-23
3.109819466184271e-23
3.109198069236093e-23
3.108544310057187e-23
3.1078567921805426e-23
3.107134046542116e-23
3.1063745283485504e-23
3.105576613650358e-23
3.104738595791402e-23
3.103858681694256e-23
3.1029349878867547e-23
3.101965536376318e-23
3.1009482503109993e-23
3.099880949365788e-23
3.0987613449227066e-23
3.097587035031911e-23
3.0963554990526953e-23
3.0950640920715346e-23
3.093710038959512e-23
3.0922904282693673e-23
3.090802205583095e-23
3.089242166786385e-23
3.0876069507563333e-23
3.0858930318621383e-23
3.0840967119095713e-23
3.0822141117619714e-23
3.080241162562686e-23
3.078173596383123e-23
3.076006936428509e-23
3.0737364867706276e-23
3.071357321480016e-23
3.068864273217194e-23
3.066251921138893e-23
3.063514578359611e-23
3.060646278361415e-23
3.057640761028616e-23
3.054491457935911e-23
3.0511914763287264e-23
3.047733582900061e-23
3.044110186134178e-23
3.0403133179968195e-23
3.0363346142705786e-23
3.032165294184792e-23
3.027796138577511e-23
3.023217466838771e-23
3.018419112616423e-23
3.013390397792407e-23
3.0081201056763826e-23
3.002596451573477e-23
2.9968070521205084e-23
2.990738893130063e-23
2.984378294502672e-23
2.9777108737190634e-23
2.9707215068695105e-23
2.9633942867190215e-23
2.955712478873242e-23
2.947658474282525e-23
2.939213739282911e-23
2.9303587613029225e-23
2.921072992185464e-23
2.9113347863815294e-23
2.901121335433698e-23
2.890408597396409e-23
2.879171221479766e-23
2.8673824670738653e-23
2.855014116149253e-23
2.84203637919857e-23
2.828417794979096e-23
2.8141251198081435e-23
2.799123210164326e-23
2.783374894642437e-23
2.766840834616231e-23
2.749479374397226e-23
2.7312463762264864e-23
2.712095041884425e-23
2.6919757173996416e-23
2.6708356794084e-23
2.648618901018686e-23
2.6252657949816196e-23
2.600712929704793e-23
2.5748927183187014e-23
2.5477330731195607e-23
2.5191570230510188e-23
2.48908228968555e-23
2.4574208152338207e-23
2.4240782345336893e-23
2.3889532880520695e-23
2.3519371582743636e-23
2.3129127326294252e-23
2.2717537666837754e-23
2.2283239421696044e-23
2.1824758069252627e-23
2.134049571560181e-23
2.0828717513304768e-23
2.0287536296545383e-23
1.97148952486708e-23
1.910854844648795e-23
1.8466039176702084e-23
1.7784676207804658e-23
1.7061508427583655e-23
1.6293299141155516e-23
1.547650282823393e-23
1.460725000848142e-23
1.3681351930929603e-23
1.2694349462979195e-23
1.1641658075817221e-23
1.051892555292178e-23
9.322881413605308e-24
8.05340486318582e-24
6.718920666421082e-24
5.3520689539128604e-24
4.061008447468302e-24
3.1899781762358548e-24
3.4180896350174234e-24
4.8680211468418704e-24
7.064291005201484e-24
9.770343382153701e-24
1.2951338233273992e-23
1.6659825442589793e-23
2.1005504689474752e-23
2.6159798776606905e-23
3.238138955015365e-23
4.006854934948634e-23
4.98616679584595e-23
6.285601988020076e-23
8.108884263822248e-23
1.0881994450640212e-22
1.5664545382869877e-22
2.5960028887705006e-22
6.1013383143101075e-22
7.538568612220785e-22
3.069729916215866e-22
1.8671196769251651e-22
1.3333798882855687e-22
1.028910956267191e-22
8.286918903606132e-23
6.841974856248589e-23
