6.493456610945363e-23
6.494068284292585e-23
6.494650564282742e-23
6.495204686655487e-23
6.495731827366803e-23
6.496233105088345e-23
6.496709583584991e-23
6.497162273975067e-23
6.497592136879103e-23
6.498000084460731e-23
6.498386982364716e-23
6.498753651555763e-23
6.499100870062619e-23
6.499429374630658e-23
6.499739862286674e-23
6.50003299181935e-23
6.500309385178284e-23
6.500569628794844e-23
6.50081427482741e-23
6.50104384233386e-23
6.501258818373563e-23
6.501459659041705e-23
6.501646790437402e-23
6.501820609568253e-23
6.501981485193316e-23
6.502129758605518e-23
6.502265744356435e-23
6.502389730923467e-23
6.502501981322419e-23
6.502602733665194e-23
6.502692201665288e-23
6.502770575091009e-23
6.502838020168013e-23
6.502894679931637e-23
6.502940674530245e-23
6.502976101479668e-23
6.503001035869717e-23
6.503015530522986e-23
6.50301961610635e-23
6.503013301195335e-23
6.502996572291416e-23
6.502969393792738e-23
6.502931707917452e-23
6.502883434579972e-23
6.502824471219942e-23
6.502754692583351e-23
6.502673950455014e-23
6.502582073342713e-23
6.502478866111364e-23
6.502364109567012e-23
6.502237559989552e-23
6.502098948613018e-23
6.501947981052919e-23
6.50178433667831e-23
6.501607667928472e-23
6.501417599571716e-23
6.501213727905321e-23
6.500995619894731e-23
6.500762812249603e-23
6.500514810435977e-23
6.500251087620901e-23
6.499971083548344e-23
6.49967420334345e-23
6.499359816242531e-23
6.499027254246503e-23
6.498675810693951e-23
6.498304738751751e-23
6.497913249819109e-23
6.497500511842001e-23
6.497065647534157e-23
6.496607732500779e-23
6.496125793260762e-23
6.495618805163173e-23
6.495085690193485e-23
6.494525314664396e-23
6.493936486786646e-23
6.493317954114088e-23
6.492668400857338e-23
6.491986445060545e-23
6.491270635634231e-23
6.490519449238315e-23
6.489731287008029e-23
6.488904471115338e-23
6.488037241158464e-23
6.48712775037109e-23
6.486174061642866e-23
6.48517414334228e-23
6.484125864932503e-23
6.483026992369719e-23
6.481875183274339e-23
6.480667981863358e-23
6.47940281363258e-23
6.478076979776264e-23
6.47668765133163e-23
6.475231863034334e-23
6.47370650687076e-23
6.472108325311911e-23
6.470433904213615e-23
6.468679665365106e-23
6.466841858669804e-23
6.464916553938309e-23
6.46289963227506e-23
6.460786777037085e-23
6.458573464343527e-23
6.456254953112524e-23
6.453826274601019e-23
6.451282221421932e-23
6.448617336011112e-23
6.445825898515371e-23
6.442901914070955e-23
6.439839099440255e-23
6.436630868972466e-23
6.433270319851599e-23
6.429750216594056e-23
6.426062974754115e-23
6.4222006437949e-23
6.418154889077922e-23
6.413916972922982e-23
6.409477734686335e-23
6.404827569801587e-23
6.399956407724394e-23
6.394853688718793e-23
6.389508339417491e-23
6.38390874708514e-23
6.378042732508458e-23
6.371897521430838e-23
6.365459714445522e-23
6.358715255252755e-23
6.351649397181201e-23
6.34424666786606e-23
6.336490831968937e-23
6.328364851814273e-23
6.319850845809738e-23
6.310930044505881e-23
6.301582744139997e-23
6.291788257495896e-23
6.281524861898409e-23
6.270769744145199e-23
6.259498942162968e-23
6.247687283155987e-23
6.23530831799426e-23
6.222334251567111e-23
6.20873586880166e-23
6.19448245601826e-23
6.179541717264458e-23
6.163879685232665e-23
6.147460626329598e-23
6.130246939420879e-23
6.112199047724938e-23
6.093275283276321e-23
6.073431763314625e-23
6.052622257886352e-23
6.030798047865187e-23
6.007907772507732e-23
5.983897265555715e-23
5.958709378779165e-23
5.932283791719703e-23
5.904556806236435e-23
5.875461124279821e-23
5.844925607111723e-23
5.812875013951051e-23
5.779229717747645e-23
5.74390539546483e-23
5.706812689873377e-23
5.667856839420126e-23
5.626937272214492e-23
5.583947159566979e-23
5.53877292378923e-23
5.491293694108429e-23
5.441380703526238e-23
5.388896618228982e-23
5.33369478968958e-23
5.275618417830809e-23
5.2144996114791624e-23
5.1501583297346e-23
5.0824011847043137e-23
5.011020082150063e-23
4.9357906717960417e-23
4.856470573097848e-23
4.7727973348736865e-23
4.684486077946025e-23
4.591226758311643e-23
4.4926809736648783e-23
4.3884782174419124e-23
4.278211460750053e-23
4.1614319120413665e-23
4.037642765155882e-23
3.9062916957874947e-23
3.766761801248723e-23
3.6183605947935185e-23
3.4603065598236736e-23
3.291712638933928e-23
3.1115658826963343e-23
2.9187023391083696e-23
2.711776212882713e-23
2.4892226248970658e-23
2.249214744656034e-23
1.989621169736462e-23
1.7079870639292452e-23
1.4016292079044624e-23
1.0682388322669345e-23
