2.754910897364024e-23
2.7549527114875535e-23
2.754992307613001e-23
2.755029768950883e-23
2.755065174252027e-23
2.75509859796859e-23
2.755130110406496e-23
2.755159777869496e-23
2.7551876627952666e-23
2.7552138238836473e-23
2.7552383162173566e-23
2.7552611913753327e-23
2.7552824975390055e-23
2.7553022795915735e-23
2.755320579210576e-23
2.7553374349539305e-23
2.75535288233945e-23
2.7553669539182556e-23
2.7553796793419435e-23
2.755391085423841e-23
2.7554011961943296e-23
2.755410032950481e-23
2.755417614299912e-23
2.7554239561991035e-23
2.755429071986211e-23
2.7554329724083604e-23
2.755435665643595e-23
2.75543715731736e-23
2.75543745051376e-23
2.7554365457813565e-23
2.755434441133745e-23
2.755431132044771e-23
2.755426611438391e-23
2.755420869673185e-23
2.755413894521444e-23
2.7554056711428406e-23
2.7553961820525654e-23
2.75538540708386e-23
2.7553733233449415e-23
2.755359905170121e-23
2.75534512406505e-23
2.755328948646036e-23
2.755311344573202e-23
2.7552922744773744e-23
2.755271697880585e-23
2.7552495711100125e-23
2.7552258472050495e-23
2.7552004758175265e-23
2.75517340310465e-23
2.755144571614592e-23
2.7551139201643985e-23
2.755081383709934e-23
2.755046893207765e-23
2.7550103754683555e-23
2.7549717530006434e-23
2.754930943847362e-23
2.7548878614109066e-23
2.7548424142693796e-23
2.754794505982291e-23
2.754744034885701e-23
2.7546908938761875e-23
2.754634970183223e-23
2.754576145129615e-23
2.754514293879215e-23
2.7544492851716886e-23
2.754380981043491e-23
2.754309236534619e-23
2.7542338993805276e-23
2.754154809688359e-23
2.7540717995970586e-23
2.7539846929204276e-23
2.7538933047724775e-23
2.753797441174244e-23
2.753696898641193e-23
2.753591463750366e-23
2.753480912686344e-23
2.753365010765033e-23
2.7532435119342186e-23
2.753116158249919e-23
2.752982679327279e-23
2.752842791764932e-23
2.752696198541536e-23
2.7525425883831625e-23
2.752381635100282e-23
2.752212996892742e-23
2.7520363156214557e-23
2.7518512160449365e-23
2.751657305019465e-23
2.7514541706605497e-23
2.7512413814645276e-23
2.751018485387865e-23
2.750785008882471e-23
2.7505404558848145e-23
2.75028430675661e-23
2.7500160171749613e-23
2.749735016969144e-23
2.7494407089020184e-23
2.7491324673929614e-23
2.748809637179711e-23
2.748471531916265e-23
2.748117432703468e-23
2.747746586549445e-23
2.74735820475625e-23
2.74695146122903e-23
2.7465254907043624e-23
2.746079386893535e-23
2.745612200536794e-23
2.745122937363896e-23
2.744610555957207e-23
2.7440739655115585e-23
2.743512023486567e-23
2.7429235331460344e-23
2.7423072409784555e-23
2.741661833993316e-23
2.7409859368872004e-23
2.740278109072105e-23
2.73953684156103e-23
2.7387605537014823e-23
2.737947589752537e-23
2.737096215293597e-23
2.736204613459759e-23
2.7352708809944904e-23
2.7342930241077376e-23
2.73326895413518e-23
2.7321964829816205e-23
2.7310733183437955e-23
2.7298970586989553e-23
2.7286651880433753e-23
2.727375070378753e-23
2.726023943918926e-23
2.724608915016042e-23
2.72312695178123e-23
2.7215748773944995e-23
2.719949363073664e-23
2.718246920697892e-23
2.716463895065178e-23
2.714596455748121e-23
2.712640588560353e-23
2.7105920865701166e-23
2.708446540680855e-23
2.706199329709656e-23
2.7038456099890694e-23
2.7013803044035816e-23
2.698798090895161e-23
2.696093390361466e-23
2.6932603539193305e-23
2.690292849528503e-23
2.68718444790179e-23
2.683928407670313e-23
2.680517659807097e-23
2.676944791155943e-23
2.6732020271833964e-23
2.6692812136932763e-23
2.665173797642641e-23
2.6608708069027054e-23
2.65636282888191e-23
2.651639988080913e-23
2.6466919221925215e-23
2.6415077571838498e-23
2.6360760807182228e-23
2.630384914192634e-23
2.624421683236982e-23
2.6181731864207803e-23
2.611625562203429e-23
2.6047642539689233e-23
2.5975739730810568e-23
2.590038659487592e-23
2.5821414403761705e-23
2.5738645860158355e-23
2.565189462882329e-23
2.556096484308627e-23
2.5465650573448055e-23
2.5365735271714687e-23
2.526099116763399e-23
2.5151178645364912e-23
2.503604555286836e-23
2.491532649294053e-23
2.4788742043567956e-23
2.4655997941974243e-23
2.451678420553069e-23
2.4370774180097207e-23
2.4217623553760338e-23
2.4056969250515872e-23
2.3888428288073134e-23
2.3711596524542488e-23
2.3526047313688997e-23
2.3331330066930723e-23
2.312696867989881e-23
2.291245987476833e-23
2.2687271355248938e-23
2.245083984251376e-23
2.2202568971316484e-23
2.1941826900363728e-23
2.1667943899817183e-23
2.138020956756811e-23
2.1077869825336412e-23
2.0760123808412565e-23
2.042612026339891e-23
2.0074953876415782e-23
1.9705661060728788e-23
1.9317215840555896e-23
