1.6575341305388186e-24
1.6781859962889135e-24
1.7018387743255416e-24
1.7282284292917006e-24
1.7571236190473852e-24
1.788323413690791e-24
1.8216547748446805e-24
1.8569699464660507e-24
1.8941438707029725e-24
1.9330717087907757e-24
1.9736665190993308e-24
2.0158571223095414e-24
2.059586167096168e-24
2.1048083979325933e-24
2.151489118503947e-24
2.1996028391955e-24
2.2491320942506223e-24
2.300066412787323e-24
2.3524014277531378e-24
2.406138107360576e-24
2.4612820943119608e-24
2.5178431395366496e-24
2.575834618248718e-24
2.635273117409392e-24
2.696178085058102e-24
2.7585715329957423e-24
2.8224777854309754e-24
2.8879232671768378e-24
2.9549363258103367e-24
3.0235470829907656e-24
3.0937873107999167e-24
3.1656903294330447e-24
3.2392909235032606e-24
3.3146252738977344e-24
3.3917309032398194e-24
3.4706466330700274e-24
3.55141255091549e-24
3.634069985984276e-24
3.7186614923548164e-24
3.80523083846896e-24
3.893823002135747e-24
3.9844841706490545e-24
4.077261744633039e-24
4.172204345996632e-24
4.269361828903792e-24
4.368785293559303e-24
4.470527102604615e-24
4.5746408998351666e-24
4.681181630808692e-24
4.790205565340512e-24
4.901770321724077e-24
5.0159348925970495e-24
5.132759671874281e-24
5.252306483549742e-24
5.3746386113676364e-24
5.499820829809757e-24
5.627919436392439e-24
5.75900228489448e-24
5.8931388197609696e-24
6.030400111593015e-24
6.17085889365709e-24
6.314589599491981e-24
6.4616684014665956e-24
6.61217325051299e-24
6.766183916701214e-24
6.923782031139528e-24
7.085051128593212e-24
7.250076691576204e-24
7.41894619512381e-24
7.591749152889394e-24
7.768577164393674e-24
7.949523963187899e-24
8.13468546644816e-24
8.324159825547227e-24
8.518047477877067e-24
8.71645119986269e-24
8.919476161435472e-24
9.127229981400527e-24
9.339822784417572e-24
9.557367259233668e-24
9.779978718110567e-24
1.0007775158093432e-23
1.0240877322894486e-23
1.0479408767250059e-23
1.0723495921791187e-23
1.0973268160091438e-23
1.1228857866986118e-23
1.1490400508496824e-23
1.1758034703470604e-23
1.2031902296751351e-23
1.2312148434087037e-23
1.2598921638771994e-23
1.2892373890192469e-23
1.3192660703952722e-23
1.349994121396514e-23
1.381437825654829e-23
1.4136138456099298e-23
1.4465392313202283e-23
1.4802314294521287e-23
1.5147082924663642e-23
1.5499880880477167e-23
1.5860895087077253e-23
1.6230316816532585e-23
1.6608341788456074e-23
1.699517027320368e-23
1.7391007196992037e-23
1.7796062250066684e-23
1.8210549996842575e-23
1.863468998852963e-23
1.9068706878673044e-23
1.9512830541425182e-23
1.996729619182752e-23
2.043234450917758e-23
2.0908221763826432e-23
2.1395179945880898e-23
2.1893476897340155e-23
2.240337644741245e-23
2.2925148549895262e-23
2.345906942521778e-23
2.4005421704437802e-23
2.4564494576963983e-23
2.513658394115842e-23
2.5721992559653898e-23
2.6321030216017817e-23
2.693401387691989e-23
2.756126785691573e-23
2.8203123986824996e-23
2.8859921786244216e-23
2.953200863972335e-23
3.021973997722422e-23
3.092347945731826e-23
3.1643599156130396e-23
3.2380479759393264e-23
3.31345107584392e-23
3.3906090651438896e-23
3.469562714837463e-23
3.550353738038175e-23
3.633024811410413e-23
3.717619596976616e-23
3.804182764534901e-23
3.892760014369849e-23
3.983398100637354e-23
4.0761448551079424e-23
4.171049211410773e-23
4.268161229899208e-23
4.3675321228904094e-23
4.4692142805479267e-23
4.573261297188886e-23
4.6797279982157726e-23
4.7886704675171877e-23
4.900146075498414e-23
5.0142135075904395e-23
5.130932793401148e-23
5.2503653363263344e-23
5.372573943865836e-23
5.497622858386431e-23
5.625577788658328e-23
5.756505941708042e-23
5.89047605551684e-23
6.027558432187182e-23
6.167824971690176e-23
6.311349206302204e-23
6.458206335536052e-23
6.608473261782685e-23
6.762228626395543e-23
6.919552846614975e-23
7.080528152731287e-23
7.245238626029522e-23
7.413770237571731e-23
7.586210886980888e-23
7.762650442242579e-23
7.943180779693402e-23
8.127895825138053e-23
8.316891594586674e-23
8.510266236299401e-23
8.708120072942273e-23
8.910555644130387e-23
9.117677749514605e-23
9.329593492450313e-23
9.546412323233794e-23
9.768246084025847e-23
9.995209052558103e-23
1.0227417987051271e-22
1.0464992171067348e-22
1.070805345816687e-22
1.095672631720019e-22
1.1211137876572825e-22
1.147141796999854e-22
1.173769918024552e-22
1.201011688385292e-22
1.2288809295365409e-22
1.2573917510433642e-22
1.2865585548855473e-22
1.3163960396759948e-22
1.3469192046756576e-22
1.3781433540633037e-22
1.4100841005492107e-22
1.4427573691954397e-22
1.4761794013376139e-22
1.5103667575238535e-22
1.5453363208487305e-22
