1.1044592991133656e-22
1.1239518859309193e-22
1.1450773332422653e-22
1.1678231994391793e-22
1.19217817157857e-22
1.2181320190378658e-22
1.2456755540726876e-22
1.2748005975322884e-22
1.3054999505791775e-22
1.3377673717162207e-22
1.3715975597474923e-22
1.4069861420092478e-22
1.443929666027702e-22
1.4824255980927286e-22
1.5224723239270418e-22
1.5640691540571823e-22
1.6072163343840606e-22
1.651915056920519e-22
1.6981674764233036e-22
1.7459767278686454e-22
1.7953469457777028e-22
1.8462832876670834e-22
1.898791956650269e-22
1.9528802261927949e-22
2.0085564652963471e-22
2.0658301656319684e-22
2.1247119673427633e-22
2.1852136850793653e-22
2.247348335716483e-22
2.3111301631469163e-22
2.3765746643281116e-22
2.443698614239417e-22
2.512520090461997e-22
2.583058495565908e-22
2.655334579232439e-22
2.7293704614914935e-22
2.805189651296582e-22
2.8828170674842575e-22
2.962279055875075e-22
3.0436034083898714e-22
3.126819378561607e-22
3.2119576991832816e-22
3.299050595845837e-22
3.3881318032247454e-22
3.479236578394392e-22
3.572401714735349e-22
3.6676655556178263e-22
3.7650680081184663e-22
3.8646505548295357e-22
3.966456268790673e-22
4.070529825574059e-22
4.1769175171140974e-22
4.285667265386782e-22
4.396828637085936e-22
4.510452857617004e-22
4.626592827275731e-22
4.745303136252159e-22
4.86664008231872e-22
4.990661687998529e-22
5.117427718308289e-22
5.246999701790989e-22
5.37944094911561e-22
5.5148165758999845e-22
5.653193525231431e-22
5.794640589724089e-22
5.939228440639338e-22
6.087029648323645e-22
6.238118714962496e-22
6.392572100572079e-22
6.550468254743513e-22
6.711887646401416e-22
6.87691279870604e-22
7.045628322228774e-22
7.218120951682822e-22
7.394479582363444e-22
7.574795310441947e-22
7.759161472305449e-22
7.947673684042926e-22
8.14042988936735e-22
8.337530404603104e-22
8.539077956545782e-22
8.745177742264237e-22
8.955937474261334e-22
9.171467426529135e-22
9.391880496562485e-22
9.617292254954976e-22
9.847820997881474e-22
1.0083587816748995e-21
1.0324716647205864e-21
1.0571334334954907e-21
1.0823570690835753e-21
1.1081558582172475e-21
1.1345433962727753e-21
1.1615335970677941e-21
1.1891406978685318e-21
1.2173792686834569e-21
1.2462642176233184e-21
1.2758107992540731e-21
1.3060346250962078e-21
1.3369516659156068e-21
1.3685782669338005e-21
1.400931148695171e-21
1.4340274237954318e-21
1.4678845979321035e-21
1.5025205856187738e-21
1.5379537144856073e-21
1.5742027355176849e-21
1.6112868426884484e-21
1.649225668355127e-21
1.688039295070478e-21
1.727748282882384e-21
1.7683736515266814e-21
1.8099369229002725e-21
1.8524601192127195e-21
1.8959657590654535e-21
1.940476895251263e-21
1.9860170958119872e-21
2.032610509732254e-21
2.0802818034973024e-21
2.129056260780055e-21
2.178959713115992e-21
2.2300185945361732e-21
2.2822599934551513e-21
2.3357115619659985e-21
2.3904016442291503e-21
2.446359254059594e-21
2.5036139849335912e-21
2.5621962175414482e-21
2.622137011298404e-21
2.683468136577573e-21
2.7462220735651033e-21
2.8104321164421117e-21
2.8761322774812053e-21
2.943357366953151e-21
3.012143037841374e-21
3.0825258086752748e-21
3.1545428560379002e-21
3.2282324158634152e-21
3.3036336394680177e-21
3.3807862725513016e-21
3.459731456107746e-21
3.540510892850062e-21
3.6231674404755065e-21
3.707744821919154e-21
3.7942880773524395e-21
3.8828427968981906e-21
3.973456104451855e-21
4.06617598288395e-21
4.161051628009814e-21
4.258133224237933e-21
4.357472330587496e-21
4.459121259148359e-21
4.56313433759674e-21
4.6695666802900295e-21
4.7784745503133565e-21
4.88991533814604e-21
5.003948605962692e-21
5.12063476370686e-21
5.240035010903616e-21
5.362213175927751e-21
5.487234143343154e-21
5.615164135738303e-21
5.7460698705116736e-21
5.880022075497976e-21
6.017091098737285e-21
6.157349344158973e-21
6.3008720265039915e-21
6.447733829414897e-21
6.598014822583009e-21
6.751790684197974e-21
6.909147519609444e-21
7.070165581324368e-21
7.234930362512171e-21
7.403530473380546e-21
7.576053939245206e-21
7.752593339975596e-21
7.933243076670704e-21
8.118093986911485e-21
8.307246648786607e-21
8.50080749323775e-21
8.698867088935813e-21
8.901539113258177e-21
9.108930677402239e-21
9.321144828825918e-21
9.538299063019207e-21
9.760506089519162e-21
9.987886287891842e-21
1.0220555420682836e-20
1.0458645944242147e-20
1.070227382368215e-20
1.0951563958254266e-20
1.1206674294690183e-20
1.1467711820614406e-20
1.1734815923256007e-20
1.2008149501821479e-20
1.2287820371046518e-20
1.2574026879488102e-20
1.286686856328929e-20
1.316654410628312e-20
1.3473189538100887e-20
1.3786966299549527e-20
