9.153335425060188e-24
9.153374387962734e-24
9.15340586869852e-24
9.153429711412e-24
9.153445763725888e-24
9.153453874691556e-24
9.153453892895343e-24
9.153445664703257e-24
9.153429032628153e-24
9.153403833804905e-24
9.153369898559947e-24
9.153327049063189e-24
9.153275098050843e-24
9.15321384760885e-24
9.15314308800738e-24
9.153062596577509e-24
9.152972136622019e-24
9.152871456352615e-24
9.152760287846788e-24
9.152638346017386e-24
9.152505327589195e-24
9.152360910076515e-24
9.152204750756432e-24
9.152036485632726e-24
9.151855728385554e-24
9.151662069302258e-24
9.151455074185037e-24
9.151234283231206e-24
9.150999209881898e-24
9.150749339635444e-24
9.150484128821463e-24
9.150203003331995e-24
9.149905357305993e-24
9.149590551763551e-24
9.149257913186289e-24
9.148906732040447e-24
9.148536261238922e-24
9.148145714539056e-24
9.147734264872289e-24
9.147301042602462e-24
9.146845133708953e-24
9.146365577891145e-24
9.145861366590758e-24
9.145331440928015e-24
9.1447746895484e-24
9.14418994637588e-24
9.14357598826917e-24
9.142931532576847e-24
9.142255234587925e-24
9.14154568487357e-24
9.14080140651639e-24
9.140020852223303e-24
9.13920240131792e-24
9.138344356608847e-24
9.137444941129704e-24
9.136502294747307e-24
9.135514470634042e-24
9.134479431600943e-24
9.133395046287718e-24
9.132259085206563e-24
9.13106921663634e-24
9.129823002364342e-24
9.128517893272876e-24
9.127151224768382e-24
9.12572021205121e-24
9.124221945224586e-24
9.122653384242062e-24
9.121011353693228e-24
9.119292537428293e-24
9.117493473023266e-24
9.115610546088136e-24
9.113639984422108e-24
9.111577852020945e-24
9.109420042943478e-24
9.107162275045625e-24
9.104800083593144e-24
9.102328814765833e-24
9.099743619069463e-24
9.097039444674056e-24
9.09421103070145e-24
9.091252900488232e-24
9.08815935485553e-24
9.084924465421541e-24
9.081542067999147e-24
9.07800575612729e-24
9.074308874792204e-24
9.070444514403655e-24
9.066405505100374e-24
9.062184411470205e-24
9.057773527783073e-24
9.053164873848528e-24
9.048350191626062e-24
9.043320942734248e-24
9.03806830702563e-24
9.0325831824174e-24
9.026856186194675e-24
9.020877658033291e-24
9.014637665023404e-24
9.008126009014188e-24
9.001332236644438e-24
8.994245652474393e-24
8.98685533569196e-24
8.979150160932244e-24
8.971118823824386e-24
8.962749871965474e-24
8.954031742119648e-24
8.94495280455225e-24
8.935501415537792e-24
8.92566597922744e-24
8.915435020230712e-24
8.904797268459683e-24
8.893741758006835e-24
8.882257942083411e-24
8.870335826339732e-24
8.857966123228003e-24
8.845140430459188e-24
8.831851437055896e-24
8.818093161023833e-24
8.8038612232651e-24
8.789153163050766e-24
8.773968801172877e-24
8.758310657824649e-24
8.742184433331047e-24
8.725599561095372e-24
8.708569843564659e-24
8.691114183680675e-24
8.673257426206169e-24
8.655031325538128e-24
8.636475659185507e-24
8.617639509044071e-24
8.598582736002776e-24
8.579377677317831e-24
8.56011110065524e-24
8.540886453789513e-24
8.521826454712742e-24
8.50307607340777e-24
8.484805963805992e-24
8.467216412494498e-24
8.45054187954204e-24
8.435056216285812e-24
8.421078654921389e-24
8.408980674995786e-24
8.399193862043258e-24
8.392218883072884e-24
8.388635711693877e-24
8.389115241434473e-24
8.394432428199815e-24
8.405481100672446e-24
8.423290569745232e-24
8.449044154163452e-24
8.484099719753172e-24
8.530012305911296e-24
8.588558890094035e-24
8.661765327436655e-24
8.751935512131294e-24
8.861682859824293e-24
8.99396433274628e-24
9.15211745394404e-24
9.339901119069058e-24
9.561541546682108e-24
9.821785434775384e-24
1.012596331935414e-23
1.048006724510398e-23
1.0890848118336115e-23
1.1365939455490987e-23
1.1914015581817432e-23
1.2544993557729843e-23
1.3270289022494955e-23
1.4103136365972368e-23
1.5058982360157837e-23
1.6155957892178054e-23
1.7415421225627592e-23
1.886254127530517e-23
2.0526837118617696e-23
2.2442484728020536e-23
2.4647997187620073e-23
2.71845021734157e-23
3.009116838270601e-23
3.3395278903465133e-23
3.709319047827061e-23
4.111814450132156e-23
4.529528215387612e-23
4.92999410224111e-23
5.266384207221434e-23
5.48861140330845e-23
5.563967259295905e-23
5.493443482107361e-23
5.309064624241468e-23
5.0557627517778386e-23
4.773916997040107e-23
4.4916967731510744e-23
4.2253848372949093e-23
3.9827482030369255e-23
3.766404956476438e-23
3.576227987996519e-23
3.410815224173569e-23
3.268307419646173e-23
3.146808465198664e-23
3.044581026946322e-23
2.9601214794826326e-23
2.8921729553063725e-23
