1.6959069093397554e-24
1.692424911709092e-24
1.68940647880096e-24
1.6868045256158637e-24
1.68457604474772e-24
1.682681808751221e-24
1.681086085815542e-24
1.6797563696831024e-24
1.6786631243835022e-24
1.6777795440421857e-24
1.6770813277689948e-24
1.6765464694264443e-24
1.676155061916552e-24
1.6758891155018194e-24
1.6757323895859868e-24
1.675670237317178e-24
1.675689462336231e-24
1.675778186972055e-24
1.675925731179378e-24
1.6761225015203207e-24
1.6763598895059572e-24
1.676630178636055e-24
1.6769264595021552e-24
1.6772425523494584e-24
1.6775729365259606e-24
1.6779126862809772e-24
1.678257412409996e-24
1.678603209276717e-24
1.67894660677721e-24
1.679284526843762e-24
1.6796142441172914e-24
1.679933350448077e-24
1.680239722912615e-24
1.6805314950621564e-24
1.6808070311443836e-24
1.6810649030635852e-24
1.6813038698680333e-24
1.6815228595748987e-24
1.6817209531629042e-24
1.6818973705828148e-24
1.6820514586534066e-24
1.682182680727969e-24
1.6822906080328322e-24
1.682374912594551e-24
1.6824353616877195e-24
1.6824718137498322e-24
1.6824842157228214e-24
1.682472601795635e-24
1.6824370935348016e-24
1.6823779014036077e-24
1.6822953276838886e-24
1.682189770827503e-24
1.682061731278923e-24
1.681911818823178e-24
1.681740761529235e-24
1.6815494163723598e-24
1.681338781635504e-24
1.6811100112057875e-24
1.68086443089902e-24
1.6806035569635565e-24
1.6803291169338464e-24
1.6800430730241917e-24
1.679747648274702e-24
1.6794453556844995e-24
1.679139030590886e-24
1.678831866579215e-24
1.6785274552351043e-24
1.6782298300786555e-24
1.6779435150507286e-24
1.6776735779519504e-24
1.67742568926714e-24
1.6772061868412528e-24
1.6770221469055674e-24
1.676881461986908e-24
1.676792926264822e-24
1.6767663289729632e-24
1.6768125564696947e-24
1.6769437036275733e-24
1.6771731952110334e-24
1.677515917923687e-24
1.677988363809272e-24
1.6786087856807818e-24
1.6793973652270927e-24
1.680376394402558e-24
1.681570470637164e-24
1.6830067063104198e-24
1.684714952803487e-24
1.6867280392779945e-24
1.689082026120105e-24
1.6918164727285075e-24
1.6949747190120288e-24
1.69860417958991e-24
1.7027566492551433e-24
1.7074886177665696e-24
1.712861591482662e-24
1.7189424187455024e-24
1.725803615280283e-24
1.733523685212013e-24
1.7421874326440867e-24
1.7518862581274423e-24
1.7627184338162433e-24
1.7747893507096907e-24
1.7882117311744257e-24
1.8031057999917696e-24
1.8195994075373823e-24
1.8378280994337017e-24
1.8579351281581947e-24
1.8800714036628306e-24
1.9043953820550843e-24
1.9310728937625865e-24
1.9602769152692858e-24
1.9921872913459578e-24
2.0269904175425727e-24
2.0648788953758325e-24
2.106051174936895e-24
2.1507112013690998e-24
2.199068082663771e-24
2.2513357963806826e-24
2.3077329521706444e-24
2.3684826253861257e-24
2.433812274711786e-24
2.5039537537923315e-24
2.579143423492994e-24
2.659622367929629e-24
2.7456367139898345e-24
2.8374380509397574e-24
2.9352839440460305e-24
3.0394385340489434e-24
3.150173212861819e-24
3.2677673650393633e-24
3.392509164312476e-24
3.5246964147434244e-24
3.664637426714535e-24
3.812651918909095e-24
3.9690719385697516e-24
4.134242793521172e-24
4.308523990640952e-24
4.492290176581063e-24
4.685932077540067e-24
4.889857435721777e-24
5.104491940778308e-24
5.3302801550115375e-24
5.5676864313994886e-24
5.817195823629105e-24
6.0793149872677365e-24
6.35457307099129e-24
6.64352259643464e-24
6.946740324733786e-24
7.264828107202341e-24
7.598413716833284e-24
7.94815165643709e-24
8.314723938219553e-24
8.69884082846605e-24
9.101241549723012e-24
9.522694931442507e-24
9.963999998477668e-24
1.0425986485064003e-23
1.090951525998821e-23
1.1415478646510391e-23
1.1944800618263903e-23
1.2498436849775512e-23
1.3077374597439143e-23
1.368263238370473e-23
1.4315259453913057e-23
1.4976334971615935e-23
1.566696691436471e-23
1.6388290627839222e-23
1.714146699186041e-23
1.7927680147297197e-23
1.874813472820812e-23
1.9604052538837637e-23
2.0496668610372674e-23
2.1427226567861186e-23
2.2396973233483124e-23
2.3407152388745313e-23
2.4458997615331813e-23
2.5553724132653922e-23
2.6692519549950526e-23
2.787653345256e-23
2.910686574620408e-23
3.0384553690398596e-23
3.171055756306116e-23
3.3085744913714685e-23
3.4510873383093097e-23
3.598657209323568e-23
3.751332164488168e-23
3.9091432798880316e-23
4.072102396571178e-23
4.2401997682417805e-23
4.413401631892929e-23
4.591647732555364e-23
4.774848840886913e-23
4.962884310274571e-23
5.1555997281928095e-23
5.352804724405782e-23
5.554271005781618e-23
5.759730693467862e-23
5.968875042374624e-23
6.181353624672628e-23
6.396774057695459e-23
6.614702351631873e-23
