7.712848599175915e-22
7.7129830911929275e-22
7.713110608159301e-22
7.713231420718679e-22
7.713345785279962e-22
7.713453944561231e-22
7.713556128106694e-22
7.713652552773669e-22
7.713743423194467e-22
7.713828932209821e-22
7.713909261281583e-22
7.713984580875073e-22
7.714055050823561e-22
7.714120820666828e-22
7.714182029969169e-22
7.714238808616563e-22
7.714291277090416e-22
7.7143395467274295e-22
7.714383719951969e-22
7.714423890495952e-22
7.714460143596595e-22
7.714492556181403e-22
7.71452119702636e-22
7.714546126902356e-22
7.71456739871022e-22
7.71458505758515e-22
7.714599141000162e-22
7.714609678838422e-22
7.714616693462737e-22
7.7146201997597125e-22
7.71462020517197e-22
7.714616709715695e-22
7.714609705976535e-22
7.714599179100866e-22
7.714585106756634e-22
7.714567459090302e-22
7.714546198663138e-22
7.714521280371002e-22
7.714492651349111e-22
7.714460250859237e-22
7.714424010160318e-22
7.714383852364712e-22
7.714339692273946e-22
7.714291436195372e-22
7.714238981745675e-22
7.714182217635317e-22
7.71412102342778e-22
7.7140552692871525e-22
7.713984815702389e-22
7.713909513184236e-22
7.713829201962218e-22
7.7137437116342935e-22
7.713652860799738e-22
7.713556456693693e-22
7.713454294757365e-22
7.713346158210666e-22
7.713231817598992e-22
7.713111030298705e-22
7.712983539993312e-22
7.71284907615186e-22
7.712707353429995e-22
7.7125580710814895e-22
7.712400912305453e-22
7.71223554358226e-22
7.712061613963655e-22
7.711878754321668e-22
7.7116865765722605e-22
7.711484672830163e-22
7.711272614584076e-22
7.711049951737185e-22
7.710816211666065e-22
7.710570898249598e-22
7.710313490759736e-22
7.710043442770376e-22
7.709760181035144e-22
7.709463104212121e-22
7.7091515816199995e-22
7.708824951865262e-22
7.708482521474001e-22
7.70812356336882e-22
7.707747315370567e-22
7.707352978540301e-22
7.7069397154637395e-22
7.706506648538274e-22
7.706052858004517e-22
7.705577380062187e-22
7.705079204772534e-22
7.704557273944033e-22
7.704010478817967e-22
7.703437657752638e-22
7.7028375937430625e-22
7.702209011770106e-22
7.701550576131604e-22
7.700860887573469e-22
7.70013848029688e-22
7.699381818790208e-22
7.698589294672863e-22
7.697759223018896e-22
7.696889838966081e-22
7.695979293966655e-22
7.69502565150114e-22
7.694026883314808e-22
7.692980864874232e-22
7.691885370819933e-22
7.690738070201192e-22
7.689536521462344e-22
7.688278167216765e-22
7.686960328907673e-22
7.685580200555771e-22
7.684134843307818e-22
7.682621178644418e-22
7.681035982250647e-22
7.67937587633996e-22
7.677637322991738e-22
7.675816616343607e-22
7.673909874224988e-22
7.671913030392659e-22
7.669821825105475e-22
7.667631796173029e-22
7.665338269152526e-22
7.662936347510242e-22
7.660420901617127e-22
7.657786557360803e-22
7.65502768518785e-22
7.652138386924854e-22
7.649112483391027e-22
7.645943501241967e-22
7.642624657184656e-22
7.639148845370421e-22
7.635508619475237e-22
7.631696177737488e-22
7.627703345330156e-22
7.623521556760888e-22
7.619141835089803e-22
7.614554774025075e-22
7.609750516067874e-22
7.604718730310276e-22
7.59944858962077e-22
7.593928746809431e-22
7.588147307355442e-22
7.582091805409803e-22
7.575749171516916e-22
7.569105707848223e-22
7.562147053166666e-22
7.55485815135751e-22
7.547223217176677e-22
7.539225699044654e-22
7.530848241701583e-22
7.522072645197721e-22
7.512879823534117e-22
7.503249758056768e-22
7.493161454538717e-22
7.482592884632183e-22
7.471520945192719e-22
7.459921395773777e-22
7.447768801953154e-22
7.4350364706276485e-22
7.421696395192479e-22
7.407719175875754e-22
7.393073952261697e-22
7.377728323744625e-22
7.361648277660772e-22
7.344798088950085e-22
7.327140248103908e-22
7.308635341177664e-22
7.289241973903195e-22
7.26891664021896e-22
7.247613630697818e-22
7.225284884889077e-22
7.201879888702423e-22
7.177345512216589e-22
7.151625883270197e-22
7.124662231347738e-22
7.096392690432117e-22
7.066752166171097e-22
7.035672120665187e-22
7.003080373568138e-22
6.968900879883058e-22
6.933053522752843e-22
6.89545383796092e-22
6.856012752862558e-22
6.814636295841107e-22
6.771225319626006e-22
6.725675119682927e-22
6.677875096627393e-22
6.627708354142418e-22
6.575051315383887e-22
6.519773210292271e-22
6.461735576972841e-22
6.400791770320643e-22
6.336786282188587e-22
6.269554140686795e-22
6.198920169996107e-22
6.12469813592914e-22
6.046689966716569e-22
5.964684613289618e-22
5.878457057074789e-22
5.7877670179225055e-22
5.692357404846697e-22
5.591952954196553e-22
5.486258097628648e-22
