1.1153255923118645e-23
1.1159795436736812e-23
1.1166034345759229e-23
1.1171985748634182e-23
1.1177662146148118e-23
1.1183075466831256e-23
1.1188237091252316e-23
1.1193157875243808e-23
1.1197848172098578e-23
1.1202317853776542e-23
1.1206576331159903e-23
1.1210632573392642e-23
1.1214495126340203e-23
1.121817213020278e-23
1.1221671336314778e-23
1.1225000123162006e-23
1.1228165511646479e-23
1.1231174179627597e-23
1.1234032475767539e-23
1.1236746432707007e-23
1.1239321779596984e-23
1.1241763954010421e-23
1.1244078113256944e-23
1.1246269145122681e-23
1.1248341678056454e-23
1.1250300090821562e-23
1.1252148521632992e-23
1.1253890876797646e-23
1.1255530838874712e-23
1.1257071874372231e-23
1.1258517240995822e-23
1.1259869994463125e-23
1.1261132994898125e-23
1.1262308912818121e-23
1.1263400234725049e-23
1.1264409268312751e-23
1.1265338147300352e-23
1.1266188835901505e-23
1.1266963132938811e-23
1.126766267561106e-23
1.1268288942921448e-23
1.1268843258773507e-23
1.1269326794740676e-23
1.1269740572515299e-23
1.1270085466042122e-23
1.127036220334004e-23
1.1270571368015964e-23
1.1270713400473854e-23
1.1270788598821107e-23
1.1270797119473812e-23
1.1270738977462364e-23
1.1270614046437276e-23
1.1270422058375716e-23
1.1270162602987035e-23
1.1269835126816733e-23
1.1269438932046012e-23
1.1268973174984554e-23
1.126843686425284e-23
1.1267828858650229e-23
1.1267147864703815e-23
1.1266392433892572e-23
1.1265560959540556e-23
1.1264651673372908e-23
1.1263662641726027e-23
1.1262591761404466e-23
1.1261436755174865e-23
1.1260195166887213e-23
1.125886435621275e-23
1.1257441492986641e-23
1.1255923551143173e-23
1.1254307302230078e-23
1.12525893084877e-23
1.1250765915477536e-23
1.1248833244243944e-23
1.1246787182992001e-23
1.124462337826249e-23
1.1242337225584952e-23
1.1239923859587801e-23
1.1237378143543604e-23
1.1234694658326252e-23
1.1231867690755302e-23
1.1228891221301775e-23
1.1225758911127309e-23
1.1222464088428478e-23
1.1218999734054707e-23
1.1215358466368125e-23
1.1211532525310877e-23
1.1207513755644211e-23
1.1203293589320817e-23
1.1198863026951253e-23
1.1194212618321588e-23
1.118933244191831e-23
1.1184212083413555e-23
1.1178840613061315e-23
1.1173206561952992e-23
1.1167297897077334e-23
1.1161101995127324e-23
1.1154605614993582e-23
1.1147794868880035e-23
1.1140655191975374e-23
1.1133171310608584e-23
1.1125327208815081e-23
1.1117106093234433e-23
1.1108490356257335e-23
1.1099461537335195e-23
1.1090000282360562e-23
1.1080086301022799e-23
1.1069698322037289e-23
1.1058814046142554e-23
1.1047410096752409e-23
1.1035461968146929e-23
1.1022943971077514e-23
1.1009829175657021e-23
1.0996089351398611e-23
1.0981694904260341e-23
1.0966614810546015e-23
1.0950816547504937e-23
1.093426602046688e-23
1.0916927486340455e-23
1.0898763473295898e-23
1.0879734696445593e-23
1.0859799969328691e-23
1.0838916110998193e-23
1.081703784850247e-23
1.0794117714547414e-23
1.0770105940117463e-23
1.07449503418324e-23
1.0718596203810721e-23
1.0690986153809847e-23
1.0662060033414724e-23
1.0631754762049521e-23
1.0600004194594172e-23
1.0566738972401541e-23
1.0531886367527409e-23
1.0495370120012945e-23
1.0457110268094393e-23
1.0417022971262207e-23
1.0375020326154637e-23
1.0331010175351841e-23
1.0284895909241072e-23
1.0236576261257118e-23
1.0185945096972678e-23
1.0132891197728066e-23
1.007729803976315e-23
1.0019043570158463e-23
9.957999981325995e-24
9.894033486338585e-24
9.827004098076995e-24
9.756765416044854e-24
9.683164425804628e-24
9.606041317380467e-24
9.525229330744083e-24
9.440554638746956e-24
9.351836280729319e-24
9.258886163699917e-24
9.161509152683011e-24
9.059503277880764e-24
8.952660094120765e-24
8.840765238214027e-24
8.723599243081567e-24
8.600938684844876e-24
8.472557761888705e-24
8.338230435086296e-24
8.197733298500173e-24
8.050849403508754e-24
7.897373331362596e-24
7.737117906474842e-24
7.569923074735347e-24
7.395667650901417e-24
7.21428488466058e-24
7.025783130776806e-24
6.83027336738763e-24
6.628005929524294e-24
6.419419660980684e-24
6.205207783684461e-24
5.9864061586884965e-24
5.76451119326112e-24
5.541636124321182e-24
5.320714938174134e-24
5.105760853865922e-24
4.902177279308417e-24
4.7170969460492966e-24
4.559681290639896e-24
4.441243997876006e-24
4.374991009109428e-24
4.3751658195369526e-24
4.455564989089791e-24
4.62777182663017e-24
4.899809730790042e-24
5.275842472453291e-24
5.75698866347747e-24
6.342752865862149e-24
7.032457125911587e-24
7.826317486200556e-24
8.726116186070072e-24
9.735582622218468e-24
1.0860625695154039e-23
1.2109531265325712e-23
1.3493202552790175e-23
1.5025497675770123e-23
1.6723709609311743e-23
