7.358844813493356e-24
7.358745026839988e-24
7.358652284525821e-24
7.358565884943443e-24
7.358485184355336e-24
7.358409591622675e-24
7.358338563388301e-24
7.358271599674736e-24
7.3582082398594e-24
7.358148058994047e-24
7.358090664438009e-24
7.358035692775844e-24
7.357982806995672e-24
7.357931693903692e-24
7.35788206175327e-24
7.357833638069946e-24
7.357786167654347e-24
7.357739410746664e-24
7.357693141337113e-24
7.357647145609735e-24
7.357601220507549e-24
7.35755517240548e-24
7.357508815883467e-24
7.357461972587806e-24
7.357414470173778e-24
7.357366141319462e-24
7.357316822807738e-24
7.35726635466251e-24
7.357214579340596e-24
7.357161340968696e-24
7.357106484621822e-24
7.357049855637085e-24
7.356991298961617e-24
7.356930658527075e-24
7.356867776647966e-24
7.356802493439296e-24
7.356734646253945e-24
7.356664069131495e-24
7.35659059226012e-24
7.356514041443959e-24
7.356434237579473e-24
7.35635099613339e-24
7.356264126619913e-24
7.356173432079406e-24
7.356078708556926e-24
7.355979744563235e-24
7.355876320543457e-24
7.35576820832617e-24
7.355655170564963e-24
7.355536960169409e-24
7.355413319713361e-24
7.35528398083881e-24
7.355148663632066e-24
7.355007075979008e-24
7.354858912907428e-24
7.354703855897425e-24
7.354541572175742e-24
7.354371713968639e-24
7.354193917737036e-24
7.354007803382628e-24
7.353812973407578e-24
7.353609012056222e-24
7.353395484410067e-24
7.353171935442794e-24
7.352937889040454e-24
7.35269284697223e-24
7.352436287817507e-24
7.352167665855718e-24
7.351886409883347e-24
7.351591921998512e-24
7.35128357631076e-24
7.350960717625384e-24
7.350622660008908e-24
7.350268685366758e-24
7.3498980418729e-24
7.349509942393875e-24
7.349103562784299e-24
7.348678040179013e-24
7.348232471090249e-24
7.347765909530468e-24
7.347277364985074e-24
7.346765800301342e-24
7.34623012949084e-24
7.345669215391237e-24
7.345081867296644e-24
7.34446683835638e-24
7.343822822993549e-24
7.343148454067002e-24
7.342442299995369e-24
7.341702861710831e-24
7.340928569453374e-24
7.340117779420147e-24
7.339268770349754e-24
7.338379739682279e-24
7.3374487999433e-24
7.336473974509844e-24
7.335453193605657e-24
7.334384289767243e-24
7.333264993187824e-24
7.332092927003934e-24
7.330865602233361e-24
7.329580412260998e-24
7.328234627506833e-24
7.326825389653937e-24
7.325349705225258e-24
7.323804439546617e-24
7.32218630985526e-24
7.320491878358958e-24
7.318717544995473e-24
7.316859539557125e-24
7.314913913587074e-24
7.312876532505226e-24
7.310743065693032e-24
7.308508978650705e-24
7.3061695219239e-24
7.303719721813227e-24
7.301154369615395e-24
7.29846800996694e-24
7.295654929819932e-24
7.292709145757384e-24
7.289624391326592e-24
7.286394103510081e-24
7.283011408852556e-24
7.279469108327766e-24
7.275759662391765e-24
7.271875173883171e-24
7.267807372524932e-24
7.263547595123372e-24
7.259086769041206e-24
7.254415390827857e-24
7.249523506873596e-24
7.244400691288963e-24
7.2390360241595e-24
7.23341806637395e-24
7.227534836694963e-24
7.221373784790828e-24
7.214921764243221e-24
7.208165004204257e-24
7.201089078461301e-24
7.193678875914807e-24
7.185918565940646e-24
7.177791564509705e-24
7.169280499407254e-24
7.160367168697137e-24
7.151032504956296e-24
7.141256531162614e-24
7.131018317569414e-24
7.120295935238546e-24
7.109066407257543e-24
7.097305662447555e-24
7.084988474545856e-24
7.072088413459103e-24
7.058577782977272e-24
7.044427562555996e-24
7.029607337715576e-24
7.014085237452046e-24
6.997827859328803e-24
6.980800200344139e-24
6.962965572568375e-24
6.944285524680099e-24
6.924719754695541e-24
6.904226019440945e-24
6.882760033756267e-24
6.860275386697789e-24
6.836723420431414e-24
6.812053122056498e-24
6.786211021453313e-24
6.759141049232348e-24
6.730784429900551e-24
6.701079534543805e-24
6.669961745532189e-24
6.637363306212304e-24
6.603213175532517e-24
6.567436861589814e-24
6.529956236819561e-24
6.4906893952108665e-24
6.4495504320883614e-24
6.406449282808794e-24
6.3612914923661075e-24
6.313978024012982e-24
6.264405039078881e-24
6.212463655570528e-24
6.158039751189088e-24
6.101013686143313e-24
6.041260087127617e-24
5.978647564702271e-24
5.91303851443114e-24
5.8442888313200305e-24
5.7722476584952395e-24
5.696757194537296e-24
5.617652470021392e-24
5.534761135343639e-24
5.447903407190881e-24
5.3568917983508916e-24
5.261531402933144e-24
5.161619777476651e-24
5.0569473285939285e-24
4.9472978320595274e-24
4.832449218669288e-24
4.712174822472682e-24
4.586245140619725e-24
