8.673486459348269e-23
8.384911028372504e-23
8.122010774557351e-23
7.884232672936829e-23
7.671077523478445e-23
7.482098936714493e-23
7.316902436478453e-23
7.175144678280499e-23
7.056532782162751e-23
6.960823779154036e-23
6.887824170748103e-23
6.837389601119824e-23
6.80942464213166e-23
6.803882691425273e-23
6.820765984311281e-23
6.860125720418471e-23
6.922062306457952e-23
7.006725716800278e-23
7.114315973954226e-23
7.245083751409079e-23
7.399331101740569e-23
7.57741231330209e-23
7.779734899283863e-23
8.006760723413596e-23
8.259007267088115e-23
8.537049043259134e-23
8.841519163004746e-23
9.17311106132584e-23
9.53258038938398e-23
9.920747081120784e-23
1.0338497602989972e-22
1.0786787396357202e-22
1.1266643523055305e-22
1.1779167525575424e-22
1.232553851443729e-22
1.2907016496490835e-22
1.3524945959154762e-22
1.4180759727017375e-22
1.4875983108775196e-22
1.561223835412577e-22
1.639124944213657e-22
1.721484722460503e-22
1.808497495017157e-22
1.9003694197431837e-22
1.9973191247980292e-22
2.0995783933385562e-22
2.207392899335596e-22
2.3210229986124467e-22
2.44074457961299e-22
2.5668499788641446e-22
2.6996489666051084e-22
2.839469808625298e-22
2.9866604109713405e-22
3.1415895549060337e-22
3.304648230281944e-22
3.4762510763744003e-22
3.656837940223912e-22
3.846875563647092e-22
4.046859411338217e-22
4.257315653902264e-22
4.478803321264823e-22
4.711916643731418e-22
4.95728760000212e-22
5.215588693830238e-22
5.487535983623874e-22
5.773892392381739e-22
6.075471328766075e-22
6.393140654136049e-22
6.727827034880192e-22
7.080520724635857e-22
7.452280827010258e-22
7.844241096374351e-22
8.257616342343777e-22
8.69370951291729e-22
9.15391954209025e-22
9.639750060420229e-22
1.0152819081836656e-21
1.0694869797298348e-21
1.1267782626346796e-21
1.1873588701572091e-21
1.251448498951398e-21
1.3192851285146431e-21
1.3911269357374193e-21
1.467254457072966e-21
1.5479730366124388e-21
1.6336156052493594e-21
1.7245458444760928e-21
1.8211617984831483e-21
1.923900010562309e-21
2.0332402749042563e-21
2.1497111134262525e-21
2.2738961101600293e-21
2.4064412641496172e-21
2.5480635572792514e-21
2.6995609779396707e-21
2.861824297629385e-21
3.0358509689131753e-21
3.2227616043686744e-21
3.423819613572864e-21
3.640454727413146e-21
3.8742913379850326e-21
4.127182844512125e-21
4.4012535441837705e-21
4.698950074422151e-21
5.0231050466387e-21
5.377016379450706e-21
5.76454704167679e-21
6.190251601949604e-21
6.659538378969478e-21
7.178879443319854e-21
7.756085784977754e-21
8.400672504534507e-21
9.124350336802898e-21
9.941697556384527e-21
1.0871094429253747e-20
1.1936048061158732e-20
1.3167111844859159e-20
1.4604735388950302e-20
1.6303616163775324e-20
1.8339562232054926e-20
2.082073029313009e-20
2.3906865164869867e-20
2.784404105920751e-20
3.303161231983241e-20
4.0162141105545724e-20
5.054582694782214e-20
6.697261315033027e-20
9.645866878683771e-20
1.6095931706673283e-19
3.0767247337567775e-19
2.3432109904024407e-19
1.3255328797723433e-19
9.034490861459477e-20
6.879375324812166e-20
5.590654150912524e-20
4.7379244788958564e-20
4.133631069265275e-20
3.6838276191713904e-20
3.336469401606254e-20
3.060462310474584e-20
2.836108778675343e-20
2.6503345283192838e-20
2.494124907288709e-20
2.3610647414540017e-20
2.2464653316051994e-20
2.1468207507581538e-20
2.059457237631311e-20
1.982300217924753e-20
1.913715385310587e-20
1.8523977768501e-20
1.7972927531513734e-20
1.7475386728596907e-20
1.702424620196306e-20
1.6613587693718265e-20
1.6238443901040098e-20
1.5894614250719615e-20
1.5578521863744878e-20
1.5287101353412563e-20
1.5017709972191428e-20
1.4768056628599233e-20
1.4536144716464294e-20
1.4320225718337555e-20
1.4118761285126057e-20
1.3930392037192754e-20
1.375391173536845e-20
1.3588245771860902e-20
1.3432433159356488e-20
1.3285611370223068e-20
1.3147003511340369e-20
1.301590742339346e-20
1.2891686374027486e-20
1.2773761077519068e-20
1.26616028235211e-20
1.2554727537131824e-20
1.2452690624262932e-20
1.2355082481711503e-20
1.2261524572012542e-20
1.2171665979744768e-20
1.2085180379679232e-20
1.2001763358241279e-20
1.1921130039047932e-20
1.1843012970688487e-20
1.1767160241449302e-20
1.1693333790681291e-20
1.1621307891041474e-20
1.1550867779462621e-20
1.1481808417758931e-20
1.141393336642785e-20
1.134705375736573e-20
1.1280987353119775e-20
1.1215557681863564e-20
1.1150593238647307e-20
1.1085926744641273e-20
1.1021394457048946e-20
1.095683552328087e-20
1.089209137363419e-20
1.082700514741971e-20
1.076142114799016e-20
1.0695184322572294e-20
1.0628139763264711e-20
1.056013222585176e-20
