1.5170132235706073e-24
1.5044323959350193e-24
1.4928504719314693e-24
1.4821937851309386e-24
1.4723932655220691e-24
1.4633842710641422e-24
1.4551064091641696e-24
1.4475033505972368e-24
1.4405226382825397e-24
1.4341154931672036e-24
1.4282366192714093e-24
1.4228440097260215e-24
1.4178987554000868e-24
1.4133648574797384e-24
1.409209045130683e-24
1.4054005991588366e-24
1.401911182381798e-24
1.3987146772415527e-24
1.395787031024734e-24
1.3931061089151814e-24
1.3906515549793733e-24
1.3884046610823026e-24
1.3863482436443074e-24
1.384466528079496e-24
1.3827450407000332e-24
1.3811705078279876e-24
1.3797307618237197e-24
1.3784146537178668e-24
1.377211972119073e-24
1.3761133680623169e-24
1.3751102854603199e-24
1.374194896823117e-24
1.3733600439168878e-24
1.372599183041976e-24
1.3719063346210335e-24
1.3712760368008073e-24
1.370703302784692e-24
1.3701835816274468e-24
1.369712722238296e-24
1.3692869403531746e-24
1.368902788251699e-24
1.368557127008725e-24
1.368247101084338e-24
1.3679701150695633e-24
1.3677238124179473e-24
1.367506056005588e-24
1.367314910373556e-24
1.3671486255180291e-24
1.367005622103448e-24
1.3668844779840057e-24
1.3667839159276977e-24
1.366702792445694e-24
1.3666400876378078e-24
1.3665948959720174e-24
1.3665664179229676e-24
1.3665539524007166e-24
1.3665568899067262e-24
1.366574706359812e-24
1.3666069575394467e-24
1.366653274098835e-24
1.3667133571041802e-24
1.3667869740607804e-24
1.3668739553901105e-24
1.3669741913255404e-24
1.367087629197473e-24
1.3672142710816176e-24
1.3673541717867905e-24
1.3675074371612065e-24
1.367674222698499e-24
1.3678547324269628e-24
1.368049218067483e-24
1.368257978447565e-24
1.368481359160657e-24
1.3687197524616379e-24
1.3689735973909925e-24
1.3692433801215938e-24
1.3695296345236629e-24
1.3698329429446111e-24
1.370153937202095e-24
1.3704932997896204e-24
1.3708517652955285e-24
1.3712301220373858e-24
1.3716292139148474e-24
1.3720499424855654e-24
1.3724932692696956e-24
1.3729602182898054e-24
1.3734518788543355e-24
1.3739694085937334e-24
1.3745140367599119e-24
1.375087067800715e-24
1.3756898852224452e-24
1.3763239557548723e-24
1.3769908338343218e-24
1.3776921664219859e-24
1.3784296981758787e-24
1.3792052769963102e-24
1.3800208599661704e-24
1.3808785197088957e-24
1.3817804511883283e-24
1.3827289789762936e-24
1.3837265650151183e-24
1.3847758169039407e-24
1.3858794967389796e-24
1.387040530539418e-24
1.3882620182919076e-24
1.3895472446479624e-24
1.3908996903096572e-24
1.3923230441399602e-24
1.3938212160349217e-24
1.3953983505953883e-24
1.3970588416362636e-24
1.3988073475709894e-24
1.400648807708693e-24
1.4025884595000154e-24
1.4046318567662947e-24
1.4067848889441725e-24
1.4090538013746148e-24
1.4114452166612861e-24
1.4139661571179709e-24
1.4166240683185146e-24
1.4194268437549912e-24
1.4223828506008128e-24
1.4255009565645732e-24
1.4287905578080397e-24
1.4322616078870673e-24
1.4359246476577329e-24
1.439790836071261e-24
1.443871981760088e-24
1.4481805752940212e-24
1.4527298219595832e-24
1.4575336748872354e-24
1.4626068683205147e-24
1.4679649507885067e-24
1.4736243179082816e-24
1.4796022445077337e-24
1.4859169157224085e-24
1.4925874566822249e-24
1.4996339603674942e-24
1.507077513178233e-24
1.514940217728593e-24
1.5232452123503454e-24
1.5320166867669894e-24
1.5412798933862507e-24
1.5510611536541288e-24
1.5613878589213272e-24
1.5722884652949378e-24
1.5837924819865587e-24
1.5959304527255749e-24
1.6087339298843836e-24
1.622235441063517e-24
1.6364684480099301e-24
1.651467297892402e-24
1.667267167134108e-24
1.68390399820394e-24
1.701414429993729e-24
1.7198357226548316e-24
1.73920567803393e-24
1.7595625571259408e-24
1.7809449962503082e-24
1.803391923945952e-24
1.826942480864693e-24
1.8516359452122436e-24
1.8775116665351483e-24
1.9046090108670575e-24
1.932967320424947e-24
1.962625891172389e-24
1.9936239716364593e-24
2.0260007863705603e-24
2.0597955873899274e-24
2.095047736766528e-24
2.1317968233528693e-24
2.1700828163073565e-24
2.2099462577229486e-24
2.2514284962136468e-24
2.294571962802422e-24
2.3394204898832946e-24
2.3860196734133057e-24
2.4344172778378233e-24
2.4846636825831537e-24
2.5368123682767367e-24
2.5909204401993677e-24
2.6470491858496977e-24
2.7052646629345538e-24
2.765638313598963e-24
2.8282476003028026e-24
2.893176658447492e-24
2.9605169606690692e-24
3.030367987657326e-24
3.102837900436609e-24
3.1780442092583725e-24
3.2561144346087408e-24
3.3371867563170585e-24
3.421410647363816e-24
3.508947489706776e-24
3.599971170270336e-24
3.694668656146394e-24
3.7932405490296936e-24
3.89590161992767e-24
4.002881326232352e-24
4.114424314297628e-24
4.2307909117136764e-24
