5.107893869890287e-24
5.107422923231271e-24
5.10698253572909e-24
5.106570491083703e-24
5.106184745538345e-24
5.10582341371208e-24
5.10548475562441e-24
5.1051671648085165e-24
5.1048691574263545e-24
5.1045893622921686e-24
5.104326511733866e-24
5.104079433216224e-24
5.103847041666434e-24
5.103628332433187e-24
5.103422374837803e-24
5.103228306254218e-24
5.10304532668206e-24
5.102872693768043e-24
5.1027097182340565e-24
5.102555759684021e-24
5.1024102227511906e-24
5.1022725535622296e-24
5.1021422364858534e-24
5.1020187911480936e-24
5.101901769684246e-24
5.101790754216943e-24
5.101685354527856e-24
5.1015852059258096e-24
5.101489967272061e-24
5.101399319169081e-24
5.101312962288039e-24
5.101230615826226e-24
5.101152016084185e-24
5.101076915152086e-24
5.101005079694343e-24
5.100936289829584e-24
5.1008703380886164e-24
5.100807028456539e-24
5.1007461754757185e-24
5.100687603423416e-24
5.100631145541249e-24
5.100576643321665e-24
5.1005239458421835e-24
5.100472909144682e-24
5.1004233956619865e-24
5.1003752736691614e-24
5.1003284167879585e-24
5.1002827035023275e-24
5.100238016721275e-24
5.100194243353693e-24
5.100151273915231e-24
5.100109002160985e-24
5.100067324718033e-24
5.100026140764061e-24
5.099985351697613e-24
5.0999448608478844e-24
5.099904573161444e-24
5.0998643949404734e-24
5.099824233574068e-24
5.099783997263879e-24
5.0997435947930555e-24
5.099702935269772e-24
5.099661927889468e-24
5.0996204817126076e-24
5.0995785054325266e-24
5.099535907155456e-24
5.0994925941783364e-24
5.0994484727727634e-24
5.099403447977621e-24
5.099357423371339e-24
5.0993103008689216e-24
5.099261980525758e-24
5.099212360283565e-24
5.0991613358004164e-24
5.099108800225104e-24
5.0990546439534886e-24
5.098998754466499e-24
5.0989410160646485e-24
5.09888130965227e-24
5.098819512548356e-24
5.0987554982169946e-24
5.098689136077615e-24
5.098620291221746e-24
5.098548824228494e-24
5.0984745909116435e-24
5.0983974420316786e-24
5.098317223142717e-24
5.098233774237513e-24
5.098146929552295e-24
5.098056517343616e-24
5.09796235955091e-24
5.097864271567263e-24
5.097762062048606e-24
5.097655532486132e-24
5.097544477140573e-24
5.097428682622342e-24
5.0973079277306646e-24
5.097181983094756e-24
5.0970506110389365e-24
5.096913565197634e-24
5.09677059038923e-24
5.0966214222965276e-24
5.096465787290719e-24
5.096303402163487e-24
5.0961339740393915e-24
5.095957199968009e-24
5.095772767132929e-24
5.0955803523688e-24
5.095379622169033e-24
5.0951702327960245e-24
5.0949518300407466e-24
5.094724049254866e-24
5.094486515611119e-24
5.094238844138206e-24
5.093980639785175e-24
5.093711498034844e-24
5.093431004933976e-24
5.0931387378477596e-24
5.092834265942604e-24
5.09251715077665e-24
5.092186947653519e-24
5.09184320588331e-24
5.091485470935842e-24
5.09111328492647e-24
5.090726188859446e-24
5.0903237245560136e-24
5.089905436616717e-24
5.0894708752947104e-24
5.089019598515867e-24
5.088551176087551e-24
5.0880651932962155e-24
5.0875612547854784e-24
5.087038989099777e-24
5.086498054961715e-24
5.085938146556359e-24
5.085359000259403e-24
5.084760403179779e-24
5.084142200907779e-24
5.0835043072644076e-24
5.082846715089545e-24
5.082169508762215e-24
5.081472876978063e-24
5.080757127170763e-24
5.080022704600228e-24
5.079270207975436e-24
5.078500412122248e-24
5.0777142914571184e-24
5.076913043663932e-24
5.076098119119586e-24
5.0752712543559985e-24
5.074434504783562e-24
5.073590286097797e-24
5.072741416134797e-24
5.0718911634460566e-24
5.071043301817012e-24
5.070202169619773e-24
5.069372734470177e-24
5.068560663619427e-24
5.067772417068592e-24
5.067015317068486e-24
5.0662976659268074e-24
5.065628843767899e-24
5.065019435516106e-24
5.064481363147522e-24
5.064028034670339e-24
5.063674505253669e-24
5.0634376641781645e-24
5.0633364245808016e-24
5.0633919475294235e-24
5.063627894604035e-24
5.0640706738370276e-24
5.064749750512075e-24
5.06569795510514e-24
5.06695184656891e-24
5.0685520972866676e-24
5.070543907295547e-24
5.0729774779977136e-24
5.075908499712473e-24
5.079398713806055e-24
5.0835164937255884e-24
5.088337490746567e-24
5.093945307531536e-24
5.1004322510952816e-24
5.107900115506567e-24
5.116461011901135e-24
5.1262382405806264e-24
5.137367207644724e-24
5.149996391268776e-24
5.164288283568293e-24
5.1804203873332305e-24
5.198586159307957e-24
5.2189959454863425e-24
5.241877823313542e-24
5.267478432029933e-24
5.29606348352515e-24
5.3279182371838214e-24
5.3633477070602604e-24
5.4026763669745365e-24
5.446247742561748e-24
5.4944231449100844e-24
5.547580267452238e-24
