1.349672131636078e-24
1.3106160683817302e-24
1.2739807127004126e-24
1.2396540500329035e-24
1.2075272235662009e-24
1.1774944111163313e-24
1.1494527339984384e-24
1.1233021961778585e-24
1.0989456512085218e-24
1.0762887937660216e-24
1.0552401721323677e-24
1.0357112172813405e-24
1.0176162843748182e-24
1.0008727018123636e-24
9.85400823607282e-25
9.711240807305083e-25
9.579690276162194e-25
9.458653806354395e-25
9.347460456589849e-25
9.245471328584547e-25
9.1520795724574e-25
9.066710242676413e-25
8.988820002878701e-25
8.917896683722968e-25
8.85345870130303e-25
8.795054348183983e-25
8.742260971408902e-25
8.694684052140074e-25
8.651956205477704e-25
8.613736115567436e-25
8.579707423495962e-25
8.549577583803416e-25
8.52307670303414e-25
8.499956375335997e-25
8.479988524256912e-25
8.462964263897525e-25
8.44869278467424e-25
8.43700027328581e-25
8.427728871088894e-25
8.420735675558218e-25
8.415891787924292e-25
8.413081409457516e-25
8.41220098637786e-25
8.413158405840543e-25
8.415872240523171e-25
8.420271042953657e-25
8.426292687314687e-25
8.433883757446113e-25
8.442998979653441e-25
8.45360069776302e-25
8.465658388899837e-25
8.479148217686813e-25
8.494052626207501e-25
8.510359958369788e-25
8.528064115450447e-25
8.547164242031657e-25
8.567664438756274e-25
8.5895735008433e-25
8.61290468029024e-25
8.637675469515415e-25
8.663907405487284e-25
8.691625891611872e-25
8.720860036312294e-25
8.751642507578578e-25
8.784009400118273e-25
8.818000116426662e-25
8.85365725769442e-25
8.8910265260637e-25
8.930156635176269e-25
8.971099229146904e-25
9.013908808468627e-25
9.058642662413043e-25
9.105360806919668e-25
9.154125926854948e-25
9.205003323467657e-25
9.258060864108837e-25
9.313368936134092e-25
9.371000402771502e-25
9.43103056125041e-25
9.493537102850687e-25
9.558600074522243e-25
9.626301841906119e-25
9.69672705270087e-25
9.769962602250163e-25
9.846097598796249e-25
9.925223329717735e-25
1.0007433230015914e-24
1.0092822848906335e-24
1.0181489819851951e-24
1.0273533830183934e-24
1.0369056592466889e-24
1.0468161816230984e-24
1.057095518338401e-24
1.067754432193862e-24
1.0788038784513214e-24
1.0902550028509e-24
1.1021191397534332e-24
1.1144078107075995e-24
1.1271327231348011e-24
1.1403057695392304e-24
1.1539390268747962e-24
1.1680447565332025e-24
1.1826354043990532e-24
1.1977236015773378e-24
1.2133221656550014e-24
1.2294441019260933e-24
1.2461026058072483e-24
1.2633110649575278e-24
1.281083062692469e-24
1.2994323813734905e-24
1.3183730063427345e-24
1.3379191306600323e-24
1.358085160128141e-24
1.378885719025944e-24
1.4003356560649951e-24
1.4224500513584707e-24
1.4452442231212886e-24
1.4687337356481784e-24
1.4929344075648877e-24
1.517862320115188e-24
1.543533826476945e-24
1.569965561118446e-24
1.5971744501673209e-24
1.6251777210737625e-24
1.6539929139508819e-24
1.683637892697041e-24
1.714130856525901e-24
1.7454903513420195e-24
1.7777352830454846e-24
1.810884928954436e-24
1.8449589518023576e-24
1.8799774118865573e-24
1.915960781235105e-24
1.9529299575028226e-24
1.990906277716757e-24
2.0299115325039037e-24
2.0699679810756212e-24
2.111098366238416e-24
2.1533259290267904e-24
2.1966744245887352e-24
2.241168137090868e-24
2.2868318971832375e-24
2.333691096452276e-24
2.3817717050319523e-24
2.431100287835041e-24
2.4817040215392345e-24
2.5336107126154998e-24
2.586848813667405e-24
2.641447442719438e-24
2.6974363998739258e-24
2.7548461870168815e-24
2.8137080263736225e-24
2.874053879513732e-24
2.935916466602442e-24
2.999329287058477e-24
3.0643266388229885e-24
3.1309436407693686e-24
3.1992162510408913e-24
3.2691812912432563e-24
3.340876467670506e-24
3.414340392469637e-24
3.48961260752288e-24
3.5667336090898164e-24
3.6457448690595014e-24
3.72668886194404e-24
3.809609087936017e-24
3.894550101083072e-24
3.9815575320158385e-24
4.0706781192974644e-24
4.161959732314258e-24
4.255451404274416e-24
4.351203355831347e-24
4.449267029684897e-24
4.549695119943377e-24
4.652541601353298e-24
4.7578617647059996e-24
4.8657122437360174e-24
4.976151062109366e-24
5.089237653283592e-24
5.2050329035337486e-24
5.32359919217976e-24
5.4450004234855625e-24
5.569302074279076e-24
5.6965712213524024e-24
5.826876599822309e-24
5.960288628868984e-24
6.096879470624159e-24
6.236723078807454e-24
6.379895219780591e-24
6.5264735602951446e-24
6.676537687438442e-24
6.830169176333851e-24
6.98745165016814e-24
7.148470809668182e-24
7.313314530654668e-24
7.482072905541179e-24
7.654838284975412e-24
7.831705415323441e-24
8.012771418175011e-24
8.198135914041387e-24
8.38790112547714e-24
