3.8577490383991544e-23
3.8602350029581836e-23
3.862604729429602e-23
3.8648632466727364e-23
3.8670153474455665e-23
3.8690655985888016e-23
3.8710183507292573e-23
3.872877747522553e-23
3.8746477344562465e-23
3.876332067230632e-23
3.8779343197365894e-23
3.879457891645849e-23
3.8809060156315616e-23
3.882281764233315e-23
3.883588056381662e-23
3.8848276635963845e-23
3.886003215870793e-23
3.8871172072559236e-23
3.8881720011549234e-23
3.8891698353405645e-23
3.890112826705042e-23
3.8910029757533345e-23
3.891842170848976e-23
3.8926321922213116e-23
3.893374715743644e-23
3.8940713164883964e-23
3.894723472069417e-23
3.895332565775807e-23
3.895899889506497e-23
3.8964266465093176e-23
3.896913953932577e-23
3.8973628451931325e-23
3.8977742721663953e-23
3.898149107202968e-23
3.898488144976088e-23
3.898792104163789e-23
3.899061628969526e-23
3.8992972904836425e-23
3.899499587889958e-23
3.899668949518497e-23
3.899805733747545e-23
3.8999102297564043e-23
3.8999826581306613e-23
3.900023171320967e-23
3.9000318539562666e-23
3.9000087230121885e-23
3.899953727834764e-23
3.8998667500193034e-23
3.899747603144294e-23
3.8995960323594324e-23
3.8994117138268774e-23
3.8991942540143007e-23
3.89894318883824e-23
3.898657982655324e-23
3.898338027099759e-23
3.8979826397634253e-23
3.897591062716548e-23
3.8971624608644745e-23
3.896695920137703e-23
3.896190445510624e-23
3.895644958843974e-23
3.8950582965466956e-23
3.894429207051536e-23
3.89375634809815e-23
3.893038283818443e-23
3.892273481615782e-23
3.8914603088323505e-23
3.890597029196156e-23
3.8896817990390264e-23
3.888712663277342e-23
3.8876875511457423e-23
3.886604271673609e-23
3.885460508893703e-23
3.884253816771358e-23
3.882981613842117e-23
3.881641177545182e-23
3.880229638238253e-23
3.878743972879747e-23
3.8771809983628293e-23
3.875537364484406e-23
3.873809546532057e-23
3.8719938374704105e-23
3.870086339706659e-23
3.8680829564151485e-23
3.865979382398294e-23
3.8637710944604405e-23
3.861453341269731e-23
3.859021132681278e-23
3.8564692284932483e-23
3.8537921266061004e-23
3.8509840505524764e-23
3.848038936364393e-23
3.844950418740357e-23
3.8417118164748796e-23
3.8383161171081955e-23
3.83475596075266e-23
3.831023623048055e-23
3.827110997196784e-23
3.823009575023168e-23
3.818710427000971e-23
3.814204181186448e-23
3.809481000990146e-23
3.8045305617172935e-23
3.799342025799113e-23
3.7939040166329473e-23
3.7882045909421315e-23
3.782231209560093e-23
3.7759707065332435e-23
3.769409256433761e-23
3.7625323397552586e-23
3.7553247062661215e-23
3.7477703361703285e-23
3.739852398923614e-23
3.731553209534496e-23
3.7228541821600635e-23
3.7137357807996594e-23
3.704177466856451e-23
3.6941576433249636e-23
3.683653595335299e-23
3.672641426756081e-23
3.6610959925220706e-23
3.64899082633454e-23
3.6362980633157954e-23
3.622988357177057e-23
3.6090307913989517e-23
3.594392783858376e-23
3.5790399842774945e-23
3.5629361637960007e-23
3.546043095849491e-23
3.528320427500926e-23
3.5097255401464564e-23
3.49021339851365e-23
3.4697363865711463e-23
3.4482441288959304e-23
3.425683295767567e-23
3.4019973899935765e-23
3.3771265131849145e-23
3.35100710890349e-23
3.3235716795239886e-23
3.2947484733072557e-23
3.264461137493703e-23
3.232628332505839e-23
3.1991633014861665e-23
3.163973388368598e-23
3.1269594962973283e-23
3.0880154767928326e-23
3.047027437983351e-23
3.003872957945863e-23
2.958420186304862e-23
2.9105268134158615e-23
2.8600388820450125e-23
2.8067894108016737e-23
2.7505967909296023e-23
2.6912629091865985e-23
2.6285709374197375e-23
2.5622827142431148e-23
2.4921356241274746e-23
2.4178388530406665e-23
2.339068865833578e-23
2.255463904096006e-23
2.1666172427565202e-23
2.0720688612806177e-23
1.971295074542195e-23
1.8636955187736085e-23
1.7485766880738527e-23
1.6251309563494292e-23
1.4924097059027425e-23
1.3492888954072373e-23
1.1944254874568103e-23
1.0262050491906075e-23
8.426908667678115e-24
6.41637176446497e-24
4.209886376326144e-24
1.854171772921893e-24
1.5351180115710645e-24
4.5361095335068296e-24
8.224502286854506e-24
1.2616695489936994e-23
1.7950020975247225e-23
2.4630852523561208e-23
3.3368622376000654e-23
4.551156055885941e-23
6.397144514417796e-23
9.641415830046374e-23
1.7158962411858332e-22
5.592406413134245e-22
4.483668001747451e-22
1.6797555737159145e-22
1.0204157313946863e-22
7.175940678200732e-23
5.372450164419836e-23
4.129245760998297e-23
3.1855914168497933e-23
2.4182357505041348e-23
1.7614163312583084e-23
1.1773472926644715e-23
6.4563982501829856e-24
1.974233755121275e-24
4.088761830064151e-24
8.708567192293291e-24
1.3404336068750795e-23
