2.834131605601913e-22
2.677033240236124e-22
2.531099153772937e-22
2.3960196897426017e-22
2.2715082468975795e-22
2.157300670486888e-22
2.0531546913892757e-22
1.9588494119155026e-22
1.874184837201891e-22
1.798981451212046e-22
1.7330798364749248e-22
1.6763403367729536e-22
1.628642762099576e-22
1.5898861352850247e-22
1.5599884797749795e-22
1.5388866481229324e-22
1.5265361908293179e-22
1.522911265235828e-22
1.5280045842576218e-22
1.541827404822124e-22
1.5644095559742719e-22
1.595799506711671e-22
1.6360644737170352e-22
1.6852905692668782e-22
1.7435829897004553e-22
1.8110662449306466e-22
1.8878844295807438e-22
1.9742015364141213e-22
2.0702018128197884e-22
2.1760901612011676e-22
2.292092584211207e-22
2.418456675870606e-22
2.5554521597105723e-22
2.70337147518593e-22
2.8625304137176576e-22
3.0332688058411974e-22
3.215951261060154e-22
3.410967962131818e-22
3.6187355156425066e-22
3.839697860872775e-22
4.0743272390888674e-22
4.3231252255575795e-22
4.586623826730391e-22
4.865386645206822e-22
5.160010115266513e-22
5.47112481193403e-22
5.799396836726883e-22
6.145529283448344e-22
6.510263787588309e-22
6.894382163120554e-22
7.298708130712246e-22
7.72410914163151e-22
8.171498301867188e-22
8.64183640128072e-22
9.136134052901725e-22
9.65545394776561e-22
1.0200913231064366e-21
1.0773686005694556e-21
1.1375005969689143e-21
1.2006169194406929e-21
1.2668537050777332e-21
1.3363539291367653e-21
1.409267729648922e-21
1.485752749312642e-21
1.5659744955977853e-21
1.650106720051346e-21
1.73833181785847e-21
1.8308412487796645e-21
1.9278359806582086e-21
2.0295269567682628e-21
2.1361355883628713e-21
2.247894273861066e-21
2.3650469462257618e-21
2.4878496501710994e-21
2.616571150962356e-21
2.7514935766907938e-21
2.89291309603094e-21
3.0411406336370157e-21
3.1965026254828712e-21
3.3593418166125698e-21
3.530018103967013e-21
3.708909427105352e-21
3.89641270990327e-21
4.092944856496659e-21
4.298943805008823e-21
4.5148696428593886e-21
4.741205787762231e-21
4.978460238821418e-21
5.227166902505468e-21
5.487886998634261e-21
5.761210551967303e-21
6.047757975412134e-21
6.348181751368218e-21
6.663168218313314e-21
6.993439470262179e-21
7.339755377494322e-21
7.702915737581486e-21
8.083762566559869e-21
8.483182541083655e-21
8.902109603167629e-21
9.341527740390873e-21
9.802473955547581e-21
1.0286041440956835e-20
1.0793382974336198e-20
1.1325714554406246e-20
1.1884319296632659e-20
1.247055161094955e-20
1.3085841686252879e-20
1.373170030804139e-20
1.4409724039257364e-20
1.5121600796779366e-20
1.5869115859752694e-20
1.6654158349974158e-20
1.747872822843576e-20
1.8344943857776693e-20
1.9255050184829802e-20
2.0211427604866915e-20
2.1216601575154632e-20
2.2273253054210362e-20
2.338422985116849e-20
2.4552558981237402e-20
2.5781460133099522e-20
2.7074360369221526e-20
2.8434910193838254e-20
2.9867001141053774e-20
3.137478505507969e-20
3.2962695259251907e-20
3.4635469832327055e-20
3.639817724533814e-20
3.8256244647579444e-20
4.0215489122486615e-20
4.22821522943854e-20
4.4462938711104523e-20
4.6765058493690136e-20
4.919627482926235e-20
5.176495694992945e-20
5.448013937135448e-20
5.735158825825586e-20
6.038987596221363e-20
6.360646491236676e-20
6.701380227172411e-20
7.062542703013865e-20
7.445609143502886e-20
7.852189912843429e-20
8.28404626615645e-20
8.743108370254711e-20
9.23149598133822e-20
9.751542251197317e-20
1.0305821224201023e-19
1.08971797162735e-19
1.152877441114244e-19
1.2204115195423865e-19
1.292711599676051e-19
1.3702154677353342e-19
1.4534143936660165e-19
1.5428615642809232e-19
1.6391821653862132e-19
1.7430855038674425e-19
1.855379665201027e-19
1.9769893469145467e-19
2.10897770321357e-19
2.252573289931309e-19
2.4092035543739493e-19
2.580536805054692e-19
2.7685352623738045e-19
2.9755227747297072e-19
3.204272123184042e-19
3.458118878611525e-19
3.7411116953246763e-19
4.0582133801949254e-19
4.415573907654885e-19
4.820907205814186e-19
5.284020732589583e-19
5.817574960819568e-19
6.43819792058608e-19
7.16816354619538e-19
8.03799497620892e-19
9.090642471856474e-19
1.0388459449813637e-18
1.2025405103777986e-18
1.4149601183016476e-18
1.7007872584202284e-18
2.104090768956307e-18
2.7105927993311834e-18
3.704409480164305e-18
5.503266234863671e-18
8.54419319687126e-18
8.997636375923466e-18
6.121853170252864e-18
4.278505001795581e-18
3.255781518719777e-18
2.633777538260707e-18
2.2216261283184335e-18
1.930353460708823e-18
1.7143565423505883e-18
1.5481803581290549e-18
1.4165956822039772e-18
1.3099672690926213e-18
1.2219150352787893e-18
1.148052447773528e-18
1.0852670561301515e-18
