4.471135566666943e-23
4.1997279633158275e-23
3.947051605075069e-23
3.7125702572574873e-23
3.495786322952255e-23
3.29623978506266e-23
3.113507228266059e-23
2.947200938905058e-23
2.796968080858288e-23
2.662489945725976e-23
2.5434812758076152e-23
2.439689658542959e-23
2.350894991282699e-23
2.2769090154105523e-23
2.2175749188790496e-23
2.1727670064814143e-23
2.1423904369998087e-23
2.1263810266401037e-23
2.1247051179649757e-23
2.1373595138639915e-23
2.1643714760042663e-23
2.205798787625081e-23
2.261729880682697e-23
2.3322840276704918e-23
2.417611598778945e-23
2.5178943851582988e-23
2.6333459893282045e-23
2.764212283829931e-23
2.9107719393132707e-23
3.0733370233814324e-23
3.2522536715239617e-23
3.447902831657285e-23
3.6607010839005286e-23
3.8911015373756774e-23
4.139594805959357e-23
4.4067100651338606e-23
4.6930161923176204e-23
4.9991229931715367e-23
5.325682516644028e-23
5.67339046163249e-23
6.042987678557709e-23
6.43526176930484e-23
6.851048788767666e-23
7.291235052375503e-23
7.756759053706502e-23
8.248613495830958e-23
8.767847441947126e-23
9.31556859015049e-23
9.892945676809869e-23
1.0501211014828229e-22
1.1141663172882712e-22
1.1815669800976148e-22
1.2524670609622655e-22
1.3270180509616639e-22
1.4053792919494032e-22
1.48771832486324e-22
1.5742112564402425e-22
1.6650431451950204e-22
1.7604084075540183e-22
1.8605112453053818e-22
1.9655660950758924e-22
2.0757981011204863e-22
2.1914436128937693e-22
2.312750707812239e-22
2.439979741388596e-22
2.5734039256408797e-22
2.713309937150687e-22
2.859998556657392e-22
3.0137853415745667e-22
3.175001333297185e-22
3.3439938008507552e-22
3.5211270230361743e-22
3.706783111767273e-22
3.9013628766102962e-22
4.1052867363405123e-22
4.318995676478136e-22
4.542952257403971e-22
4.777641675466414e-22
5.023572880261613e-22
5.281279749977405e-22
5.551322330119057e-22
5.8342881372955705e-22
6.130793533339854e-22
6.441485172493639e-22
6.767041527625373e-22
7.10817449823784e-22
7.465631107024337e-22
7.840195286644046e-22
8.232689771749705e-22
8.643978084209774e-22
9.074966643180072e-22
9.526606979129265e-22
9.999898087402755e-22
1.049588889942462e-21
1.1015680912333367e-21
1.1560430955960292e-21
1.2131354129274186e-21
1.2729726903929307e-21
1.3356890414509672e-21
1.4014253940572272e-21
1.470329860205827e-21
1.5425581276718727e-21
1.6182738750832924e-21
1.6976492137098344e-21
1.7808651556247784e-21
1.8681121121759594e-21
1.9595904234053477e-21
2.0555109220287223e-21
2.156095532582982e-21
2.2615779123901984e-21
2.3722041321198195e-21
2.4882334035591228e-21
2.609938855928906e-21
2.7376083667317154e-21
2.8715454473452795e-21
3.012070193789236e-21
3.15952030504705e-21
3.31425216951202e-21
3.476642039976664e-21
3.647087282438316e-21
3.8260077360957394e-21
4.013847154476361e-21
4.211074778893817e-21
4.4181870184474695e-21
4.635709274634003e-21
4.86419790237135e-21
5.104242337030541e-21
5.356467393028127e-21
5.6215357671081426e-21
5.900150735758383e-21
6.1930590941970144e-21
6.501054373036493e-21
6.824980295059098e-21
7.1657346054745e-21
7.524273211844591e-21
7.901614726351114e-21
8.298845427127675e-21
8.717124760000593e-21
9.157691279298415e-21
9.621869291794591e-21
1.0111076122775559e-20
1.0626830122593849e-20
1.1170759602761156e-20
1.1744612633054105e-20
1.2350268021629908e-20
1.2989747434649603e-20
1.3665228965056615e-20
1.437906230082818e-20
1.5133785621010986e-20
1.5932144611461048e-20
1.6777113882966373e-20
1.7671920952111338e-20
1.862007358427735e-20
1.962539044469487e-20
2.06920362908845e-20
2.182456166144806e-20
2.3027948326292353e-20
2.430766199570835e-20
2.5669711451852977e-20
2.712071839963256e-20
2.866799669233317e-20
3.031964633948857e-20
3.208466063324457e-20
3.397305361504931e-20
3.5996008803499124e-20
3.816605613055144e-20
4.0497278987836186e-20
4.300556318243307e-20
4.5708898269505677e-20
4.8627732497582614e-20
5.178541243260308e-20
5.520871516374371e-20
5.892849549062968e-20
6.298050152848718e-20
6.740638190119769e-20
7.22549513605965e-20
7.758379363906071e-20
8.346133942221807e-20
8.996951287800537e-20
9.720723500401507e-20
1.0529506184402823e-19
1.1438136682551519e-19
1.2465089851345574e-19
1.363364435880972e-19
1.4973554920803638e-19
1.65234356774248e-19
1.8334277980156708e-19
2.0474799239303449e-19
2.3039676511917877e-19
2.6162786247730054e-19
3.0039237256796496e-19
3.496323614655022e-19
4.13960360589109e-19
5.009201686102522e-19
6.233372706453692e-19
8.03192948132442e-19
1.0726609688901305e-18
1.4289495768703514e-18
1.632608251187e-18
1.4251725636571951e-18
1.1100547452260327e-18
