1.1108928797554044e-24
1.0272828995104972e-24
9.536032440755848e-25
8.900895074213208e-25
8.369813331119159e-25
7.944561158303221e-25
7.625490228145787e-25
7.41076325348849e-25
7.295860913455068e-25
7.273567031603593e-25
7.334476643323079e-25
7.467871442024631e-25
7.662692790790437e-25
7.908368901149202e-25
8.195369414873876e-25
8.515479700262301e-25
8.861856974973451e-25
9.22894864834609e-25
9.61234130485212e-25
1.0008587210795136e-24
1.0415035541545681e-24
1.0829681487154791e-24
1.1251037795852093e-24
1.1678028656488217e-24
1.2109903683689012e-24
1.2546169018222666e-24
1.2986532539974475e-24
1.3430860491925914e-24
1.38791432189489e-24
1.4331468140185015e-24
1.4787998434551385e-24
1.5248956238716465e-24
1.5714609406966599e-24
1.6185261075607694e-24
1.666124145992294e-24
1.7142901404474674e-24
1.7630607335559152e-24
1.812473732645086e-24
1.862567804759544e-24
1.913382242613812e-24
1.9649567866596773e-24
2.0173314930366634e-24
2.0705466370271486e-24
2.1246426462356093e-24
2.1796600562137276e-24
2.235639485335575e-24
2.292621623984264e-24
2.3506472357799278e-24
2.409757168067363e-24
2.4699923699789465e-24
2.5313939158614363e-24
2.59400303369625e-24
2.657861137078916e-24
2.723009859112569e-24
2.7894910891261347e-24
2.857347010483028e-24
2.926620139383794e-24
2.9973533643766887e-24
3.0695899867460386e-24
3.143373759888214e-24
3.2187489310431452e-24
3.2957602800756746e-24
3.37445316041161e-24
3.4548735391571366e-24
3.53706803623733e-24
3.6210839643238815e-24
3.706969368211454e-24
3.794773063265665e-24
3.884544674995452e-24
3.97633467750034e-24
4.070194431404205e-24
4.166176222604774e-24
4.2643333004357525e-24
4.3647199161821966e-24
4.467391360687851e-24
4.57240400251204e-24
4.679815326979986e-24
4.7896839732899854e-24
4.9020697744567085e-24
5.0170337941377944e-24
5.13463836764962e-24
5.254947139537206e-24
5.378025104266732e-24
5.503938644967743e-24
5.632755574519822e-24
5.764545176437226e-24
5.899378244592663e-24
6.03732712750762e-24
6.1784657682601476e-24
6.322869748193865e-24
6.4706163305640125e-24
6.621784505416616e-24
6.776455033238318e-24
6.934710489841325e-24
7.096635316808987e-24
7.262315863901318e-24
7.431840437899542e-24
7.605299357145052e-24
7.782784993250433e-24
7.96439182819076e-24
8.1502165014712e-24
8.340357868265845e-24
8.534917048845269e-24
8.733997485211014e-24
8.93770499705133e-24
9.14614784120203e-24
9.359436766689126e-24
9.577685075788708e-24
9.801008688000157e-24
1.0029526197274388e-23
1.0263358940447705e-23
1.0502631058937843e-23
1.0747469566765076e-23
1.0998004421459826e-23
1.1254368587855905e-23
1.1516698114647949e-23
1.1785132199580408e-23
1.2059813274354794e-23
1.234088707464985e-23
1.2628502713993637e-23
1.2922812771309104e-23
1.3223973368089488e-23
1.3532144250640202e-23
1.38474888769022e-23
1.4170174504031362e-23
1.450037227036404e-23
1.483825730108718e-23
1.51840087854966e-23
1.5537810082183186e-23
1.5899848813321998e-23
1.627031696095719e-23
1.6649410979328585e-23
1.7037331886676343e-23
1.7434285373516907e-23
1.7840481925353625e-23
1.8256136918680994e-23
1.8681470738974514e-23
1.9116708904820858e-23
1.956208218267118e-23
2.001782669660556e-23
2.0484184091520508e-23
2.0961401597535507e-23
2.1449732236313896e-23
2.1949434898158405e-23
2.2460774506346937e-23
2.298402213337043e-23
2.351945518303719e-23
2.4067357499478142e-23
2.462801953976933e-23
2.5201738518349486e-23
2.578881856933452e-23
2.6389570903543077e-23
2.7004313983340443e-23
2.763337366213655e-23
2.827708339269177e-23
2.8935784381074767e-23
2.960982578920964e-23
3.02995648913674e-23
3.100536726178061e-23
3.172760701360956e-23
3.246666694814393e-23
3.322293876469055e-23
3.3996823297190416e-23
3.478873068982406e-23
3.559908062750571e-23
3.6428302587903e-23
3.727683599847199e-23
3.814513053447516e-23
3.9033646326693325e-23
3.994285420955893e-23
4.087323596477572e-23
4.182528458914416e-23
4.279950452236495e-23
4.379641196081284e-23
4.481653505864671e-23
4.5860414316092214e-23
4.6928602737867576e-23
4.802166623937374e-23
4.9140183803467155e-23
5.0284747982118225e-23
5.145596500082942e-23
5.265445520447456e-23
5.388085338369647e-23
5.513580900707332e-23
5.641998668710954e-23
5.77340664364943e-23
5.907874403020058e-23
6.045473144687655e-23
6.186275721810173e-23
6.330356662262534e-23
6.477792246281969e-23
6.628660497162015e-23
6.783041272010648e-23
6.941016254498752e-23
7.102669044744872e-23
7.268085163563363e-23
7.437352124054489e-23
7.610559449896726e-23
7.787798750129126e-23
7.969163746416708e-23
8.154750323696408e-23
