7.639967388495724e-24
7.656658390706904e-24
7.672388541562892e-24
7.687190806556662e-24
7.701096222359897e-24
7.714133958757712e-24
7.726331377042091e-24
7.737714084941545e-24
7.748305988162606e-24
7.758129338617166e-24
7.767204779405994e-24
7.775551386626712e-24
7.783186708070084e-24
7.790126798865602e-24
7.796386254132907e-24
7.801978238691804e-24
7.806914513879293e-24
7.811205461517846e-24
7.814860105074376e-24
7.817886128045395e-24
7.82028988959879e-24
7.822076437498302e-24
7.823249518332068e-24
7.823811585061754e-24
7.823763801904447e-24
7.823106046554167e-24
7.821836909745663e-24
7.819953692157897e-24
7.81745239865016e-24
7.814327729818606e-24
7.810573070856407e-24
7.8061804776959e-24
7.801140660405919e-24
7.79544296381298e-24
7.78907534531011e-24
7.782024349811994e-24
7.774275081810618e-24
7.765811174480601e-24
7.756614755778754e-24
7.746666411477665e-24
7.735945145068625e-24
7.72442833446474e-24
7.712091685430454e-24
7.698909181660189e-24
7.684853031424396e-24
7.669893610698053e-24
7.653999402683268e-24
7.637136933635251e-24
7.619270704898503e-24
7.600363121058772e-24
7.580374414116311e-24
7.55926256358536e-24
7.53698321242841e-24
7.51348957873537e-24
7.488732363065153e-24
7.462659651373238e-24
7.435216813460486e-24
7.40634639689269e-24
7.37598801635785e-24
7.344078238452322e-24
7.310550461916532e-24
7.275334793378558e-24
7.23835791870979e-24
7.199542970155747e-24
7.1588093894762e-24
7.116072787418079e-24
7.071244799955635e-24
7.024232941866287e-24
6.974940458381102e-24
6.923266175855551e-24
6.869104352666528e-24
6.812344531860468e-24
6.752871397479283e-24
6.690564636990435e-24
6.625298812871185e-24
6.556943247189234e-24
6.4853619240107104e-24
6.410413415732689e-24
6.331950841042832e-24
6.249821864267442e-24
6.1638687485214314e-24
6.073928478512392e-24
5.9798329733315304e-24
5.881409415448659e-24
5.778480729902748e-24
5.670866258064195e-24
5.5583826842473086e-24
5.440845292339963e-24
5.318069655396734e-24
5.18987389674613e-24
5.0560817107829564e-24
4.916526401495752e-24
4.77105629629986e-24
4.619542035986883e-24
4.461886450183726e-24
4.298038034827528e-24
4.12800950528114e-24
3.9519035857155495e-24
3.769949235882427e-24
3.582553098129945e-24
3.390373344142754e-24
3.1944266721498488e-24
2.996244299128281e-24
2.798099313296894e-24
2.603333754052915e-24
2.4168115800369167e-24
2.2454909689905037e-24
2.098996260176305e-24
1.9898088526816013e-24
1.9323378058894037e-24
1.9401821437307837e-24
2.022213022116337e-24
2.1800223050651495e-24
2.4087952741551116e-24
2.700538845847247e-24
3.0470928123223142e-24
3.441695120346356e-24
3.879364222431615e-24
4.356720837447455e-24
4.8716570389087504e-24
5.423025285749069e-24
6.01039465267702e-24
6.633873377459433e-24
7.293983895541393e-24
7.991576154516075e-24
8.727767944168564e-24
9.50390409444884e-24
1.0321528868064816e-23
1.1182367654729277e-23
1.2088315301754945e-23
1.3041429250774747e-23
1.4043926209828555e-23
1.5098181472586417e-23
1.6206730248183436e-23
1.7372270547552158e-23
1.8597667276372232e-23
1.9885957277119162e-23
2.1240355100219933e-23
2.2664259319211683e-23
2.4161259226343354e-23
2.57351417242466e-23
2.738989824948654e-23
2.912973151665745e-23
3.0959061854098643e-23
3.2882532875793695e-23
3.4905016147103344e-23
3.7031614469253085e-23
3.9267663324995444e-23
4.1618729938892463e-23
4.409060924811133e-23
4.668931605064457e-23
4.942107238124963e-23
5.229228888978024e-23
5.530953922791116e-23
5.847952554825731e-23
6.180903356884373e-23
6.530487527372766e-23
6.897381704573718e-23
7.282249024039537e-23
7.685728240008057e-23
8.1084205480057e-23
8.550873827777e-23
9.013564056244451e-23
9.496873613878604e-23
1.0001066305515204e-22
1.0526258929293344e-22
1.1072389585902967e-22
1.16391827250399e-22
1.2226111996516728e-22
1.2832360756409222e-22
1.3456783355366458e-22
1.4097866480065292e-22
1.4753695393570357e-22
1.5421926598852938e-22
1.6099769710290674e-22
1.6783984443884893e-22
1.7470892110279613e-22
1.8156410723146613e-22
1.8836108797580206e-22
1.950528619520452e-22
2.0159075599360785e-22
2.079256256031268e-22
2.1400923822310197e-22
2.1979567761865192e-22
2.2524275280380423e-22
2.3031330082247487e-22
2.34976268989246e-22
2.3920751188965487e-22
2.429902845802706e-22
2.4631535112286017e-22
2.491807863215555e-22
2.515914369505763e-22
2.535581865016255e-22
2.5509699371238233e-22
2.562278969867765e-22
2.5697395297528647e-22
2.5736022867137764e-22
2.5741287732907875e-22
2.5715831401908964e-22
2.5662255025175606e-22
2.5583063525907813e-22
