1.093595537142439e-23
8.562025091115904e-24
6.328788037108469e-24
4.2315670900366296e-24
2.2661756683808813e-24
4.330324509434902e-25
1.2914628750532788e-24
2.8857888719059116e-24
4.364677369211784e-24
5.730534222233608e-24
6.9861407057189e-24
8.13412506831045e-24
9.176908112579715e-24
1.0116694743746401e-23
1.095547437345052e-23
1.1695023493800294e-23
1.2336908718205598e-23
1.288248974496723e-23
1.3332922048950945e-23
1.3689159220889444e-23
1.395195492006328e-23
1.4121864427657838e-23
1.419924579180664e-23
1.4184260565638905e-23
1.4076874135413897e-23
1.3876855642259376e-23
1.358377749952068e-23
1.319701451145897e-23
1.2715742603057656e-23
1.2138937180173125e-23
1.1465371157531624e-23
1.069361273036747e-23
9.82202305361955e-24
8.84875419710091e-24
7.771748311455298e-24
6.588740620504223e-24
5.297274989141028e-24
3.894769616596456e-24
2.37887998288971e-24
7.52927673809687e-25
1.0262624427295757e-24
2.900897740824104e-24
4.9092360002019675e-24
7.051449283810227e-24
9.331588155548564e-24
1.175436846257734e-23
1.4324899553199877e-23
1.704863681749324e-23
1.9931375968454566e-23
2.29792590748443e-23
2.6198785070105235e-23
2.9596822513791995e-23
3.318062381895533e-23
3.6957840640156055e-23
4.093654031471198e-23
4.512522331224305e-23
4.9532841706977284e-23
5.416881868347303e-23
5.904306912519671e-23
6.416602131479107e-23
6.954863979747929e-23
7.520244947197479e-23
8.113956093956046e-23
8.737269720598743e-23
9.39152217658832e-23
1.0078116816558598e-22
1.0798527110726043e-22
1.1554299916027776e-22
1.2347058918939945e-22
1.3178508255224388e-22
1.4050436319142086e-22
1.496471976846452e-22
1.5923327740779014e-22
1.6928326283932566e-22
1.7981883021981615e-22
1.9086272061176185e-22
2.0243879151781272e-22
2.145720712252052e-22
2.272888159754071e-22
2.4061657012724935e-22
2.545842295681368e-22
2.6922210832281804e-22
2.8456200889420847e-22
3.006372961998308e-22
3.174829754985484e-22
3.3513577455512804e-22
3.5363423016861166e-22
3.7301877946154726e-22
3.933318560024256e-22
4.1461799139527504e-22
4.369239223290886e-22
4.602987034541548e-22
4.847938268846308e-22
5.104633479389531e-22
5.373640184082025e-22
5.655554270543534e-22
5.95100148287694e-22
6.260638995404221e-22
6.585157074024924e-22
6.9252808371288805e-22
7.281772121137886e-22
7.6554314566874805e-22
8.047100155602044e-22
8.457662539560106e-22
8.888048288470476e-22
9.339234939987894e-22
9.81225055171296e-22
1.0308176515006053e-21
1.0828150555009335e-21
1.137336992832873e-21
1.1945094819224967e-21
1.2544651953397744e-21
1.3173438460653779e-21
1.3832925999853947e-21
1.4524665137268165e-21
1.5250290054007462e-21
1.6011523562114226e-21
1.681018246810053e-21
1.7648183337111397e-21
1.8527548639350876e-21
1.9450413378585584e-21
2.0419032181991478e-21
2.1435786922161458e-21
2.250319493083038e-21
2.3623917827584215e-21
2.4800771040843724e-21
2.6036734083608335e-21
2.7334961624418864e-21
2.8698795515911734e-21
3.0131777736856542e-21
3.163766450028191e-21
3.3220441459701933e-21
3.4884340357314704e-21
3.663385700159207e-21
3.8473770884977604e-21
4.0409166664173285e-21
4.244545753716191e-21
4.458841070528242e-21
4.684417548661426e-21
4.921931403873331e-21
5.172083494205964e-21
5.435623054011958e-21
5.713351762083518e-21
6.006128274297798e-21
6.314873196093823e-21
6.640574633666933e-21
6.984294334698196e-21
7.347174470053517e-21
7.730445317196483e-21
8.135433664308749e-21
8.56357237659141e-21
9.016411025400627e-21
9.495627843012597e-21
1.000304327242469e-20
1.0540635122104107e-20
1.1110555879445355e-20
1.171515228184087e-20
1.2356987601452815e-20
1.30388671181195e-20
1.376386725293855e-20
1.453536914497829e-20
1.5357097199631062e-20
1.6233163774827625e-20
1.7168121091833478e-20
1.8167021613771417e-20
1.9235488880020207e-20
2.037980057137914e-20
2.1606986584422815e-20
2.2924945518732827e-20
2.4342583294201534e-20
2.5869979427212914e-20
2.751858717257522e-20
2.930147674995714e-20
3.123363101405752e-20
3.3332309976675095e-20
3.561750041866324e-20
3.811247819356386e-20
4.0844514792572544e-20
4.3845772419399835e-20
4.715445592451999e-20
5.081629822145595e-20
5.488651593035989e-20
5.943239761183807e-20
6.453679384017103e-20
7.030288972691095e-20
7.686083780995947e-20
8.437717721941476e-20
9.306846049319956e-20
1.0322150676051762e-19
1.1522429946292161e-19
1.2961466790823235e-19
1.471599055814727e-19
1.6899270652590801e-19
1.9685557934496738e-19
2.335684685841777e-19
2.8399388335570975e-19
3.5722347881513957e-19
4.721231071709844e-19
6.731048043243252e-19
1.0709441730007923e-18
1.6524349517831964e-18
