2.601345305543724e-24
2.623803605154981e-24
2.6452784715865244e-24
2.6658021735885573e-24
2.6854065160884504e-24
2.7041227099836423e-24
2.7219812682041864e-24
2.7390119236432257e-24
2.7552435652878692e-24
2.7707041894895453e-24
2.7854208638110285e-24
2.799419701304197e-24
2.8127258434136335e-24
2.8253634499905007e-24
2.8373556951375086e-24
2.84872476780745e-24
2.8594918762441736e-24
2.8696772554955546e-24
2.879300177346815e-24
2.888378962121672e-24
2.896930991883041e-24
2.9049727246364002e-24
2.912519709198966e-24
2.919586600448568e-24
2.9261871747104893e-24
2.9323343450755644e-24
2.938040176476073e-24
2.943315900371021e-24
2.948171928915687e-24
2.9526178685099822e-24
2.956662532635059e-24
2.9603139539040094e-24
2.963579395261544e-24
2.9664653602800742e-24
2.96897760250698e-24
2.9711211338254107e-24
2.972900231797469e-24
2.9743184459640754e-24
2.975378603080134e-24
2.976082811267968e-24
2.97643246307536e-24
2.9764282374281176e-24
2.9760701004691853e-24
2.9753573052796553e-24
2.9742883904797907e-24
2.9728611777096548e-24
2.9710727679929716e-24
2.96891953698967e-24
2.9663971291460668e-24
2.963500450754872e-24
2.9602236619411966e-24
2.956560167594949e-24
2.952502607275568e-24
2.9480428441210044e-24
2.943171952799137e-24
2.937880206549574e-24
2.9321570633723337e-24
2.92599115143161e-24
2.91937025375732e-24
2.9122812923414948e-24
2.9047103117471276e-24
2.8966424623676735e-24
2.8880619835030123e-24
2.8789521864472884e-24
2.869295437821474e-24
2.8590731434256692e-24
2.84826573293807e-24
2.836852645846481e-24
2.8248123190702595e-24
2.8121221768161464e-24
2.798758623309373e-24
2.7846970391642713e-24
2.769911782298839e-24
2.754376194469676e-24
2.738062614706456e-24
2.7209424011712878e-24
2.7029859632610066e-24
2.6841628061256526e-24
2.664441590204798e-24
2.6437902089012736e-24
2.622175888141562e-24
2.5995653123386368e-24
2.5759247822087434e-24
2.551220411037536e-24
2.5254183673962834e-24
2.498485174037974e-24
2.4703880748348813e-24
2.4410954842545394e-24
2.4105775371392715e-24
2.3788067606093563e-24
2.3457588949503422e-24
2.3114138966185612e-24
2.2757571643031414e-24
2.2387810386803288e-24
2.200486638519462e-24
2.160886110627e-24
2.1200053892661617e-24
2.0778875826248043e-24
2.034597129914222e-24
1.9902249025875413e-24
1.9448944558292943e-24
1.8987696689728883e-24
1.852064039651917e-24
1.8050519046342546e-24
1.7580818298292155e-24
1.7115923087599937e-24
1.6661296798847897e-24
1.6223677432264249e-24
1.5811278328119183e-24
1.5433969982980828e-24
1.510340456656109e-24
1.4833027863199041e-24
1.4637910280194252e-24
1.4534330116794875e-24
1.4539072469141239e-24
1.4668474895538814e-24
1.4937346272096572e-24
1.5357970047883762e-24
1.5939424048970045e-24
1.668737551714457e-24
1.760436785502127e-24
1.869047585624051e-24
1.994413403438521e-24
2.136295371002983e-24
2.2944408023254516e-24
2.468633666264003e-24
2.6587275750204846e-24
2.8646645923910216e-24
3.0864838930556065e-24
3.3243238967214665e-24
3.5784206699528026e-24
3.849104541447831e-24
4.1367961836714756e-24
4.442002911042286e-24
4.765315607871065e-24
5.107406487875769e-24
5.469027762166518e-24
5.851011224587871e-24
6.25426873075222e-24
6.679793535489079e-24
7.128662453632215e-24
7.602038818644655e-24
8.101176219901275e-24
8.627423017945543e-24
9.182227644199921e-24
9.76714470895214e-24
1.0383841953409183e-23
1.1034108095138171e-23
1.1719861630007638e-23
1.2443160672273843e-23
1.3206213923148115e-23
1.4011392884884935e-23
1.4861245446120163e-23
1.5758510995496285e-23
1.6706137242543131e-23
1.7707298932643046e-23
1.876541872253713e-23
1.988419045802789e-23
2.1067605171435942e-23
2.2319980194235133e-23
2.364599173536016e-23
2.5050711477300182e-23
2.653964769830398e-23
2.811879159980286e-23
2.979466957538131e-23
3.1574402246334606e-23
3.3465771462819063e-23
3.547729616334313e-23
3.761831877207087e-23
3.9899103540726794e-23
4.2330948885834246e-23
4.4926315725716565e-23
4.769897472927298e-23
5.0664175147234225e-23
5.383883893941124e-23
5.724178412060883e-23
6.089398253065642e-23
6.481885638551926e-23
6.904262105856184e-23
7.359468061488161e-23
7.85080804341016e-23
8.38200319755705e-23
8.957250669876646e-23
9.58129152344594e-23
1.0259486824659466e-22
1.099790127250002e-22
1.1803393959402896e-22
1.2683711282303526e-22
1.3647576272305048e-22
1.4704759386128838e-22
1.5866114770622926e-22
1.714353631514312e-22
1.854978683090753e-22
2.0098106314920871e-22
2.1801440795526445e-22
2.367113915187418e-22
2.571478738162794e-22
2.7932899999280535e-22
3.03141525436341e-22
3.282907641434687e-22
3.5422916128075175e-22
