5.211969671268555e-22
5.193357475149249e-22
5.192295766191163e-22
5.208783358421066e-22
5.242856437225625e-22
5.294588646825561e-22
5.364091258480909e-22
5.45151341988139e-22
5.557042486357247e-22
5.680904434730079e-22
5.823364360844741e-22
5.984727061981701e-22
6.165337705591434e-22
6.365582585957244e-22
6.585889970626502e-22
6.826731038645141e-22
7.0886209128602465e-22
7.372119788755363e-22
7.677834162555077e-22
8.006418161527297e-22
8.358574979699257e-22
8.73505842243953e-22
9.136674563643308e-22
9.564283519531905e-22
1.0018801343383617e-21
1.0501202045814806e-21
1.1012519745562533e-21
1.1553850956058377e-21
1.212635701344686e-21
1.2731266652081483e-21
1.3369878733932959e-21
1.4043565138749681e-21
1.4753773822293832e-21
1.5502032050406576e-21
1.6289949817183107e-21
1.711922345606754e-21
1.799163945321031e-21
1.8909078473086353e-21
1.9873519606952462e-21
2.08870448554138e-21
2.1951843857119966e-21
2.3070218876364283e-21
2.42445900630998e-21
2.5477500999984784e-21
2.6771624551729654e-21
2.8129769033186213e-21
2.9554884713751678e-21
3.105007067660416e-21
3.261858205273983e-21
3.4263837650956095e-21
3.59894280065803e-21
3.779912387289684e-21
3.969688518117547e-21
4.168687049717145e-21
4.377344700340978e-21
4.59612010386663e-21
4.825494922929426e-21
5.065975024772424e-21
5.3180917238580394e-21
5.5824030951591974e-21
5.859495362933257e-21
6.149984369649847e-21
6.454517130190318e-21
6.773773477029518e-21
7.108467802543177e-21
7.459350904367127e-21
7.82721194182736e-21
8.212880509812288e-21
8.617228839259103e-21
9.041174132627388e-21
9.485681043783369e-21
9.951764313437616e-21
1.04404915699753e-20
1.0952986310362993e-20
1.1490431071058095e-20
1.205407080677738e-20
1.2645216490392457e-20
1.3265248953432397e-20
1.3915622981044475e-20
1.4597871690114522e-20
1.531361120872469e-20
1.6064545672226973e-20
1.6852472582990796e-20
1.7679288546381142e-20
1.8546995419147868e-20
1.9457706914671692e-20
2.0413655689700115e-20
2.1417200967318573e-20
2.2470836736368406e-20
2.3577200604245992e-20
2.4739083292400023e-20
2.595943896794064e-20
2.7241396297268376e-20
2.8588270518167795e-20
3.0003576436878476e-20
3.149104252767038e-20
3.3054626281435244e-20
3.4698530850045454e-20
3.64272231596193e-20
3.8245453653386836e-20
4.015827786220411e-20
4.217107991533537e-20
4.428959830959975e-20
4.651995413369216e-20
4.886868210086269e-20
5.1342764415662125e-20
5.394966851108717e-20
5.669738817727309e-20
5.959448926786224e-20
6.265016027078547e-20
6.587426827888798e-20
6.927742099399779e-20
7.287103631198909e-20
7.666741924440416e-20
8.067984792868156e-20
8.492267047038721e-20
8.941141316896914e-20
9.416290233494022e-20
9.919540114886114e-20
1.0452876597035259e-19
1.101846209282926e-19
1.1618655840481376e-19
1.2256036712496718e-19
1.2933429084067543e-19
1.3653932798276922e-19
1.4420957312224204e-19
1.5238261363704175e-19
1.610999863550894e-19
1.7040770867539985e-19
1.8035690111512638e-19
1.9100450857927994e-19
2.0241415993681504e-19
2.1465717051005473e-19
2.278137409341898e-19
2.4197438353644285e-19
2.5724162874577174e-19
2.737320870814001e-19
2.915789504502789e-19
3.1093503280922283e-19
3.3197651158469377e-19
3.549075614576539e-19
3.799661188773991e-19
4.0743112242280136e-19
4.376316834742075e-19
4.709588504239218e-19
5.078807556819134e-19
5.489624088015454e-19
5.948919111592149e-19
6.465154052700399e-19
7.048846363761097e-19
7.713222486326903e-19
8.475133756101805e-19
9.356356299544e-19
1.0385480558580056e-18
1.1600698903561559e-18
1.3054018548067265e-18
1.4817726294916586e-18
1.6994490622150134e-18
1.973319290285234e-18
2.32530972436617e-18
2.7876426666806133e-18
3.4050070795579585e-18
4.2242661764296e-18
5.226540513443925e-18
6.1250866802743454e-18
6.322862771400788e-18
5.713454484743819e-18
4.846460357289672e-18
4.082783860453041e-18
3.489437503753678e-18
3.0385769544670177e-18
2.692612552871301e-18
2.4221532164577697e-18
2.2065086659621325e-18
2.0313787554738344e-18
1.8868011838401637e-18
1.7657129998259787e-18
1.6630110871022243e-18
1.574935636402917e-18
1.498664721847563e-18
1.4320451366526643e-18
1.3734081313311846e-18
1.3214420735239459e-18
1.275103213813078e-18
1.2335507658473124e-18
1.1960991504110228e-18
1.1621862723876476e-18
1.1313457370870396e-18
1.1031861405675478e-18
1.0773796308916852e-18
1.053646350844384e-18
1.0317478891902911e-18
1.011478669189507e-18
9.926617410302424e-19
9.751426308637178e-19
9.587865345331111e-19
9.43474886568369e-19
9.291028045574087e-19
9.155778718873646e-19
9.02817200108017e-19
8.907472256183367e-19
