5.8165611083536405e-24
5.744829501514114e-24
5.6873436999044565e-24
5.6438005149447034e-24
5.613915686841601e-24
5.597422871901821e-24
5.594072669010721e-24
5.6036316840767486e-24
5.62588163298661e-24
5.6606184828593034e-24
5.707651632194828e-24
5.766803131024655e-24
5.837906941669667e-24
5.920808241466349e-24
6.0153627683990046e-24
6.121436210783562e-24
6.238903641684244e-24
6.367648999125793e-24
6.507564612125681e-24
6.658550773037302e-24
6.820515355916144e-24
6.993373480707801e-24
7.177047222454317e-24
7.37146536446233e-24
7.576563194724391e-24
7.792282343421194e-24
8.018570660454066e-24
8.255382130857576e-24
8.502676825965297e-24
8.76042088835261e-24
9.028586547865865e-24
9.307152166554207e-24
9.596102309870836e-24
9.895427841207263e-24
1.0205126037787576e-23
1.052520072437654e-23
1.0855662422801033e-23
1.1196528514812079e-23
1.1547823414819796e-23
1.1909578751292417e-23
1.2281833553818637e-23
1.2664634443328806e-23
1.3058035825118869e-23
1.3462100080394064e-23
1.3876897756994713e-23
1.430250775605262e-23
1.473901751498562e-23
1.5186523184764813e-23
1.564512980020865e-23
1.6114951443739105e-23
1.659611140176159e-23
1.7088742312368793e-23
1.7592986306718542e-23
1.8108995139985708e-23
1.8636930317634403e-23
1.9176963210923995e-23
1.9729275168141465e-23
2.0294057617885794e-23
2.0871512165405473e-23
2.146185068600622e-23
2.206529541142368e-23
2.2682079013874877e-23
2.3312444685558478e-23
2.3956646217197588e-23
2.461494807369932e-23
2.528762547002194e-23
2.5974964446703798e-23
2.667726194519177e-23
2.739482588698894e-23
2.812797525184984e-23
2.887704016232008e-23
2.964236196909823e-23
3.042429334234429e-23
3.1223198366611697e-23
3.2039452641987266e-23
3.2873443390742133e-23
3.3725569570016237e-23
3.4596241991131965e-23
3.548588344949549e-23
3.6394928853981355e-23
3.732382537333884e-23
3.827303258567946e-23
3.9243022636590334e-23
4.023428040802365e-23
4.1247303693741584e-23
4.2282603387205455e-23
4.3340703674203767e-23
4.4422142238952725e-23
4.552747047889085e-23
4.6657253726058036e-23
4.781207148826912e-23
4.89925176849514e-23
5.019920090253769e-23
5.1432744668755845e-23
5.269378771385962e-23
5.398298426840992e-23
5.530100435241258e-23
5.664853408390458e-23
5.802627599673522e-23
5.94349493761167e-23
6.087529057605124e-23
6.234805340108332e-23
6.385400945151457e-23
6.539394848831844e-23
6.696867884148138e-23
6.85790277874156e-23
7.022584195945379e-23
7.19099877781292e-23
7.363235187219135e-23
7.539384154253079e-23
7.719538517543251e-23
7.903793277251522e-23
8.092245638333086e-23
8.284995062246548e-23
8.482143318635115e-23
8.683794532517541e-23
8.89005524547211e-23
9.101034465791243e-23
9.316843720989758e-23
9.537597127938543e-23
9.763411437112409e-23
9.994406104218912e-23
1.0230703346154827e-22
1.0472428204864106e-22
1.0719708619812886e-22
1.0972675488388893e-22
1.1231462727986793e-22
1.1496207363739777e-22
1.1767049582995694e-22
1.204413282371162e-22
1.2327603828430292e-22
1.2617612748465046e-22
1.2914313201596945e-22
1.3217862367836797e-22
1.3528421053638798e-22
1.3846153797019976e-22
1.417122893991935e-22
1.4503818720867578e-22
1.4844099380167174e-22
1.5192251215559568e-22
1.5548458718603519e-22
1.5912910652127803e-22
1.6285800147526665e-22
1.6667324819519668e-22
1.7057686858710428e-22
1.7457093127211162e-22
1.7865755297059726e-22
1.828388996568804e-22
1.8711718704550538e-22
1.914946826174618e-22
1.9597370632804359e-22
2.0055663211854847e-22
2.0524588853438391e-22
2.1004396075985842e-22
2.149533919215798e-22
2.199767834198349e-22
2.2511679770532406e-22
2.303761587462882e-22
2.357576536185763e-22
2.412641341467456e-22
2.4689851870455574e-22
2.526637928310234e-22
2.585630113141351e-22
2.6459930052362466e-22
2.707758596271399e-22
2.770959600067205e-22
2.8356295172025995e-22
2.9018026023785086e-22
2.9695139257709563e-22
3.0387993597318688e-22
3.1096956094701693e-22
3.1822402343491723e-22
3.256471670220678e-22
3.332429229743751e-22
3.410153162906856e-22
3.489684628927347e-22
3.571065761565822e-22
3.654339658020725e-22
3.739550427503199e-22
3.8267431754871456e-22
3.9159641175969313e-22
4.007260469195307e-22
4.100680571175901e-22
4.1962738926027274e-22
4.29409103206886e-22
4.394183782493764e-22
4.49660512230975e-22
4.601409263468079e-22
4.70865167742566e-22
4.818389099433391e-22
4.930679650380478e-22
5.04558264844161e-22
5.163158939018148e-22
5.283470722635437e-22
5.40658161483982e-22
5.5325566939756625e-22
5.661462597471017e-22
5.793367511906629e-22
5.928341090958099e-22
6.06645467883323e-22
6.207781264337449e-22
