3.19876224621739e-24
3.1984735278339683e-24
3.198238359995273e-24
3.198050178332215e-24
3.1979030493515305e-24
3.1977916117450183e-24
3.1977110228360446e-24
3.1976569097307044e-24
3.1976253247728806e-24
3.197612704935947e-24
3.1976158348114466e-24
3.1976318128826756e-24
3.197658020797234e-24
3.19769209537518e-24
3.1977319031114643e-24
3.1977755169520407e-24
3.197821195140453e-24
3.1978673619500814e-24
3.1979125901321946e-24
3.19795558492353e-24
3.1979951694744927e-24
3.198030271563874e-24
3.198059911485309e-24
3.198083190995333e-24
3.1980992832242793e-24
3.1981074234595005e-24
3.1981069007197297e-24
3.1980970500423563e-24
3.1980772454175058e-24
3.198046893304756e-24
3.198005426674416e-24
3.1979522995227127e-24
3.197886981809345e-24
3.1978089547802316e-24
3.19771770662409e-24
3.1976127284392727e-24
3.1974935104666197e-24
3.1973595385641365e-24
3.1972102908895654e-24
3.1970452347703376e-24
3.1968638237344093e-24
3.1966654946784516e-24
3.1964496651562817e-24
3.196215730767254e-24
3.1959630626256227e-24
3.195691004902246e-24
3.1953988724109363e-24
3.1950859482370994e-24
3.19475148139392e-24
3.1943946844869047e-24
3.1940147313860182e-24
3.193610754883345e-24
3.1931818443416596e-24
3.1927270433055235e-24
3.1922453470832275e-24
3.191735700282596e-24
3.1911969942918823e-24
3.1906280647022446e-24
3.1900276886633344e-24
3.1893945821657633e-24
3.18872739723839e-24
3.188024719062078e-24
3.18728506299093e-24
3.18650687147336e-24
3.185688510859332e-24
3.1848282681212917e-24
3.183924347434677e-24
3.1829748666511245e-24
3.181977853653816e-24
3.1809312425638997e-24
3.179832869845242e-24
3.178680470243161e-24
3.177471672616058e-24
3.176203995594435e-24
3.174874843127326e-24
3.173481499882996e-24
3.172021126493605e-24
3.1704907546622233e-24
3.168887282139787e-24
3.1672074675816204e-24
3.165447925239658e-24
3.1636051195635344e-24
3.1616753596644567e-24
3.159654793720335e-24
3.1575394032052138e-24
3.1553249971986962e-24
3.153007206458436e-24
3.150581477659057e-24
3.148043067463391e-24
3.1453870368000398e-24
3.142608245088314e-24
3.1397013446686065e-24
3.1366607754583485e-24
3.1334807597876044e-24
3.130155297585842e-24
3.1266781621402406e-24
3.1230428961427513e-24
3.1192428087318447e-24
3.1152709729760273e-24
3.1111202247069445e-24
3.106783162304641e-24
3.102252147928516e-24
3.0975193104873945e-24
3.0925765506537887e-24
3.0874155479680907e-24
3.0820277710947754e-24
3.076404490930859e-24
3.0705367978576597e-24
3.0644156232527027e-24
3.0580317664398867e-24
3.05137592748525e-24
3.0444387474330252e-24
3.0372108568690067e-24
3.0296829342260038e-24
3.021845775500933e-24
3.0136903776977404e-24
3.0052080377647606e-24
2.9963904697516786e-24
2.987229944102541e-24
2.9777194515528392e-24
2.967852897277118e-24
2.9576253293794317e-24
2.9470332089100244e-24
2.936074727184778e-24
2.924750181123222e-24
2.9130624138989567e-24
2.9010173357776797e-24
2.888624537304465e-24
2.8758980121739607e-24
2.862857011451821e-24
2.8495270494614348e-24
2.835941093552851e-24
2.8221409677127225e-24
2.8081790102875087e-24
2.7941200335350444e-24
2.780043636664518e-24
2.7660469369009475e-24
2.752247792180253e-24
2.7387885977819715e-24
2.725840751990785e-24
2.713609899314841e-24
2.7023420629493606e-24
2.6923307914125023e-24
2.683925445437246e-24
2.6775407378907533e-24
2.673667641926225e-24
2.6728857298266437e-24
2.6758769747521878e-24
2.683440989460479e-24
2.6965115729701705e-24
2.71617440728582e-24
2.743685659580921e-24
2.780491279609525e-24
2.8282469209718074e-24
2.8888386996882446e-24
2.9644055759500075e-24
3.057364895171005e-24
3.1704436198756304e-24
3.3067188294916737e-24
3.469671972012898e-24
3.663261767757264e-24
3.892020281536669e-24
4.1611747447971955e-24
4.47679331248274e-24
4.84594377065013e-24
5.276835857087228e-24
5.7788819283965624e-24
6.3625411743796815e-24
7.03868362583784e-24
7.816987033149681e-24
8.70254658665917e-24
9.689544648753996e-24
1.075103197534355e-23
1.182603550781342e-23
1.281126946206801e-23
1.3572806707173216e-23
1.3989648052410823e-23
1.401133804378448e-23
1.3682313933971956e-23
1.3110762604278461e-23
1.2414705036869301e-23
1.168641881799975e-23
1.0984074610161298e-23
1.0338345863557382e-23
9.762188511356398e-24
9.258667376992252e-24
8.825992913582693e-24
8.460395946363087e-24
8.15762922838998e-24
7.913675235224486e-24
7.72502401996278e-24
7.588727910447543e-24
7.502351354422576e-24
7.463878817314747e-24
7.471616456118902e-24
7.524105449574483e-24
7.620056005917922e-24
7.758303984255881e-24
7.93778868358794e-24
8.157547027486592e-24
8.41671963498422e-24
