4.7841819349195334e-24
4.78436201099145e-24
4.784542783633015e-24
4.7847228681698626e-24
4.784901034323737e-24
4.785076189871832e-24
4.785247365806678e-24
4.7854137028591145e-24
4.7855744392596535e-24
4.785728899623748e-24
4.7858764848570886e-24
4.7860166629859374e-24
4.786148960826058e-24
4.7862729564112055e-24
4.786388272109462e-24
4.7864945683616325e-24
4.786591537982036e-24
4.786678900967271e-24
4.7867563997629256e-24
4.7868237949433805e-24
4.786880861262936e-24
4.786927384040803e-24
4.7869631558453826e-24
4.786987973446429e-24
4.787001635006514e-24
4.787003937485291e-24
4.786994674232808e-24
4.786973632749756e-24
4.7869405925945955e-24
4.786895323419019e-24
4.7868375831149965e-24
4.786767116057622e-24
4.786683651429541e-24
4.786586901613772e-24
4.786476560642562e-24
4.786352302691112e-24
4.786213780605608e-24
4.786060624455746e-24
4.785892440102644e-24
4.785708807773657e-24
4.7855092806358534e-24
4.785293383360891e-24
4.785060610673686e-24
4.784810425878412e-24
4.7845422593549705e-24
4.7842555070198975e-24
4.783949528745415e-24
4.7836236467308314e-24
4.783277143820514e-24
4.782909261762891e-24
4.782519199404668e-24
4.78210611081508e-24
4.781669103334457e-24
4.7812072355417856e-24
4.7807195151357234e-24
4.780204896723585e-24
4.779662279512618e-24
4.779090504898183e-24
4.778488353942693e-24
4.777854544739864e-24
4.7771877296580285e-24
4.776486492456423e-24
4.7757493452683065e-24
4.774974725444252e-24
4.774160992249145e-24
4.773306423405946e-24
4.7724092114791655e-24
4.77146746009095e-24
4.770479179962003e-24
4.7694422847698524e-24
4.768354586816411e-24
4.767213792496497e-24
4.7660174975590314e-24
4.764763182151885e-24
4.7634482056416224e-24
4.762069801198653e-24
4.760625070138297e-24
4.759110976007975e-24
4.757524338410362e-24
4.755861826552261e-24
4.754119952508542e-24
4.7522950641903956e-24
4.75038333800694e-24
4.748380771208946e-24
4.7462831739035245e-24
4.7440861607281674e-24
4.7417851421729886e-24
4.7393753155394996e-24
4.736851655524709e-24
4.734208904419448e-24
4.731441561909914e-24
4.728543874472003e-24
4.725509824348619e-24
4.7223331181004566e-24
4.719007174722243e-24
4.715525113316959e-24
4.7118797403223665e-24
4.7080635362857664e-24
4.704068642184801e-24
4.69988684529499e-24
4.695509564607175e-24
4.690927835802258e-24
4.6861322957941854e-24
4.681113166857693e-24
4.675860240363162e-24
4.670362860147758e-24
4.664609905560758e-24
4.658589774230448e-24
4.6522903646115535e-24
4.645699058386127e-24
4.6388027028061415e-24
4.631587593085667e-24
4.6240394549718695e-24
4.616143427650778e-24
4.607884047174e-24
4.5992452306291524e-24
4.590210261319028e-24
4.580761775265296e-24
4.5708817494117266e-24
4.5605514919726636e-24
4.549751635455509e-24
4.538462132985418e-24
4.5266622586774144e-24
4.514330612941514e-24
4.501445133772644e-24
4.48798311527647e-24
4.473921234919995e-24
4.4592355912810265e-24
4.4439017544128725e-24
4.4278948313524505e-24
4.411189549796676e-24
4.393760363571251e-24
4.375581584242835e-24
4.356627544106171e-24
4.3368727968496156e-24
4.316292363508632e-24
4.294862032912338e-24
4.272558727781994e-24
4.249360950037027e-24
4.2252493218121465e-24
4.2002072423200945e-24
4.174221685177929e-24
4.147284166356922e-24
4.119391919779882e-24
4.0905493260968445e-24
4.060769650722881e-24
4.030077160312837e-24
3.998509703077613e-24
3.966121858437085e-24
3.932988786306159e-24
3.899210936794726e-24
3.8649198183309936e-24
3.8302850672616926e-24
3.795523115763518e-24
3.760907817905449e-24
3.726783465506367e-24
3.6935807039497265e-24
3.6618359384846185e-24
3.63221489461913e-24
3.6055410467701794e-24
3.5828296344451864e-24
3.5653279139782096e-24
3.5545621108158585e-24
3.5523912139693775e-24
3.561067293684529e-24
3.583301504088606e-24
3.622334569055036e-24
3.682010750646248e-24
3.766855674171342e-24
3.882161614307252e-24
4.03408935981016e-24
4.229803237259751e-24
4.477663691630824e-24
4.787506823206659e-24
5.17103733080607e-24
5.6423414459974874e-24
6.218470452907426e-24
6.91990752801405e-24
7.770404313673386e-24
8.794933695179383e-24
1.0012973091898204e-23
1.1421797140076494e-23
1.2962864213811063e-23
1.447375019684719e-23
1.5668130930682196e-23
1.6233907032645155e-23
1.6045380861925712e-23
1.5259734259723678e-23
1.417004758865689e-23
1.3020807844034776e-23
1.194914927712399e-23
1.1010643821346513e-23
1.0217378825682645e-23
9.563034205396475e-24
9.035513114195294e-24
8.622335143652043e-24
8.31252056632556e-24
8.096947530745702e-24
7.968125378938225e-24
7.919810913467839e-24
7.946651708858993e-24
