1.4893891946265187e-24
1.4758242850579163e-24
1.463344260551803e-24
1.4518697829186463e-24
1.4413262842277173e-24
1.43164382025241e-24
1.4227569095754342e-24
1.414604360994746e-24
1.4071290918689181e-24
1.4002779399566058e-24
1.3940014711567455e-24
1.3882537853629583e-24
1.382992322421028e-24
1.37817766993802e-24
1.3737733744457302e-24
1.3697457571791378e-24
1.366063735498851e-24
1.3626986507713274e-24
1.3596241033227819e-24
1.3568157949068933e-24
1.3542513789708638e-24
1.3519103188697823e-24
1.349773754065644e-24
1.3478243742517999e-24
1.3460463012654331e-24
1.34442497858882e-24
1.3429470681908937e-24
1.3416003544245987e-24
1.3403736546690193e-24
1.3392567363881931e-24
1.3382402402684138e-24
1.33731560909216e-24
1.336475022007884e-24
1.335711333860169e-24
1.335018019252874e-24
1.3343891210286255e-24
1.3338192028607461e-24
1.3333033056665448e-24
1.3328369075664671e-24
1.3324158871274517e-24
1.332036489644473e-24
1.3316952962291475e-24
1.331389195488715e-24
1.331115357593404e-24
1.3308712105435977e-24
1.3306544184618688e-24
1.330462861747298e-24
1.3302946189413613e-24
1.3301479501665667e-24
1.3300212820089249e-24
1.3299131937256845e-24
1.3298224046691683e-24
1.3297477628262252e-24
1.3296882343804258e-24
1.3296428942126306e-24
1.3296109172615151e-24
1.3295915706727348e-24
1.329584206671337e-24
1.3295882560972462e-24
1.329603222548938e-24
1.3296286770852782e-24
1.3296642534395541e-24
1.3297096437036723e-24
1.3297645944446641e-24
1.329828903218223e-24
1.3299024154479515e-24
1.3299850216409736e-24
1.3300766549140797e-24
1.3301772888060744e-24
1.3302869353550392e-24
1.3304056434205382e-24
1.3305334972331694e-24
1.3306706151554005e-24
1.3308171486389056e-24
1.3309732813656892e-24
1.3311392285611154e-24
1.3313152364682138e-24
1.3315015819740755e-24
1.3316985723799492e-24
1.3319065453075762e-24
1.3321258687353817e-24
1.3323569411588235e-24
1.3326001918700304e-24
1.332856081352429e-24
1.3331251017871021e-24
1.3334077776675863e-24
1.3337046665211793e-24
1.3340163597347552e-24
1.3343434834838046e-24
1.3346866997640235e-24
1.335046707525188e-24
1.335424243907047e-24
1.3358200855784087e-24
1.336235050179678e-24
1.336669997870741e-24
1.3371258329854518e-24
1.337603505795098e-24
1.3381040143832225e-24
1.338628406634329e-24
1.3391777823400368e-24
1.3397532954257604e-24
1.3403561563020364e-24
1.3409876343444909e-24
1.341649060506977e-24
1.3423418300729545e-24
1.3430674055500319e-24
1.3438273197135898e-24
1.3446231788051057e-24
1.345456665891922e-24
1.3463295443947659e-24
1.3472436617905602e-24
1.348200953497701e-24
1.3492034469520657e-24
1.350253265881984e-24
1.3513526347911307e-24
1.3525038836586103e-24
1.3537094528661725e-24
1.3549718983627738e-24
1.3562938970774134e-24
1.3576782525919217e-24
1.3591279010851062e-24
1.360645917561689e-24
1.362235522378716e-24
1.363900088083408e-24
1.3656431465775575e-24
1.3674683966231257e-24
1.3693797117057667e-24
1.3713811482728253e-24
1.3734769543637219e-24
1.3756715786512625e-24
1.3779696799137197e-24
1.3803761369576852e-24
1.3828960590137857e-24
1.385534796627757e-24
1.3882979530702992e-24
1.3911913962911943e-24
1.3942212714435524e-24
1.3973940140056263e-24
1.400716363529596e-24
1.404195378047068e-24
1.407838449163615e-24
1.4116533178758763e-24
1.4156480911462243e-24
1.4198312592723773e-24
1.424211714090807e-24
1.4287987680549021e-24
1.4336021742311143e-24
1.4386321472586702e-24
1.4438993853202955e-24
1.44941509317474e-24
1.4551910063037701e-24
1.461239416229828e-24
1.4675731970631738e-24
1.4742058333406851e-24
1.4811514492217653e-24
1.4884248391105521e-24
1.4960414997779329e-24
1.5040176640594591e-24
1.5123703362118564e-24
1.5211173290132339e-24
1.5302773026989649e-24
1.5398698058285783e-24
1.549915318186852e-24
1.5604352958259937e-24
1.571452218364181e-24
1.5829896386609763e-24
1.5950722349993195e-24
1.6077258659092734e-24
1.6209776277796626e-24
1.6348559154110729e-24
1.6493904856738927e-24
1.664612524445752e-24
1.6805547170140493e-24
1.6972513221403742e-24
1.7147382499985507e-24
1.7330531442099734e-24
1.752235468217449e-24
1.772326596253374e-24
1.793369909177245e-24
1.815410895476935e-24
1.838497257749114e-24
1.8626790249976423e-24
1.888008671114573e-24
1.9145412399357482e-24
1.9423344772937403e-24
1.971448970525941e-24
2.0019482959296874e-24
2.0338991747020268e-24
2.0673716379428583e-24
2.1024392013547754e-24
2.1391790503268063e-24
2.1776722361545007e-24
2.218003884218179e-24
2.260263415022308e-24
2.3045447790870647e-24
2.3509467067857e-24
2.3995729743357097e-24
2.4505326872816988e-24
2.5039405829565116e-24
2.5599173535770137e-24
2.6185899918241216e-24
