1.35469992378076e-24
1.3184207465563057e-24
1.2844504493262077e-24
1.2526759801479709e-24
1.2229874410016554e-24
1.1952780312848319e-24
1.1694440191589013e-24
1.145384737173594e-24
1.1230025980569796e-24
1.1022031261709553e-24
1.0828949999224623e-24
1.0649901003952998e-24
1.0484035616269593e-24
1.0330538182808078e-24
1.0188626469338346e-24
1.0057551977787193e-24
9.93660014190006e-25
9.825090382898241e-25
9.722376013303124e-25
9.627843983593064e-25
9.540914472238456e-25
9.461040324760594e-25
9.387706351666474e-25
9.320428498364855e-25
9.258752902488753e-25
9.202254855506288e-25
9.150537686157348e-25
9.103231583252945e-25
9.059992374817101e-25
9.020500279577395e-25
8.984458645518354e-25
8.95159268873616e-25
8.921648244216906e-25
8.89439053855308e-25
8.869602992984386e-25
8.847086063631093e-25
8.826656124348678e-25
8.808144396334665e-25
8.791395927444484e-25
8.776268623155102e-25
8.762632330224136e-25
8.750367973344877e-25
8.739366744465774e-25
8.729529343942811e-25
8.72076527227607e-25
8.71299217087383e-25
8.70613521004688e-25
8.700126522280597e-25
8.694904678710275e-25
8.690414206682742e-25
8.686605146262856e-25
8.683432643558853e-25
8.680856578794669e-25
8.678841227107196e-25
8.677354950143284e-25
8.676369916609886e-25
8.675861850049642e-25
8.67580980220369e-25
8.676195950453055e-25
8.677005417931856e-25
8.678226115026214e-25
8.679848601081153e-25
8.681865965256548e-25
8.684273725572131e-25
8.687069745303268e-25
8.690254165971695e-25
8.693829356298416e-25
8.697799876562972e-25
8.702172457918462e-25
8.706955996292616e-25
8.712161560594984e-25
8.71780241502913e-25
8.723894055387032e-25
8.730454259271532e-25
8.737503150266082e-25
8.745063276132107e-25
8.753159701173623e-25
8.761820112953123e-25
8.771074943608201e-25
8.780957506034995e-25
8.791504145250047e-25
8.802754405259724e-25
8.814751211778975e-25
8.827541071135704e-25
8.84117428569159e-25
8.855705186066622e-25
8.871192380421434e-25
8.8876990209677e-25
8.90529308779478e-25
8.924047689972304e-25
8.944041383750073e-25
8.965358507484988e-25
8.9880895327121e-25
9.012331430516224e-25
9.03818805206192e-25
9.065770521788745e-25
9.095197641382542e-25
9.126596302189854e-25
9.160101903234452e-25
9.195858771451427e-25
9.234020580144238e-25
9.274750761024137e-25
9.318222904496865e-25
9.364621142133268e-25
9.414140504517575e-25
9.466987246905263e-25
9.52337913437239e-25
9.583545677429737e-25
9.647728308403293e-25
9.716180488311015e-25
9.789167733507107e-25
9.866967551030036e-25
9.94986927148394e-25
1.0038173768340165e-24
1.013219305287638e-24
1.0232249734579328e-24
1.0338676337708724e-24
1.0451814465936953e-24
1.0572013808484582e-24
1.0699630982965257e-24
1.083502821229513e-24
1.0978571835321e-24
1.1130630653455986e-24
1.1291574118284095e-24
1.1461770367989815e-24
1.1641584123354167e-24
1.1831374456954542e-24
1.2031492452070948e-24
1.2242278770556528e-24
1.2464061151567664e-24
1.2697151865598283e-24
1.2941845150587443e-24
1.3198414659240127e-24
1.3467110948790525e-24
1.3748159046633395e-24
1.4041756127292072e-24
1.4348069338257639e-24
1.4667233814240942e-24
1.4999350921330392e-24
1.5344486774373992e-24
1.5702671072411074e-24
1.607389629830116e-24
1.6458117329273615e-24
1.6855251505174083e-24
1.7265179200160364e-24
1.76877449416177e-24
1.812275911660424e-24
1.8570000301386713e-24
1.9029218243134515e-24
1.950013751493027e-24
1.9982461855564177e-24
2.047587919465509e-24
2.098006735134501e-24
2.1494700381744807e-24
2.2019455536662702e-24
2.255402077759631e-24
2.3098102785893624e-24
2.365143538798214e-24
2.421378830923864e-24
2.478497616075936e-24
2.536486755758204e-24
2.5953394263911973e-24
2.6550560260929475e-24
2.7156450635769597e-24
2.777124019600665e-24
2.8395201722502784e-24
2.90287137838299e-24
2.9672268047886254e-24
3.0326476039455136e-24
3.0992075306411557e-24
3.166993497097656e-24
3.236106065571436e-24
3.3066598786221462e-24
3.378784028340726e-24
3.452622366780264e-24
3.528333760618249e-24
3.606092293731105e-24
3.686087421852109e-24
3.7685240838803684e-24
3.853622774709647e-24
3.94161958468209e-24
4.03276621099295e-24
4.127329946590633e-24
4.225593652334984e-24
4.327855718458671e-24
4.434430021664354e-24
4.545645884531644e-24
4.661848044258086e-24
4.783396638110208e-24
4.91066721329402e-24
5.0440507692262024e-24
5.183953840384635e-24
5.3307986280135554e-24
5.485023188918659e-24
5.6470816894288706e-24
5.817444732279492e-24
5.996599763739849e-24
6.1850515677367965e-24
6.383322853068531e-24
6.5919549390804375e-24
6.81150854441765e-24
