2.1867206962361503e-23
2.1961277034659843e-23
2.2050910254135542e-23
2.2136296772162592e-23
2.221761772806704e-23
2.2295045633290765e-23
2.236874473727776e-23
2.2438871375814712e-23
2.250557430256902e-23
2.256899500454803e-23
2.262926800211175e-23
2.268652113416926e-23
2.2740875829213477e-23
2.279244736269376e-23
2.2841345101316392e-23
2.2887672734777693e-23
2.2931528495405252e-23
2.297300536619959e-23
2.3012191277666854e-23
2.3049169293891434e-23
2.3084017788262008e-23
2.3116810609107176e-23
2.314761723577809e-23
2.317650292529271e-23
2.3203528849992026e-23
2.3228752226436126e-23
2.3252226435827337e-23
2.3274001136189074e-23
2.3294122366520655e-23
2.3312632643170616e-23
2.3329571048617776e-23
2.334497331276404e-23
2.3358871887055926e-23
2.3371296011399855e-23
2.3382271774041443e-23
2.339182216466362e-23
2.3399967120597546e-23
2.3406723566313595e-23
2.341210544626679e-23
2.341612375107479e-23
2.341878653716596e-23
2.3420098939739123e-23
2.342006317916371e-23
2.341867856082903e-23
2.341594146814599e-23
2.341184534891178e-23
2.340638069494588e-23
2.3399535014509345e-23
2.339129279804253e-23
2.3381635476351944e-23
2.3370541371691554e-23
2.3357985641159967e-23
2.3343940212267748e-23
2.3328373710601928e-23
2.331125137910109e-23
2.3292534988714815e-23
2.3272182740204736e-23
2.3250149156367616e-23
2.3226384965111665e-23
2.320083697135758e-23
2.317344791935061e-23
2.3144156343022313e-23
2.3112896404714347e-23
2.3079597721567408e-23
2.304418517851048e-23
2.3006578727503137e-23
2.296669317211007e-23
2.2924437935266185e-23
2.2879716812210503e-23
2.283242770358124e-23
2.278246233086094e-23
2.2729705930413357e-23
2.2674036926405065e-23
2.2615326579655062e-23
2.2553438611282634e-23
2.2488228799723454e-23
2.2419544547207222e-23
2.23472244161249e-23
2.227109762920999e-23
2.2190983534074598e-23
2.2106691026522065e-23
2.2018017929758592e-23
2.1924750326089813e-23
2.1826661836293264e-23
2.1723512841036163e-23
2.1615049640843582e-23
2.150100354687966e-23
2.1381089894142836e-23
2.1255006975020373e-23
2.112243487826218e-23
2.098303422573423e-23
2.0836444798995122e-23
2.068228403845937e-23
2.052014540329406e-23
2.0349596577098417e-23
2.0170177498287292e-23
1.998139819719225e-23
1.978273641144814e-23
1.95736349585415e-23
1.935349882699618e-23
1.9121691953180032e-23
1.8877533644145654e-23
1.8620294585642036e-23
1.8349192396295743e-23
1.8063386640861885e-23
1.7761973243592366e-23
1.744397818873097e-23
1.710835042509644e-23
1.6753953820466796e-23
1.6379558037263865e-23
1.598382813632748e-23
1.5565312706865435e-23
1.5122430257544622e-23
1.4653453593973597e-23
1.4156491800056798e-23
1.362946944067469e-23
1.3070102495610497e-23
1.2475870486512087e-23
1.1843984265834937e-23
1.1171348941069637e-23
1.0454521707691796e-23
9.689665126664719e-24
8.872498341595422e-24
7.99825395980022e-24
7.06166236813513e-24
6.057027192094586e-24
4.978598605724363e-24
3.822050336178951e-24
2.5913304597728548e-24
1.3504713403987455e-24
9.240825589723116e-25
2.2351054640594193e-24
3.975577065965732e-24
5.944788724419729e-24
8.146131367379486e-24
1.0611963281983586e-23
1.339014514563646e-23
1.6544991525877362e-23
2.0162460973012237e-23
2.4359151126067014e-23
2.9296914090828724e-23
3.5207071882763785e-23
4.2432230937632126e-23
5.1502514685246227e-23
6.328434771428267e-23
7.929713740000542e-23
1.0246852214723357e-22
1.3924035984615907e-22
2.069574807506314e-22
3.713463128432561e-22
1.0000850448715063e-21
5.733179180887108e-22
2.8388247904428024e-22
1.8695453961305215e-22
1.3920995295625793e-22
1.105800515333005e-22
9.126663311684908e-23
7.715944027289643e-23
6.62371668705742e-23
5.739068497003533e-23
4.9960400881208476e-23
4.352901104773399e-23
3.781915889985452e-23
3.263892851131017e-23
2.7851051380801824e-23
2.3354734198639676e-23
1.9074767452574663e-23
1.4955571680661365e-23
1.0960715105460586e-23
7.088309921941862e-24
3.50797614653035e-24
2.381139574789197e-24
5.524519146682011e-24
9.367532942944395e-24
1.3374615827780687e-23
1.7492976500971185e-23
2.1720165008390854e-23
2.6064280581172747e-23
3.05364376646428e-23
3.514874159350153e-23
3.9913656008316896e-23
4.48438002453371e-23
4.995190908008529e-23
5.525084878136116e-23
6.075365824216792e-23
6.647359929803054e-23
7.242420913684451e-23
7.861935182694621e-23
8.507326846582826e-23
9.180062804121667e-23
9.881657315255583e-23
1.0613676882107161e-22
1.137774473354216e-22
1.2175545441979283e-22
1.30088296185741e-22
1.387941839324136e-22
1.4789207847604187e-22
1.5740174369719146e-22
1.673437877273853e-22
1.7773971973135978e-22
1.8861199383573742e-22
