5.816804624964997e-23
5.818458034449491e-23
5.82003536451319e-23
5.821539962639023e-23
5.822975021880334e-23
5.824343587648065e-23
5.825648564181966e-23
5.826892720723248e-23
5.828078697397814e-23
5.829209010825713e-23
5.830286059468468e-23
5.831312128723652e-23
5.832289395780584e-23
5.83321993424195e-23
5.834105718533477e-23
5.834948628090565e-23
5.835750451355414e-23
5.836512889571592e-23
5.837237560397887e-23
5.837926001342594e-23
5.838579673028836e-23
5.839199962293585e-23
5.839788185136405e-23
5.84034558950723e-23
5.840873357961312e-23
5.841372610165178e-23
5.841844405275159e-23
5.842289744187445e-23
5.842709571657957e-23
5.843104778309901e-23
5.843476202524809e-23
5.84382463222137e-23
5.844150806523769e-23
5.84445541733584e-23
5.844739110804239e-23
5.84500248869033e-23
5.845246109650921e-23
5.845470490416166e-23
5.845676106891039e-23
5.84586339515898e-23
5.846032752414821e-23
5.846184537797325e-23
5.846319073157555e-23
5.846436643738586e-23
5.846537498772325e-23
5.846621852019011e-23
5.846689882210919e-23
5.846741733434693e-23
5.846777515430966e-23
5.846797303825082e-23
5.846801140287386e-23
5.846789032622462e-23
5.846760954775881e-23
5.846716846778905e-23
5.846656614616114e-23
5.846580130025657e-23
5.846487230229949e-23
5.846377717550686e-23
5.846251359040548e-23
5.84610788593636e-23
5.845946993104849e-23
5.845768338373571e-23
5.845571541825403e-23
5.845356184951354e-23
5.845121809772238e-23
5.844867917860911e-23
5.844593969255753e-23
5.844299381318995e-23
5.84398352748818e-23
5.843645735913817e-23
5.843285288048074e-23
5.842901417065732e-23
5.84249330627183e-23
5.84206008727771e-23
5.841600838204371e-23
5.841114581647341e-23
5.840600282623385e-23
5.840056846306604e-23
5.839483115675694e-23
5.838877869067711e-23
5.838239817494487e-23
5.837567601852227e-23
5.836859790081121e-23
5.83611487395673e-23
5.835331265926499e-23
5.834507295630241e-23
5.833641206286282e-23
5.832731150898985e-23
5.831775188280622e-23
5.83077127879853e-23
5.829717279932543e-23
5.828610941712764e-23
5.827449901727003e-23
5.826231680002945e-23
5.824953673598904e-23
5.823613150971194e-23
5.822207245892351e-23
5.820732951267889e-23
5.819187112541742e-23
5.817566420676008e-23
5.815867404987976e-23
5.814086425444745e-23
5.812219664612385e-23
5.810263119247698e-23
5.808212591426149e-23
5.806063679201238e-23
5.803811766821697e-23
5.801452014430402e-23
5.798979347355315e-23
5.796388444466124e-23
5.793673726569498e-23
5.790829343547981e-23
5.787849161342086e-23
5.784726748059155e-23
5.781455359052918e-23
5.778027922020628e-23
5.77443702047154e-23
5.770674876880105e-23
5.766733334585368e-23
5.762603839217196e-23
5.758277418555295e-23
5.753744661689807e-23
5.74899569706732e-23
5.744020169104452e-23
5.738807213846539e-23
5.733345432938558e-23
5.727622866556752e-23
5.721626964673585e-23
5.715344556517498e-23
5.708761818639117e-23
5.701864241117651e-23
5.69463659175077e-23
5.687062877647896e-23
5.679126307014438e-23
5.670809244068618e-23
5.662093166601802e-23
5.652958617130114e-23
5.643385153398228e-23
5.633351293657492e-23
5.622834462256572e-23
5.611810926867424e-23
5.600255736351035e-23
5.588142651576554e-23
5.575444074718965e-23
5.562130970325244e-23
5.548172784157052e-23
5.533537355439908e-23
5.51819082323692e-23
5.502097526915131e-23
5.485219897925988e-23
5.467518347645212e-23
5.448951141572143e-23
5.429474270168964e-23
5.409041305742915e-23
5.387603251025511e-23
5.36510837487716e-23
5.341502034425734e-23
5.316726485197022e-23
5.290720674329249e-23
5.2634200147154204e-23
5.2347561446403647e-23
5.204656659714689e-23
5.173044829341476e-23
5.1398392793785985e-23
5.104953647882265e-23
5.068296213129464e-23
5.029769477182545e-23
4.989269710619158e-23
4.94668645309565e-23
4.90190196066059e-23
4.854790587217464e-23
4.805218104394776e-23
4.7530409436157293e-23
4.6981053395252056e-23
4.6402463805237796e-23
4.5792869380224244e-23
4.515036451234071e-23
4.447289565191672e-23
4.3758245724222637e-23
4.30040162865492e-23
4.2207607421991497e-23
4.136619410710991e-23
4.04766994534956e-23
3.953576334164769e-23
3.853970595243344e-23
3.7484485204042674e-23
3.6365646450118674e-23
3.5178263257546423e-23
3.391686684282364e-23
3.257536186976788e-23
3.1146925319032255e-23
2.962388445192087e-23
2.7997569035109694e-23
2.6258132088037093e-23
2.4394332060086802e-23
2.239327157241802e-23
2.0240090955599303e-23
1.7917634914933005e-23
1.5406176558565992e-23
1.268352737380244e-23
9.726951381512171e-24
