5.771345515918354e-22
5.830873712556693e-22
5.886937764054454e-22
5.939656660963309e-22
5.98914229092682e-22
6.035499676552179e-22
6.07882719866002e-22
6.11921680539235e-22
6.156754207627841e-22
6.191519061116241e-22
6.223585135729027e-22
6.253020472178835e-22
6.279887526550111e-22
6.304243302944396e-22
6.326139474525751e-22
6.345622493222564e-22
6.362733688317323e-22
6.377509354141989e-22
6.389980827053362e-22
6.40017455186262e-22
6.408112137851137e-22
6.41381040450007e-22
6.417281417016311e-22
6.418532511743084e-22
6.417566311499688e-22
6.414380730881488e-22
6.408968971531414e-22
6.401319507367613e-22
6.391416059737799e-22
6.379237562435834e-22
6.364758116514039e-22
6.347946934779019e-22
6.328768275856715e-22
6.307181367678336e-22
6.28314032021978e-22
6.25659402730183e-22
6.227486057236287e-22
6.195754532078428e-22
6.1613319952190455e-22
6.1241452670287575e-22
6.084115288230906e-22
6.041156950669658e-22
5.99517891508921e-22
5.946083415531874e-22
5.893766049921228e-22
5.838115556368124e-22
5.779013574708454e-22
5.716334392741388e-22
5.649944676613765e-22
5.579703184747546e-22
5.505460464678081e-22
5.427058532132142e-22
5.344330531628053e-22
5.257100377843855e-22
5.1651823769561595e-22
5.0683808270955145e-22
4.966489597033523e-22
4.859291682147771e-22
4.746558736672774e-22
4.628050581181237e-22
4.503514684186321e-22
4.372685616695531e-22
4.235284478481876e-22
4.0910182947812654e-22
3.9395793820524896e-22
3.780644681373616e-22
3.6138750579945685e-22
3.4389145654989375e-22
3.255389673000513e-22
3.062908453794698e-22
2.861059733951695e-22
2.64941219956549e-22
2.4275134619155083e-22
2.194889081134334e-22
1.951041552231076e-22
1.6954492659847815e-22
1.4275654828287932e-22
1.1468174468171787e-22
8.526061573465063e-23
5.443098267355998e-23
2.2133084144870823e-23
1.1770717346289004e-23
4.7217787958586596e-23
8.438016724357233e-23
1.2331888655212545e-22
1.6411622645193656e-22
2.0685963559694978e-22
2.5164105006516325e-22
2.9855694031484323e-22
3.47708484201641e-22
3.9920178014949657e-22
4.5314808150714675e-22
5.096640469716378e-22
5.688720057431887e-22
6.30900237333204e-22
6.958832664507133e-22
7.639621736266078e-22
8.3528492237528125e-22
9.100067037897481e-22
9.882902995499295e-22
1.0703064644007405e-21
1.1562343292357814e-21
1.2462618260011467e-21
1.340586135723013e-21
1.4394141610497197e-21
1.5429630248005974e-21
1.6514605961193664e-21
1.765146045942537e-21
1.8842704336166368e-21
2.00909732663661e-21
2.139903455615336e-21
2.2769794067624168e-21
2.4206303543065366e-21
2.5711768355030493e-21
2.728955571049361e-21
2.894320333969272e-21
3.067642870260146e-21
3.249313874861088e-21
3.4397440267953635e-21
3.639365087641577e-21
3.848631067852182e-21
4.068019465797297e-21
4.298032584846853e-21
4.539198934241424e-21
4.792074720014772e-21
5.057245432790079e-21
5.335327539863768e-21
5.626970289675495e-21
5.9328576375024804e-21
6.253710302039874e-21
6.5902879634219e-21
6.943391614277445e-21
7.313866076496788e-21
7.702602697638398e-21
8.110542242331156e-21
8.538677995456537e-21
8.988059095757067e-21
9.459794120317894e-21
9.955054942549408e-21
1.0475080888752084e-20
1.1021183220938023e-20
1.1594749976713913e-20
1.2197251200354771e-20
1.2830244603098725e-20
1.3495381694962454e-20
1.419441443533005e-20
1.492920245507462e-20
1.5701720909262937e-20
1.6514069026645393e-20
1.736847943029891e-20
1.8267328313001578e-20
1.9213146561584876e-20
2.0208631936589524e-20
2.1256662427588646e-20
2.2360310920443403e-20
2.352286133128049e-20
2.4747826383324115e-20
2.603896722746413e-20
2.740031513587452e-20
2.8836195531729237e-20
3.035125465660288e-20
3.1950489222968454e-20
3.3639279452275427e-20
3.542342596237008e-20
3.7309191041487813e-20
3.9303344934569685e-20
4.141321787098975e-20
4.364675868765484e-20
4.6012601049270223e-20
4.852013844592591e-20
5.117960936254558e-20
5.400219427436622e-20
5.700012643686525e-20
6.018681882366934e-20
6.357701003555354e-20
6.718693258346104e-20
7.103450766389817e-20
7.513957143651302e-20
7.952413892622356e-20
8.421271307116245e-20
8.923264820930814e-20
9.461457954702256e-20
1.0039293304093516e-19
1.0660653384802295e-19
1.1329933634233527e-19
1.2052130503811626e-19
1.283294841511321e-19
1.367893047032466e-19
1.4597619313273168e-19
1.559775658458989e-19
1.6689532229279557e-19
1.7884898832693162e-19
1.9197971680714975e-19
2.0645543126092964e-19
2.224775127962514e-19
2.402895989906803e-19
2.6018931633097943e-19
2.825441544889076e-19
3.0781329501817324e-19
3.3657817394014925e-19
3.6958614619451196e-19
