3.8683134201166416e-23
3.878756611341076e-23
3.884000737478916e-23
3.8840569659910104e-23
3.8789254517664514e-23
3.868595337862056e-23
3.853044732534732e-23
3.8322406632031275e-23
3.8061390065590933e-23
3.77468439521548e-23
3.7378101003430254e-23
3.695437890008408e-23
3.6474778635093067e-23
3.593828260664721e-23
3.534375245766247e-23
3.468992666564636e-23
3.3975417865965575e-23
3.319870991104336e-23
3.235815466079158e-23
3.1451968491831136e-23
3.047822852650343e-23
2.943486857091562e-23
2.8319674760935177e-23
2.713028090697296e-23
2.5864163542491764e-23
2.4518636675094334e-23
2.309084625398669e-23
2.1577764387516454e-23
1.9976183374788588e-23
1.8282709700366584e-23
1.6493758301636555e-23
1.4605547843621903e-23
1.2614098840448976e-23
1.0515239873231307e-23
8.304639711625901e-24
5.977943575360076e-24
3.531552079723342e-24
9.763741276524182e-25
1.777753132566292e-24
4.614847153393004e-24
7.603483656758581e-24
1.0743918494826484e-23
1.4041972421734189e-23
1.7504404537911023e-23
2.1138472951148383e-23
2.4951852580955677e-23
2.895262167565598e-23
3.314926779356575e-23
3.755070102784315e-23
4.216627067631543e-23
4.700578399248819e-23
5.207952645876674e-23
5.739828340323461e-23
6.297336282749387e-23
6.881661947734568e-23
7.494048012169832e-23
8.135797014547549e-23
8.808274143891036e-23
9.512910163123035e-23
1.0251204482612455e-22
1.102472837681301e-22
1.1835128363198873e-22
1.2684129740924261e-22
1.3573540304105918e-22
1.4505254238224498e-22
1.5481256195473684e-22
1.6503625582474986e-22
1.7574541045917153e-22
1.8696285184865658e-22
1.987124947048527e-22
2.110193944031273e-22
2.2390980119844105e-22
2.374112170540094e-22
2.515524554955866e-22
2.6636370412805477e-22
2.8187659028802967e-22
2.9812425000587294e-22
3.151414001526346e-22
3.3296441450640063e-22
3.5163140281014474e-22
3.7118229468605393e-22
3.916589270877532e-22
4.131051357187106e-22
4.355668523012443e-22
4.590922049349535e-22
4.837316250659152e-22
5.095379580938541e-22
5.365665815679087e-22
5.648755273237844e-22
5.945256107198204e-22
6.255805665890413e-22
6.581071910644561e-22
6.921754919356902e-22
7.278588453801845e-22
7.652341612119104e-22
8.0438205627614575e-22
8.453870381857953e-22
8.883376953061583e-22
9.333269008957798e-22
9.804520225142451e-22
1.0298151479986234e-21
1.0815233193175328e-21
1.1356887792885261e-21
1.1924292325393443e-21
1.2518681200345554e-21
1.3141349060872444e-21
1.3793653844283563e-21
1.4477019971405904e-21
1.5192941712003067e-21
1.5942986800080107e-21
1.672880009342544e-21
1.755210765550193e-21
1.8414720788572226e-21
1.931854058978702e-21
2.026556251761162e-21
2.1257881378380796e-21
2.229769638529766e-21
2.3387316909892444e-21
2.4529168018533835e-21
2.572579681933194e-21
2.6979878896433715e-21
2.8294225257381265e-21
2.9671789518902486e-21
3.111567578685322e-21
3.2629146749178635e-21
3.42156328062227e-21
3.5878740284914596e-21
3.762226270418472e-21
3.9450190023303985e-21
4.1366720372820755e-21
4.3376271766659455e-21
4.5483494344288124e-21
4.769328460032708e-21
5.001079874864349e-21
5.2441468698454466e-21
5.499101788107504e-21
5.7665478810323845e-21
6.047121226284671e-21
6.341492608200597e-21
6.650369792937807e-21
6.974499685492893e-21
7.314670884269967e-21
7.671716211238714e-21
8.04651574461254e-21
8.439999731562405e-21
8.853151758104627e-21
9.287012617374242e-21
9.742683942807031e-21
1.0221332311974916e-20
1.0724193743469339e-20
1.1252578610815792e-20
1.1807877113484508e-20
1.2391564173553408e-20
1.3005207006646095e-20
1.3650470326445715e-20
1.4329124997023366e-20
1.5043055167136003e-20
1.5794268336687655e-20
1.6584902494148624e-20
1.7417239725108757e-20
1.829371516099967e-20
1.9216931627391315e-20
2.0189672822313046e-20
2.121491858912791e-20
2.2295861196346886e-20
2.3435926908960723e-20
2.463879552407633e-20
2.5908420721354766e-20
2.724906107189616e-20
2.866530882885988e-20
3.016211402645242e-20
3.174483035195813e-20
3.341925655611279e-20
3.5191667174052185e-20
3.706888690334427e-20
3.905833254648276e-20
4.116808004878111e-20
4.340694799506296e-20
4.578457990166776e-20
4.8311529836991856e-20
5.099942052437148e-20
5.386099753293225e-20
5.691035356443162e-20
6.016304757997648e-20
6.363632907553344e-20
6.734938770012336e-20
7.132360199028797e-20
7.55828668980484e-20
8.0153970570649e-20
8.506702749292258e-20
9.035616583920296e-20
9.606001306730134e-20
1.0222225398537703e-19
1.0889325046645118e-19
1.1613032941701586e-19
1.239998739867248e-19
1.325785647673419e-19
1.4195589871897145e-19
1.522362292076314e-19
1.6354242700622025e-19
1.7602040508727552e-19
