1.2704390094585864e-23
1.1829271468372018e-23
1.1418327225798855e-23
1.1470525762870215e-23
1.1985917732770132e-23
1.2965653921654812e-23
1.4411947692900525e-23
1.632801824781276e-23
1.871805412089527e-23
2.1587207816206477e-23
2.4941611534093664e-23
2.87884013676874e-23
3.3135742858702105e-23
3.7992855748274155e-23
4.337003813319094e-23
4.9278690894356736e-23
5.573134321277085e-23
6.274167976556287e-23
7.03245699944094e-23
7.849609970199438e-23
8.727360514989155e-23
9.667570978620954e-23
1.0672236370893407e-22
1.1743488596174689e-22
1.2883600975741142e-22
1.4094993072623456e-22
1.5380235829194472e-22
1.6742057028329736e-22
1.8183347089666218e-22
1.970716521320508e-22
2.1316745883290538e-22
2.301550574677712e-22
2.480705088006063e-22
2.669518446045749e-22
2.8683914858378046e-22
3.077746416759315e-22
3.2980277191913656e-22
3.529703090757206e-22
3.773264442164442e-22
4.0292289447956616e-22
4.298140132299701e-22
4.580569058563653e-22
4.877115514559936e-22
5.188409306697008e-22
5.515111599437509e-22
5.857916325088505e-22
6.217551663814466e-22
6.594781597083614e-22
6.990407537915252e-22
7.405270041471615e-22
7.84025059971219e-22
8.2962735240146665e-22
8.774307919870029e-22
9.275369757954308e-22
9.800524046112423e-22
1.0350887106985348e-21
1.0927628966301715e-21
1.153197585703646e-21
1.2165212844973133e-21
1.2828686581426945e-21
1.3523808189200797e-21
1.425205628815899e-21
1.5014980167096228e-21
1.581420310894493e-21
1.6651425876707971e-21
1.752843036785689e-21
1.8447083445376153e-21
1.9409340954004983e-21
2.0417251930655843e-21
2.1472963018523523e-21
2.2578723094767156e-21
2.3736888122260222e-21
2.4949926236381718e-21
2.6220423078397257e-21
2.755108738761733e-21
2.8944756865068645e-21
3.040440432214519e-21
3.1933144128477796e-21
3.3534238973714113e-21
3.521110695912919e-21
3.696732903546507e-21
3.880665680428248e-21
4.073302070141674e-21
4.275053858151276e-21
4.486352472429395e-21
4.7076499283759735e-21
4.93941982031116e-21
5.1821583619090084e-21
5.4363854781083404e-21
5.702645951139503e-21
5.9815106234978826e-21
6.2735776607731756e-21
6.579473877539612e-21
6.899856129568772e-21
7.235412775836764e-21
7.586865214089406e-21
7.954969493865606e-21
8.340518011066426e-21
8.744341288500862e-21
9.167309847094159e-21
9.610336172645552e-21
1.0074376783287583e-20
1.0560434403365762e-20
1.1069560249519822e-20
1.1602856435110025e-20
1.2161478499916599e-20
1.2746638071971287e-20
1.3359605668850471e-20
1.4001713647135583e-20
1.467435930739596e-20
1.5379008165124648e-20
1.611719739612761e-20
1.6890539467746458e-20
1.7700725965294e-20
1.854953162862283e-20
1.9438818606380696e-20
2.037054094783066e-20
2.134674934076169e-20
2.236959611409185e-20
2.3441340522251537e-20
2.456435432618799e-20
2.5741127693599625e-20
2.697427543667062e-20
2.82665436077899e-20
2.9620816484873735e-20
3.1040123959626934e-20
3.252764936902082e-20
3.4086737786731194e-20
3.572090482441375e-20
3.7433845955285325e-20
3.9229446416867084e-20
4.1111791728592155e-20
4.308517885823271e-20
4.515412810059292e-20
4.732339570885193e-20
4.9597987346810667e-20
5.1983172412559264e-20
5.448449930143206e-20
5.710781169635813e-20
5.985926595713837e-20
6.274534967154501e-20
6.577290152176866e-20
6.894913252845361e-20
7.228164877713496e-20
7.577847578605718e-20
7.944808467787025e-20
8.329942022417059e-20
8.734193102280685e-20
9.158560189942234e-20
9.604098892899968e-20
1.0071925697262404e-19
1.0563222042592955e-19
1.1079238702025123e-19
1.1621300528411382e-19
1.2190811596251994e-19
1.2789260768410386e-19
1.3418227731005901e-19
1.4079389579541785e-19
1.4774527940698542e-19
1.550553677668957e-19
1.6274430860123952e-19
1.708335506773059e-19
1.7934594515168437e-19
1.883058569050222e-19
1.9773928682625386e-19
2.0767400547877387e-19
2.181397012563653e-19
2.291681433965993e-19
2.4079336200006937e-19
2.530518470195764e-19
2.6598276937004693e-19
2.7962822722431832e-19
2.9403351787725207e-19
3.0924744435830684e-19
3.253226556339379e-19
3.4231602800114177e-19
3.6028909508298537e-19
3.7930853152440414e-19
3.9944669587634643e-19
4.20782246593642e-19
4.434008462488294e-19
4.673959497574308e-19
4.928697194232278e-19
5.199340523859735e-19
5.487117839715969e-19
5.79338051569204e-19
6.119618796967848e-19
6.467480178310502e-19
6.838790647769848e-19
7.235579831775395e-19
7.660110160138388e-19
8.1149112536827765e-19
8.602820680053921e-19
9.127032336629575e-19
9.691154344585575e-19
1.029927800482008e-18
1.0956061725791843e-18
1.1666832256759453e-18
1.2437708328156296e-18
1.3275752324411853e-18
1.4189158664415103e-18
