3.350985323366763e-22
3.3509643967450223e-22
3.350941391187317e-22
3.3509162579092057e-22
3.35088894361203e-22
3.35085939036968e-22
3.350827535506336e-22
3.3507933114628266e-22
3.3507566456541296e-22
3.350717460314935e-22
3.350675672335454e-22
3.350631193084329e-22
3.350583928221349e-22
3.350533777497129e-22
3.3504806345405046e-22
3.350424386633202e-22
3.350364914470258e-22
3.3503020919077057e-22
3.3502357856943425e-22
3.3501658551896714e-22
3.3500921520651204e-22
3.350014519990176e-22
3.349932794299938e-22
3.3498468016463314e-22
3.349756359630692e-22
3.349661276416163e-22
3.3495613503218257e-22
3.3494563693936996e-22
3.349346110956398e-22
3.3492303411399113e-22
3.3491088143840596e-22
3.3489812729176134e-22
3.348847446211313e-22
3.3487070504042446e-22
3.348559787701874e-22
3.3484053457440284e-22
3.348243396942841e-22
3.348073597787483e-22
3.347895588115998e-22
3.3477089903512565e-22
3.347513408699604e-22
3.3473084283122316e-22
3.347093614404792e-22
3.3468685113350634e-22
3.3466326416368787e-22
3.346385505007413e-22
3.3461265772456545e-22
3.3458553091410346e-22
3.345571125308315e-22
3.3452734229672295e-22
3.3449615706642606e-22
3.344634906932648e-22
3.344292738890619e-22
3.343934340770436e-22
3.3435589523803223e-22
3.343165777491337e-22
3.342753982149103e-22
3.3423226929048384e-22
3.34187099496264e-22
3.3413979302399393e-22
3.340902495335066e-22
3.340383639399174e-22
3.339840261907738e-22
3.33927121032622e-22
3.3386752776662824e-22
3.338051199925329e-22
3.337397653406333e-22
3.336713251910324e-22
3.335996543796667e-22
3.335246008904494e-22
3.3344600553286863e-22
3.3336370160443335e-22
3.3327751453710416e-22
3.331872615271167e-22
3.3309275114731467e-22
3.3299378294120196e-22
3.3289014699786613e-22
3.327816235068184e-22
3.3266798229192276e-22
3.3254898232326264e-22
3.324243712060385e-22
3.322938846454154e-22
3.321572458860545e-22
3.320141651253241e-22
3.318643388987846e-22
3.317074494367504e-22
3.3154316399052543e-22
3.3137113412692303e-22
3.311909949894719e-22
3.3100236452488047e-22
3.308048426730552e-22
3.305980105189014e-22
3.3038142940425694e-22
3.301546399979241e-22
3.299171613219499e-22
3.296684897319988e-22
3.294080978497072e-22
3.2913543344484734e-22
3.288499182647102e-22
3.2855094680848687e-22
3.2823788504383953e-22
3.2791006906313977e-22
3.2756680367636836e-22
3.2720736093780167e-22
3.268309786033368e-22
3.26436858515193e-22
3.260241649105871e-22
3.2559202265079196e-22
3.251395153668786e-22
3.246656835181218e-22
3.2416952235915457e-22
3.2364997981133585e-22
3.231059542340778e-22
3.2253629209125103e-22
3.219397855078361e-22
3.2131516971163603e-22
3.20661120354662e-22
3.199762507085148e-22
3.192591087279347e-22
3.1850817397620865e-22
3.1772185440602146e-22
3.168984829889976e-22
3.1603631418681424e-22
3.1513352025634615e-22
3.14188187381322e-22
3.1319831162198672e-22
3.121617946746503e-22
3.1107643943188715e-22
3.0993994533420217e-22
3.087499035033306e-22
3.0750379164703566e-22
3.0619896872457427e-22
3.048326693617088e-22
3.0340199800351093e-22
3.0190392279267773e-22
3.0033526916050937e-22
2.986927131171177e-22
2.969727742267007e-22
2.951718082532614e-22
2.9328599946123805e-22
2.9131135255489087e-22
2.892436842395392e-22
2.8707861438691505e-22
2.848115567859976e-22
2.8243770945993305e-22
2.799520445285733e-22
2.77349297595241e-22
2.7462395663526796e-22
2.7177025036269697e-22
2.687821360504704e-22
2.6565328677781945e-22
2.623770780777782e-22
2.58946573955466e-22
2.553545122469271e-22
2.5159328928591446e-22
2.476549438442355e-22
2.435311403090088e-22
2.392131510573634e-22
2.3469183798603186e-22
2.2995763314958703e-22
2.250005184563353e-22
2.1981000436494584e-22
2.1437510751744564e-22
2.0868432723376372e-22
2.027256207793017e-22
1.964863772970859e-22
1.8995339026783337e-22
1.8311282831875096e-22
1.7595020413727334e-22
1.6845034114420594e-22
1.605973374158381e-22
1.5237452606902736e-22
1.437644308458535e-22
1.3474871477523632e-22
1.2530811817326324e-22
1.1542237904851922e-22
1.0507012227466283e-22
9.422868879907848e-23
8.287383911900968e-23
7.097916398937008e-23
5.851471653283207e-23
4.5443161833841676e-23
3.1705519642749455e-23
1.7135468357143318e-23
1.875739508673905e-24
1.178353769517887e-23
2.8689533477721085e-23
4.59833277825522e-23
6.399990900461116e-23
8.282788968354417e-23
1.0252259782787336e-22
1.231318497081162e-22
1.4470201151562337e-22
1.6727999798919475e-22
1.909141078791916e-22
2.1565445185362634e-22
2.415532170960016e-22
2.6866486055350826e-22
2.9704626971469583e-22
3.267569089736776e-22
3.578589606811186e-22
