2.3598295694560225e-24
2.3627057418739498e-24
2.3655548133990323e-24
2.3683666352179595e-24
2.371132465092323e-24
2.37384481286958e-24
2.376497300803321e-24
2.3790845373824812e-24
2.3816020034609775e-24
2.3840459495703834e-24
2.3864133033834435e-24
2.3887015863815166e-24
2.3909088388550697e-24
2.3930335524429956e-24
2.395074609482846e-24
2.3970312285097555e-24
2.3989029153009494e-24
2.4006894189163696e-24
2.402390692237362e-24
2.404006856550879e-24
2.4055381697680868e-24
2.406984997906124e-24
2.408347789494776e-24
2.4096270526039554e-24
2.4108233342143843e-24
2.4119372016819886e-24
2.4129692260691378e-24
2.4139199671380345e-24
2.414789959820626e-24
2.4155797019971992e-24
2.4162896434315907e-24
2.416920175726072e-24
2.417471623170095e-24
2.4179442343712145e-24
2.4183381745651462e-24
2.4186535185122047e-24
2.4188902438960507e-24
2.4190482251477753e-24
2.419127227626177e-24
2.4191269020903393e-24
2.4190467794070187e-24
2.418886265440036e-24
2.4186446360734654e-24
2.4183210323243455e-24
2.4179144555049235e-24
2.417423762396627e-24
2.416847660402456e-24
2.4161847026452862e-24
2.4154332829841915e-24
2.414591630921284e-24
2.413657806374494e-24
2.412629694293451e-24
2.4115049990975794e-24
2.4102812389165243e-24
2.408955739615339e-24
2.4075256285880497e-24
2.405987828304885e-24
2.4043390495997383e-24
2.4025757846865467e-24
2.400694299894508e-24
2.398690628114322e-24
2.396560560949522e-24
2.3942996405690616e-24
2.3919031512605564e-24
2.3893661106859108e-24
2.386683260844942e-24
2.3838490587565856e-24
2.380857666871809e-24
2.3777029432378793e-24
2.374378431440554e-24
2.370877350357599e-24
2.3671925837667336e-24
2.363316669861023e-24
2.359241790738095e-24
2.354959761943335e-24
2.3504620221657346e-24
2.345739623204622e-24
2.340783220351744e-24
2.3355830633604776e-24
2.330128988210388e-24
2.3244104099149886e-24
2.318416316671576e-24
2.3121352657086782e-24
2.3055553812582555e-24
2.2986643551624692e-24
2.2914494507256613e-24
2.283897510542236e-24
2.2759949691752307e-24
2.2677278717350106e-24
2.2590818996159978e-24
2.2500424049031695e-24
2.2405944552660474e-24
2.2307228915290184e-24
2.220412400557138e-24
2.2096476066461097e-24
2.1984131852734653e-24
2.1866940038843212e-24
2.1744752953873495e-24
2.1617428712599214e-24
2.1484833826704144e-24
2.1346846398762993e-24
2.1203360024406496e-24
2.105428855623375e-24
2.0899571917787933e-24
2.0739183198792212e-24
2.057313731579551e-24
2.040150158766102e-24
2.0224408655672563e-24
2.0042072276607697e-24
1.985480663742711e-24
1.9663049986024495e-24
1.946739354730534e-24
1.926861690035566e-24
1.9067731231094878e-24
1.886603214169299e-24
1.866516398157609e-24
1.8467197940607337e-24
1.8274726368308482e-24
1.809097587943451e-24
1.7919941660709106e-24
1.7766544841810692e-24
1.763681362379333e-24
1.7538086837991566e-24
1.7479235564933946e-24
1.7470894423775783e-24
1.7525689684450357e-24
1.7658447822940386e-24
1.7886367994979152e-24
1.8229148564991635e-24
1.8709074724034788e-24
1.9351102877759287e-24
2.0183015278611958e-24
2.1235757899423023e-24
2.254410632506564e-24
2.4147823016523948e-24
2.6093479065840034e-24
2.843712942988057e-24
3.1248071688194798e-24
3.461399672247675e-24
3.864794528204298e-24
4.349755365003089e-24
4.935689800180364e-24
5.648021844104995e-24
6.519316980119799e-24
7.588623369680489e-24
8.894485788333854e-24
1.0450150503225734e-23
1.2179923128582795e-23
1.3812229858579287e-23
1.4852117911648452e-23
1.4889008506734796e-23
1.4018863181708128e-23
1.2704836817792495e-23
1.1341384465379426e-23
1.0113055051388307e-23
9.067376995418701e-24
8.195101005774762e-24
7.470991243003523e-24
6.86935512937727e-24
6.368643848081315e-24
5.95208385757897e-24
5.607088636352185e-24
5.324422780209434e-24
5.097420424630804e-24
4.9213259619183826e-24
4.792753437842418e-24
4.709247372436661e-24
4.6689323953170426e-24
4.670246247277346e-24
4.711753959564666e-24
4.7920388332228634e-24
4.909659980803899e-24
5.063160156127945e-24
5.251104507201189e-24
5.472131936406012e-24
5.725005051252632e-24
6.008650283564096e-24
6.3221848451858024e-24
6.664930795035601e-24
7.036418464979246e-24
7.436382173789456e-24
7.864751037161343e-24
8.321637178280625e-24
8.80732303905105e-24
9.322248938093152e-24
9.867001578459682e-24
1.0442303884120546e-23
1.1049006323924533e-23
1.168807974177709e-23
1.2360609629647618e-23
1.3067791737245304e-23
1.3810928894819784e-23
1.4591428923686645e-23
1.5410803516085283e-23
1.6270667977494696e-23
1.717274173790524e-23
1.8118849552129033e-23
1.9110923322185487e-23
2.0151004486661504e-23
2.124124693256513e-23
2.2383920394580987e-23
