8.569905430431527e-23
8.56983077209888e-23
8.569752604673769e-23
8.569670761943789e-23
8.569585069939772e-23
8.569495346557869e-23
8.569401401176089e-23
8.569303034239748e-23
8.569200036842911e-23
8.569092190278848e-23
8.568979265577885e-23
8.5688610230145e-23
8.568737211602156e-23
8.56860756855706e-23
8.568471818739677e-23
8.568329674070897e-23
8.568180832917548e-23
8.568024979453764e-23
8.567861782989084e-23
8.567690897266731e-23
8.567511959726892e-23
8.567324590738315e-23
8.567128392793911e-23
8.566922949661247e-23
8.566707825507484e-23
8.566482563965055e-23
8.566246687172712e-23
8.565999694751833e-23
8.565741062754282e-23
8.565470242541053e-23
8.565186659627423e-23
8.564889712456469e-23
8.564578771126082e-23
8.56425317605433e-23
8.563912236576622e-23
8.563555229480985e-23
8.563181397477956e-23
8.562789947585962e-23
8.562380049457437e-23
8.561950833612975e-23
8.56150138959684e-23
8.561030764045516e-23
8.560537958667505e-23
8.560021928122167e-23
8.559481577804271e-23
8.558915761522936e-23
8.558323279066082e-23
8.557702873658381e-23
8.557053229293443e-23
8.556372967941264e-23
8.55566064662745e-23
8.554914754367789e-23
8.554133708967323e-23
8.553315853660143e-23
8.552459453598427e-23
8.551562692167852e-23
8.550623667136975e-23
8.549640386620381e-23
8.548610764850144e-23
8.547532617757456e-23
8.546403658333358e-23
8.545221491778312e-23
8.543983610422034e-23
8.542687388401424e-23
8.541330076094237e-23
8.539908794278474e-23
8.538420528028097e-23
8.536862120316806e-23
8.535230265316916e-23
8.533521501388486e-23
8.531732203728986e-23
8.529858576690328e-23
8.527896645717921e-23
8.525842248920789e-23
8.52369102824045e-23
8.521438420201513e-23
8.519079646231424e-23
8.516609702514974e-23
8.514023349382433e-23
8.51131510018607e-23
8.508479209657138e-23
8.505509661716225e-23
8.502400156701971e-23
8.499144098005409e-23
8.495734578064614e-23
8.492164363710312e-23
8.488425880807762e-23
8.484511198186812e-23
8.480412010801385e-23
8.476119622103847e-23
8.471624925586938e-23
8.466918385447343e-23
8.4619900163458e-23
8.456829362208434e-23
8.451425474029e-23
8.445766886621192e-23
8.439841594273296e-23
8.433637025264705e-23
8.427140015160683e-23
8.420336778865238e-23
8.41321288134187e-23
8.405753206959806e-23
8.397941927389436e-23
8.389762467983191e-23
8.381197472568325e-23
8.372228766578543e-23
8.362837318442891e-23
8.353003199152479e-23
8.34270553991514e-23
8.331922487813796e-23
8.320631159365764e-23
8.308807591890448e-23
8.296426692575362e-23
8.283462185141214e-23
8.269886553978898e-23
8.255670985653062e-23
8.240785307631996e-23
8.225197924125881e-23
8.208875748890288e-23
8.191784134848032e-23
8.17388680038473e-23
8.155145752154503e-23
8.13552120423393e-23
8.114971493450851e-23
8.093452990700655e-23
8.070920008062858e-23
8.047324701527588e-23
8.022616969101013e-23
7.996744344094092e-23
7.969651883344807e-23
7.941282050151676e-23
7.911574591645036e-23
7.880466410351873e-23
7.847891429666596e-23
7.8137804529351e-23
7.77806101585166e-23
7.740657231849967e-23
7.701489630151996e-23
7.660474986128813e-23
7.617526143589428e-23
7.57255182864348e-23
7.525456454703291e-23
7.476139918210343e-23
7.42449738467741e-23
7.370419064521303e-23
7.313789978252344e-23
7.254489710501211e-23
7.192392152334343e-23
7.127365231321148e-23
7.059270628783202e-23
6.987963483544283e-23
6.913292081747047e-23
6.835097531763046e-23
6.753213423862673e-23
6.667465473667338e-23
6.577671148861606e-23
6.483639278198062e-23
6.385169642239839e-23
6.282052545019702e-23
6.174068365675377e-23
6.060987089650894e-23
5.942567818256194e-23
5.818558256597366e-23
5.688694178517418e-23
5.552698869071155e-23
5.410282543769805e-23
5.261141745129613e-23
5.104958717737475e-23
4.9414007635641865e-23
4.770119580986971e-23
4.590750593908954e-23
4.4029122797184463e-23
4.206205513569081e-23
4.00021295426321e-23
3.7844985166231175e-23
3.558607007211681e-23
3.3220640587185186e-23
3.074376613421598e-23
2.8150344400631824e-23
2.5435136781218334e-23
2.2592846024032897e-23
1.9618289061433892e-23
1.6506808987353737e-23
1.3255383713700745e-23
9.866250617569044e-24
6.363353956755504e-24
2.9365154682141895e-24
2.368443091499718e-24
5.9810274335054e-24
1.0194522096826826e-23
1.4677825705852044e-23
1.939767973164786e-23
2.435275319419478e-23
2.954945255510141e-23
3.499710495434667e-23
4.0706573580267996e-23
4.6689770969169787e-23
5.295947049923948e-23
5.952923495278597e-23
6.641339749095632e-23
7.362706891538641e-23
