5.512470744410055e-23
5.511793429000628e-23
5.5110842283017e-23
5.510341636478904e-23
5.509564077008184e-23
5.508749899315028e-23
5.507897375267354e-23
5.50700469549471e-23
5.506069965545701e-23
5.505091201859637e-23
5.504066327553038e-23
5.502993168004929e-23
5.501869446240916e-23
5.500692778096399e-23
5.499460667153842e-23
5.498170499445146e-23
5.496819537899368e-23
5.495404916536471e-23
5.493923634382784e-23
5.492372549103688e-23
5.490748370333176e-23
5.489047652694819e-23
5.487266788490633e-23
5.485402000043649e-23
5.483449331688026e-23
5.481404641371335e-23
5.479263591873146e-23
5.477021641597208e-23
5.474674034944212e-23
5.472215792216176e-23
5.469641699059348e-23
5.466946295398345e-23
5.464123863856179e-23
5.461168417626956e-23
5.458073687775058e-23
5.454833109937296e-23
5.451439810402402e-23
5.447886591524899e-23
5.444165916463635e-23
5.440269893192725e-23
5.436190257761503e-23
5.431918356766068e-23
5.42744512899623e-23
5.422761086213564e-23
5.417856293028753e-23
5.412720345826799e-23
5.407342350700646e-23
5.401710900345225e-23
5.395814049862699e-23
5.389639291425904e-23
5.383173527752259e-23
5.376403044320082e-23
5.36931348028514e-23
5.361889798017743e-23
5.3541162512129e-23
5.345976351489356e-23
5.337452833421597e-23
5.328527617920371e-23
5.319181773887073e-23
5.309395478067571e-23
5.299147973005611e-23
5.288417523020619e-23
5.277181368110695e-23
5.2654156756808696e-23
5.253095490002345e-23
5.240194679283875e-23
5.226685880253938e-23
5.212540440132355e-23
5.197728355864055e-23
5.1822182104957455e-23
5.1659771065471344e-23
5.1489705962552074e-23
5.1311626085205385e-23
5.112515372420278e-23
5.092989337115996e-23
5.07254308798847e-23
5.0511332588254106e-23
5.0287144398685827e-23
5.005239081537856e-23
4.9806573936162435e-23
4.954917239690548e-23
4.927964026623662e-23
4.899740588820794e-23
4.870187067053362e-23
4.839240781574023e-23
4.806836099269805e-23
4.772904294557687e-23
4.737373403745167e-23
4.700168072537048e-23
4.661209396378764e-23
4.6204147532973076e-23
4.577697628887488e-23
4.532967433087771e-23
4.486129308355593e-23
4.4370839288524894e-23
4.38572729021947e-23
4.3319504895133966e-23
4.275639494865999e-23
4.2166749043787896e-23
4.154931693799437e-23
4.0902789524611204e-23
4.022579606987701e-23
3.951690132238891e-23
3.877460248962321e-23
3.7997326076307583e-23
3.718342457935923e-23
3.633117303439072e-23
3.543876540918483e-23
3.4504310840238736e-23
3.3525829709629714e-23
3.2501249561356e-23
3.1428400859151205e-23
3.0305012592551076e-23
2.9128707745376035e-23
2.789699865289896e-23
2.6607282293964867e-23
2.525683559815839e-23
2.3842810907206253e-23
2.2362231836331662e-23
2.081198998170738e-23
1.9188843315818828e-23
1.748941793903397e-23
1.5710216705886596e-23
1.384764274877716e-23
1.1898058107551379e-23
9.857935474239897e-24
7.724302381437294e-24
5.496372906800178e-24
3.1847421059221557e-24
9.717200581820704e-25
2.0656520678803256e-24
4.68515483478425e-24
7.486160315664146e-24
1.0431609058986174e-23
1.3520587370265793e-23
1.6757449070367615e-23
2.0148162997947145e-23
2.369948748827273e-23
2.7418720026915577e-23
3.131361075777451e-23
3.539233385292545e-23
3.9663482805135424e-23
4.413607699221966e-23
4.8819574237909085e-23
5.37238869753288e-23
5.885940085671038e-23
6.423699522728631e-23
6.986806516553844e-23
7.576454494112965e-23
8.193893282398158e-23
8.840431722576098e-23
9.517440418400603e-23
1.0226354621781673e-22
1.0968677259685204e-22
1.1745982107436863e-22
1.2559917114241794e-22
1.3412207887303867e-22
1.4304661341453082e-22
1.5239169521642095e-22
1.6217713606151072e-22
1.724236809875656e-22
1.8315305218564097e-22
1.9438799496661951e-22
2.0615232589190012e-22
2.1847098316907874e-22
2.313700794181924e-22
2.448769569190987e-22
2.590202454561095e-22
2.738299228811092e-22
2.8933737852235674e-22
3.0557547957203583e-22
3.225786405919461e-22
3.403828962831728e-22
3.590259776724933e-22
3.7854739187515026e-22
3.989885056016798e-22
4.2039263258348887e-22
4.428051251011454e-22
4.66273469806003e-22
4.908473880378951e-22
5.165789408473716e-22
5.435226389434369e-22
5.7173555779729755e-22
6.012774581427953e-22
6.322109121264689e-22
6.646014353713792e-22
6.9851762523186235e-22
7.340313055285648e-22
7.712176780683389e-22
8.101554812661216e-22
8.509271562025908e-22
8.93619020466541e-22
9.383214501484518e-22
9.85129070367885e-22
1.0341409547386787e-21
1.0854608341928328e-21
1.1391973156060044e-21
1.1954641106914115e-21
1.2543802756487671e-21
1.3160704620843249e-21
1.3806651797398459e-21
