2.3275509014353174e-24
2.281686224028985e-24
2.239193548116618e-24
2.199953541827915e-24
2.163852630269213e-24
2.1307827858256543e-24
2.100641333666637e-24
2.073330771023884e-24
2.048758598519934e-24
2.026837161912116e-24
2.007483502517096e-24
1.9906192147872987e-24
1.9761703093539503e-24
1.9640670802670078e-24
1.954243975095592e-24
1.9466394668904433e-24
1.9411959270920103e-24
1.9378594988708606e-24
1.936579970398423e-24
1.9373106479853197e-24
1.940008228940532e-24
1.9446326745649394e-24
1.9511470834669812e-24
1.959517565765985e-24
1.9697131187285133e-24
1.9817055044946887e-24
1.9954691305163488e-24
2.0109809333952194e-24
2.0282202667446396e-24
2.0471687936458384e-24
2.0678103842482298e-24
2.0901310188933904e-24
2.114118697161852e-24
2.139763353107873e-24
2.1670567767734012e-24
2.195992542125361e-24
2.2265659413907645e-24
2.258773925605808e-24
2.2926150514221507e-24
2.3280894337066625e-24
2.365198703816589e-24
2.4039459732314573e-24
2.4443358020823863e-24
2.4863741724874406e-24
2.5300684658551712e-24
2.5754274444717833e-24
2.6224612362281876e-24
2.67118132281438e-24
2.7216005306032374e-24
2.7737330241066395e-24
2.8275943016433256e-24
2.8832011929885176e-24
2.940571858758844e-24
2.999725791196483e-24
3.0606838164499786e-24
3.1234680977438086e-24
3.1881021398259306e-24
3.254610794051832e-24
3.323020264546232e-24
3.39335811473238e-24
3.46565327478149e-24
3.539936049643016e-24
3.616238127540631e-24
3.6945925891353905e-24
3.7750339173668915e-24
3.8575980075709686e-24
3.9423221784986145e-24
4.0292451837770874e-24
4.1184072240459285e-24
4.209849959842514e-24
4.3036165248289644e-24
4.3997515403756805e-24
4.498301130157914e-24
4.599312936323335e-24
4.7028361357274074e-24
4.808921457527334e-24
4.9176212016948624e-24
5.028989257999792e-24
5.143081126645375e-24
5.259953938986838e-24
5.379666480286256e-24
5.502279212733821e-24
5.627854299880789e-24
5.7564556321569756e-24
5.888148853378722e-24
6.0230013886103015e-24
6.1610824728561674e-24
6.302463181423749e-24
6.447216460942683e-24
6.595417162032103e-24
6.747142073103075e-24
6.90246995505667e-24
7.061481577783988e-24
7.224259757913906e-24
7.390889397550344e-24
7.561457524041964e-24
7.736053332230664e-24
7.914768227015641e-24
8.097695867519031e-24
8.284932213203698e-24
8.476575570135999e-24
8.672726640653393e-24
8.873488572114979e-24
9.078967009506045e-24
9.289270147135091e-24
9.504508784441094e-24
9.72479638073572e-24
9.950249113435663e-24
1.018098593708329e-23
1.0417128643747577e-23
1.0658801925662123e-23
1.0906133439638708e-23
1.1159253871951686e-23
1.1418297005278697e-23
1.1683399790960645e-23
1.195470241462106e-23
1.2232348374752239e-23
1.2516484553002485e-23
1.280726129235497e-23
1.3104832475614523e-23
1.3409355605090746e-23
1.372099188575824e-23
1.4039906308349132e-23
1.4366267737917017e-23
1.4700248999508133e-23
1.504202697066166e-23
1.5391782673600983e-23
1.57497013723849e-23
1.6115972667679038e-23
1.6490790595781586e-23
1.6874353735199674e-23
1.7266865306480964e-23
1.7668533281558696e-23
1.8079570495266678e-23
1.8500194751495874e-23
1.8930628946550532e-23
1.9371101176382372e-23
1.9821844868513097e-23
2.0283098895969252e-23
2.0755107707459216e-23
2.1238121458105043e-23
2.1732396137997302e-23
2.2238193703630176e-23
2.2755782231341567e-23
2.3285436041632393e-23
2.382743585330253e-23
2.4382068928831337e-23
2.4949629230598552e-23
2.5530417574325307e-23
2.612474177559781e-23
2.6732916836662017e-23
2.7355265091876416e-23
2.7992116387845227e-23
2.864380825628934e-23
2.9310686089061223e-23
2.999310332843106e-23
3.0691421642300234e-23
3.140601113116287e-23
3.213725050388726e-23
3.288552728098541e-23
3.365123802949269e-23
3.443478853030363e-23
3.523659401724271e-23
3.6057079390581376e-23
3.6896679438816194e-23
3.775583907055602e-23
3.863501351759946e-23
3.9534668682405126e-23
4.04552812199801e-23
4.139733894017398e-23
4.2361340965273516e-23
4.334779802427064e-23
4.435723275277809e-23
4.5390179923881996e-23
4.644718676198413e-23
4.752881317521097e-23
4.863563214593749e-23
4.976822989990559e-23
5.0927206459737125e-23
5.211317552288805e-23
5.33267652467505e-23
5.456861837381252e-23
5.583939243453682e-23
5.71397605873839e-23
5.84704109395253e-23
5.983204844059939e-23
6.122539366736552e-23
6.265118452608804e-23
6.411017544532105e-23
6.560313894024305e-23
6.71308649702947e-23
6.869416213005876e-23
7.029385760308702e-23
7.193079811396344e-23
7.360584888909198e-23
7.531989725696438e-23
7.707384876849849e-23
7.886863144720404e-23
8.070519478152188e-23
8.258450914332812e-23
8.450756850609064e-23
