7.941137668375399e-12
7.770639325511541e-12
7.589662700520942e-12
7.420919561017145e-12
7.251282840667437e-12
7.081447598065115e-12
6.9204819201235085e-12
6.759003951265301e-12
6.6057541105173625e-12
6.448255810715511e-12
6.299749915187017e-12
6.146528611151138e-12
6.0024903338616756e-12
5.858750112959125e-12
5.717014618264722e-12
5.58130193351292e-12
5.44304294459525e-12
5.3117229108363374e-12
5.180552850246072e-12
5.054317911264949e-12
4.928471387652922e-12
4.8041605839691565e-12
4.685228885047435e-12
4.5673054075445896e-12
4.4520949303654665e-12
4.335510079254618e-12
4.226917813067225e-12
4.1164275714874715e-12
4.010229530172961e-12
3.905821691487337e-12
3.802378908736163e-12
3.699882256461381e-12
3.602016766114145e-12
3.5051598084665497e-12
3.410454275420064e-12
3.317233470236606e-12
3.2268616306377165e-12
3.137935554815525e-12
3.049911677552079e-12
2.964665780775704e-12
2.8809185212694e-12
2.798322067118413e-12
2.7188819091697383e-12
2.639760716891429e-12
2.562615560811367e-12
2.4883400499624803e-12
2.414292741181393e-12
2.3420084066148045e-12
2.2716928102317762e-12
2.202050401731118e-12
2.1357461670967233e-12
2.0689390888147617e-12
2.0056401199754057e-12
1.9422528004754145e-12
1.8808791007204427e-12
1.8205222359859918e-12
1.76197743969738e-12
1.705181613845742e-12
1.6491913363578457e-12
1.5943594810962217e-12
1.5417199184794134e-12
1.4896442933109034e-12
1.4394544773528062e-12
1.3900431862282466e-12
1.3424052397856392e-12
1.2959623058390203e-12
1.250256981045808e-12
1.2061158923014272e-12
1.1631038927871935e-12
1.1216111896878008e-12
1.0807871210149706e-12
1.0413017270429588e-12
1.0028185800324052e-12
9.657197102140566e-13
9.296215582691175e-13
8.946492376753927e-13
8.60744909184308e-13
8.276555479025079e-13
7.957589155982234e-13
7.64826602617974e-13
7.348833130183247e-13
7.058704185584369e-13
6.777944318528193e-13
6.505794302778587e-13
6.244007861740514e-13
5.990793398780577e-13
5.744614366773469e-13
5.508136446360224e-13
5.279573038515971e-13
5.058340122594846e-13
4.845617085730805e-13
4.640474486643569e-13
4.442146642260472e-13
4.250901677186348e-13
4.066915593476067e-13
3.8901355246947684e-13
3.7188123410194773e-13
3.554601407030047e-13
3.3963146954832317e-13
3.244028315129802e-13
3.0974946928089795e-13
2.9565709279900373e-13
2.8210681358365343e-13
2.69082610516825e-13
2.565620320896641e-13
2.4453366962959543e-13
2.3297837649901137e-13
2.218820838121901e-13
2.1122674452096514e-13
2.0099609209024122e-13
1.9117728237190018e-13
1.8176586479010256e-13
1.7272686283285015e-13
1.6406285527145235e-13
1.5574164492782769e-13
1.477676674773335e-13
1.4012755435716043e-13
1.327977972210087e-13
1.2577395629220758e-13
1.1904518818924366e-13
1.1259975473447584e-13
1.0642318624765536e-13
1.0050360451605884e-13
9.483417610070162e-14
8.94074264720275e-14
8.42100315127657e-14
7.9233011461406e-14
7.446840564745952e-14
6.991076421557737e-14
6.554521311353282e-14
6.136889691433306e-14
5.737129351910267e-14
5.3547586875203096e-14
4.9888784980434376e-14
4.6388186819771104e-14
4.30401833647879e-14
3.983729294988e-14
3.6774704170763707e-14
3.38452583841888e-14
3.1043862898157216e-14
2.836529953396578e-14
2.5803792393107564e-14
2.3355467524041697e-14
2.1014461273800827e-14
1.8776890659393424e-14
1.6637881531136944e-14
1.4593638132705683e-14
1.2639933637863865e-14
1.0772646933110592e-14
8.988624042280292e-15
7.283656526286516e-15
5.65495039678948e-15
4.098858352762085e-15
2.6126294461921204e-15
1.1939408489139565e-15
1.8319592525756505e-16
1.4627617126838054e-15
2.698956978980708e-15
3.879939310992595e-15
5.0077261378554064e-15
6.084472627737904e-15
7.112408327863976e-15
8.093566780906073e-15
9.029920474774316e-15
9.923381104925984e-15
1.077592131700251e-14
1.1589139224496378e-14
1.2364755560760534e-14
1.3104386624394248e-14
1.3809541951666922e-14
1.448168117367928e-14
1.5122274122665195e-14
1.5732472148961904e-14
1.631381666370859e-14
1.686711878451057e-14
1.7393855574222177e-14
1.789492719995381e-14
1.8371591261485408e-14
1.8824623632937697e-14
1.9255074810838537e-14
1.9663788844991332e-14
2.0051626186418404e-14
2.041939981099966e-14
2.076780846390782e-14
2.1097771373803482e-14
2.1409682295149806e-14
2.1704465788138295e-14
2.1982561828674363e-14
2.224463339493395e-14
2.2491060819007047e-14
2.272257979479059e-14
2.2939530641503573e-14
2.3142288288649113e-14
2.3331440758626735e-14
2.350720703157293e-14
2.367002129434017e-14
2.3820290166672398e-14
2.3958060622357358e-14
2.4083749639364405e-14
2.419760266549295e-14
2.429987325569281e-14
