4.759610204607946e-23
4.7596010339220626e-23
4.7595910071369833e-23
4.7595801028505815e-23
4.759568297811164e-23
4.7595555668670995e-23
4.759541882912572e-23
4.759527216829151e-23
4.759511537423287e-23
4.75949481135939e-23
4.759477003088536e-23
4.75945807477236e-23
4.7594379862023126e-23
4.759416694713857e-23
4.7593941550955046e-23
4.7593703194925035e-23
4.7593451373049634e-23
4.759318555080129e-23
4.759290516398726e-23
4.759260961754965e-23
4.7592298284300527e-23
4.7591970503589345e-23
4.7591625579898905e-23
4.7591262781367964e-23
4.7590881338237694e-23
4.7590480441215447e-23
4.759005923975851e-23
4.75896168402666e-23
4.7589152304186157e-23
4.758866464601717e-23
4.758815283122231e-23
4.7587615774030836e-23
4.7587052335134525e-23
4.758646131926959e-23
4.758584147268032e-23
4.758519148045872e-23
4.758450996375455e-23
4.758379547684848e-23
4.7583046504085816e-23
4.758226145665937e-23
4.7581438669238784e-23
4.758057639643671e-23
4.757967280910566e-23
4.757872599045641e-23
4.757773393199127e-23
4.7576694529242376e-23
4.757560557730595e-23
4.7574464766163955e-23
4.7573269675782853e-23
4.7572017770977844e-23
4.75707063960342e-23
4.756933276907085e-23
4.756789397613864e-23
4.7566386965035475e-23
4.7564808538830597e-23
4.7563155349079755e-23
4.756142388871952e-23
4.7559610484624794e-23
4.755771128981339e-23
4.755572227528225e-23
4.7553639221456344e-23
4.7551457709233083e-23
4.7549173110603526e-23
4.754678057882908e-23
4.7544275038154685e-23
4.754165117303469e-23
4.7538903416849645e-23
4.753602594009024e-23
4.7533012637981824e-23
4.7529857117525233e-23
4.7526552683924055e-23
4.752309232637173e-23
4.751946870316647e-23
4.7515674126122516e-23
4.751170054424639e-23
4.7507539526640154e-23
4.7503182244599223e-23
4.749861945286149e-23
4.749384146997396e-23
4.7488838157729256e-23
4.748359889963206e-23
4.74781125783477e-23
4.74723675520854e-23
4.7466351629865795e-23
4.746005204561935e-23
4.7453455431061413e-23
4.744654778728478e-23
4.743931445501052e-23
4.743174008343138e-23
4.7423808597583804e-23
4.741550316417641e-23
4.740680615580314e-23
4.7397699113464034e-23
4.7388162707313756e-23
4.737817669555335e-23
4.7367719881377006e-23
4.735677006788172e-23
4.7345304010844336e-23
4.733329736926143e-23
4.732072465354958e-23
4.730755917129196e-23
4.7293772970415456e-23
4.7279336779677135e-23
4.72642199463293e-23
4.72483903708319e-23
4.72318144384689e-23
4.7214456947722776e-23
4.719628103525152e-23
4.717724809730629e-23
4.7157317707419274e-23
4.71364475301845e-23
4.7114593230943736e-23
4.709170838118126e-23
4.706774435942324e-23
4.7042650247424875e-23
4.701637272142047e-23
4.698885593819816e-23
4.6960041415750735e-23
4.6929867908243466e-23
4.6898271275022527e-23
4.686518434337831e-23
4.683053676476299e-23
4.6794254864144235e-23
4.6756261482165104e-23
4.6716475809760435e-23
4.667481321486392e-23
4.663118506082383e-23
4.6585498516122204e-23
4.6537656354974834e-23
4.6487556748367404e-23
4.6435093045061614e-23
4.6380153542078976e-23
4.6322621244148086e-23
4.626237361157276e-23
4.619928229595182e-23
4.613321286315164e-23
4.606402450290227e-23
4.599156972435377e-23
4.5915694036898425e-23
4.583623561552362e-23
4.575302494992604e-23
4.566588447657382e-23
4.5574628192863623e-23
4.547906125247027e-23
4.5378979540943665e-23
4.527416923054967e-23
4.5164406313305495e-23
4.50494561110975e-23
4.4929072761707983e-23
4.48029986795197e-23
4.467096398958845e-23
4.4532685933710396e-23
4.438786824702699e-23
4.423620050363177e-23
4.407735742955217e-23
4.3910998181388785e-23
4.373676558879397e-23
4.355428535886313e-23
4.336316524040046e-23
4.316299414589945e-23
4.2953341228945716e-23
4.273375491461295e-23
4.250376188027314e-23
4.226286598408009e-23
4.201054713821634e-23
4.1746260123806625e-23
4.146943334420396e-23
4.1179467513140145e-23
4.087573427400345e-23
4.055757474625818e-23
4.022429799475383e-23
3.9875179417383396e-23
3.950945904624156e-23
3.912633975709533e-23
3.872498538162091e-23
3.8304518716469297e-23
3.786401942280263e-23
3.740252180949242e-23
3.6919012492683754e-23
3.6412427923913526e-23
3.5881651778416636e-23
3.5325512194673535e-23
3.474277885564586e-23
3.413215990152623e-23
3.3492298663211234e-23
3.2821770205124744e-23
3.2119077665514304e-23
3.1382648382005555e-23
3.0610829790138157e-23
2.980188508303812e-23
2.8953988621629304e-23
2.806522108739559e-23
2.7133564374609747e-23
2.615689622771716e-23
2.5132984645018845e-23
2.4059482097003682e-23
2.2933919656186155e-23
2.175370122366107e-23
2.051609820358621e-23
1.9218245301263004e-23
1.7857138786698342e-23
