2.7433094668567047e-24
2.5777246637286843e-24
2.421496117483024e-24
2.2742020283971955e-24
2.135440676429655e-24
2.0048298687276358e-24
1.8820064247303364e-24
1.7666256905800188e-24
1.6583610723652232e-24
1.5569035749388792e-24
1.4619613296277422e-24
1.3732590900850272e-24
1.2905376709346266e-24
1.2135532989715871e-24
1.1420768420770848e-24
1.0758928774906233e-24
1.0147985600050098e-24
9.586022537222936e-25
9.071219003633955e-25
8.601831149202892e-25
8.176170273328909e-25
7.792579270574159e-25
7.449408135483145e-25
7.144990039986677e-25
6.877619906931683e-25
6.645537620455881e-25
6.446917922527068e-25
6.279868575624843e-25
6.142437541516848e-25
6.032628857868491e-25
5.948425795229726e-25
5.887818981209502e-25
5.848836673384607e-25
5.829574329109521e-25
5.82822101715992e-25
5.843080906143174e-25
5.872588870447646e-25
5.915320014243848e-25
5.969993517657268e-25
6.035471608821186e-25
6.110754665550403e-25
6.194973487882728e-25
6.287379707515967e-25
6.3873351605334625e-25
6.494300884397018e-25
6.607826235913973e-25
6.727538479546655e-25
6.853133072455195e-25
6.984364775644938e-25
7.121039647770602e-25
7.263007926074899e-25
7.410157763693431e-25
7.562409770288372e-25
7.719712290396268e-25
7.882037348217023e-25
8.049377186687731e-25
8.221741330959853e-25
8.399154110590114e-25
8.58165258005319e-25
8.769284782935055e-25
8.962108311023244e-25
9.160189115170549e-25
9.363600530135108e-25
9.572422480509568e-25
9.78674083929537e-25
1.0006646914651291e-24
1.0232237043874704e-24
1.0463612276763269e-24
1.0700878133223137e-24
1.0944144422317823e-24
1.1193525112002319e-24
1.1449138240511661e-24
1.1711105861877264e-24
1.1979554019313145e-24
1.2254612741300162e-24
1.2536416056103087e-24
1.2825102021244106e-24
1.3120812765081739e-24
1.3423694538216053e-24
1.3733897772870598e-24
1.4051577148785403e-24
1.437689166448471e-24
1.4710004712999596e-24
1.5051084161386235e-24
1.5400302433505955e-24
1.5757836595708925e-24
1.6123868445147338e-24
1.6498584600549978e-24
1.688217659536541e-24
1.7274840973216254e-24
1.7676779385664864e-24
1.8088198692329305e-24
1.8509311063408377e-24
1.8940334084669768e-24
1.9381490865022475e-24
1.983301014674246e-24
2.0295126418478114e-24
2.076808003112035e-24
2.1252117316677186e-24
2.1747490710233433e-24
2.2254458875115557e-24
2.2773286831382365e-24
2.3304246087725733e-24
2.3847614776897594e-24
2.4403677794790443e-24
2.4972726943186505e-24
2.5555061076413526e-24
2.6150986251870813e-24
2.6760815884577135e-24
2.738487090589307e-24
2.8023479926383922e-24
2.8676979403041713e-24
2.934571381085594e-24
3.0030035818957755e-24
3.0730306471274205e-24
3.1446895371900886e-24
3.2180180875274833e-24
3.2930550281218843e-24
3.369840003490946e-24
3.448413593201223e-24
3.5288173328945046e-24
3.6110937358438804e-24
3.695286315051931e-24
3.7814396058924034e-24
3.869599189324116e-24
3.95981171566491e-24
4.052124928966242e-24
4.146587691965903e-24
4.2432500116730736e-24
4.342163065552533e-24
4.4433792283531735e-24
4.5469520995939595e-24
4.652936531697307e-24
4.761388658812042e-24
4.872365926300996e-24
4.985927120985587e-24
5.102132402039586e-24
5.2210433327021466e-24
5.342722912638742e-24
5.4672356112031726e-24
5.594647401351245e-24
5.725025794444186e-24
5.858439875857908e-24
5.9949603413740265e-24
6.134659534515589e-24
6.277611484707302e-24
6.423891946325005e-24
6.5735784386833596e-24
6.726750286919271e-24
6.883488663938126e-24
7.043876633143193e-24
7.207999192407149e-24
7.375943318871311e-24
7.547798014860526e-24
7.723654354855669e-24
7.903605533612074e-24
8.087746915355666e-24
8.276176083962165e-24
8.468992894717819e-24
8.666299526756777e-24
8.868200537192277e-24
9.074802916012849e-24
9.286216142809738e-24
9.50255224424248e-24
9.723925853307819e-24
9.950454269831874e-24
1.0182257521911056e-23
1.0419458429406888e-23
1.0662182668979037e-23
1.09105588394201e-23
1.1164718530404697e-23
1.1424796390862868e-23
1.1690930200395178e-23
1.1963260941105531e-23
1.2241932872834598e-23
1.2527093607784917e-23
1.2818894188565764e-23
1.3117489167784408e-23
1.3423036688848e-23
1.3735698568649754e-23
1.4055640382760975e-23
1.4383031552329112e-23
1.471804543288434e-23
1.5060859404120057e-23
1.5411654963340402e-23
1.5770617821009492e-23
1.6137937995812137e-23
1.6513809916244097e-23
1.689843251892653e-23
1.7292009356189872e-23
1.7694748698143075e-23
1.8106863642808214e-23
1.8528572225417996e-23
1.8960097534936192e-23
1.9401667823713019e-23
1.9853516630683498e-23
2.031588290193295e-23
2.078901110516895e-23
2.1273151371940007e-23
2.1768559606258216e-23
2.2275497630468014e-23
