1.3545683452850547e-24
1.3183156225864458e-24
1.2843731832920205e-24
1.252627997767689e-24
1.2229701875637132e-24
1.195292969274679e-24
1.1694926263558505e-24
1.145468505311763e-24
1.1231230321296099e-24
1.1023617444397067e-24
1.0830933346735353e-24
1.065229699463668e-24
1.0486859906897274e-24
1.0333806639018428e-24
1.0192355203250666e-24
1.0061757392298842e-24
9.94129898108116e-25
9.830299787828388e-25
9.728113582659959e-25
9.634127838299737e-25
9.547763323502247e-25
9.468473544883216e-25
9.395744047068896e-25
9.329091584348258e-25
9.268063179334245e-25
9.212235085602376e-25
9.161211671925066e-25
9.114624245719702e-25
9.072129832761466e-25
9.033409929229283e-25
8.99816924086346e-25
8.966134422502656e-25
8.937052829684036e-25
8.910691292331931e-25
8.886834918954574e-25
8.865285938233423e-25
8.845862583437955e-25
8.828398023811515e-25
8.812739345878942e-25
8.798746586618764e-25
8.786291819538364e-25
8.77525829394826e-25
8.765539627092858e-25
8.757039048293898e-25
8.749668693847736e-25
8.743348951102137e-25
8.738007849899227e-25
8.733580499415469e-25
8.730008568303492e-25
8.7272398059956e-25
8.725227603005247e-25
8.723930588071439e-25
8.723312260047074e-25
8.723340652471838e-25
8.723988028870607e-25
8.725230606887225e-25
8.7270483094777e-25
8.729424541476544e-25
8.732345989959962e-25
8.735802446941042e-25
8.739786653028679e-25
8.74429416079263e-25
8.749323216676843e-25
8.754874660398861e-25
8.760951840871343e-25
8.767560547763624e-25
8.774708957913663e-25
8.782407595872744e-25
8.790669307943594e-25
8.799509249137686e-25
8.80894488253943e-25
8.81899599062631e-25
8.82968469813624e-25
8.84103550612576e-25
8.853075336893735e-25
8.86583358947853e-25
8.879342205467434e-25
8.89363574485626e-25
8.908751471729516e-25
8.924729449512365e-25
8.941612645550025e-25
8.959447044748228e-25
8.978281771989606e-25
8.99816922299251e-25
9.01916520325142e-25
9.041329074617746e-25
9.06472390903824e-25
9.089416648865305e-25
9.11547827307693e-25
9.14298396863312e-25
9.17201330608726e-25
9.202650418438966e-25
9.234984182081143e-25
9.269108398548348e-25
9.3051219756193e-25
9.343129106163976e-25
9.383239442963541e-25
9.4255682675686e-25
9.470236651091436e-25
9.517371604683016e-25
9.56710621729234e-25
9.619579778185417e-25
9.67493788159582e-25
9.733332510799137e-25
9.794922098872193e-25
9.8598715633978e-25
9.92835231242727e-25
1.0000542219118792e-24
1.0076625562647426e-24
1.0156792933205101e-24
1.0241241099224977e-24
1.0330172835323682e-24
1.0423796709915734e-24
1.0522326831957838e-24
1.0625982556853097e-24
1.0734988152185312e-24
1.0849572424612111e-24
1.0969968309966889e-24
1.1096412429326786e-24
1.1229144614515506e-24
1.1368407407224896e-24
1.1514445536559213e-24
1.1667505380431554e-24
1.1827834416704179e-24
1.1995680670415008e-24
1.2171292163690364e-24
1.2354916375123892e-24
1.2546799715421272e-24
1.2747187026012544e-24
1.2956321107060171e-24
1.3174442280933473e-24
1.3401787996692126e-24
1.3638592480530583e-24
1.388508643639693e-24
1.4141496800243084e-24
1.440804655053139e-24
1.4684954576742657e-24
1.4972435606781004e-24
1.5270700193315323e-24
1.557995475827513e-24
1.5900401693932236e-24
1.623223951832836e-24
1.6575663082141356e-24
1.6930863823572256e-24
1.7298030067338705e-24
1.7677347363537476e-24
1.806899886183552e-24
1.8473165716281956e-24
1.889002751591495e-24
1.93197627363563e-24
1.976254920758045e-24
2.0218564593232047e-24
2.0687986876974686e-24
2.117099485162846e-24
2.1667768607091694e-24
2.2178490013320685e-24
2.2703343195026103e-24
2.324251499501387e-24
2.3796195423483154e-24
2.4364578090967474e-24
2.494786062293029e-24
2.5546245054423402e-24
2.6159938203515446e-24
2.678915202263811e-24
2.743410392719318e-24
2.8095017101235495e-24
2.8772120780227195e-24
2.946565051125247e-24
3.017584839130971e-24
3.090296328459761e-24
3.1647251019960995e-24
3.240897456993352e-24
3.318840421305524e-24
3.398581768138055e-24
3.4801500295395905e-24
3.563574508868043e-24
3.648885292510552e-24
3.736113261142607e-24
3.825290100853001e-24
3.916448314488419e-24
4.009621233602082e-24
4.104843031419275e-24
4.2021487372906964e-24
4.301574253117245e-24
4.4031563723028706e-24
4.506932801820339e-24
4.612942188046165e-24
4.721224147066916e-24
4.831819300237585e-24
4.9447693158376256e-24
5.0601169577516196e-24
5.177906142186823e-24
5.2981820035416724e-24
5.4209909706259526e-24
5.5463808545715054e-24
5.674400949859722e-24
5.80510215005293e-24
5.938537079947107e-24
6.0747602460057624e-24
6.213828207125172e-24
6.3557997679279464e-24
