2.422001174253721e-24
2.315920351811357e-24
2.2148183626842114e-24
2.118480718110902e-24
2.0267029951022514e-24
1.9392903885988468e-24
1.856057281699045e-24
1.7768268328842342e-24
1.7014305788896735e-24
1.6297080520721058e-24
1.56150641117429e-24
1.496680084085976e-24
1.435090421742625e-24
1.376605361855038e-24
1.3210991016283353e-24
1.2684517782257582e-24
1.2185491564698328e-24
1.1712823227218713e-24
1.1265473846099993e-24
1.084245176107844e-24
1.0442809678278737e-24
1.006564182697781e-24
9.71008117517113e-25
9.375296709489576e-25
9.060490793751264e-25
8.764896617999863e-25
8.48777575755963e-25
8.228415863198965e-25
7.986128503727345e-25
7.760247186497023e-25
7.550125580343014e-25
7.355135961909335e-25
7.174667905179903e-25
7.00812723053802e-25
6.8549352200759765e-25
6.7145281009909025e-25
6.586356790442449e-25
6.46988688548488e-25
6.364598875642127e-25
6.269988545444162e-25
6.185567530986403e-25
6.1108639882560365e-25
6.04542332966818e-25
5.98880898434253e-25
5.940603143070632e-25
5.900407444736648e-25
5.867843577630926e-25
5.84255376530414e-25
5.82420111892759e-25
5.812469844127952e-25
5.807065296990681e-25
5.807713887427128e-25
5.814162840857283e-25
5.826179822560398e-25
5.843552440886807e-25
5.866087646240923e-25
5.893611038512191e-25
5.925966105528092e-25
5.963013404873331e-25
6.004629707885085e-25
6.050707120618941e-25
6.10115219641757e-25
6.155885049483644e-25
6.214838483573507e-25
6.277957142688821e-25
6.345196690182306e-25
6.4165230256097e-25
6.491911539391822e-25
6.571346412865993e-25
6.654819959892427e-25
6.7423320215305285e-25
6.833889399673119e-25
6.929505342961724e-25
7.029199077835927e-25
7.132995378175395e-25
7.240924187449259e-25
7.353020272926883e-25
7.4693229201282e-25
7.589875667801868e-25
7.714726071142537e-25
7.843925498485494e-25
7.977528958315438e-25
8.115594950626221e-25
8.258185341609179e-25
8.405365265260471e-25
8.55720303890876e-25
8.713770100858792e-25
8.875140961430345e-25
9.041393171046397e-25
9.212607299762365e-25
9.388866925818116e-25
9.570258640887025e-25
9.756872056615555e-25
9.948799823910904e-25
1.0146137658672707e-24
1.0348984370994142e-24
1.0557441901755901e-24
1.0771615366785825e-24
1.09916130977417e-24
1.1217546695161862e-24
1.1449531079047427e-24
1.1687684544945267e-24
1.1932128822127198e-24
1.2182989133391055e-24
1.2440394263083e-24
1.270447661712162e-24
1.2975372293454732e-24
1.3253221153258938e-24
1.3538166888164452e-24
1.3830357099379373e-24
1.4129943370574927e-24
1.4437081347257142e-24
1.475193081440456e-24
1.5074655782320688e-24
1.5405424570112952e-24
1.5744409883436784e-24
1.6091788919011805e-24
1.6447743441873814e-24
1.681245988209425e-24
1.718612943729494e-24
1.7568948156755855e-24
1.796111705911857e-24
1.836284222140554e-24
1.877433489328554e-24
1.919581159898576e-24
1.9627494254847945e-24
2.0069610285383585e-24
2.0522392731776143e-24
2.0986080380563326e-24
2.1460917881503813e-24
2.1947155885355447e-24
2.2445051153920074e-24
2.2954866718462478e-24
2.3476871995971595e-24
2.4011342939214214e-24
2.455856218267899e-24
2.5118819184943305e-24
2.5692410387638875e-24
2.6279639358465318e-24
2.6880816964184556e-24
2.7496261525918434e-24
2.8126298995517507e-24
2.8771263110300464e-24
2.9431495587240645e-24
3.0107346299644846e-24
3.0799173459484047e-24
3.150734380307628e-24
3.2232232783702828e-24
3.2974224793109293e-24
3.373371334486783e-24
3.4511101284733924e-24
3.530680101482855e-24
3.612123470392068e-24
3.695483450714614e-24
3.780804284974624e-24
3.8681312575203335e-24
3.957510726471249e-24
4.048990142352836e-24
4.1426180800273924e-24
4.238444262310043e-24
4.3365195802640735e-24
4.436896134594159e-24
4.5396272463948445e-24
4.644767504829289e-24
4.752372777357408e-24
4.862500257905592e-24
4.975208483159576e-24
5.090557372173884e-24
5.208608260979124e-24
5.329423928731535e-24
5.4530686365103036e-24
5.579608162948094e-24
5.7091098355656414e-24
5.8416425741266686e-24
5.977276926243573e-24
6.116085096730792e-24
6.258141005166823e-24
6.403520314790159e-24
6.552300477843301e-24
6.704560771476915e-24
6.860382352167907e-24
7.019848299771779e-24
7.183043654616817e-24
7.350055476141759e-24
7.52097288428454e-24
7.69588711281809e-24
7.874891555818564e-24
8.058081836648645e-24
8.245555845334881e-24
8.437413786386012e-24
8.633758275748441e-24
8.834694357276375e-24
9.040329572954486e-24
9.250774056211668e-24
9.466140556392429e-24
9.686544511068999e-24
9.912104173913745e-24
1.0142940564058037e-23
1.0379177643331868e-23
1.0620942383246024e-23
1.0868364787864285e-23
