8.30465711453012e-24
8.398287103874443e-24
8.48745890875365e-24
8.572361176810143e-24
8.653173562950734e-24
8.730067100717667e-24
8.803204556907637e-24
8.87274076991357e-24
8.938822972299536e-24
9.001591098089303e-24
9.061178075282911e-24
9.117710104112355e-24
9.17130692148146e-24
9.222082052136848e-24
9.270143046976054e-24
9.315591708955865e-24
9.35852430706082e-24
9.399031778688077e-24
9.437199920861402e-24
9.473109570744442e-24
9.506836775591558e-24
9.538452952734297e-24
9.568025039692622e-24
9.595615634885118e-24
9.621283129080536e-24
9.645081827975331e-24
9.667062066049164e-24
9.687270311892015e-24
9.705749265461031e-24
9.722537947060443e-24
9.73767177858669e-24
9.751182656910794e-24
9.763099019815583e-24
9.773445904337672e-24
9.782244997784723e-24
9.789514681523385e-24
9.795270067456891e-24
9.79952302746488e-24
9.80228221570174e-24
9.803553083716587e-24
9.803337888677836e-24
9.801635694315321e-24
9.798442364840908e-24
9.793750551654003e-24
9.787549672876928e-24
9.779825885412586e-24
9.770562049692787e-24
9.7597376868985e-24
9.747328928299115e-24
9.733308456891964e-24
9.71764544087555e-24
9.700305458866933e-24
9.681250416609041e-24
9.660438454833088e-24
9.637823848132466e-24
9.613356894305132e-24
9.586983794082908e-24
9.558646520562702e-24
9.528282678236056e-24
9.495825350827895e-24
9.461202937775698e-24
9.424338978567438e-24
9.385151964522116e-24
9.343555137356069e-24
9.299456273467976e-24
9.252757454236411e-24
9.203354820198516e-24
9.151138309475223e-24
9.095991378680495e-24
9.037790705735542e-24
8.976405873640767e-24
8.911699033490722e-24
8.843524546444818e-24
8.771728602602141e-24
8.69614881540776e-24
8.616613790570051e-24
8.532942667962015e-24
8.444944633580221e-24
8.352418401902084e-24
8.255151664800147e-24
8.152920505864081e-24
8.04548877876441e-24
7.932607445787911e-24
7.814013876653974e-24
7.689431103747419e-24
7.558567032855616e-24
7.421113607586082e-24
7.276745925938599e-24
7.125121309491144e-24
6.965878325101161e-24
6.798635761914866e-24
6.62299156953608e-24
6.4385217668059404e-24
6.2447793372901426e-24
6.041293138228987e-24
5.8275668645558246e-24
5.603078138347324e-24
5.367277828054923e-24
5.1195897809887314e-24
4.859411258966012e-24
4.5861145792484974e-24
4.29905083529043e-24
3.997557285212309e-24
3.680971423016986e-24
3.348657766116281e-24
3.0000602523454944e-24
2.6348100972356096e-24
2.2529654596420167e-24
1.8556048106729053e-24
1.4465359157442446e-24
1.0383748422155732e-24
6.804589651674586e-25
5.64026103224894e-25
8.51326176807226e-25
1.3324846407462739e-24
1.8910224364222354e-24
2.4992947777117407e-24
3.1502906280949982e-24
3.842681318135723e-24
4.5772213319756726e-24
5.355648891880027e-24
6.1802887850882165e-24
7.05389571304889e-24
7.979594067379094e-24
8.960862093632978e-24
1.0001539556783178e-23
1.1105849968447782e-23
1.2278433441677464e-23
1.3524388733152773e-23
1.4849324183931812e-23
1.6259418118827352e-23
1.776148972783281e-23
1.9363082130769723e-23
2.107255950258586e-23
2.2899221112690522e-23
2.4853435365737129e-23
2.6946798135852356e-23
2.9192320590913245e-23
3.1604652689428413e-23
3.420035127330949e-23
3.699820241502426e-23
4.0019612144677764e-23
4.328908257978864e-23
4.683479623025613e-23
5.068933820960982e-23
5.489059582015067e-23
5.948288857878975e-23
6.451840083167066e-23
7.00590147468022e-23
7.617868221297763e-23
8.296652873130238e-23
9.053096588411377e-23
9.900521909710975e-23
1.0855486954089855e-22
1.1938832030007373e-22
1.3177160267293075e-22
1.460497624829212e-22
1.6267851381120618e-22
1.8227237405413134e-22
2.0568021191135514e-22
2.341081980103473e-22
2.6932868831511685e-22
3.140535784192023e-22
3.72643943987207e-22
4.525642973370014e-22
5.676552036984501e-22
7.464078932577401e-22
1.0559057845533582e-21
1.6745257987699286e-21
2.7940332457364923e-21
2.4169164834342602e-21
1.4891706020911494e-21
1.0331349820625885e-21
7.8992588557355985e-22
6.421337540177956e-22
5.43531975511361e-22
4.732580525501473e-22
4.2068761787963433e-22
3.7988213357419995e-22
3.4727479175073174e-22
3.205983777355906e-22
2.983444377189189e-22
2.79470984047436e-22
2.632352936029234e-22
2.490936700277472e-22
2.3663886229616803e-22
2.255596711755746e-22
2.1561404555391167e-22
2.0661074824789584e-22
1.9839651940627534e-22
1.9084694945271789e-22
1.8385982853126262e-22
1.773502767234777e-22
1.7124705353893754e-22
1.6548979100257568e-22
1.6002685328691193e-22
1.548136682079189e-22
1.498114307283807e-22
1.4498606349441453e-22
1.4030738423188236e-22
1.357484452225711e-22
