7.545977246758834e-24
7.304770706966683e-24
7.085941068953972e-24
6.889023026808442e-24
6.713597741073647e-24
6.559291951432533e-24
6.425777187524108e-24
6.312769075930731e-24
6.2200267413913476e-24
6.147352300429343e-24
6.094590445631395e-24
6.0616281189660766e-24
6.048394272745801e-24
6.05485971706982e-24
6.081037052934313e-24
6.1269806905470715e-24
6.192786952826267e-24
6.278594264340838e-24
6.384583426515839e-24
6.5109779800145255e-24
6.658044655711006e-24
6.826093915606775e-24
7.015480585373992e-24
7.226604580377416e-24
7.45991172666807e-24
7.71589467905447e-24
7.995093938083697e-24
8.298098967931031e-24
8.625549417166364e-24
8.978136445072706e-24
9.356604155206129e-24
9.76175113965411e-24
1.0194432135851512e-23
1.0655559800108527e-23
1.1146106599770653e-23
1.1667106828665486e-23
1.2219658749270245e-23
1.2804926864940712e-23
1.3424144327378187e-23
1.407861548345478e-23
1.4769718566092793e-23
1.5498908534566925e-23
1.6267720068467162e-23
1.7077770723096633e-23
1.7930764249881995e-23
1.882849408777742e-23
1.97728470365543e-23
2.0765807110534836e-23
2.180945958831981e-23
2.290599525941643e-23
2.4057714878436372e-23
2.526703383495228e-23
2.653648704396463e-23
2.78687340708451e-23
2.926656449301858e-23
3.073290351354942e-23
3.2270817830196516e-23
3.388352177752836e-23
3.557438374193462e-23
3.734693286875891e-23
3.9204866066101976e-23
4.115205532218197e-23
4.3192555339926526e-23
4.533061150566289e-23
4.7570668205088394e-23
4.9917377492983063e-23
5.237560812546771e-23
5.495045499033134e-23
5.764724891159568e-23
6.047156687659533e-23
6.342924266068067e-23
6.652637792429521e-23
6.976935369683679e-23
7.316484237231368e-23
7.67198201579883e-23
8.044157998351489e-23
8.433774494131547e-23
8.841628222026291e-23
9.268551754826714e-23
9.715415019424424e-23
1.0183126847980184e-22
1.0672636586190973e-22
1.1184935758571722e-22
1.1721059789365303e-22
1.2282089778185123e-22
1.2869154342476638e-22
1.348343150708248e-22
1.4126150661176824e-22
1.4798594573535456e-22
1.5502101458532405e-22
1.6238067109499356e-22
1.7007947086995438e-22
1.7813258953053234e-22
1.86555845809049e-22
1.9536572495573283e-22
2.04579402778611e-22
2.142147701453013e-22
2.2429045784947914e-22
2.3482586197331253e-22
2.458411695772285e-22
2.5735738467977303e-22
2.6939635439417696e-22
2.819807954612052e-22
2.9513432066961217e-22
3.0888146528385253e-22
3.23247713368959e-22
3.3825952438861635e-22
3.5394435844012163e-22
3.703307020511226e-22
3.8744809275381983e-22
4.0532714310249818e-22
4.239995637995303e-22
4.434981850347399e-22
4.63856977612124e-22
4.851110709884393e-22
5.07296770860041e-22
5.30451573672779e-22
5.546141782095041e-22
5.798244964275503e-22
6.061236588724125e-22
6.335540173797999e-22
6.621591451474069e-22
6.919838300543911e-22
7.230740654317594e-22
7.554770344995999e-22
7.892410896220456e-22
8.244157244066861e-22
8.610515407033388e-22
8.992002068231186e-22
9.389144079991442e-22
9.8024779092002e-22
1.0232548939653816e-21
1.06799107485217e-21
1.114512419989754e-21
1.162875653465198e-21
1.2131380217377273e-21
1.2653571776418577e-21
1.3195910459594816e-21
1.3758976797840511e-21
1.4343350969302468e-21
1.4949611127330265e-21
1.5578331491063087e-21
1.6230080302790895e-21
1.6905417727999081e-21
1.7604893540718073e-21
1.832904462082742e-21
1.9078392380393397e-21
1.985344004933431e-21
2.0654669791920307e-21
2.1482539671933917e-21
2.233748059054442e-21
2.321989303306693e-21
2.4130143733013005e-21
2.506856224129524e-21
2.6035437602378896e-21
2.70310145941658e-21
2.805549042498569e-21
2.910901107265087e-21
3.0191667986606373e-21
3.1303494272255318e-21
3.2444461689790443e-21
3.3614477216237688e-21
3.4813380223673596e-21
3.6040939368050245e-21
3.7296849763874504e-21
3.8580731222591766e-21
3.989212556226857e-21
4.12304950443609e-21
4.259522125283773e-21
4.398560334323195e-21
4.540085869881212e-21
4.684012157799894e-21
4.830244478696555e-21
4.978679893783282e-21
5.129207577675132e-21
5.281708865134187e-21
5.436057550372319e-21
5.592120239732997e-21
5.74975660220774e-21
5.9088198467604555e-21
6.069157171462161e-21
6.2306102285739236e-21
6.393015713893479e-21
6.556205864188044e-21
6.7200092380735346e-21
6.884251145069959e-21
7.04875446039195e-21
7.21334029625663e-21
7.377828602099775e-21
7.542039040164265e-21
7.70579153700233e-21
7.868906943705389e-21
8.031207904958584e-21
8.192519456903208e-21
8.352669436691251e-21
8.511489420734643e-21
8.668815002623033e-21
8.82448670306633e-21
8.978349654813458e-21
9.130255075486706e-21
9.280059844934208e-21
