6.461220361427216e-23
6.469134089519065e-23
6.4765881613963e-23
6.483598396318588e-23
6.490179670984821e-23
6.496345951187579e-23
6.502110321513432e-23
6.50748501304134e-23
6.512481429449652e-23
6.517110171128051e-23
6.521381057742991e-23
6.525303149054133e-23
6.528884764118243e-23
6.532133499002827e-23
6.535056242792635e-23
6.537659192274015e-23
6.539947864996815e-23
6.541927110969815e-23
6.54360112292536e-23
6.544973445116323e-23
6.546046980827783e-23
6.546823998466694e-23
6.54730613627496e-23
6.547494405700529e-23
6.547389193510583e-23
6.54699026244233e-23
6.546296750689889e-23
6.545307169744062e-23
6.544019401284837e-23
6.542430692403406e-23
6.540537649672476e-23
6.538336231609873e-23
6.535821740081263e-23
6.532988809904562e-23
6.529831397290201e-23
6.526342766697262e-23
6.52251547629579e-23
6.518341361669413e-23
6.513811518324564e-23
6.508916282104147e-23
6.503645208453073e-23
6.497987049619028e-23
6.491929730229815e-23
6.48546032107784e-23
6.478565011049422e-23
6.471229076919472e-23
6.463436851485161e-23
6.455171689264535e-23
6.446415930325538e-23
6.437150861680309e-23
6.427356676178639e-23
6.417012429696876e-23
6.406095994580409e-23
6.394584011767169e-23
6.382451839014062e-23
6.36967349694076e-23
6.356221611923678e-23
6.342067355322616e-23
6.327180380270012e-23
6.311528754367101e-23
6.295078888769364e-23
6.277795463677958e-23
6.259641349885552e-23
6.240577525816867e-23
6.220562990375448e-23
6.19955467126307e-23
6.177507328350638e-23
6.154373451361587e-23
6.130103153398914e-23
6.104644057599796e-23
6.077941178681238e-23
6.049936797424188e-23
6.020570329028228e-23
5.989778184991131e-23
5.957493626166854e-23
5.923646609307241e-23
5.888163624993298e-23
5.850967526619507e-23
5.811977350586794e-23
5.771108126610398e-23
5.728270678455557e-23
5.683371411567038e-23
5.636312092198484e-23
5.586989612389159e-23
5.53529574284085e-23
5.481116871762952e-23
5.424333728229816e-23
5.364821093272583e-23
5.302447490057498e-23
5.23707486040448e-23
5.168558221202188e-23
5.0967453004541793e-23
5.0214761545276286e-23
4.9425827599388545e-23
4.8598885834250896e-23
4.773208127786284e-23
4.6823464465371017e-23
4.5870986325295476e-23
4.487249276122453e-23
4.382571888525934e-23
4.272828289270532e-23
4.157767959093776e-23
4.037127348356318e-23
3.9106291454831815e-23
3.777981497421417e-23
3.638877182847271e-23
3.492992730722764e-23
3.3399874859937575e-23
3.1795026188224433e-23
3.011160072103057e-23
2.834561454328184e-23
2.649286876807234e-23
2.454893754605902e-23
2.2509155967777042e-23
2.0368608631229624e-23
1.8122120492447232e-23
1.5764254172252473e-23
1.3289325076961682e-23
1.0691470770822135e-23
7.9649205278348e-24
5.105309645228824e-24
2.122829193465987e-24
1.1791485815029784e-24
4.4355115716218374e-24
7.917621025220821e-24
1.1583952755814959e-23
1.5440090100321946e-23
1.9495370081483987e-23
2.3760452615752464e-23
2.824691529675277e-23
3.296717962247545e-23
3.7934524219191087e-23
4.316313033365622e-23
4.866814376020715e-23
5.446574804376687e-23
6.057324784691236e-23
6.70091619802641e-23
7.379332698606962e-23
8.094701206971774e-23
8.84930469898109e-23
9.64559639328236e-23
1.04862155686268e-22
1.137400520884256e-22
1.2312031707426507e-22
1.330360696026419e-22
1.4352313145025887e-22
1.5462030611761649e-22
1.6636969341165624e-22
1.7881704489178826e-22
1.9201216723646846e-22
2.060093809289261e-22
2.208680422692712e-22
2.366531417117514e-22
2.53435988654682e-22
2.712950016814685e-22
2.9031661876704483e-22
3.105963540122591e-22
3.3224002701225846e-22
3.5536519682252853e-22
3.801028485156309e-22
4.0659937347079085e-22
4.350189211347395e-22
4.655461889416569e-22
4.983897639103684e-22
5.337861396306597e-22
5.72004569366824e-22
6.13352980515341e-22
6.5818521399296475e-22
7.069099641809191e-22
7.600018908269751e-22
8.180155518162772e-22
8.816030366252894e-22
9.515364792692913e-22
1.0287371127781547e-21
1.114313224289371e-21
1.209610299316018e-21
1.3162782331297061e-21
1.436362768163568e-21
1.5724319530030847e-21
1.727754458710233e-21
1.9065561751061185e-21
2.1143983318070383e-21
2.358750160928442e-21
2.6498834518464e-21
3.0023207047864395e-21
3.437283881020707e-21
3.98704792840131e-21
4.7031808989469776e-21
5.673392972473331e-21
7.059581677923151e-21
9.195806195174434e-21
1.2890924856243262e-20
2.0637817160294315e-20
4.242290729596991e-20
4.934505541643356e-20
2.418736053319701e-20
1.5300201427686973e-20
1.1222817151894154e-20
8.918102633596264e-21
7.44294258374875e-21
6.419406251767494e-21
