1.451123276950867e-24
1.383538914348407e-24
1.3220617801436707e-24
1.2664668729009243e-24
1.2165338012679756e-24
1.1720437694138452e-24
1.1327767830540908e-24
1.0985092826171151e-24
1.069012408229414e-24
1.0440510686098417e-24
1.023383922159629e-24
1.006764290610972e-24
9.939419273896505e-25
9.846654720323808e-25
9.786853552983324e-25
9.757568881517826e-25
9.756432743709753e-25
9.781183256606945e-25
9.82968718574981e-25
9.899957010211348e-25
9.990162208680231e-25
1.0098635020428958e-24
1.0223871306614128e-24
1.0364527349595097e-24
1.0519413504126603e-24
1.0687485588557894e-24
1.0867834812957452e-24
1.1059676915516434e-24
1.1262341042688319e-24
1.1475258777992516e-24
1.1697953608664628e-24
1.1930031022454387e-24
1.2171169349385582e-24
1.2421111404068017e-24
1.2679656940638837e-24
1.2946655901825483e-24
1.3222002423414824e-24
1.3505629542982856e-24
1.379750455520968e-24
1.4097624953716445e-24
1.4406014899874204e-24
1.4722722161447875e-24
1.5047815467512526e-24
1.5381382230314202e-24
1.5723526589232287e-24
1.6074367736501585e-24
1.6434038488701641e-24
1.680268407216092e-24
1.7180461094135984e-24
1.7567536675129196e-24
1.7964087720819764e-24
1.837030031481718e-24
1.8786369215945655e-24
1.9212497445921917e-24
1.9648895955198082e-24
2.0095783356436023e-24
2.0553385716477706e-24
2.102193639899453e-24
2.150167595110345e-24
2.1992852028119943e-24
2.249571935151469e-24
2.3010539695823766e-24
2.3537581900879935e-24
2.407712190623171e-24
2.4629442805140118e-24
2.5194834915834134e-24
2.5773595868177244e-24
2.6366030704048394e-24
2.697245199006759e-24
2.759317994152299e-24
2.8228542556470108e-24
2.8878875759227438e-24
2.954452355248861e-24
3.0225838177587137e-24
3.092318028231986e-24
3.1636919096035425e-24
3.2367432611598073e-24
3.311510777400748e-24
3.388034067546657e-24
3.466353675673962e-24
3.546511101470408e-24
3.6285488215983276e-24
3.712510311665923e-24
3.7984400687996295e-24
3.886383634823891e-24
3.976387620043329e-24
4.0684997276361196e-24
4.162768778663962e-24
4.259244737703819e-24
4.357978739108809e-24
4.4590231139121454e-24
4.5624314173751254e-24
4.6682584572037726e-24
4.776560322430312e-24
4.887394412986152e-24
5.000819469967363e-24
5.116895606620339e-24
5.235684340044003e-24
5.3572486236427285e-24
5.481652880331109e-24
5.608963036515538e-24
5.7392465568625465e-24
5.872572479874442e-24
6.009011454291732e-24
6.148635776335231e-24
6.291519427809905e-24
6.437738115085489e-24
6.587369308983313e-24
6.740492285569208e-24
6.897188167896398e-24
7.05753996870406e-24
7.221632634088673e-24
7.389553088189678e-24
7.561390278886934e-24
7.737235224550676e-24
7.917181061857406e-24
8.101323094696175e-24
8.289758844193814e-24
8.482588099874105e-24
8.679912971981712e-24
8.881837945001869e-24
9.088469932382861e-24
9.299918332501688e-24
9.516295085904248e-24
9.737714733821123e-24
9.964294478018035e-24
1.01961542419835e-23
1.0433416733494917e-23
1.0676207508586184e-23
1.0924655036948891e-23
1.1178890768790693e-23
1.1439049203178864e-23
1.170526795791973e-23
1.1977687840964397e-23
1.2256452923412608e-23
1.254171061411539e-23
1.2833611735928023e-23
1.3132310603618887e-23
1.343796510350663e-23
1.3750736774798885e-23
1.407079089273254e-23
1.4398296553483955e-23
1.4733426760917237e-23
1.5076358515200504e-23
1.542727290330391e-23
1.578635519142362e-23
1.6153794919368663e-23
1.6529785996918307e-23
1.6914526802211913e-23
1.730822028216499e-23
1.771107405498144e-23
1.8123300514757246e-23
1.8545116938208043e-23
1.897674559357907e-23
1.9418413851707314e-23
1.9870354299321077e-23
2.0332804854550523e-23
2.0806008884696653e-23
2.12902153262716e-23
2.1785678807335992e-23
2.2292659772109893e-23
2.2811424607939227e-23
2.3342245774551744e-23
2.388540193566301e-23
2.444117809289585e-23
2.50098657220458e-23
2.5591762911654547e-23
2.6187174503898556e-23
2.67964122377553e-23
2.741979489445448e-23
2.805764844515905e-23
2.87103062008098e-23
2.9378108964176073e-23
3.0061405183923335e-23
3.0760551110764286e-23
3.1475910955515905e-23
3.220785704899943e-23
3.2956770003709487e-23
3.372303887705392e-23
3.4507061336121014e-23
3.5309243823705696e-23
3.613000172551604e-23
3.696975953826587e-23
3.78289510384764e-23
3.870801945171542e-23
3.9607417621931874e-23
4.052760818063094e-23
4.146906371543933e-23
4.243226693770069e-23
4.341771084855982e-23
4.44258989031122e-23
4.54573451718773e-23
4.651257449909383e-23
4.75921226569364e-23
4.869653649492084e-23
4.98263740834987e-23
5.0982204850796e-23
5.216460971126078e-23
5.33741811849671e-23
5.461152350591939e-23
5.587725271771719e-23
