3.711152422817675e-24
3.5731427383211724e-24
3.443035482704747e-24
3.320516606194112e-24
3.2052862209442004e-24
3.097057915103218e-24
2.995558100227393e-24
2.900525391469423e-24
2.81171002005508e-24
2.7288732776240645e-24
2.6517869920429486e-24
2.5802330342910747e-24
2.514002855974587e-24
2.452897056934106e-24
2.396724982280757e-24
2.34530434802903e-24
2.298460894295482e-24
2.256028064818236e-24
2.2178467113270322e-24
2.1837648210814893e-24
2.1536372657054615e-24
2.127325569295853e-24
2.1046976936858776e-24
2.0856278387047567e-24
2.069996255303601e-24
2.057689069509759e-24
2.0485981153216982e-24
2.0426207748578682e-24
2.039659824310181e-24
2.0396232845104273e-24
2.0424242751850964e-24
2.047980872228532e-24
2.0562159675635256e-24
2.0670571313649543e-24
2.0804364765916125e-24
2.0962905259059407e-24
2.114560081152378e-24
2.1351900956230992e-24
2.1581295493643347e-24
2.183331327777879e-24
2.2107521037474712e-24
2.2403522234893145e-24
2.2720955962802474e-24
2.3059495881716056e-24
2.341884919750515e-24
2.3798755679681247e-24
2.419898672015514e-24
2.4619344431979874e-24
2.5059660787340772e-24
2.5519796793868992e-24
2.599964170824698e-24
2.6499112286015038e-24
2.7018152066462282e-24
2.7556730691526572e-24
2.811484325763858e-24
2.8692509699555374e-24
2.9289774205270125e-24
2.9906704661186305e-24
3.0543392126817234e-24
3.119995033835598e-24
3.1876515240537096e-24
3.2573244546262585e-24
3.329031732354253e-24
3.402793360931967e-24
3.4786314049813105e-24
3.556569956703781e-24
3.636635105115857e-24
3.718854907838307e-24
3.803259365408501e-24
3.889880398086352e-24
3.978751825125287e-24
4.0699093464763935e-24
4.1633905268968956e-24
4.2592347824338585e-24
4.3574833692471386e-24
4.4581793747457145e-24
4.561367710999704e-24
4.667095110399169e-24
4.775410123523069e-24
4.8863631191886006e-24
5.000006286644371e-24
5.1163936398757335e-24
5.235581023988914e-24
5.357626123642504e-24
5.482588473490913e-24
5.61052947061368e-24
5.741512388896571e-24
5.875602395336144e-24
6.012866568243586e-24
6.153373917312367e-24
6.297195405536103e-24
6.444403972943678e-24
6.59507456213426e-24
6.749284145590012e-24
6.90711175475035e-24
7.068638510826051e-24
7.233947657343855e-24
7.403124594406963e-24
7.576256914653033e-24
7.75343444091457e-24
7.934749265558945e-24
8.120295791515856e-24
8.310170774972802e-24
8.504473369760483e-24
8.703305173398938e-24
8.906770274828003e-24
9.114975303829352e-24
9.328029482112978e-24
9.546044676119392e-24
9.769135451518465e-24
9.99741912941406e-24
1.0231015844301747e-23
1.047004860373797e-23
1.0714643349781059e-23
1.0964929022230465e-23
1.122103762361551e-23
1.1483104286045757e-23
1.175126733987831e-23
1.2025668384247106e-23
1.2306452359501033e-23
1.2593767621545684e-23
1.2887766018131544e-23
1.3188602967118826e-23
1.34964375367629e-23
1.3811432528045954e-23
1.4133754559040805e-23
1.4463574151468887e-23
1.4801065819338893e-23
1.5146408159799512e-23
1.549978394624771e-23
1.586138022370218e-23
1.623138840645084e-23
1.661000437811952e-23
1.6997428594133782e-23
1.7393866186639227e-23
1.7799527071909544e-23
1.8214626060318213e-23
1.8639382968965266e-23
1.9074022736911347e-23
1.9518775543172836e-23
1.997387692739824e-23
2.0439567913615658e-23
2.0916095136556954e-23
2.1403710971139604e-23
2.1902673664940505e-23
2.2413247473747594e-23
2.293570280013306e-23
2.3470316335499704e-23
2.401737120517593e-23
2.457715711677762e-23
2.5149970512476444e-23
2.5736114724220117e-23
2.6335900132716332e-23
2.6949644330160946e-23
2.7577672286686495e-23
2.822031652040642e-23
2.887791727121729e-23
2.955082267951067e-23
3.0239388967581845e-23
3.0943980625949927e-23
3.166497060390724e-23
3.240274050399949e-23
3.315768078133848e-23
3.393019094712187e-23
3.4720679776363817e-23
3.552956552117206e-23
3.6357276128249343e-23
3.720424946063709e-23
3.8070933526014736e-23
3.895778670817134e-23
3.9865278005920454e-23
4.0793887273285846e-23
4.1744105470048776e-23
4.2716434914571894e-23
4.3711389542029886e-23
4.472949517046798e-23
4.577128976955598e-23
4.683732373809719e-23
4.79281601866253e-23
4.904437522367373e-23
5.018655825255405e-23
5.1355312269437863e-23
5.2551254173488816e-23
5.377501507639419e-23
5.502724062755319e-23
5.630859133251613e-23
5.761974289534494e-23
5.896138655370288e-23
6.033422942448708e-23
6.173899486002148e-23
6.317642281422952e-23
6.464727019471902e-23
6.615231126028862e-23
6.769233798049934e-23
6.926816044199517e-23
7.088060724285784e-23
7.253052588031583e-23
7.42187831923247e-23
7.594626574747718e-23
7.77138802871591e-23
7.95225541658696e-23
