1.109654454026584e-24
1.0684082154071217e-24
1.0356448345988101e-24
1.0109392090250331e-24
9.93794785559966e-25
9.836514107175852e-25
9.79901620235026e-25
9.81912473825712e-25
9.890491916329944e-25
1.000697069091278e-24
1.0162791690847027e-24
1.0352686139600707e-24
1.057195472041352e-24
1.0816490105974168e-24
1.1082764401601194e-24
1.1367793050132615e-24
1.166908515579603e-24
1.1984587862637669e-24
1.2312630099082365e-24
1.2651869040400909e-24
1.3001241157628113e-24
1.335991868774815e-24
1.3727271688186806e-24
1.410283543805656e-24
1.4486282734726191e-24
1.4877400541011622e-24
1.5276070422710034e-24
1.568225223761671e-24
1.6095970588867472e-24
1.6517303608265374e-24
1.6946373693713283e-24
1.7383339878992826e-24
1.782839156382396e-24
1.8281743373907195e-24
1.8743630960259536e-24
1.921430757658896e-24
1.969404130168474e-24
2.018311279800069e-24
2.068181351074355e-24
2.1190444236160176e-24
2.1709313991387586e-24
2.2238739137320088e-24
2.2779042707489318e-24
2.3330553911211044e-24
2.3893607776653717e-24
2.446854491317021e-24
2.5055711369727977e-24
2.5655458572852024e-24
2.6268143332489844e-24
2.6894127899980393e-24
2.7533780071812924e-24
2.81874733300193e-24
2.885558701276933e-24
2.9538506509885123e-24
3.0236623477732947e-24
3.0950336071935583e-24
3.16800491930617e-24
3.2426174743682496e-24
3.318913189593023e-24
3.396934736416553e-24
3.4767255686971256e-24
3.5583299513030954e-24
3.641792989270699e-24
3.7271606572871084e-24
3.814479829580737e-24
3.903798310344525e-24
3.995164864096183e-24
4.0886292468717276e-24
4.184242237243852e-24
4.2820556680854775e-24
4.382122458212714e-24
4.484496644939203e-24
4.58923341643138e-24
4.696389144856163e-24
4.806021419547662e-24
4.918189081003072e-24
5.032952254779532e-24
5.1503723867350306e-24
5.270512277434488e-24
5.393436118368783e-24
5.519209527872281e-24
5.6478995881161104e-24
5.7795748820830145e-24
5.91430553144641e-24
6.0521632355026864e-24
6.193221310139723e-24
6.337554727621727e-24
6.485240157054566e-24
6.636356006054303e-24
6.790982462350062e-24
6.949201536632366e-24
7.111097107025072e-24
7.276754960891375e-24
7.446262843582628e-24
7.61971050230776e-24
7.797189732783585e-24
7.978794428753535e-24
8.164620628993738e-24
8.354766568866424e-24
8.549332730044204e-24
8.748421889901986e-24
8.952139179699462e-24
9.160592132969876e-24
9.373890742466499e-24
9.5921475167218e-24
9.815477534404409e-24
1.0043998504663399e-23
1.0277830825937079e-23
1.0517097643541025e-23
1.0761924915890222e-23
1.1012441470388551e-23
1.1268779073168256e-23
1.1531072489785325e-23
1.1799459556182416e-23
1.207408123737008e-23
1.2355081704427165e-23
1.2642608398959685e-23
1.2936812108798852e-23
1.3237847030607782e-23
1.3545870851958478e-23
1.3861044826849337e-23
1.4183533842967288e-23
1.4513506503160677e-23
1.485113520328652e-23
1.5196596217030053e-23
1.5550069761320746e-23
1.5911740093989365e-23
1.6281795585278072e-23
1.6660428815551833e-23
1.7047836633167405e-23
1.7444220269207986e-23
1.784978542152691e-23
1.826474230324643e-23
1.8689305796575678e-23
1.9123695481464418e-23
1.9568135769761428e-23
2.0022855957934464e-23
2.048809035655828e-23
2.09640783520078e-23
2.145106450912796e-23
2.1949298690886884e-23
2.2459036081096347e-23
2.298053735160411e-23
2.35140687094987e-23
2.4059902017323033e-23
2.461831486734516e-23
2.5189590670657777e-23
2.577401873554361e-23
2.6371894413673344e-23
2.698351911906177e-23
2.76092004395589e-23
2.8249252245546474e-23
2.890399469776183e-23
2.95737544606447e-23
3.0258864611315474e-23
3.0959664820808146e-23
3.1676501412175456e-23
3.240972741362833e-23
3.315970253074362e-23
3.392679337450834e-23
3.47113733516289e-23
3.5513822813487457e-23
3.633452897294362e-23
3.717388605170157e-23
3.803229519880663e-23
3.891016456026184e-23
3.98079091968392e-23
4.072595117014881e-23
4.1664719399848346e-23
4.2624649719490426e-23
4.360618468607338e-23
4.4609773706248256e-23
4.563587264983859e-23
4.6684944011309177e-23
4.775745656854793e-23
4.885388529406977e-23
4.9974711205852143e-23
5.1120421057728387e-23
5.229150722866885e-23
5.348846720589736e-23
5.471180335495235e-23
5.596202280177575e-23
5.723963689711421e-23
5.854516031085138e-23
5.98791111586464e-23
6.124201040320263e-23
6.263438079335753e-23
6.405674660483774e-23
6.550963287566522e-23
6.699356432754019e-23
6.850906457452477e-23
7.005665570101187e-23
7.163685629634457e-23
7.325018095496685e-23
7.489713914082177e-23
7.65782328525913e-23
7.829395643206687e-23
8.004479414885448e-23
8.183121860019772e-23
8.365368889328421e-23
8.551264885538081e-23
