2.4860654220715313e-10
2.4287312327142845e-10
2.395109421279783e-10
2.298820243148096e-10
2.2719652651060337e-10
2.1813233618487311e-10
2.1503376404483307e-10
2.0594682012510041e-10
2.0419905059286843e-10
1.9613443997052567e-10
1.9408679147209724e-10
1.887212938216922e-10
1.863713832246677e-10
1.8009043570616936e-10
1.7490428646033042e-10
1.7333279684057096e-10
1.6731872808145577e-10
1.6373821800804928e-10
1.6291263125527723e-10
1.563526012527313e-10
1.523769875477444e-10
1.484574503921407e-10
1.4691685952217076e-10
1.4256072451225026e-10
1.397985957271205e-10
1.351006245192941e-10
1.3361667231672794e-10
1.2823380681924383e-10
1.2723482777358498e-10
1.2288318240572858e-10
1.2006594691205785e-10
1.1670184925501518e-10
1.1345639350499943e-10
1.115475987697088e-10
1.0853166708461083e-10
1.0608276815592643e-10
1.0436191113803144e-10
1.0008786214690746e-10
9.787702507171245e-11
9.589241372177437e-11
9.299568656339213e-11
9.10354371636098e-11
8.857637023741221e-11
8.605575780348616e-11
8.367141400875526e-11
8.172142110760662e-11
7.985326844462951e-11
7.758628934605774e-11
7.56280697881148e-11
7.33030353100568e-11
7.222412821518048e-11
6.928178710632964e-11
6.807600422664067e-11
6.618114307965886e-11
6.436082157959298e-11
6.256234515888336e-11
6.098321405593442e-11
5.928648997662076e-11
5.752071215647535e-11
5.558751452016423e-11
5.4222931015504673e-11
5.2509381072174435e-11
5.118366524700342e-11
4.959597442399574e-11
4.835446751150469e-11
4.706953486500248e-11
4.5517478014330826e-11
4.407477995944944e-11
4.266610896193525e-11
4.178228942705202e-11
4.0257991429124864e-11
3.8903588802995576e-11
3.766423326731233e-11
3.667731052658901e-11
3.548412661841091e-11
3.42249734883841e-11
3.338518864124124e-11
3.215721187294829e-11
3.113754195750827e-11
3.0215243082398285e-11
2.9087854899694837e-11
2.8140382160556015e-11
2.71102390072681e-11
2.6195434880635655e-11
2.5402397176975038e-11
2.4553259985070424e-11
2.3580981152952983e-11
2.2858219824023938e-11
2.2046408685098715e-11
2.1223880696478934e-11
2.043164197040585e-11
1.975442040138753e-11
1.9039544333924346e-11
1.828865221844797e-11
1.7629561816554234e-11
1.7061741776257436e-11
1.6331330461730146e-11
1.5755704662809802e-11
1.5127607947679782e-11
1.4587071036967442e-11
1.4020291765659562e-11
1.3481558183118342e-11
1.2948353919900412e-11
1.2439127857683228e-11
1.1953495988893265e-11
1.1478066381478574e-11
1.1019198138016467e-11
1.0558969400022744e-11
1.0147541503428078e-11
9.728807341707999e-12
9.31551376309868e-12
8.949617233142524e-12
8.579571155978923e-12
8.23483498262049e-12
7.875252770686702e-12
7.543917819209026e-12
7.222303678123046e-12
6.915233871584841e-12
6.609530185792179e-12
6.33259617755965e-12
6.064657099876267e-12
5.800599099966854e-12
5.545686742208481e-12
5.292330577682774e-12
5.065885905554489e-12
4.838406997159715e-12
4.618884617618419e-12
4.407306980981296e-12
4.2143900352907385e-12
4.0192014243056e-12
3.8351612700310484e-12
3.658659440045045e-12
3.4892200248662924e-12
3.3268078372769734e-12
3.1708652120519644e-12
3.0196503229307335e-12
2.8784098762280142e-12
2.7424768303829586e-12
2.610867836946177e-12
2.484656757964289e-12
2.363802237484304e-12
2.2469779238441898e-12
2.137216409681866e-12
2.030214474527222e-12
1.9286968869078844e-12
1.8318510292333358e-12
1.738579893567152e-12
1.6501669258788958e-12
1.5638960304438702e-12
1.4831502876682949e-12
1.4046585287334849e-12
1.3307116936855904e-12
1.259043040059899e-12
1.1911989462128923e-12
1.1262120297512267e-12
1.0642729322674652e-12
1.0045908816334295e-12
9.480263380918528e-13
8.936199510924576e-13
8.41795105200556e-13
7.924196295291322e-13
7.452618112165242e-13
7.003546737451993e-13
6.573428773866704e-13
6.163556630622955e-13
5.773175662546756e-13
5.401095612932547e-13
5.046579268305252e-13
4.70863315867829e-13
4.3874507879876634e-13
4.081775458586206e-13
3.7909119145629555e-13
3.5141690211103117e-13
3.251885475806168e-13
3.0026787797485907e-13
2.766338912689569e-13
2.5419261523170404e-13
2.329805481453453e-13
2.128973978838902e-13
1.9391388987484114e-13
1.760210160709653e-13
1.5914868632834323e-13
1.4327390484648063e-13
1.2836382768255784e-13
1.1439066387288892e-13
1.0132449807457928e-13
8.914280559197393e-14
7.781475813106013e-14
6.732094763106913e-14
5.763958380529935e-14
4.8754592757688524e-14
4.0646526865799036e-14
3.3300553293603675e-14
2.670104674694962e-14
2.0837147056575046e-14
1.5697788827949003e-14
1.1273240909336081e-14
7.55635134264705e-15
4.541297203811123e-15
2.2240324302875378e-15
6.030036331431825e-16
