3.9144299189799165e-09
3.86612494432411e-09
3.866197891444298e-09
2.7444163235551822e-09
3.731541630141051e-09
1.145395558555984e-09
3.731541630143377e-09
3.731410457162434e-09
3.8661978914443004e-09
1.1404836239042645e-09
3.866124944324109e-09
3.91427849914303e-09
3.91427849914303e-09
3.914202793618815e-09
3.914278499145713e-09
3.9141270910202765e-09
1.1440953994727451e-09
3.731279292947274e-09
3.865833183020445e-09
2.694737029148438e-09
1.1440824778849797e-09
3.914051391349932e-09
3.865687318670432e-09
1.1403812397529432e-09
2.694631982673705e-09
1.1403620447623497e-09
2.744046514187018e-09
1.145227037966567e-09
3.8655414651892925e-09
3.865395622581001e-09
3.913900000798517e-09
1.1402724766454268e-09
3.730820287138121e-09
3.9134458993925234e-09
3.5346136859307e-09
1.1342096848464475e-09
3.865103969952289e-09
3.8649581599398275e-09
3.865249790834009e-09
2.6940718696405803e-09
3.913143223664592e-09
3.864812360790238e-09
3.912991903351848e-09
3.864812360790235e-09
1.1449030992456746e-09
3.73016475059319e-09
3.729902597243318e-09
3.8642292727863635e-09
3.864229272776019e-09
3.863937793925383e-09
3.91253801263447e-09
1.1446699768181456e-09
2.742716020125425e-09
3.911630547012269e-09
3.863209286716009e-09
1.1253919601498655e-09
1.1445016696521002e-09
2.6928124450533523e-09
3.728461379185551e-09
1.1443204711254879e-09
1.1443204711245703e-09
3.8621898322331616e-09
3.5322732693672334e-09
1.1392626068499261e-09
3.909665814877695e-09
2.6916939200146584e-09
3.909363723556528e-09
3.9090616789263375e-09
1.143777219629618e-09
3.860443431522079e-09
3.860152516348889e-09
3.530269385799719e-09
3.530937122770577e-09
3.906948672611106e-09
3.859570815905131e-09
3.905742265724706e-09
3.906043797596035e-09
3.72427475417224e-09
3.85724574425111e-09
3.905440780425425e-09
3.7227070717104596e-09
3.722445913211099e-09
3.854923437321166e-09
3.7214016271904835e-09
3.7208796928986255e-09
3.901525702509142e-09
1.1366884894951498e-09
3.852603890209625e-09
3.7193147243423897e-09
3.851445150086682e-09
1.1358753420484226e-09
3.7167092211929007e-09
3.8967179074421575e-09
3.7151475836823255e-09
1.139783404152947e-09
3.846817064955905e-09
1.1344044611602608e-09
3.7125476239565076e-09
1.133796929743429e-09
3.8919219469476276e-09
3.708913485287756e-09
3.5160775598382965e-09
3.515193935953411e-09
3.885346744763088e-09
3.512545430795374e-09
3.882365355296452e-09
3.88117408023707e-09
1.1350784158982491e-09
3.699083400797659e-09
1.132969100107673e-09
3.874635113358234e-09
3.5037426502827652e-09
3.823840446826884e-09
3.820987417726124e-09
3.819277617902195e-09
3.862212619109136e-09
2.7236749198130704e-09
3.813589185305421e-09
3.856325099902047e-09
3.807917466307874e-09
2.6998041983459968e-09
2.713158800405383e-09
3.6698882821585243e-09
1.1191122181675412e-09
2.7073515256047305e-09
3.78875766497479e-09
3.828313053129314e-09
3.7798070478820176e-09
3.6506673461560666e-09
3.772009464241966e-09
3.814459085485604e-09
3.806423812090451e-09
3.757612259391897e-09
3.798422320625352e-09
3.790454398497998e-09
3.787049798683389e-09
3.78025891437572e-09
3.4304783465090325e-09
2.6409625878285422e-09
2.593179515152708e-09
2.5874740869795423e-09
3.7043084897012303e-09
2.6213710492492177e-09
3.7246013921200113e-09
3.5621685299252024e-09
3.709309773484698e-09
3.5468625259599806e-09
3.689832651053032e-09
3.679100153499652e-09
3.51662447201756e-09
1.0699328647958683e-09
2.5179276491084865e-09
1.0625626955270528e-09
3.4758433580143057e-09
3.605685954307318e-09
3.587279162698678e-09
3.5751120202762187e-09
3.5590169745544134e-09
3.4057331847836964e-09
3.5213659041300505e-09
3.3742815514036686e-09
3.486424015384822e-09
2.444674589790216e-09
3.3197235891029117e-09
2.9909658960669994e-09
3.4038606910012767e-09
3.3747989134035396e-09
3.3462291871938016e-09
9.687909773203608e-10
9.637874373373875e-10
3.1611988615496357e-09
3.23662905008497e-09
3.0982776098589757e-09
3.072046522653826e-09
2.081898502305094e-09
3.0971465052974784e-09
2.9739980787175532e-09
2.1279855867183522e-09
2.9719798702395237e-09
8.553676100033336e-10
2.879951349609194e-09
2.7664795610644824e-09
2.7836149488784692e-09
2.726022915534425e-09
2.614663468903572e-09
2.613377340281138e-09
2.5501504693105277e-09
1.7373759909849922e-09
2.3760584644122384e-09
2.190138307558557e-09
2.2684265293267203e-09
2.1620627438958657e-09
1.4473318464460276e-09
5.923758833314797e-10
5.671066323316807e-10
1.7620688468444234e-09
1.7489970033191947e-09
1.1360492772591998e-09
4.4647693755632557e-10
1.411690438330822e-09
1.2643843489860036e-09
