2.6614651149169927e-24
2.4968243331142836e-24
2.3431651399947345e-24
2.199872064884401e-24
2.0663682005740272e-24
1.9421134153367414e-24
1.8266025810420134e-24
1.7193637992561004e-24
1.6199566048727066e-24
1.5279701250996798e-24
1.4430211710622954e-24
1.3647522405986439e-24
1.2928294147952297e-24
1.2269401383278072e-24
1.166790885386661e-24
1.1121047292093606e-24
1.062618853567668e-24
1.0180820674876944e-24
9.782524072715925e-25
9.428949286204601e-25
9.117798016735963e-25
8.846808187263992e-25
8.613744054266095e-25
8.416391913964726e-25
8.252561490076163e-25
8.1200925630001315e-25
8.016865905211634e-25
7.940817209969412e-25
7.88995250129319e-25
7.862363514527459e-25
7.856241719001109e-25
7.869889966161875e-25
7.901731121098384e-25
7.950313408341288e-25
8.014312524824178e-25
8.092530815330397e-25
8.183893960277425e-25
8.287445699298809e-25
8.402341122575726e-25
8.52783902453344e-25
8.663293749620926e-25
8.80814688252214e-25
8.961919056378157e-25
9.124202079439034e-25
9.294651517190292e-25
9.472979814528083e-25
9.658950001396363e-25
9.852369994077883e-25
1.0053087481883775e-24
1.0260985373502386e-24
1.0475977767589578e-24
1.0698006406559986e-24
1.092703757020381e-24
1.1163059365606114e-24
1.1406079371222654e-24
1.1656122595321027e-24
1.1913229711929617e-24
1.2177455540637886e-24
1.2448867739889852e-24
1.2727545686571095e-24
1.3013579517829348e-24
1.33070693138067e-24
1.36081244026809e-24
1.391686277164432e-24
1.4233410569688016e-24
1.455790168982382e-24
1.4890477420116751e-24
1.5231286154292797e-24
1.5580483154023292e-24
1.5938230356018447e-24
1.6304696218109492e-24
1.6680055599260888e-24
1.706448966920802e-24
1.7458185844049983e-24
1.786133774460767e-24
1.8274145174893765e-24
1.8696814118364323e-24
1.9129556749981034e-24
1.9572591462447786e-24
2.002614290516179e-24
2.049044203466834e-24
2.0965726175628893e-24
2.145223909133658e-24
2.195023106316207e-24
2.245995897816358e-24
2.29816864244485e-24
2.3515683793743818e-24
2.406222839088765e-24
2.462160454982055e-24
2.519410375591734e-24
2.578002477438806e-24
2.637967378455051e-24
2.699336451990231e-24
2.7621418413796594e-24
2.8264164750680317e-24
2.8921940822838656e-24
2.959509209253568e-24
3.0283972359591718e-24
3.098894393434337e-24
3.171037781597717e-24
3.2448653876288972e-24
3.320416104883538e-24
3.397729752354012e-24
3.4768470946810414e-24
3.557809862712884e-24
3.6406607746284734e-24
3.725443557625252e-24
3.812202970174116e-24
3.900984824853649e-24
3.991836011775296e-24
4.084804522596538e-24
4.179939475139992e-24
4.2772911386267216e-24
4.376910959526725e-24
4.478851588043759e-24
4.5831669052426054e-24
4.6899120508255704e-24
4.799143451578863e-24
4.910918850486776e-24
5.025297336539503e-24
5.142339375233356e-24
5.262106839788483e-24
5.38466304308278e-24
5.510072770332515e-24
5.6384023125114164e-24
5.769719500541556e-24
5.904093740260592e-24
6.041596048173379e-24
6.182299088005531e-24
6.326277208096205e-24
6.473606479602695e-24
6.624364735554323e-24
6.778631610791165e-24
6.936488582738304e-24
7.09801901312494e-24
7.263308190561707e-24
7.432443374083437e-24
7.605513837570269e-24
7.78261091520511e-24
7.963828047821582e-24
8.149260830247493e-24
8.339007059701162e-24
8.533166785130428e-24
8.731842357624695e-24
8.935138481806631e-24
9.143162268376173e-24
9.356023287611087e-24
9.573833623983298e-24
9.796707932001551e-24
1.0024763492849329e-23
1.0258120272545619e-23
1.0496900980812425e-23
1.0741231131375633e-23
1.0991239103380732e-23
1.1247056203690938e-23
1.1508816730851451e-23
1.1776658039601087e-23
1.2050720607042301e-23
1.2331148099757141e-23
1.2618087442217748e-23
1.2911688886231594e-23
1.3212106081509494e-23
1.351949614766114e-23
1.3834019747285345e-23
1.4155841159680115e-23
1.4485128356640077e-23
1.4822053078518997e-23
1.516679091183615e-23
1.5519521367646897e-23
1.5880427961366306e-23
1.6249698293185233e-23
1.6627524130164704e-23
1.7014101487754574e-23
1.7409630714328028e-23
1.781431657477786e-23
1.822836833547648e-23
1.8651999850559382e-23
1.9085429647659414e-23
1.9528881015509738e-23
1.998258209075781e-23
2.0446765945604583e-23
2.0921670677191115e-23
2.140753949310031e-23
2.1904620803088833e-23
2.2413168303386427e-23
2.2933441066763836e-23
2.34657036292803e-23
2.4010226075886234e-23
2.4567284127741272e-23
2.5137159224483405e-23
2.5720138611113954e-23
2.6316515413627525e-23
2.692658872605757e-23
2.755066368077189e-23
2.8189051529969626e-23
2.884206970995623e-23
2.951004191747317e-23
3.019329816648999e-23
3.089217486410741e-23
3.16070148372556e-23
3.2338167419538413e-23
