3.381139407482553e-24
3.377043633618377e-24
3.373182542355031e-24
3.3695430398173916e-24
3.366112914897919e-24
3.362880780214943e-24
3.3598360173731175e-24
3.356968726248792e-24
3.3542696780178826e-24
3.351730271678406e-24
3.3493424938339926e-24
3.347098881506902e-24
3.3449924877831474e-24
3.343016850092325e-24
3.341165960942063e-24
3.3394342409464786e-24
3.337816513986224e-24
3.336307984372716e-24
3.334904215862698e-24
3.333601112432398e-24
3.3323949006719676e-24
3.331282113719699e-24
3.330259576631928e-24
3.32932439311233e-24
3.3284739335177806e-24
3.327705824080163e-24
3.327017937269094e-24
3.3264083832630026e-24
3.325875502453023e-24
3.325417858969944e-24
3.325034235159161e-24
3.324723627018037e-24
3.3244852405238446e-24
3.324318488881508e-24
3.324222990639055e-24
3.32419856867632e-24
3.32424525007322e-24
3.324363266836828e-24
3.32455305753097e-24
3.324815269773747e-24
3.3251507636656274e-24
3.325560616136732e-24
3.326046126273934e-24
3.326608821644339e-24
3.327250465644531e-24
3.327973065966394e-24
3.328778884198239e-24
3.3296704466185905e-24
3.330650556295666e-24
3.3317223065241016e-24
3.332889095708124e-24
3.334154643789166e-24
3.335523010316636e-24
3.3369986142648636e-24
3.338586255773454e-24
3.340291139865089e-24
3.342118902390946e-24
3.344075638275787e-24
3.346167932321921e-24
3.348402892705454e-24
3.3507881874200095e-24
3.3533320838650694e-24
3.35604349182735e-24
3.3589320101999484e-24
3.36200797754826e-24
3.365282527045807e-24
3.36876764597125e-24
3.372476240140621e-24
3.3764222037047305e-24
3.3806204946975376e-24
3.385087216732095e-24
3.389839707326808e-24
3.3948966334351406e-24
3.40027809450095e-24
3.406005733767955e-24
3.412102858345122e-24
3.418594568608559e-24
3.425507897534845e-24
3.4328719606431234e-24
3.4407181173130416e-24
3.4490801438661596e-24
3.4579944193803175e-24
3.467500124771259e-24
3.477639455800597e-24
3.488457850782409e-24
3.500004233531178e-24
3.5123312720916944e-24
3.5254956540697504e-24
3.539558378584945e-24
3.5545850657026175e-24
3.570646283446775e-24
3.5878178923339955e-24
3.6061814078510825e-24
3.6258243806597764e-24
3.64684079383047e-24
3.669331477294912e-24
3.693404538009094e-24
3.7191758057908794e-24
3.746769292831627e-24
3.776317666051502e-24
3.807962730972121e-24
3.8418559244527995e-24
3.878158815673079e-24
3.917043612517558e-24
3.958693671979866e-24
4.003304012634319e-24
4.051081827349285e-24
4.102246995722297e-24
4.157032594170143e-24
4.2156854045379975e-24
4.278466421271892e-24
4.345651357961967e-24
4.4175311565865175e-24
4.494412501806523e-24
4.5766183448117824e-24
4.66448844362324e-24
4.758379924213829e-24
4.8586678720630446e-24
4.965745962261505e-24
5.0800271362801984e-24
5.201944337429148e-24
5.331951311459336e-24
5.4705234856334945e-24
5.618158931341568e-24
5.775379421296392e-24
5.942731585328238e-24
6.1207881698136446e-24
6.310149402923665e-24
6.511444464219578e-24
6.725333052033395e-24
6.952507043402778e-24
7.193692228580338e-24
7.449650102605251e-24
7.721179687130463e-24
8.009119348706732e-24
8.314348569169465e-24
8.637789612327241e-24
8.980409022916744e-24
9.343218871598161e-24
9.727277640884332e-24
1.0133690638528213e-23
1.0563609773087529e-23
1.1018232520273333e-23
1.1498799867748918e-23
1.2006592959721121e-23
1.2542928156855752e-23
1.3109150149739806e-23
1.3706622674285302e-23
1.433671641697535e-23
1.5000793479316217e-23
1.570018787130231e-23
1.6436181318356195e-23
1.720997370807484e-23
1.802264744034668e-23
1.887512502601905e-23
1.9768119346636583e-23
2.0702076082615436e-23
2.1677108364108398e-23
2.2692923820996562e-23
2.374874500848743e-23
2.4843225104636558e-23
2.5974361456346743e-23
2.7139411174549034e-23
2.833481400489475e-23
2.955612924470603e-23
3.0797994546323527e-23
3.2054115351186e-23
3.331729381404794e-23
3.457950486128218e-23
3.5832025368170555e-23
3.706561840147365e-23
3.82707696844535e-23
3.943796830006431e-23
4.05580167439386e-23
4.162235125265158e-23
4.262334965077034e-23
4.3554603183421085e-23
4.441113101392373e-23
4.518952172994426e-23
4.588799246365083e-23
4.650636586256363e-23
4.7045971760057543e-23
4.7509487026504165e-23
4.790073135856524e-23
4.8224438675561547e-23
4.848602096708537e-23
4.8691341190912106e-23
4.884650636331682e-23
4.895768895689263e-23
4.9030980158305536e-23
4.9072275778027304e-23
4.908719392041691e-23
4.9081019893955995e-23
4.9058675405475566e-23
4.9024707593690744e-23
4.8983292807596635e-23
4.8938252303083284e-23
4.889307607492684e-23
4.8850951419180334e-23
4.881479563633766e-23
4.878728949589936e-23
