2.3992854561316e-24
2.489337100057705e-24
2.574904208296591e-24
2.656145576105046e-24
2.7332154558079106e-24
2.8062627924901353e-24
2.875430739236631e-24
2.9408563649310776e-24
3.002670495779189e-24
3.0609976500967895e-24
3.1159560381200057e-24
3.1676576068634487e-24
3.2162081157294e-24
3.261707232531608e-24
3.304248642389261e-24
3.343920163944096e-24
3.38080386879541e-24
3.414976201095333e-24
3.446508095023502e-24
3.475465088426019e-24
3.501907431336494e-24
3.525890188411123e-24
3.5474633345520895e-24
3.566671843173967e-24
3.583555766707421e-24
3.5981503090325506e-24
3.610485889617265e-24
3.620588199191324e-24
3.628478246832737e-24
3.634172398371923e-24
3.6376824060466165e-24
3.6390154293581436e-24
3.638174047086381e-24
3.6351562604376935e-24
3.629955487306192e-24
3.622560547630984e-24
3.612955639846123e-24
3.601120308426033e-24
3.587029402540179e-24
3.5706530258532594e-24
3.5519564775198545e-24
3.53090018446744e-24
3.5074396250911535e-24
3.4815252445506844e-24
3.453102361933188e-24
3.422111069646997e-24
3.3884861255539526e-24
3.352156838522021e-24
3.313046948329717e-24
3.271074501170593e-24
3.226151722439985e-24
3.178184889067856e-24
3.127074204443593e-24
3.0727136800457613e-24
3.014991029361992e-24
2.9537875817096405e-24
2.8889782264147956e-24
2.8204314018347343e-24
2.748009149482117e-24
2.6715672619002503e-24
2.5909555653361986e-24
2.506018396853246e-24
2.416595363966447e-24
2.3225225192717008e-24
2.2236341533464253e-24
2.119765525067608e-24
2.010757043309359e-24
1.8964607518360384e-24
1.776750575629784e-24
1.6515389183262333e-24
1.520804405511885e-24
1.3846400828853257e-24
1.2433411439902123e-24
1.097573712396558e-24
9.487211886606702e-25
7.996468775529604e-25
6.564805147671474e-25
5.3277983762921125e-25
4.564773619812698e-25
4.647527160783985e-25
5.652744441582461e-25
7.302600801656387e-25
9.344267863597024e-25
1.164857644160089e-24
1.4157132439990617e-24
1.6843907759786677e-24
1.9697983547004528e-24
2.2716062385370546e-24
2.5899047364325352e-24
2.9250374858698426e-24
3.2775152970759326e-24
3.6479694922809726e-24
4.037125804010871e-24
4.445789573681382e-24
4.8748374791411845e-24
5.3252132166710295e-24
5.797925692155375e-24
6.294048882588796e-24
6.81472286781923e-24
7.361155728501604e-24
7.934626123655673e-24
8.536486433828667e-24
9.168166402078907e-24
9.831177235737663e-24
1.0527116152706308e-23
1.1257671371267587e-23
1.2024627553594479e-23
1.2829871722059315e-23
1.3675399675527628e-23
1.4563322939090258e-23
1.549587628766296e-23
1.6475425890627326e-23
1.7504478130569037e-23
1.858568915717357e-23
1.9721875245510217e-23
2.091602403414353e-23
2.217130673146307e-23
2.3491091386380044e-23
2.4878957332676934e-23
2.6338710929518987e-23
2.787440273665759e-23
2.949034627881756e-23
3.119113857351673e-23
3.298168262136626e-23
3.4867212086990565e-23
3.685331840781317e-23
3.8945980644801513e-23
4.115159837217131e-23
4.347702801236867e-23
4.592962300310679e-23
4.851727833648033e-23
5.124847996199182e-23
5.41323597838507e-23
5.717875689706764e-23
6.039828601827734e-23
6.380241402227147e-23
6.740354581848854e-23
7.121512083158511e-23
7.525172174870023e-23
7.9529197287955e-23
8.406480127256968e-23
8.887735041848279e-23
9.398740413346056e-23
9.941746941898347e-23
1.0519223599503128e-22
1.1133884585089165e-22
1.1788720421341456e-22
1.2487033852143094e-22
1.3232481611694099e-22
1.4029122903979252e-22
1.4881476168217677e-22
1.579458578320402e-22
1.677410054248745e-22
1.7826366708876946e-22
1.8958538729833178e-22
2.0178711359596334e-22
2.149607929372938e-22
2.2921128903493033e-22
2.4465872422069783e-22
2.614413432963081e-22
2.797190403427975e-22
2.996777251316696e-22
3.2153479866103246e-22
3.4554605368896626e-22
3.720143971280809e-22
4.0130112429438573e-22
4.338404325822214e-22
4.701583714233781e-22
5.10898274753149e-22
5.568538849451587e-22
6.09016725045785e-22
6.686323544650788e-22
7.372984427133261e-22
8.170764289717304e-22
9.106681594929383e-22
1.0216646941295998e-21
1.1548980699601067e-21
1.3169371999206621e-21
1.5167365287928608e-21
1.766325740071705e-21
2.080925504236954e-21
2.4762471952925027e-21
2.9562606155711294e-21
3.47819319620799e-21
3.900304205261029e-21
4.022315217795501e-21
3.8007665222282074e-21
3.4000374548705895e-21
2.98377882216147e-21
2.6216167869657634e-21
2.325082280875467e-21
2.0859507731786093e-21
1.8925556394415745e-21
1.7346221847356676e-21
1.6041092980791306e-21
1.4949522321197044e-21
1.4026098064332854e-21
1.3236694220078534e-21
1.2555398954343792e-21
1.196232564074133e-21
1.144202040643721e-21
