8.864710867665196e-24
8.76487800094129e-24
8.665918223454668e-24
8.567622441093029e-24
8.469783091220373e-24
8.372193712517574e-24
8.27464851850051e-24
8.176941973971965e-24
8.078868373694427e-24
7.980221422606961e-24
7.880793816946306e-24
7.780376825679318e-24
7.678759871703502e-24
7.575730112338108e-24
7.471072018701019e-24
7.364566953661648e-24
7.255992748173165e-24
7.14512327593399e-24
7.031728026510197e-24
6.915571677284293e-24
6.796413664898025e-24
6.674007757250111e-24
6.5481016276232004e-24
6.418436433197056e-24
6.284746401116524e-24
6.1467584265107606e-24
6.004191688538921e-24
5.856757292845171e-24
5.704157952035923e-24
5.546087720341899e-24
5.3822318051666846e-24
5.2122664877124835e-24
5.035859198923122e-24
4.852668818115819e-24
4.6623462941044166e-24
4.464535739464422e-24
4.258876230211859e-24
4.0450046776798635e-24
3.822560367641069e-24
3.591192162017376e-24
3.3505700871277264e-24
3.100404415919637e-24
2.8404781095697237e-24
2.5707042997651523e-24
2.291233589592785e-24
2.002667803758103e-24
1.706521606176605e-24
1.4063236045396612e-24
1.110567936127358e-24
8.415048775264075e-25
6.590828975478186e-25
6.693730062344115e-25
8.882501621236028e-25
1.2252863962559059e-24
1.6229419513190107e-24
2.0593331251667528e-24
2.526208323065913e-24
3.02033095485436e-24
3.540541487936909e-24
4.086656237718876e-24
4.6590050461200076e-24
5.258217228597224e-24
5.8851142663825295e-24
6.5406524871697636e-24
7.225890882542924e-24
7.94197234019303e-24
8.690112401901857e-24
9.471592424543452e-24
1.0287755408900868e-23
1.1140003491595033e-23
1.2029796496533659e-23
1.295865117080528e-23
1.392814086441458e-23
1.4939895494680343e-23
1.5995601686683212e-23
1.7097003013279752e-23
1.8245900279017822e-23
1.9444151806030395e-23
2.069367368921109e-23
2.1996439994295923e-23
2.3354482876845438e-23
2.4769892603248812e-23
2.6244817457174184e-23
2.7781463516602655e-23
2.938209428800686e-23
3.1049030185402296e-23
3.278464784310824e-23
3.459137925208486e-23
3.647171071080605e-23
3.842818158274161e-23
4.046338285380791e-23
4.2579955484432794e-23
4.478058855243154e-23
4.706801718448152e-23
4.9445020275820696e-23
5.191441799971407e-23
5.44790691103367e-23
5.714186804501872e-23
5.990574183412945e-23
6.277364682941494e-23
6.574856526422462e-23
6.883350166166703e-23
7.203147910951982e-23
7.534553542337022e-23
7.877871922213451e-23
8.233408594268406e-23
8.601469382273864e-23
8.982359988341807e-23
9.376385594485798e-23
9.78385047100092e-23
1.0205057595304014e-22
1.0640308284979978e-22
1.108990184882737e-22
1.1554135259689232e-22
1.2033302852824181e-22
1.2527696053446234e-22
1.3037603136916097e-22
1.3563309024827873e-22
1.4105095119985374e-22
1.4663239182889292e-22
1.5238015252013871e-22
1.5829693609680807e-22
1.6438540794876477e-22
1.706481966384229e-22
1.7708789498714442e-22
1.8370706163934583e-22
1.905082230955478e-22
1.9749387619980918e-22
2.0466649106150467e-22
2.1202851438511035e-22
2.1958237317707495e-22
2.2733047879298263e-22
2.352752312844266e-22
2.4341902399982794e-22
2.5176424839078895e-22
2.6031329897159617e-22
2.6906857837777347e-22
2.7803250246714353e-22
2.8720750540580236e-22
2.9659604468103965e-22
3.062006059826443e-22
3.160237078952242e-22
3.2606790634414504e-22
3.363357987404725e-22
3.4683002777046813e-22
3.5755328477883426e-22
3.6850831269612275e-22
3.796979084631501e-22
3.911249249090928e-22
4.0279227204048755e-22
4.147029177024075e-22
4.268598875744091e-22
4.392662644667932e-22
4.519251868837536e-22
4.648398468221148e-22
4.780134867754662e-22
4.914493959146178e-22
5.051509054150496e-22
5.191213829036257e-22
5.333642259950612e-22
5.478828548889312e-22
5.626807039967235e-22
5.777612125669875e-22
5.931278142750663e-22
6.087839257412147e-22
6.247329339394466e-22
6.409781824549546e-22
6.575229565482067e-22
6.743704669756527e-22
6.9152383251856125e-22
7.089860611641986e-22
7.267600298817346e-22
7.44848462929705e-22
7.6325390862987195e-22
7.819787145364012e-22
8.010250009249372e-22
8.203946325247476e-22
8.400891884093062e-22
8.601099299596824e-22
8.804577668088163e-22
9.011332206739475e-22
9.221363869764976e-22
9.434668941514833e-22
9.651238605380922e-22
9.871058487479345e-22
1.009410817398608e-21
1.0320360701018816e-21
1.054978201593921e-21
1.0782330408915047e-21
1.101795591360175e-21
1.1256599675801856e-21
1.1498193288914614e-21
1.1742658095069816e-21
1.1989904450821696e-21
1.223983095624916e-21
1.24923236464289e-21
1.274725514418243e-21
1.3004483773088948e-21
1.3263852629737075e-21
1.3525188614268931e-21
1.3788301418219228e-21
