7.740219278529247e-22
7.74050285319415e-22
7.740769041057919e-22
7.741018407117163e-22
7.741251480653921e-22
7.741468756359812e-22
7.741670695390436e-22
7.741857726343046e-22
7.742030246170685e-22
7.742188621023459e-22
7.742333187030851e-22
7.742464251011519e-22
7.7425820911292635e-22
7.742686957482841e-22
7.742779072637783e-22
7.742858632100862e-22
7.742925804732811e-22
7.742980733111488e-22
7.743023533831051e-22
7.743054297752945e-22
7.743073090197868e-22
7.743079951085012e-22
7.74307489501838e-22
7.743057911315566e-22
7.743028963989267e-22
7.742987991666225e-22
7.742934907463876e-22
7.742869598798591e-22
7.742791927155023e-22
7.742701727784876e-22
7.7425988093627055e-22
7.742482953578608e-22
7.742353914673886e-22
7.742211418921644e-22
7.742055164044426e-22
7.741884818572774e-22
7.741700021144368e-22
7.741500379732679e-22
7.741285470819959e-22
7.7410548384961505e-22
7.740807993489163e-22
7.74054441213097e-22
7.740263535243595e-22
7.739964766951369e-22
7.739647473418415e-22
7.7393109815019465e-22
7.73895457732374e-22
7.738577504754684e-22
7.738178963809764e-22
7.7377581089497335e-22
7.737314047286288e-22
7.7368458366850165e-22
7.73635248376902e-22
7.735832941803689e-22
7.735286108480214e-22
7.734710823571123e-22
7.73410586646772e-22
7.733469953589177e-22
7.732801735653045e-22
7.732099794814093e-22
7.7313626416502955e-22
7.730588711999193e-22
7.729776363636168e-22
7.728923872784403e-22
7.728029430455394e-22
7.727091138602042e-22
7.7261070060882875e-22
7.7250749444568385e-22
7.723992763490794e-22
7.722858166560127e-22
7.721668745736417e-22
7.720421976678802e-22
7.719115213264554e-22
7.717745681963199e-22
7.716310475938323e-22
7.71480654886672e-22
7.713230708459431e-22
7.711579609667308e-22
7.709849747569437e-22
7.70803744991127e-22
7.706138869290974e-22
7.704149974969871e-22
7.702066544291251e-22
7.699884153690148e-22
7.69759816927142e-22
7.695203736939622e-22
7.692695772056787e-22
7.690068948610066e-22
7.68731768785474e-22
7.684436146423927e-22
7.681418203867061e-22
7.67825744959354e-22
7.674947169194344e-22
7.671480330112915e-22
7.667849566629419e-22
7.664047164131725e-22
7.660065042630506e-22
7.655894739494724e-22
7.651527391355843e-22
7.646953715152088e-22
7.642163988261851e-22
7.637148027693377e-22
7.631895168272792e-22
7.62639423979152e-22
7.620633543056485e-22
7.614600824794096e-22
7.608283251348738e-22
7.6016673811189465e-22
7.594739135666795e-22
7.587483769439729e-22
7.579885838034027e-22
7.571929164924098e-22
7.563596806589962e-22
7.554871015955641e-22
7.545733204058432e-22
7.536163899862181e-22
7.526142708113054e-22
7.515648265148514e-22
7.504658192551551e-22
7.493149048542994e-22
7.481096276988908e-22
7.468474153905177e-22
7.455255731343574e-22
7.441412778495399e-22
7.426915719878188e-22
7.4117335704751935e-22
7.395833867614546e-22
7.379182599471985e-22
7.361744129966689e-22
7.343481119870898e-22
7.324354443938708e-22
7.304323103787357e-22
7.283344136359873e-22
7.261372517624082e-22
7.238361061316469e-22
7.214260312396149e-22
7.189018434848627e-22
7.162581093615911e-22
7.134891330108838e-22
7.105889431041944e-22
7.075512790121663e-22
7.043695761955261e-22
7.010369507945205e-22
6.975461833233854e-22
6.9388970143412565e-22
6.900595616617334e-22
6.860474300770224e-22
6.8184456175867e-22
6.774417789758475e-22
6.7282944797232715e-22
6.679974542446045e-22
6.629351760861052e-22
6.57631456370968e-22
6.520745722142907e-22
6.462522023989643e-22
6.401513922180348e-22
6.337585155347425e-22
6.270592334763579e-22
6.200384495000538e-22
6.126802602175747e-22
6.049679012254244e-22
5.9688368725899165e-22
5.884089455063139e-22
5.795239410168037e-22
5.702077923609451e-22
5.60438375683245e-22
5.501922146875118e-22
5.394443527339432e-22
5.281682034716478e-22
5.163353734209708e-22
5.039154494473774e-22
4.908757406500817e-22
4.771809602081546e-22
4.627928280005207e-22
4.476695665048186e-22
4.317652499925606e-22
4.1502895063480527e-22
3.9740359617852056e-22
3.788244116986619e-22
3.5921674618190097e-22
3.384929699797972e-22
3.165479268873357e-22
2.9325207080885222e-22
2.684407574952349e-22
2.418968863343115e-22
2.133214745511976e-22
1.8228103385551053e-22
1.481071191346312e-22
1.0968827778132639e-22
6.499202861102902e-23
9.928125228654554e-24
6.685957271208865e-23
2.0245431196594176e-22
6.941533521234712e-22
9.954053560148483e-22
2.532672774084668e-22
9.164983799628166e-23
2.4150345921492157e-24
7.106424942520655e-23
1.336068160414877e-22
1.9283622717875965e-22
