1.507956563757754e-24
1.4957001277230691e-24
1.4844361605910039e-24
1.4740906072406626e-24
1.4645940763208965e-24
1.455881668627861e-24
1.4478927948749116e-24
1.4405709855133434e-24
1.4338636951800814e-24
1.427722104123864e-24
1.4221009187876411e-24
1.4169581734429017e-24
1.4122550345599679e-24
1.4079556093188896e-24
1.404026759431262e-24
1.400437921218324e-24
1.397160932670895e-24
1.394169868025404e-24
1.3914408802329521e-24
1.3889520515259837e-24
1.3866832521834036e-24
1.3846160074816231e-24
1.3827333727175186e-24
1.381019816131986e-24
1.3794611095077702e-24
1.3780442261573979e-24
1.3767572459999749e-24
1.3755892673997025e-24
1.3745303254038083e-24
1.3735713160715195e-24
1.3727039264923345e-24
1.371920570187388e-24
1.3712143275344539e-24
1.370578890887228e-24
1.370008514073277e-24
1.3694979659732357e-24
1.3690424878696177e-24
1.3686377543157527e-24
1.3682798372522782e-24
1.3679651731161319e-24
1.3676905327378278e-24
1.3674529937919377e-24
1.3672499156107513e-24
1.3670789161685675e-24
1.366937851077511e-24
1.3668247944174329e-24
1.3667380212595136e-24
1.3666759917600048e-24
1.366637336668535e-24
1.36662084416291e-24
1.3666254478959446e-24
1.3666502161380987e-24
1.3666943419552403e-24
1.3667571343203404e-24
1.3668380100747725e-24
1.3669364867006963e-24
1.367052175811036e-24
1.3671847773072112e-24
1.367334074164835e-24
1.3674999277793074e-24
1.3676822738411533e-24
1.3678811186900755e-24
1.3680965361335758e-24
1.3683286646523729e-24
1.368577705026634e-24
1.3688439182790027e-24
1.3691276239953328e-24
1.369429198912193e-24
1.36974907582211e-24
1.3700877427506618e-24
1.370445742373998e-24
1.3708236716844117e-24
1.3712221818883327e-24
1.371641978526531e-24
1.3720838217706642e-24
1.3725485269555998e-24
1.3730369652594458e-24
1.3735500646259562e-24
1.3740888107755122e-24
1.3746542484729165e-24
1.3752474828957575e-24
1.3758696812113646e-24
1.3765220742722709e-24
1.3772059585122338e-24
1.3779226979330281e-24
1.3786737263403409e-24
1.3794605495928695e-24
1.3802847481551454e-24
1.3811479796967908e-24
1.3820519818613523e-24
1.382998575213323e-24
1.3839896663231379e-24
1.3850272509827568e-24
1.3861134175675716e-24
1.3872503506831968e-24
1.3884403347152125e-24
1.3896857577492002e-24
1.39098911561155e-24
1.3923530159214197e-24
1.3937801825339515e-24
1.3952734599553763e-24
1.3968358179743242e-24
1.3984703564824769e-24
1.4001803104801516e-24
1.4019690551265413e-24
1.4038401110429916e-24
1.405797149826632e-24
1.4078439996033032e-24
1.4099846507500021e-24
1.4122232619703142e-24
1.4145641662294268e-24
1.4170118770841809e-24
1.4195710950197178e-24
1.422246714026976e-24
1.4250438281777506e-24
1.4279677387247148e-24
1.4310239606589478e-24
1.4342182301641002e-24
1.4375565115831946e-24
1.4410450047079525e-24
1.444690152525472e-24
1.4484986483928328e-24
1.4524774436949257e-24
1.456633755988232e-24
1.4609750760136983e-24
1.4655091762178186e-24
1.470244118150186e-24
1.475188260915497e-24
1.4803502684302077e-24
1.4857391180150377e-24
1.4913641080972173e-24
1.497234866291345e-24
1.5033613572819874e-24
1.5097538910418637e-24
1.5164231303966161e-24
1.5233800992858325e-24
1.530636190633369e-24
1.5382031739693245e-24
1.546093203452154e-24
1.5543188257945049e-24
1.5628929880556538e-24
1.5718290450058803e-24
1.5811407672685957e-24
1.5908423494951555e-24
1.6009484180894598e-24
1.6114740384462701e-24
1.6224347240634098e-24
1.6338464446276865e-24
1.6457256332158971e-24
1.6580891977269724e-24
1.670954526766377e-24
1.68433950149892e-24
1.6982625048389798e-24
1.712742430594636e-24
1.7277986985869633e-24
1.743451258820697e-24
1.759720613325053e-24
1.776627824517786e-24
1.794194530061365e-24
1.8124429591497633e-24
1.8313959513827423e-24
1.8510769739538748e-24
1.8715101425047848e-24
1.892720243412327e-24
1.9147327564033706e-24
1.9375738837377506e-24
1.9612705764987866e-24
1.9858505678064484e-24
2.0113424030681986e-24
2.037775479467986e-24
2.0651800871802514e-24
2.0935874471953203e-24
2.123029765776785e-24
2.153540276492484e-24
2.185153302895041e-24
2.217904309001728e-24
2.25182997113267e-24
2.2869682389148193e-24
2.3233584150170575e-24
2.361041230906208e-24
2.400058927890904e-24
2.4404553567722715e-24
2.48227606921841e-24
2.5255684207048122e-24
2.5703816829893843e-24
2.616767169942139e-24
2.664778358955451e-24
2.7144710246417536e-24
2.7659033932693755e-24
2.8191362910420664e-24
2.87423331094772e-24
2.9312610000004573e-24
2.9902890401687372e-24
3.0513904476682382e-24
3.1146418035620958e-24
3.1801234689799066e-24
3.2479198581464435e-24
3.318119673072894e-24
3.3908162172223756e-24
3.4661076723716264e-24
3.544097459261479e-24
