1.0195409554218832e-21
1.0397510233900452e-21
1.0622035170667246e-21
1.0869463236087699e-21
1.1140322163397944e-21
1.1435189686582672e-21
1.1754694794733503e-21
1.2099519091881892e-21
1.2470398278686272e-21
1.28681237429567e-21
1.3293544279886489e-21
1.3747567930719211e-21
1.4231163960235438e-21
1.4745364951617869e-21
1.529126906271554e-21
1.5870042407893325e-21
1.6482921594480306e-21
1.71312164282184e-21
1.7816312753700635e-21
1.8539675486793825e-21
1.9302851810262317e-21
2.0107474560929195e-21
2.09552657906492e-21
2.1848040549397232e-21
2.278771085372439e-21
2.377628988636287e-21
2.4815896421485965e-21
2.5908759471421423e-21
2.7057223213488425e-21
2.8263752124126977e-21
2.953093645143928e-21
3.0861497907065052e-21
3.22582956895252e-21
3.3724332842311297e-21
3.526276285349996e-21
3.6876896702506765e-21
3.857021018885749e-21
4.0346351668895176e-21
4.220915015185347e-21
4.416262387180696e-21
4.621098922055429e-21
4.835867015921459e-21
5.061030811124569e-21
5.2970772295691944e-21
5.544517070372216e-21
5.80388614206945e-21
6.075746467508116e-21
6.360687541750043e-21
6.659327649126053e-21
6.972315245709682e-21
7.300330405930703e-21
7.64408634588954e-21
8.004331010174454e-21
8.381848730001524e-21
8.777461974648508e-21
9.192033158370151e-21
9.626466550270205e-21
1.0081710245057386e-20
1.0558758257622307e-20
1.1058652642977948e-20
1.1582485770117834e-20
1.2131402629699774e-20
1.270660327414519e-20
1.3309345308884431e-20
1.3940946478077957e-20
1.460278735118525e-20
1.5296314062138786e-20
1.602304112516316e-20
1.678455432366517e-20
1.7582513622344448e-20
1.8418656165800282e-20
1.9294799218050482e-20
2.021284318912003e-20
2.117477454902105e-20
2.2182668785352192e-20
2.323869311112275e-20
2.4345109160429575e-20
2.5504275444776672e-20
2.6718649594962944e-20
2.799079008079546e-20
2.932335768629105e-20
3.0719116515983555e-20
3.218093404172721e-20
3.37117807442582e-20
3.5314728506655514e-20
3.699294793327331e-20
3.8749704540871345e-20
4.0588352972201213e-20
4.25123297925792e-20
4.452514367811808e-20
4.663036346245864e-20
4.88316031202294e-20
5.113250366464368e-20
5.353671061169025e-20
5.60478484454855e-20
5.866948898829777e-20
6.140511587105841e-20
6.425808165132831e-20
6.72315603214349e-20
7.032849160927352e-20
7.35515187671791e-20
7.690291893499188e-20
8.03845255054233e-20
8.399764281157221e-20
8.774295436875129e-20
9.162042358752309e-20
9.562918808125136e-20
9.976745371181782e-20
1.0403238325886139e-19
1.084199868914693e-19
1.129250202144651e-19
1.1754088762022837e-19
1.2225955956009051e-19
1.270715135231977e-19
1.3196569462548598e-19
1.3692951044973757e-19
1.4194885767911044e-19
1.470081992150094e-19
1.5209067736667404e-19
1.5717827552075901e-19
1.6225203432149798e-19
1.6729230330885917e-19
1.7227904319469753e-19
1.7719214610874168e-19
1.8201178938683386e-19
1.8671879120940741e-19
1.9129496903576527e-19
1.9572345779968277e-19
1.9998903152013559e-19
2.0407834118095644e-19
2.0798011310830932e-19
2.1168529607247696e-19
2.1518711764227442e-19
2.18481103046843e-19
2.2156500876175326e-19
2.244387115982136e-19
2.271040681278698e-19
2.2956469725884473e-19
2.3182577472561897e-19
2.338938047323505e-19
2.3577639166041963e-19
2.3748199706000006e-19
2.3901966383288055e-19
2.40398943515661e-19
2.416295585928127e-19
2.4272132444090255e-19
2.436840506235102e-19
2.445272721466481e-19
2.452603102844525e-19
2.458920805143454e-19
2.464311541241475e-19
2.46885530525664e-19
2.472629420929203e-19
2.4757037030886453e-19
2.478145367006368e-19
2.480015086469468e-19
2.4813691445036823e-19
2.4822596456802155e-19
2.4827335392625153e-19
2.48283391235307e-19
2.4826007132947355e-19
2.482068530571416e-19
2.481269397475471e-19
2.4802320688879266e-19
2.4789810637947653e-19
2.4775404650097854e-19
2.4759286366175373e-19
2.4741657771875767e-19
2.472266229803352e-19
2.470243314469002e-19
2.468108241261469e-19
2.465872637985482e-19
2.4635453445683845e-19
2.461130043031316e-19
2.458636476283857e-19
2.4560681631215657e-19
2.4534287652080275e-19
2.4507193326386868e-19
2.447943792212287e-19
2.445102233015331e-19
2.4421946619854866e-19
2.439221923007608e-19
2.436181931089045e-19
2.433072127906688e-19
2.429890374043374e-19
2.426634260292173e-19
2.42330178075989e-19
2.41988775449151e-19
2.4163884470114375e-19
2.412797210117269e-19
2.409111170855378e-19
2.40532408386671e-19
2.4014338420896017e-19
2.397423659147082e-19
2.3932996991899254e-19
2.3890448018171254e-19
2.3846570949072717e-19
2.3801287489656613e-19
2.375448629119409e-19
2.370613082758391e-19
2.365605031090262e-19
