1.0519456308697657e-24
9.846251356503523e-25
9.552797142258287e-25
9.63777055680449e-25
1.0101399004531866e-24
1.0945416049754644e-24
1.2172702507837247e-24
1.3786893829423091e-24
1.5792166304751733e-24
1.8193215354365595e-24
2.0995335348683443e-24
2.420452003653371e-24
2.782754632300822e-24
3.1872034598679927e-24
3.6346490873572996e-24
4.126033785417226e-24
4.662394052949495e-24
5.244862985091388e-24
5.874672659773468e-24
6.553156657896323e-24
7.281752778092272e-24
8.062005977874706e-24
8.895571558114254e-24
9.7842186007434e-24
1.0729833666668349e-23
1.1734424760049975e-23
1.2800125565325351e-23
1.3929199964021342e-23
1.512404683929486e-23
1.6387205177081666e-23
1.7721359473687483e-23
1.912934546059787e-23
2.0614156158210395e-23
2.2178948271101396e-23
2.3827048938353056e-23
2.5561962853379503e-23
2.738737976861165e-23
2.9307182401348757e-23
3.132545475805376e-23
3.344649089536613e-23
3.567480413714825e-23
3.801513676795615e-23
4.047247022445172e-23
4.3052035807442794e-23
4.5759325938476914e-23
4.860010598618811e-23
5.158042668895787e-23
5.470663720186282e-23
5.798539879737626e-23
6.142369925085752e-23
6.502886794350286e-23
6.88085917171904e-23
7.277093151744403e-23
7.692433986272347e-23
8.127767918021076e-23
8.584024105049537e-23
9.062176640573752e-23
9.563246672833047e-23
1.0088304629962903e-22
1.0638472555092606e-22
1.121492655717074e-22
1.1818899383326023e-22
1.2451683118875833e-22
1.3114632021443221e-22
1.3809165495982575e-22
1.4536771217913578e-22
1.5299008411928036e-22
1.6097511294498333e-22
1.6933992688529393e-22
1.7810247819095856e-22
1.872815829970635e-22
1.9689696319071826e-22
2.069692903893337e-22
2.175202321411822e-22
2.2857250046642845e-22
2.401499028635269e-22
2.522773959137541e-22
2.6498114162350876e-22
2.7828856665445124e-22
2.9222842459750327e-22
3.068308614593472e-22
3.221274845380411e-22
3.3815143487690237e-22
3.549374634963801e-22
3.72522011617165e-22
3.909432950993887e-22
4.1024139334121402e-22
4.304583428894801e-22
4.516382360383109e-22
4.738273247039374e-22
4.970741298860431e-22
5.214295570457284e-22
5.46947017755933e-22
5.736825579910221e-22
6.016949934706052e-22
6.310460524768396e-22
6.618005266083717e-22
6.940264299633181e-22
7.277951672779365e-22
7.631817115805691e-22
8.002647919721145e-22
8.391270921757573e-22
8.798554605556602e-22
9.225411323458197e-22
9.672799649020122e-22
1.0141726868283748e-21
1.063325161911943e-21
1.114848668866168e-21
1.1688601979645586e-21
1.2254827656743873e-21
1.284845748675804e-21
1.3470852383712317e-21
1.4123444176248755e-21
1.4807739611065051e-21
1.5525324609368588e-21
1.6277868796209429e-21
1.7067130320673812e-21
1.789496098954964e-21
1.876331173671588e-21
1.9674238454553177e-21
2.062990821244693e-21
2.163260589574415e-21
2.2684741289784588e-21
2.378885665266525e-21
2.4947634806121726e-21
2.61639077885863e-21
2.7440666115471022e-21
2.878106868808625e-21
3.0188453412971835e-21
3.1666348572609464e-21
3.3218485020997334e-21
3.484880926078263e-21
3.656149747621211e-21
3.836097059090323e-21
4.025191043876267e-21
4.223927712764451e-21
4.432832770485117e-21
4.652463618507987e-21
4.8834115098592614e-21
5.1263038650685804e-21
5.381806756266756e-21
5.650627581277457e-21
5.933517932280904e-21
6.231276676263859e-21
6.544753260904644e-21
6.874851252120085e-21
7.222532131482107e-21
7.588819347048306e-21
7.97480264116555e-21
8.381642658909408e-21
8.810575835137862e-21
9.262919578271482e-21
9.740077726274142e-21
1.024354626288883e-20
1.0774919276258151e-20
1.1335895101262958e-20
1.1928282608261435e-20
1.2554007531101543e-20
1.3215118697920337e-20
1.3913794050126976e-20
1.465234619244681e-20
1.54332271893054e-20
1.6259032246841644e-20
1.713250184050845e-20
1.8056521596757442e-20
1.903411927061027e-20
2.0068457750966198e-20
2.1162822926144456e-20
2.2320605051098704e-20
2.3545271651078855e-20
2.4840329656876746e-20
2.6209274867545753e-20
2.7655524752560635e-20
2.918233185284157e-20
3.0792673949070516e-20
3.248911661739669e-20
3.42736447595076e-20
3.614745931816375e-20
3.811073665474952e-20
4.0162351544709647e-20
4.2299565099773825e-20
4.4517687225665506e-20
4.680972690983813e-20
4.916605307625501e-20
5.1574099837070433e-20
5.40181531646511e-20
5.647927411702135e-20
5.893540637343559e-20
6.136171873464717e-20
6.373121628760893e-20
6.601562827155252e-20
6.818654094766007e-20
7.02167088482839e-20
7.208142153291929e-20
7.375980404625675e-20
7.52358804864043e-20
7.649931114924292e-20
7.754569354578888e-20
7.837643843155627e-20
7.899824068672907e-20
7.942226238559854e-20
