3.080313093686866e-22
3.0803000193433947e-22
3.0802863288430035e-22
3.0802719931445607e-22
3.0802569818396264e-22
3.080241263085862e-22
3.080224803541544e-22
3.080207568292201e-22
3.080189520778867e-22
3.0801706227193027e-22
3.0801508340279023e-22
3.0801301127287588e-22
3.080108414868545e-22
3.080085694422291e-22
3.080061903195872e-22
3.0800369907242592e-22
3.080010904163476e-22
3.079983588179483e-22
3.0799549848303207e-22
3.0799250334433817e-22
3.0798936704863276e-22
3.0798608294326857e-22
3.0798264406213316e-22
3.079790431106678e-22
3.0797527245068147e-22
3.079713240838404e-22
3.079671896350124e-22
3.0796286033418485e-22
3.0795832699817804e-22
3.079535800108458e-22
3.07948609302985e-22
3.0794340433072824e-22
3.0793795405327237e-22
3.079322469095377e-22
3.079262707935035e-22
3.079200130285572e-22
3.079134603407481e-22
3.079065988303416e-22
3.0789941394262873e-22
3.0789189043689037e-22
3.0788401235408425e-22
3.078757629829678e-22
3.078671248247436e-22
3.078580795557981e-22
3.078486079889244e-22
3.078386900326179e-22
3.0782830464835774e-22
3.0781742980607267e-22
3.078060424373523e-22
3.0779411838650196e-22
3.0778163235935293e-22
3.077685578694567e-22
3.0775486718205617e-22
3.0774053125509044e-22
3.0772551967773255e-22
3.077098006056946e-22
3.0769334069378777e-22
3.076761050251178e-22
3.076580570368958e-22
3.0763915844309037e-22
3.0761936915298727e-22
3.0759864718616444e-22
3.0757694858343666e-22
3.0755422731349955e-22
3.075304351753999e-22
3.0750552169601666e-22
3.074794340231017e-22
3.0745211681310856e-22
3.074235121136454e-22
3.073935592405908e-22
3.0736219464908786e-22
3.07329351798967e-22
3.0729496101322543e-22
3.0725894933027437e-22
3.072212403490447e-22
3.071817540667353e-22
3.071404067090704e-22
3.070971105522915e-22
3.0705177373710196e-22
3.0700430007349643e-22
3.0695458883652793e-22
3.069025345525196e-22
3.0684802677497676e-22
3.067909498501545e-22
3.067311826712775e-22
3.0666859842153195e-22
3.0660306430450365e-22
3.0653444126230424e-22
3.0646258367997115e-22
3.063873390762473e-22
3.063085477796503e-22
3.0622604258907866e-22
3.0613964841862076e-22
3.060491819254741e-22
3.0595445112030014e-22
3.058552549591364e-22
3.0575138291593907e-22
3.0564261453531756e-22
3.055287189634802e-22
3.054094544576139e-22
3.05284567871628e-22
3.0515379411785458e-22
3.0501685560313055e-22
3.048734616382462e-22
3.047233078194481e-22
3.0456607538066175e-22
3.044014305150472e-22
3.0422902366443863e-22
3.040484887750703e-22
3.038594425181815e-22
3.0366148347353197e-22
3.0345419127433213e-22
3.032371257114805e-22
3.0300982579558316e-22
3.027718087741824e-22
3.0252256910260304e-22
3.0226157736574353e-22
3.01988279148751e-22
3.017020938541549e-22
3.0140241346254195e-22
3.0108860123461835e-22
3.0075999035124253e-22
3.0041588248898856e-22
3.000555463278414e-22
2.9967821598772005e-22
2.9928308939053784e-22
2.988693265444092e-22
2.9843604774569406e-22
2.9798233169539667e-22
2.975072135255697e-22
2.970096827315236e-22
2.9648868100497444e-22
2.9594309996366237e-22
2.953717787721902e-22
2.9477350164886967e-22
2.941469952530063e-22
2.9349092594671983e-22
2.928038969253723e-22
2.9208444520978056e-22
2.913310384938859e-22
2.9054207184038637e-22
2.8971586421713886e-22
2.8885065486609323e-22
2.8794459949691665e-22
2.869957662963301e-22
2.860021317439244e-22
2.849615762250405e-22
2.838718794303829e-22
2.8273071553176017e-22
2.8153564812262475e-22
2.8028412491150764e-22
2.789734721560606e-22
2.776008888241161e-22
2.7616344046840634e-22
2.746580527995906e-22
2.73081504942695e-22
2.7143042236030327e-22
2.697012694253419e-22
2.678903416250947e-22
2.6599375737718873e-22
2.6400744943736377e-22
2.6192715587696594e-22
2.5974841060783827e-22
2.5746653342992707e-22
2.5507661957628425e-22
2.5257352872803588e-22
2.499518734704839e-22
2.4720600715974258e-22
2.443300111672436e-22
2.413176814675549e-22
2.3816251453253334e-22
2.3485769249269303e-22
2.3139606752400027e-22
2.27770145415443e-22
2.2397206826982776e-22
2.1999359628721e-22
2.158260885765696e-22
2.114604829380841e-22
2.068872745534857e-22
2.0209649351929033e-22
1.970776811512778e-22
1.9181986498525111e-22
1.863115323936433e-22
1.8054060273250304e-22
1.7449439792891095e-22
1.6815961141476763e-22
1.615222753103316e-22
1.545677257614877e-22
1.4728056634100417e-22
1.396446294410157e-22
1.3164293562219952e-22
1.2325765096415623e-22
1.144700426244175e-22
1.0526043315499685e-22
9.560815487331505e-23
8.549150732215551e-23
7.488772524651248e-23
6.377297690691723e-23
5.2122453080249783e-23
3.9910770406604374e-23
2.711382045884305e-23
