1.4585641242629563e-24
1.4091167422367455e-24
1.3624465292815198e-24
1.3184337957779833e-24
1.2769629059457435e-24
1.237922011490328e-24
1.2012028102046513e-24
1.166700330766387e-24
1.1343127447220956e-24
1.103941206188586e-24
1.0754897193894859e-24
1.0488650335351104e-24
1.0239765640205178e-24
1.0007363382805917e-24
9.790589640946754e-25
9.58861617599973e-25
9.400640478600447e-25
9.225885945030566e-25
9.06360214785845e-25
8.913065163972335e-25
8.773577923756355e-25
8.644470548225156e-25
8.525100643586948e-25
8.414853527657914e-25
8.313142367016118e-25
8.219408209403452e-25
8.133119900851563e-25
8.053773882484484e-25
7.980893865943734e-25
7.914030391519455e-25
7.852760275183327e-25
7.796685954557571e-25
7.745434745267672e-25
7.698658020281471e-25
7.656030326142359e-25
7.617248449447528e-25
7.582030446978608e-25
7.550114652287924e-25
7.521258670171029e-25
7.495238370078348e-25
7.4718468875820665e-25
7.450893642073285e-25
7.432203377860833e-25
7.415615234064776e-25
7.400981848091923e-25
7.388168496126563e-25
7.37705227319543e-25
7.367521314723943e-25
7.359474060339516e-25
7.352818560652102e-25
7.347471826483437e-25
7.343359220517198e-25
7.340413889890575e-25
7.338576239102202e-25
7.33779344139647e-25
7.338018987360584e-25
7.339212269072466e-25
7.341338197923695e-25
7.344366854654611e-25
7.348273169392973e-25
7.353036630625187e-25
7.358641020690313e-25
7.365074176786768e-25
7.372327775432015e-25
7.380397139021865e-25
7.389281062997902e-25
7.398981662429073e-25
7.409504236194809e-25
7.42085714814116e-25
7.433051723195547e-25
7.446102158451663e-25
7.460025446743933e-25
7.474841313028037e-25
7.490572161616296e-25
7.507243033788547e-25
7.524881574980488e-25
7.543518010165217e-25
7.563185127170413e-25
7.583918267065805e-25
7.605755320188819e-25
7.628736728110412e-25
7.652905489383116e-25
7.67830717024535e-25
7.7049899174833645e-25
7.7330044737479e-25
7.762404195454473e-25
7.793245070007859e-25
7.825585734522415e-25
7.859487493550251e-25
7.895014334905846e-25
7.932232944543088e-25
7.97121271778817e-25
8.012025767687554e-25
8.054746928904392e-25
8.0994537573641845e-25
8.14622652376703e-25
8.195148201948751e-25
8.246304451043299e-25
8.29978358926955e-25
8.35567656282172e-25
8.41407690504599e-25
8.475080689374968e-25
8.538786474564867e-25
8.605295241296946e-25
8.67471032235149e-25
8.747137324079322e-25
8.822684043003156e-25
8.901460374711838e-25
8.983578218193131e-25
9.069151374330325e-25
9.158295441935214e-25
9.251127710059383e-25
9.347767049769067e-25
9.44833380420795e-25
9.552949682687368e-25
9.66173765287341e-25
9.774821841587462e-25
9.892327436666932e-25
1.0014380601210104e-24
1.0141108387736373e-24
1.027263867146209e-24
1.04091000868056e-24
1.0550621978298738e-24
1.0697334366870304e-24
1.0849367925331202e-24
1.1006853971436527e-24
1.1169924475599681e-24
1.1338712080154323e-24
1.1513350143868645e-24
1.1693972789530795e-24
1.1880714973988865e-24
1.20737125739061e-24
1.2273102485699677e-24
1.247902273494028e-24
1.2691612604444123e-24
1.2911012774356302e-24
1.3137365472049775e-24
1.3370814635861573e-24
1.3611506083234693e-24
1.3859587694915157e-24
1.4115209605313038e-24
1.4378524392381831e-24
1.4649687294541618e-24
1.492885639888935e-24
1.521619287123847e-24
1.5511861169155276e-24
1.5816029258719918e-24
1.6128868836005373e-24
1.6450555564920621e-24
1.6781269304554577e-24
1.7121194321806805e-24
1.74705195403408e-24
1.7829438778599558e-24
1.8198150968070798e-24
1.857686041488495e-24
1.8965777016550985e-24
1.9365116530829644e-24
1.977510079419067e-24
2.019595800535924e-24
2.062792294255852e-24
2.1071237254780063e-24
2.1526149714137753e-24
2.199291647843995e-24
2.2471801395217123e-24
2.296307625127859e-24
2.3467021105880767e-24
2.3983924565997376e-24
2.451408414550537e-24
2.5057806541223637e-24
2.561540800149061e-24
2.6187214705409453e-24
2.6773563102549434e-24
2.7374800335170978e-24
2.7991284646300756e-24
2.86233857991712e-24
2.9271485522216785e-24
2.99359780631223e-24
3.061727060654065e-24
3.131578389164676e-24
3.2031952762347014e-24
3.276622670058999e-24
3.351907062519752e-24
3.429096541335974e-24
3.508240874712525e-24
3.589391588653533e-24
3.672602039229083e-24
3.757927508056355e-24
3.845425306816266e-24
3.935154858922338e-24
4.027177812371484e-24
4.1215581744873184e-24
4.218362407563584e-24
4.317659574959876e-24
4.419521498157653e-24
4.5240228686936126e-24
4.631241463561823e-24
4.7412582760810316e-24
4.854157730907369e-24
4.970027876618113e-24
5.088960623917912e-24
5.211051954066063e-24
