3.86612494432411e-09
3.866197891446887e-09
3.731476042558002e-09
2.761433539478036e-09
3.866124944324111e-09
1.1404708248842945e-09
3.731410457164758e-09
3.866051999919454e-09
3.865979058235347e-09
1.144095399472746e-09
3.914127091020274e-09
3.7312137141181755e-09
3.865906119266474e-09
3.865833183017856e-09
3.914051391355302e-09
3.865833183015267e-09
1.1452788851733104e-09
3.731082563030369e-09
3.731082563035025e-09
2.7440465141870185e-09
1.1403492484590966e-09
3.913824309911737e-09
3.731016990776114e-09
1.1451881556414554e-09
2.6944569229580696e-09
1.14025968234358e-09
2.7438986181697418e-09
1.1438822305478417e-09
3.865249790834008e-09
3.730689162325048e-09
3.5346136859346544e-09
1.1450715245063849e-09
3.913143223664588e-09
3.864958159939826e-09
3.912991903346482e-09
1.1449678723279758e-09
3.864812360790234e-09
3.9128405947417035e-09
3.912689297838148e-09
2.7431593756588693e-09
3.864229272781192e-09
3.729771533688119e-09
3.86422927278636e-09
3.9120842271983596e-09
1.1434690381180934e-09
3.91178176205057e-09
3.911630547012267e-09
3.8635006570396416e-09
3.9114793436643474e-09
3.86335496645814e-09
3.8629179597864275e-09
1.1431851412522416e-09
2.758948949497393e-09
3.862481050729802e-09
3.862626676230992e-09
1.1429400708942437e-09
1.1429142801206257e-09
2.741239196374797e-09
3.727413884924492e-09
1.14390651843291e-09
1.1390072260781442e-09
3.5311597515795303e-09
3.726366949617555e-09
1.1436220996434548e-09
3.860152516348889e-09
2.7399114056671702e-09
3.907552155568622e-09
3.3017783726911702e-09
1.132273814307132e-09
3.3014142143580916e-09
3.858117321858152e-09
3.7240133866671076e-09
3.904837949403612e-09
3.527822933351427e-09
3.7227070717289905e-09
3.5267119041928663e-09
3.903030572433575e-09
3.902729505562782e-09
3.853763319078825e-09
3.853473397273843e-09
3.720357897707239e-09
3.852603890230182e-09
3.8997213897264415e-09
3.7177510060922814e-09
3.850287098124927e-09
3.89731823373563e-09
1.1400916064340336e-09
3.847973056142858e-09
3.71462731492345e-09
3.7135871927562033e-09
1.1378049506718204e-09
3.710989307517129e-09
3.890724800856788e-09
3.842199951442795e-09
1.1365283647667442e-09
3.707876401664744e-09
1.1261823676137965e-09
3.7058038874223372e-09
1.1349493668550814e-09
3.834146287623146e-09
3.833572301722085e-09
3.6995995384524625e-09
3.8295591482170894e-09
3.875228654286003e-09
3.6954742676771814e-09
3.5024256168897097e-09
3.868709688795637e-09
1.1267066711547334e-09
3.863982382061052e-09
1.130008158981888e-09
3.812453506772214e-09
3.809050476527627e-09
3.807917466307872e-09
3.6770183159356064e-09
3.802262388282236e-09
3.844603746990159e-09
2.6467373260219e-09
3.79212495290105e-09
3.78875766497479e-09
3.658736960478162e-09
2.684425982341402e-09
2.6804674227428677e-09
3.464611669211968e-09
1.115901749233763e-09
2.671462721155743e-09
3.759820141126841e-09
3.754305237078519e-09
3.6246736694603363e-09
3.783651309468081e-09
3.780258914415808e-09
3.732404583380278e-09
3.6049173661200263e-09
3.7611496662287644e-09
3.75668141596351e-09
3.7064548745401964e-09
3.6957474682962146e-09
3.7322945787948275e-09
3.564090652114342e-09
2.5633702076943324e-09
2.556274958566768e-09
2.5477107578392687e-09
3.6833856516338578e-09
2.3891843537743506e-09
3.509141813334633e-09
3.6493786287825944e-09
3.6346972205643422e-09
3.475843358014305e-09
3.463056731517725e-09
3.4503598669369937e-09
3.579158553328456e-09
1.0429375270115775e-09
2.5017298907419412e-09
1.0292957579051772e-09
3.5115897633429185e-09
3.360481317198257e-09
3.474930309720475e-09
3.4502854139092412e-09
3.4297034510908946e-09
3.4038606908712832e-09
3.382017734598137e-09
3.358668700977722e-09
3.215547188038706e-09
2.2898859531528053e-09
3.2768772869187684e-09
2.8714314174580996e-09
3.2136042499067865e-09
3.0807423690321183e-09
3.049088067524998e-09
9.099817501779134e-10
8.964887343244754e-10
2.9444239523751177e-09
2.9075995126578135e-09
2.866594686483496e-09
2.9064214907460948e-09
1.9854146631384516e-09
2.7315327463458457e-09
2.5156623568339304e-09
1.9026393392771607e-09
2.427180336093594e-09
7.525779940104124e-10
2.4594228278405984e-09
2.443729970536118e-09
2.0566450582207273e-09
2.2688936114325467e-09
2.0948782211561318e-09
2.028991234502542e-09
1.9576564054977204e-09
1.360037102147011e-09
1.8607743430405514e-09
1.7845296737642982e-09
1.6326048417194607e-09
1.5810932909906232e-09
1.0401929545699589e-09
3.9525356055550947e-10
3.600375222893694e-10
1.092799567111057e-09
9.735796126142954e-10
5.778158172771347e-10
1.9961873476251128e-10
5.235890502380888e-10
3.5364507218786126e-10
