2.116652373484692e-24
2.1106940796321176e-24
2.1051451282257262e-24
2.0999764756936226e-24
2.095161219768936e-24
2.0906744507779467e-24
2.0864931117098652e-24
2.0825958668258304e-24
2.078962978525842e-24
2.0755761921607148e-24
2.0724186284522773e-24
2.0694746831715985e-24
2.0667299337150064e-24
2.06417105221549e-24
2.0617857248275722e-24
2.0595625768292353e-24
2.0574911031918983e-24
2.0555616042800514e-24
2.0537651263538714e-24
2.0520934065613475e-24
2.0505388221206724e-24
2.0490943434084172e-24
2.0477534906838004e-24
2.0465102941944396e-24
2.045359257424037e-24
2.0442953232568726e-24
2.04331384284831e-24
2.042410547004381e-24
2.0415815198865625e-24
2.040823174870747e-24
2.0401322324012527e-24
2.0395056996923384e-24
2.0389408521404535e-24
2.038435216320482e-24
2.0379865544491675e-24
2.0375928502075703e-24
2.0372522958229494e-24
2.0369632803185408e-24
2.0367243788465274e-24
2.0365343430270038e-24
2.0363920922215763e-24
2.036296705676429e-24
2.0362474154751265e-24
2.036243600246541e-24
2.036284779578118e-24
2.0363706090888092e-24
2.0365008761205782e-24
2.0366754960106453e-24
2.0368945089104658e-24
2.0371580771206883e-24
2.037466482914053e-24
2.0378201268214276e-24
2.038219526358337e-24
2.038665315172102e-24
2.0391582425916195e-24
2.039699173564122e-24
2.0402890889650866e-24
2.0409290862691476e-24
2.041620380571676e-24
2.0423643059522647e-24
2.0431623171723766e-24
2.0440159917014453e-24
2.0449270320661828e-24
2.0458972685196373e-24
2.046928662027088e-24
2.048023307567328e-24
2.049183437748246e-24
2.050411426736974e-24
2.0517097945052794e-24
2.053081211391641e-24
2.054528502982201e-24
2.056054655313095e-24
2.0576628203974116e-24
2.0593563220801443e-24
2.0611386622250964e-24
2.0630135272377466e-24
2.0649847949283936e-24
2.0670565417198022e-24
2.0692330502037838e-24
2.0715188170508585e-24
2.0739185612769385e-24
2.0764372328706675e-24
2.0790800217846864e-24
2.081852367293225e-24
2.084759967717952e-24
2.087808790523019e-24
2.091005082779026e-24
2.094355381994681e-24
2.0978665273131866e-24
2.1015456710689543e-24
2.105400290698294e-24
2.109438200995732e-24
2.1136675667050544e-24
2.1180969154321145e-24
2.122735150863014e-24
2.1275915662686664e-24
2.132675858273267e-24
2.1379981408605582e-24
2.1435689595881377e-24
2.1493993059758058e-24
2.1555006320297947e-24
2.1618848648602737e-24
2.168564421344783e-24
2.175552222785633e-24
2.182861709504527e-24
2.1905068553125744e-24
2.198502181789594e-24
2.2068627723015393e-24
2.2156042856807618e-24
2.2247429694900194e-24
2.23429567278713e-24
2.244279858304764e-24
2.25471361395745e-24
2.265615663586574e-24
2.2770053768541375e-24
2.288902778196776e-24
2.3013285547541002e-24
2.31430406318914e-24
2.327851335324384e-24
2.341993082523963e-24
2.3567526987620262e-24
2.3721542623285264e-24
2.3882225361365927e-24
2.4049829666115418e-24
2.422461681158316e-24
2.4406854842239973e-24
2.4596818519926996e-24
2.4794789257733216e-24
2.5001055041644365e-24
2.5215910341061912e-24
2.5439656009549746e-24
2.567259917742903e-24
2.5915053138106522e-24
2.6167337230278097e-24
2.6429776718394712e-24
2.6702702674012346e-24
2.69864518608538e-24
2.728136662659834e-24
2.7587794804571158e-24
2.7906089628624827e-24
2.8236609664591795e-24
2.8579718761735515e-24
2.8935786027636936e-24
2.9305185829914713e-24
2.968829782811661e-24
3.0085507039006117e-24
3.0497203938325827e-24
3.0923784601959395e-24
3.136565088920595e-24
3.1823210670681753e-24
3.229687810313448e-24
3.278707395322325e-24
3.329422597210483e-24
3.381876932243392e-24
3.436114705920033e-24
3.492181066564138e-24
3.550122064532364e-24
3.609984717137481e-24
3.671817079377532e-24
3.735668320558429e-24
3.801588806899389e-24
3.8696301902163914e-24
3.9398455027899234e-24
4.012289258539497e-24
4.087017560646701e-24
4.164088215795019e-24
4.2435608552232136e-24
4.3254970628220906e-24
4.409960510542809e-24
4.4970171014239516e-24
4.586735120590097e-24
4.679185394618246e-24
4.774441459720062e-24
4.8725797392354454e-24
4.973679730987106e-24
5.07782420509696e-24
5.185099412920567e-24
5.2955953078085535e-24
5.409405778458807e-24
5.5266288956771246e-24
5.6473671734158026e-24
5.7717278450131165e-24
5.899823155605803e-24
6.031770671735315e-24
6.167693609215821e-24
6.307721180374044e-24
6.4519889618130916e-24
6.6006392838888025e-24
6.753821643121179e-24
6.911693138793e-24
7.074418935012673e-24
7.242172749540322e-24
7.415137370691716e-24
7.593505203647414e-24
7.777478847503354e-24
7.967271704402915e-24
8.16310862209458e-24
8.365226571259964e-24
8.573875358959038e-24
8.78931837954522e-24
9.011833404413913e-24
