3.200570123010151e-24
3.1995134471036596e-24
3.198548855351896e-24
3.197668266014178e-24
3.1968642988757507e-24
3.1961302148404874e-24
3.195459860605092e-24
3.194847618006104e-24
3.19428835766002e-24
3.1937773965456094e-24
3.1933104592032586e-24
3.1928836422518737e-24
3.1924933819466075e-24
3.192136424522544e-24
3.1918097990899563e-24
3.1915107928653096e-24
3.1912369285397463e-24
3.1909859436030996e-24
3.1907557714562754e-24
3.190544524158733e-24
3.1903504766705477e-24
3.1901720524602852e-24
3.1900078103607534e-24
3.1898564325645103e-24
3.1897167136605477e-24
3.189587550621147e-24
3.1894679336567787e-24
3.189356937862842e-24
3.1892537155891608e-24
3.189157489469118e-24
3.189067546050285e-24
3.1889832299739004e-24
3.188903938654672e-24
3.1888291174169046e-24
3.188758255046524e-24
3.1886908797220866e-24
3.188626555291142e-24
3.1885648778611785e-24
3.1885054726768832e-24
3.1884479912583274e-24
3.188392108776122e-24
3.188337521642587e-24
3.1882839452989137e-24
3.1882311121805966e-24
3.1881787698447028e-24
3.1881266792439118e-24
3.1880746131336177e-24
3.188022354599658e-24
3.187969695694987e-24
3.187916436174808e-24
3.187862382320673e-24
3.1878073458444155e-24
3.18775114286405e-24
3.1876935929439894e-24
3.1876345181928268e-24
3.1875737424123158e-24
3.1875110902917272e-24
3.1874463866422703e-24
3.187379455666549e-24
3.1873101202584015e-24
3.1872382013291794e-24
3.1871635171559534e-24
3.1870858827485716e-24
3.187005109231653e-24
3.1869210032385523e-24
3.1868333663142173e-24
3.1867419943239094e-24
3.186646676865496e-24
3.186547196682199e-24
3.186443329073954e-24
3.1863348413044766e-24
3.1862214920022698e-24
3.1861030305531118e-24
3.185979196482021e-24
3.1858497188226504e-24
3.18571431547216e-24
3.185572692529506e-24
3.185424543615213e-24
3.185269549170838e-24
3.185107375736124e-24
3.1849376752017555e-24
3.1847600840361874e-24
3.184574222484222e-24
3.1843796937355858e-24
3.184176083061589e-24
3.1839629569175083e-24
3.183739862009155e-24
3.1835063243210245e-24
3.1832618481042564e-24
3.1830059148220108e-24
3.18273798205004e-24
3.182457482330161e-24
3.1821638219742106e-24
3.1818563798160274e-24
3.181534505908918e-24
3.1811975201659986e-24
3.1808447109405182e-24
3.1804753335438382e-24
3.180088608697432e-24
3.17968372091662e-24
3.1792598168225182e-24
3.1788160033790745e-24
3.178351346051946e-24
3.177864866885738e-24
3.177355542495999e-24
3.176822301972428e-24
3.1762640246894488e-24
3.1756795380201822e-24
3.1750676149498586e-24
3.1744269715845266e-24
3.17375626455073e-24
3.173054088281756e-24
3.1723189721859182e-24
3.1715493776923198e-24
3.1707436951691828e-24
3.169900240710028e-24
3.169017252782568e-24
3.1680928887354283e-24
3.1671252211572155e-24
3.1661122340832403e-24
3.1650518190438207e-24
3.163941770949623e-24
3.1627797838080785e-24
3.1615634462657102e-24
3.160290236971134e-24
3.1589575197532e-24
3.157562538609239e-24
3.1561024124983026e-24
3.1545741299346393e-24
3.1529745433763697e-24
3.1513003634057375e-24
3.1495481526962683e-24
3.1477143197638522e-24
3.1457951124987756e-24
3.143786611476299e-24
3.141684723044637e-24
3.1394851721897785e-24
3.1371834951778306e-24
3.1347750319770974e-24
3.1322549184631348e-24
3.1296180784125424e-24
3.126859215292626e-24
3.12397280385689e-24
3.1209530815591095e-24
3.1177940398015943e-24
3.1144894150373822e-24
3.111032679749863e-24
3.1074170333389628e-24
3.1036353929474108e-24
3.099680384268499e-24
3.0955443323826183e-24
3.0912192526796446e-24
3.0866968419329685e-24
3.0819684696025207e-24
3.0770251694566008e-24
3.0718576316172343e-24
3.066456195150364e-24
3.0608108413410043e-24
3.054911187816351e-24
3.0487464837040912e-24
3.0423056060435427e-24
3.0355770576987894e-24
3.0285489670638208e-24
3.0212090898914175e-24
3.013544813630547e-24
3.0055431647141783e-24
2.997190819308618e-24
2.9884741181120233e-24
2.97937908588162e-24
2.9698914564730184e-24
2.959996704295343e-24
2.9496800832270196e-24
2.938926674198744e-24
2.9277214428381262e-24
2.9160493087898475e-24
2.9038952285777283e-24
2.891244294171513e-24
2.8780818497617453e-24
2.8643936296463137e-24
2.8501659205943295e-24
2.8353857525913514e-24
2.8200411224952138e-24
2.8041212558575387e-24
2.7876169130063703e-24
2.7705207464586914e-24
2.752827717854061e-24
2.734535583888629e-24
2.7156454622085288e-24
2.6961624898951725e-24
2.6760965890708927e-24
2.655463356260556e-24
2.634285094464761e-24
2.6125920093929192e-24
2.5904235939111943e-24
2.5678302273631992e-24
2.5448750188330277e-24
2.521635925358209e-24
2.4982081771320887e-24
2.4747070412505213e-24
2.4512709527049696e-24
2.4280650349417604e-24
