1.7617637582372524e-24
1.9174491635243183e-24
2.0648915675520607e-24
2.2043397353009004e-24
2.336045854249761e-24
2.460258559116158e-24
2.577219020280034e-24
2.687158717925594e-24
2.7902981828368553e-24
2.8868463095033473e-24
2.977000016065367e-24
3.0609441175725727e-24
3.1388513308333716e-24
3.2108823595094197e-24
3.2771860265229435e-24
3.337899431994345e-24
3.3931481223227745e-24
3.443046260482363e-24
3.4876967907573835e-24
3.5271915931212825e-24
3.5616116239834475e-24
3.591027040706139e-24
3.615497308301643e-24
3.6350712868080476e-24
3.649787298466326e-24
3.659673173764428e-24
3.6647462758232495e-24
3.665013502445995e-24
3.660471265352593e-24
3.6511054463277824e-24
3.636891329497421e-24
3.617793509753304e-24
3.5937657766714434e-24
3.5647509738022135e-24
3.530680832991319e-24
3.491475783623322e-24
3.447044736981608e-24
3.397284845900386e-24
3.342081240520875e-24
3.281306741663696e-24
3.2148215538729097e-24
3.1424729419978834e-24
3.064094897044351e-24
2.979507800433346e-24
2.888518100264801e-24
2.7909180217670213e-24
2.686485345772411e-24
2.5749833100049194e-24
2.456160721784225e-24
2.32975243067064e-24
2.1954804155144456e-24
2.053055939841963e-24
1.902183618622002e-24
1.7425690456443834e-24
1.5739334104799053e-24
1.3960427917062846e-24
1.2087710415619115e-24
1.012248693495776e-24
8.072679037230603e-25
5.966265555999096e-25
3.911021104008275e-25
2.4512495187581736e-25
3.1133576296049785e-25
5.343451218605197e-25
8.06623357411998e-25
1.1045908176037324e-24
1.4231126175984213e-24
1.761016381290494e-24
2.1183483758536392e-24
2.4956520762100464e-24
2.8937280644663766e-24
3.313541097086564e-24
3.756181082375292e-24
4.2228467466736684e-24
4.71484003280945e-24
5.233566164022756e-24
5.780537062500211e-24
6.357377016326652e-24
6.96583006135636e-24
7.60776883497958e-24
8.28520481820519e-24
9.000299985456702e-24
9.755379935525834e-24
1.0552948640244285e-23
1.1395704979804744e-23
1.2286561283129811e-23
1.3228664130997615e-23
1.4225417731825582e-23
1.5280510234260374e-23
1.639794340323318e-23
1.7582066172123113e-23
1.8837612655591888e-23
2.0169745350215523e-23
2.1584104338034076e-23
2.3086863513055168e-23
2.468479501025245e-23
2.6385343291317912e-23
2.819671057680764e-23
3.012795576623467e-23
3.218910934555969e-23
3.4391307412094496e-23
3.6746948629672616e-23
3.9269878810180696e-23
4.1975608997673594e-23
4.488157434864736e-23
4.800744299725438e-23
5.1375486536919143e-23
5.501102698838531e-23
5.894297924012369e-23
6.320451371208497e-23
6.783387133881652e-23
7.287537363135181e-23
7.838068396955106e-23
8.441039665619796e-23
9.103605705876065e-23
9.834275550745139e-23
1.0643249449368293e-22
1.154286110457418e-22
1.2548166074533703e-22
1.367773578493147e-22
1.4954745909688586e-22
1.6408494255803648e-22
1.8076559015796654e-22
2.000793455211632e-22
2.2267700204935204e-22
2.4944167049806424e-22
2.8160170955496195e-22
3.2091583368974692e-22
3.6998975869647623e-22
4.328456255212782e-22
5.160080983878727e-22
6.307236659485246e-22
7.978594147840313e-22
1.0594947116573047e-21
1.505197500433032e-21
2.2710480165502983e-21
2.851728175397501e-21
2.2027825743330996e-21
1.5370177741852645e-21
1.1494226827079943e-21
9.16201631962336e-22
7.641244578641361e-22
6.581135164047195e-22
5.8033583382734075e-22
5.209788493957672e-22
4.74255008549055e-22
4.365490659374472e-22
4.0549354042916843e-22
3.7947615805374454e-22
3.573622790864288e-22
3.383308152161098e-22
3.217731747170774e-22
3.0722879135882874e-22
2.9434270644851158e-22
2.828369074245009e-22
2.724904925700953e-22
2.6312564962815037e-22
2.5459756330035425e-22
2.4678702096049168e-22
2.3959491074138924e-22
2.329380780344632e-22
2.267461545972342e-22
2.2095911397174855e-22
2.1552535709283383e-22
2.1040020657903058e-22
2.0554470532384273e-22
2.0092465286421258e-22
1.965098247407339e-22
1.9227333654032014e-22
1.8819112080094174e-22
1.8424149402448794e-22
1.8040479744802182e-22
1.7666309575819145e-22
1.7299992120458774e-22
1.6940005928170304e-22
1.6584936491806362e-22
1.623346038712952e-22
1.5884331803312234e-22
1.5536370655390812e-22
1.518845229284006e-22
1.483949856641962e-22
1.4488469754619954e-22
1.4134357585195798e-22
1.3776179032293997e-22
1.341297040037167e-22
1.3043782513915765e-22
1.2667676030771612e-22
1.2283717197980643e-22
1.1890974183325218e-22
1.1488513418637416e-22
1.107539664747154e-22
1.0650678021972635e-22
1.021340153718406e-22
9.762599000977922e-23
9.297288265700575e-23
8.816472340266149e-23
8.319139165110306e-23
7.804262807455478e-23
7.270807061286304e-23
6.717732438132699e-23
6.144010220187835e-23
