3.872332301538958e-23
3.8733368799865947e-23
3.874287764815454e-23
3.8751869737269373e-23
3.8760364147430313e-23
3.8768378902590917e-23
3.8775931008719634e-23
3.878303648992099e-23
3.878971042246433e-23
3.879596696680273e-23
3.880181939764437e-23
3.880728013213871e-23
3.8812360756247193e-23
3.881707204933892e-23
3.8821424007082975e-23
3.882542586266371e-23
3.8829086106390794e-23
3.8832412503720365e-23
3.883541211173401e-23
3.8838091294131245e-23
3.8840455734726737e-23
3.8842510449518e-23
3.884425979733246e-23
3.884570748907324e-23
3.8846856595597227e-23
3.8847709554223506e-23
3.8848268173912884e-23
3.8848533639090293e-23
3.884850651215374e-23
3.884818673468089e-23
3.884757362727254e-23
3.8846665888112254e-23
3.884546159019196e-23
3.884395817721327e-23
3.8842152458156565e-23
3.884004060046815e-23
3.88376181219529e-23
3.883487988119818e-23
3.8831820066673426e-23
3.8828432184373637e-23
3.882470904397645e-23
3.88206427436102e-23
3.881622465300871e-23
3.88114453952029e-23
3.8806294826493796e-23
3.8800762015028566e-23
3.8794835217407193e-23
3.8788501853823224e-23
3.878174848119433e-23
3.8774560764684455e-23
3.876692344714004e-23
3.8758820316641355e-23
3.8750234172008716e-23
3.874114678623951e-23
3.873153886764941e-23
3.872139001886909e-23
3.8710678693422765e-23
3.869938214980848e-23
3.8687476403069394e-23
3.8674936173829324e-23
3.866173483430036e-23
3.864784435165548e-23
3.863323522814565e-23
3.8617876438499173e-23
3.8601735363496553e-23
3.858477772058833e-23
3.856696749068117e-23
3.854826684141639e-23
3.85286360462456e-23
3.850803339985399e-23
3.848641512896407e-23
3.846373529879233e-23
3.843994571506522e-23
3.841499582088717e-23
3.8388832588585656e-23
3.83614004065293e-23
3.833264095966163e-23
3.830249310514113e-23
3.827089274092717e-23
3.823777266870174e-23
3.820306244971462e-23
3.81666882533291e-23
3.812857269878594e-23
3.8088634689099815e-23
3.804678923634979e-23
3.80029472788589e-23
3.795701548969797e-23
3.790889607521576e-23
3.7858486564427883e-23
3.780567958714023e-23
3.775036264272581e-23
3.769241785584703e-23
3.7631721722185886e-23
3.756814483895603e-23
3.750155162567194e-23
3.743180002755757e-23
3.735874120732356e-23
3.728221921998052e-23
3.720207067165589e-23
3.71181243621395e-23
3.703020090894795e-23
3.6938112353080787e-23
3.6841661744306394e-23
3.6740642705982375e-23
3.663483897707226e-23
3.652402393301002e-23
3.640796007761347e-23
3.628639851385985e-23
3.615907838351344e-23
3.6025726278416805e-23
3.5886055621217766e-23
3.573976601224909e-23
3.558654254093422e-23
3.5426055062356523e-23
3.5257957428360525e-23
3.508188668228334e-23
3.4897462201098557e-23
3.47042847966839e-23
3.450193575255767e-23
3.428997581530023e-23
3.4067944116433444e-23
3.383535702602872e-23
3.359170693643279e-23
3.3336460970963517e-23
3.306905958330385e-23
3.278891508811983e-23
3.249541005447421e-23
3.218789559843291e-23
3.186568953109232e-23
3.152807435202493e-23
3.117429506542138e-23
3.080355679860361e-23
3.0415022186517036e-23
3.0007808488356987e-23
2.958098437742131e-23
2.913356634776256e-23
2.866451470128588e-23
2.817272893898884e-23
2.765704252204288e-23
2.711621678893409e-23
2.6548933849292166e-23
2.5953788191765677e-23
2.532927659599162e-23
2.4673785948844136e-23
2.3985578218632203e-23
2.3262771710617196e-23
2.2503317301460175e-23
2.1704967808601423e-23
2.0865237781151927e-23
1.9981349741649694e-23
1.9050160897445115e-23
1.8068060928589893e-23
1.7030826139039104e-23
1.5933405789111434e-23
1.4769599924714228e-23
1.3531557444542552e-23
1.220896482163656e-23
1.078767747576613e-23
9.247295796371435e-24
7.55663390705796e-24
5.664840774294027e-24
3.485305297408618e-24
9.958666496388132e-25
3.163290839006259e-24
9.83109356921478e-24
3.546709717280814e-23
4.0541925850714507e-23
1.1121106755575725e-23
3.821660149532271e-24
1.0430345786735016e-24
4.129483974598386e-24
7.152816389543012e-24
1.0055928436333857e-23
1.292784011137305e-23
1.5822868785496215e-23
1.8775674089925064e-23
2.1810258503091242e-23
2.4944611109260305e-23
2.819319956894597e-23
3.1568380412318863e-23
3.5081238395371655e-23
3.874210923103842e-23
4.2560919885576756e-23
4.6547417926592724e-23
5.0711333162862053e-23
5.506249545346919e-23
5.96109238090431e-23
6.436689736740119e-23
6.93410128907554e-23
7.454423388345326e-23
7.998793408143118e-23
8.568393664877018e-23
9.164455137002119e-23
9.788260993798183e-23
1.0441150041825971e-22
1.112452011386536e-22
1.183983156002386e-22
1.2588610717082164e-22
1.3372453517783375e-22
1.4193029049522847e-22
1.505208346308401e-22
