3.484437797544661e-24
3.27746945824136e-24
3.082521744364643e-24
2.8989808245939093e-24
2.7262628078724265e-24
2.563812771001894e-24
2.4111038253669843e-24
2.2676362198579737e-24
2.1329364759236036e-24
2.006556550895755e-24
1.8880730237960786e-24
1.7770862978604738e-24
1.6732198114165983e-24
1.5761192480438159e-24
1.485451734029767e-24
1.4009050094903579e-24
1.3221865566920807e-24
1.249022667522353e-24
1.1811574296861252e-24
1.1183516115603067e-24
1.0603814258481397e-24
1.0070371569919627e-24
9.581216435362228e-25
9.134486186076252e-25
8.728409268812073e-25
8.36128656349976e-25
8.031472450799829e-25
7.737356449007308e-25
7.477346414880747e-25
7.249854390212065e-25
7.053286131320903e-25
6.88603516207579e-25
6.74648184191795e-25
6.632997481116676e-25
6.543953037797499e-25
6.477731476930379e-25
6.432742541927489e-25
6.407438539539028e-25
6.400329774170845e-25
6.409998465004993e-25
6.435110289998503e-25
6.474423045393513e-25
6.526792250459997e-25
6.59117380189634e-25
6.666623986679965e-25
6.752297283008946e-25
6.847442427468367e-25
6.951397224619991e-25
7.063582530041128e-25
7.183495779100237e-25
7.310704360454962e-25
7.444839066126078e-25
7.585587784862605e-25
7.732689553556006e-25
7.88592903717584e-25
8.045131472462494e-25
8.210158086755617e-25
8.380901983743686e-25
8.557284476926598e-25
8.739251840823688e-25
8.926772450483006e-25
9.11983427122638e-25
9.318442668471554e-25
9.522618499845998e-25
9.732396462126397e-25
9.94782366024476e-25
1.0168958374608435e-24
1.039586900070783e-24
1.062863313965737e-24
1.0867336821936307e-24
1.1112073844874524e-24
1.1362945210440316e-24
1.162005865109101e-24
1.188352822973594e-24
1.2153474005550704e-24
1.2430021757934265e-24
1.2713302757677187e-24
1.3003453583121493e-24
1.330061597162655e-24
1.3604936705719067e-24
1.3916567525017373e-24
1.4235665065088086e-24
1.4562390816017918e-24
1.4896911100980763e-24
1.523939707216542e-24
1.5590024719543452e-24
1.5948974893998672e-24
1.6316433341177381e-24
1.6692590747950108e-24
1.7077642794981696e-24
1.7471790219962192e-24
1.7875238888756048e-24
1.8288199871416514e-24
1.871088952881529e-24
1.9143529599553716e-24
1.9586347299009268e-24
2.003957541850324e-24
2.0503452432658693e-24
2.0978222610367765e-24
2.146413613155291e-24
2.1961449207831605e-24
2.2470424206200027e-24
2.299132978038456e-24
2.352444100281293e-24
2.4070039505657354e-24
2.4628413620053266e-24
2.519985852525532e-24
2.578467639748394e-24
2.638317656534263e-24
2.69956756712479e-24
2.7622497832318453e-24
2.8263974811470754e-24
2.8920446186273953e-24
2.9592259529581695e-24
3.027977058701161e-24
3.0983343467397995e-24
3.170335083024103e-24
3.2440174083221472e-24
3.319420357840595e-24
3.396583882527263e-24
3.4755488694207794e-24
3.556357163398072e-24
3.639051589080663e-24
3.723675973964466e-24
3.810275170968839e-24
3.8988950823613456e-24
3.9895826839553305e-24
4.082386050399125e-24
4.177354379832288e-24
4.274538020638343e-24
4.373988497355967e-24
4.475758539271289e-24
4.579902106596942e-24
4.686474420485476e-24
4.795531992147672e-24
4.907132652369917e-24
5.0213355816055744e-24
5.138201343578473e-24
5.25779191516071e-24
5.380170720008193e-24
5.505402663252312e-24
5.633554164228574e-24
5.764693194064904e-24
5.898889309024111e-24
6.03621368997097e-24
6.176739179091519e-24
6.320540317829181e-24
6.467693390271027e-24
6.618276457080499e-24
6.772369405489459e-24
6.930053984462186e-24
7.09141385122644e-24
7.256534618064408e-24
7.42550389374303e-24
7.598411333437059e-24
7.775348684532336e-24
7.956409838363388e-24
8.141690877174419e-24
8.331290126279326e-24
8.525308208360043e-24
8.723848095866062e-24
8.927015165823523e-24
9.134917257176107e-24
9.347664727621162e-24
9.565370514291882e-24
9.788150191772554e-24
1.0016122035989088e-23
1.0249407087362685e-23
1.0488129214668948e-23
1.0732415184377037e-23
1.0982394725614428e-23
1.123820060102618e-23
1.1499968678684998e-23
1.176783800518881e-23
1.2041950881660154e-23
1.232245293499625e-23
1.2609493208027978e-23
1.2903224224894113e-23
1.3203802089331083e-23
1.351138655190944e-23
1.382614111695705e-23
1.414823311238908e-23
1.4477833788788482e-23
1.481511841727316e-23
1.5160266377269734e-23
1.5513461256814018e-23
1.5874890949503967e-23
1.624474776807803e-23
1.6623228538977466e-23
1.7010534707531307e-23
1.7406872465244066e-23
1.7812452845987947e-23
1.822749184922254e-23
1.8652210558934382e-23
1.90868352677135e-23
1.9531597599707337e-23
1.998673463902766e-23
2.0452489069180282e-23
2.092910928499487e-23
2.1416849577616577e-23
2.191597021553856e-23
