2.1851380639958945e-23
2.1944764976203386e-23
2.2033680076361137e-23
2.2118314559190917e-23
2.2198847958542554e-23
2.2275451104047032e-23
2.2348286483331418e-23
2.2417508586510193e-23
2.2483264233698664e-23
2.2545692886243765e-23
2.2604926942280078e-23
2.2661092017297228e-23
2.2714307210264136e-23
2.2764685355888984e-23
2.2812333263528016e-23
2.2857351943268202e-23
2.2899836819645792e-23
2.2939877933446375e-23
2.2977560132004363e-23
2.3012963248413713e-23
2.304616227001192e-23
2.307722749648762e-23
2.3106224687927904e-23
2.3133215203154057e-23
2.3158256128550547e-23
2.318140039772498e-23
2.3202696902201826e-23
2.3222190593366523e-23
2.3239922575885335e-23
2.3255930192744776e-23
2.3270247102124165e-23
2.328290334615231e-23
2.329392541185145e-23
2.330333628409537e-23
2.3311155490928737e-23
2.3317399141159875e-23
2.332207995434036e-23
2.3325207283106873e-23
2.3326787127905522e-23
2.332682214417301e-23
2.3325311641710847e-23
2.33222515764809e-23
2.3317634534482923e-23
2.3311449707867387e-23
2.330368286279082e-23
2.3294316299328797e-23
2.3283328802904844e-23
2.32706955869676e-23
2.325638822724173e-23
2.3240374586424452e-23
2.322261872998003e-23
2.3203080831674014e-23
2.318171706938187e-23
2.315847951029108e-23
2.313331598492155e-23
2.3106169949786347e-23
2.3076980338031922e-23
2.304568139721837e-23
2.3012202513768094e-23
2.297646802333441e-23
2.2938397006299982e-23
2.2897903066939344e-23
2.285489409656031e-23
2.2809272017566814e-23
2.2760932509529053e-23
2.2709764714051713e-23
2.265565091748115e-23
2.259846621085175e-23
2.2538078123851152e-23
2.247434623178913e-23
2.2407121732699695e-23
2.233624699317001e-23
2.226155505875746e-23
2.2182869128362099e-23
2.2100001985609372e-23
2.2012755387571873e-23
2.1920919404248715e-23
2.182427170415375e-23
2.1722576782889368e-23
2.1615585125687918e-23
2.1503032301058106e-23
2.1384637974726343e-23
2.1260104837956833e-23
2.1129117439742946e-23
2.0991340911664114e-23
2.0846419574783926e-23
2.069397541148014e-23
2.0533606391458093e-23
2.036488462685259e-23
2.018735433947444e-23
2.0000529615944198e-23
1.9803891919099482e-23
1.9596887325308793e-23
1.9378923448231925e-23
1.914936600346947e-23
1.8907534960799743e-23
1.8652700224582046e-23
1.8384076763786483e-23
1.810081910623092e-23
1.7802015095449118e-23
1.7486678780399643e-23
1.7153742293082193e-23
1.680204652685323e-23
1.6430330408632817e-23
1.6037218484434585e-23
1.56212065084344e-23
1.5180644627873707e-23
1.471371768362465e-23
1.421842201965795e-23
1.3692538062802514e-23
1.3133597753403727e-23
1.2538845701226971e-23
1.1905192696293058e-23
1.1229159946087333e-23
1.0506812222923484e-23
9.733678167578773e-24
8.904656889584231e-24
8.013913432844495e-24
7.054776643223034e-24
6.0196895484906544e-24
4.9003979579713155e-24
3.689183635759585e-24
2.386037747015867e-24
1.0726564507687642e-24
1.0848028680283573e-24
2.7211169144713075e-24
4.7016412322363136e-24
6.964687534689605e-24
9.555369999665023e-24
1.2551088583072613e-23
1.6064248779463116e-23
2.025871021245725e-23
2.5381154260454654e-23
3.182034706984105e-23
4.0226554125118206e-23
5.177589485813052e-23
6.883546781885068e-23
9.69703491515534e-23
1.5296699292676736e-22
3.1779587092703275e-22
8.535606050071058e-22
2.733851843124496e-22
1.5035541560214325e-22
1.0309397487262241e-22
7.784711209198563e-23
6.184498056958245e-23
5.0557898808008025e-23
4.1979369095841447e-23
3.508452729806025e-23
2.929494222863357e-23
2.425902408295526e-23
1.975057194076248e-23
1.5617763162524494e-23
1.175651743594342e-23
8.099292347191137e-24
4.6320131400929785e-24
1.741335021131689e-24
2.9778989538099656e-24
6.200795376549804e-24
9.591485271613722e-24
1.3050675865665913e-23
1.6575297166531055e-23
2.0175082803284735e-23
2.386222239970197e-23
2.764920600850785e-23
3.1548311552747433e-23
3.5571522510952944e-23
3.9730575394276937e-23
4.4037040260689723e-23
4.850240830256281e-23
5.313817429612791e-23
5.795591126733104e-23
6.296733908089126e-23
6.81843852149268e-23
7.361924152334634e-23
7.928441449256229e-23
8.519277466423271e-23
9.135760173159329e-23
9.779262738231986e-23
1.0451207747684724e-22
1.1153071441813817e-22
1.1886387580414603e-22
1.2652751671025407e-22
1.3453824953084357e-22
1.4291338527264028e-22
1.5167097601099787e-22
1.6082985654268008e-22
1.7040968853242993e-22
1.804310075622695e-22
1.9091526668139839e-22
2.0188488689284024e-22
2.133633065875892e-22
2.253750331153077e-22
2.379456981267266e-22
2.511021122131783e-22
2.6487232458496492e-22
2.7928568398735805e-22
2.943729051366898e-22
3.1016613132829387e-22
3.266990069027941e-22
3.4400675102659445e-22
