1.8520342385963465e-24
1.87796960058253e-24
1.9028548258297072e-24
1.926703623029617e-24
1.949532740673468e-24
1.9713612293929543e-24
1.992209834262961e-24
2.0121004939436423e-24
2.0310559278103864e-24
2.0490992956753496e-24
2.066253917496078e-24
2.0825430427314463e-24
2.0979896608402766e-24
2.1126163459109165e-24
2.1264451296274658e-24
2.1394973977703334e-24
2.151793806264295e-24
2.163354213453668e-24
2.1741976258350243e-24
2.18434215493153e-24
2.1938049833685126e-24
2.2026023385214756e-24
2.2107494723669597e-24
2.218260646383475e-24
2.225149120530265e-24
2.2314271454831237e-24
2.2371059574354826e-24
2.2421957748792283e-24
2.2467057968722826e-24
2.25064420237722e-24
2.2540181503217746e-24
2.256833780088974e-24
2.2590962121943766e-24
2.260809548950793e-24
2.2619768749596754e-24
2.262600257300857e-24
2.2626807453255623e-24
2.262218369984099e-24
2.261212142648279e-24
2.2596600534140756e-24
2.257559068896512e-24
2.2549051295555307e-24
2.2516931466190245e-24
2.2479169986998085e-24
2.2435695282349083e-24
2.2386425379135353e-24
2.2331267872987092e-24
2.2270119898973585e-24
2.220286810985142e-24
2.2129388665575077e-24
2.204954723850074e-24
2.196319903961098e-24
2.187018887209433e-24
2.177035121984294e-24
2.166351037989759e-24
2.1549480649598793e-24
2.142806658129864e-24
2.1299063320001923e-24
2.116225704233368e-24
2.101742551890107e-24
2.0864338826560705e-24
2.070276024251428e-24
2.0532447358757703e-24
2.035315346347054e-24
2.016462924583936e-24
1.996662489297383e-24
1.9758892662599135e-24
1.9541190033751e-24
1.9313283560719778e-24
1.907495358405078e-24
1.882599998795754e-24
1.856624923780695e-24
1.829556298657962e-24
1.801384860805497e-24
1.772107210026723e-24
1.7417273909215152e-24
1.710258835431455e-24
1.677726749806508e-24
1.6441710496874839e-24
1.6096499699934234e-24
1.5742445025878653e-24
1.5380638430554582e-24
1.5012520553528433e-24
1.4639961834101153e-24
1.4265360403597043e-24
1.3891758687072379e-24
1.35229795515722e-24
1.3163780511144256e-24
1.2820020236401373e-24
1.2498824593396831e-24
1.2208729012796857e-24
1.1959760442131256e-24
1.176340795392439e-24
1.1632422569673415e-24
1.1580394667536426e-24
1.162109329683953e-24
1.1767619573488223e-24
1.2031509408328226e-24
1.2421978997645743e-24
1.294549619887571e-24
1.3605771373939628e-24
1.4404132881597296e-24
1.5340150748200825e-24
1.6412339449298367e-24
1.7618802513238427e-24
1.895774300351368e-24
2.0427820886337048e-24
2.2028374471125915e-24
2.375953822449144e-24
2.562229029286547e-24
2.76184573920961e-24
2.9750697300101873e-24
3.2022472501012133e-24
3.4438023409272594e-24
3.700234605137597e-24
3.972117679337495e-24
4.260098531947058e-24
4.564897629150467e-24
4.887309973079549e-24
5.2282070012323944e-24
5.5885393349894766e-24
5.969340371967153e-24
6.371730728322947e-24
6.796923551004214e-24
7.246230735320151e-24
7.721070099729629e-24
8.222973587310489e-24
8.753596582245319e-24
9.314728450162775e-24
9.908304433778042e-24
1.0536419060573427e-23
1.1201341247932452e-23
1.1905531323956315e-23
1.2651660220144531e-23
1.3442631136284638e-23
1.4281604029615694e-23
1.517202334122316e-23
1.6117649444579552e-23
1.712259438652616e-23
1.819136259262601e-23
1.9328897330102707e-23
2.0540633866776785e-23
2.183256043855529e-23
2.3211288347342782e-23
2.4684132763265598e-23
2.6259206108922268e-23
2.7945526269875977e-23
2.9753142317838594e-23
3.169328096606432e-23
3.3778517617762543e-23
3.602297663684709e-23
3.844256638553924e-23
4.105525565242625e-23
4.388139934725693e-23
4.694412275734485e-23
5.0269775202195874e-23
5.388846547837291e-23
5.783469282432109e-23
6.214808780417878e-23
6.68742766746071e-23
7.206587894748702e-23
7.778363831357584e-23
8.409766715495626e-23
9.108874643461202e-23
9.884955196019419e-23
1.0748555165569306e-22
1.1711509863682876e-22
1.2786787247353116e-22
1.3988021134565789e-22
1.5328493014981071e-22
1.6819187375613523e-22
1.8465387126066595e-22
2.0261176413462874e-22
2.2181412324311466e-22
2.4171694720547647e-22
2.6139226942184686e-22
2.795116297096062e-22
2.9449486235593352e-22
3.0486768473075476e-22
3.097210242749884e-22
3.0901812443966574e-22
3.035490081307256e-22
2.945838986601081e-22
2.8346343166509307e-22
2.7132111592263805e-22
2.589808230275319e-22
2.4697315495460485e-22
2.3560106140670114e-22
2.2501051973228085e-22
2.152479967935365e-22
2.0630131862371322e-22
1.9812652279270848e-22
1.906645565985778e-22
1.8385119277825625e-22
1.7762263442848483e-22
1.7191847398848017e-22
1.6668307505177655e-22
1.6186604258450503e-22
1.5742218712252646e-22
1.5331122552969505e-22
1.4949736057124872e-22
