1.1002704576854249e-23
1.1002658096320207e-23
1.1002612845868117e-23
1.1002568582452118e-23
1.1002525078062962e-23
1.1002482118105275e-23
1.1002439499903337e-23
1.1002397031323774e-23
1.1002354529503836e-23
1.10023118196755e-23
1.1002268734076191e-23
1.1002225110937382e-23
1.1002180793543757e-23
1.1002135629355767e-23
1.1002089469188817e-23
1.1002042166443531e-23
1.1001993576381176e-23
1.1001943555439764e-23
1.100189196058538e-23
1.1001838648695368e-23
1.1001783475968531e-23
1.1001726297359463e-23
1.1001666966032678e-23
1.1001605332834282e-23
1.1001541245778005e-23
1.1001474549541696e-23
1.1001405084973972e-23
1.100133268860596e-23
1.1001257192167957e-23
1.100117842210745e-23
1.1001096199107055e-23
1.1001010337600588e-23
1.1000920645284271e-23
1.1000826922622678e-23
1.1000728962346502e-23
1.1000626548941022e-23
1.1000519458123465e-23
1.100040745630715e-23
1.1000290300051681e-23
1.1000167735496668e-23
1.1000039497777528e-23
1.0999905310422646e-23
1.0999764884728534e-23
1.0999617919113278e-23
1.0999464098444988e-23
1.0999303093344722e-23
1.0999134559461214e-23
1.0998958136716588e-23
1.0998773448520488e-23
1.0998580100951103e-23
1.0998377681901115e-23
1.099816576018674e-23
1.0997943884617672e-23
1.0997711583025561e-23
1.099746836124975e-23
1.0997213702076836e-23
1.0996947064132477e-23
1.0996667880723022e-23
1.0996375558623644e-23
1.0996069476811569e-23
1.0995748985140352e-23
1.0995413402953133e-23
1.0995062017631832e-23
1.0994694083078473e-23
1.099430881812655e-23
1.0993905404877412e-23
1.0993482986959804e-23
1.0993040667707525e-23
1.0992577508251866e-23
1.0992092525524567e-23
1.0991584690167134e-23
1.0991052924342136e-23
1.0990496099441117e-23
1.098991303368538e-23
1.0989302489613312e-23
1.0988663171449586e-23
1.098799372235069e-23
1.0987292721520079e-23
1.0986558681187899e-23
1.0985790043447861e-23
1.0984985176944922e-23
1.0984142373407014e-23
1.0983259844012281e-23
1.098233571558565e-23
1.0981368026615024e-23
1.0980354723079556e-23
1.0979293654080685e-23
1.0978182567266872e-23
1.09770191040415e-23
1.097580079454458e-23
1.0974525052396864e-23
1.0973189169195162e-23
1.0971790308747372e-23
1.0970325501034258e-23
1.0968791635885623e-23
1.0967185456356601e-23
1.096550355179031e-23
1.096374235055175e-23
1.0961898112417043e-23
1.0959966920602039e-23
1.095794467341237e-23
1.0955827075497678e-23
1.095360962869064e-23
1.095128762241069e-23
1.0948856123612269e-23
1.0946309966255215e-23
1.0943643740274706e-23
1.094085178002655e-23
1.0937928152182774e-23
1.0934866643051045e-23
1.0931660745290312e-23
1.0928303643993347e-23
1.0924788202105941e-23
1.0921106945150846e-23
1.0917252045222291e-23
1.0913215304217017e-23
1.0908988136263253e-23
1.0904561549310251e-23
1.0899926125836943e-23
1.0895072002637168e-23
1.0889988849636031e-23
1.0884665847691267e-23
1.0879091665329124e-23
1.0873254434363141e-23
1.0867141724341372e-23
1.0860740515763726e-23
1.0854037172010758e-23
1.0847017409918428e-23
1.0839666268934072e-23
1.0831968078781984e-23
1.0823906425566201e-23
1.081546411623178e-23
1.0806623141304152e-23
1.079736463582003e-23
1.078766883835986e-23
1.0777515048087123e-23
1.0766881579693996e-23
1.0755745716148287e-23
1.0744083659131289e-23
1.0731870477048755e-23
1.0719080050492787e-23
1.070568501502473e-23
1.069165670114203e-23
1.0676965071285375e-23
1.0661578653733909e-23
1.0645464473228105e-23
1.0628587978150725e-23
1.0610912964088667e-23
1.0592401493584696e-23
1.0573013811882733e-23
1.0552708258453431e-23
1.053144117408082e-23
1.050916680327218e-23
1.0485837191745501e-23
1.0461402078729554e-23
1.043580878380077e-23
1.0409002087962729e-23
1.0380924108656325e-23
1.0351514168374075e-23
1.0320708656528171e-23
1.0288440884206305e-23
1.025464093142333e-23
1.021923548645876e-23
1.01821476768415e-23
1.0143296891521955e-23
1.0102598593742436e-23
1.0059964124090542e-23
1.0015300493190488e-23
9.96851016345774e-24
9.919490819311636e-24
9.868135125207664e-24
9.81433047082161e-24
9.757958702683333e-24
9.698895841530068e-24
9.637011784617347e-24
9.57216999220193e-24
9.504227157390823e-24
9.433032858533765e-24
9.358429193336939e-24
9.280250393885296e-24
9.198322421791547e-24
9.112462542750807e-24
9.022478879874306e-24
8.928169945324736e-24
8.829324149991167e-24
8.725719291254311e-24
8.617122019327744e-24
8.50328728327828e-24
8.383957758672767e-24
8.25886325998195e-24
8.127720142495422e-24
7.990230700760273e-24
7.846082573691125e-24
7.694948170873542e-24
7.536484140733597e-24
7.370330909937024e-24
7.196112335798652e-24
7.013435531366772e-24
6.821890948938577e-24
6.621052846293379e-24
6.410480317666527e-24
