3.4554733932235755e-24
3.454887383452545e-24
3.454357416434976e-24
3.4538787908424064e-24
3.453447226545478e-24
3.453058828469745e-24
3.452710053579991e-24
3.4523976807310665e-24
3.452118783144696e-24
3.45187070329094e-24
3.451651029971046e-24
3.45145757741536e-24
3.451288366225305e-24
3.4511416060025586e-24
3.451015679522103e-24
3.450909128317465e-24
3.450820639558027e-24
3.450749034108268e-24
3.450693255668381e-24
3.450652360904251e-24
3.4506255104828206e-24
3.450611960936079e-24
3.4506110572836775e-24
3.4506222263501755e-24
3.450644970718629e-24
3.450678863267416e-24
3.450723542241801e-24
3.450778706816029e-24
3.4508441131058696e-24
3.4509195705950104e-24
3.4510049389419214e-24
3.451100125137159e-24
3.451205080983487e-24
3.451319800873964e-24
3.451444319845429e-24
3.451578711886941e-24
3.451723088484589e-24
3.451877597386152e-24
3.452042421570327e-24
3.452217778407192e-24
3.452403918997576e-24
3.452601127680554e-24
3.452809721699307e-24
3.453030051016684e-24
3.453262498272878e-24
3.453507478878445e-24
3.453765441236731e-24
3.454036867090698e-24
3.454322271989754e-24
3.454622205872738e-24
3.4549372537641655e-24
3.455268036581124e-24
3.455615212048823e-24
3.4559794757234535e-24
3.4563615621212875e-24
3.456762245953489e-24
3.457182343466588e-24
3.457622713888827e-24
3.458084260983068e-24
3.4585679347073505e-24
3.459074732984296e-24
3.459605703581262e-24
3.4601619461030564e-24
3.4607446140996436e-24
3.461354917291368e-24
3.4619941239145726e-24
3.4626635631908265e-24
3.463364627923032e-24
3.464098777222223e-24
3.4648675393688406e-24
3.465672514812731e-24
3.466515379316179e-24
3.467397887244627e-24
3.468321875009952e-24
3.469289264671272e-24
3.470302067698643e-24
3.4713623889050244e-24
3.472472430552313e-24
3.47363449663708e-24
3.474850997362384e-24
3.4761244538014836e-24
3.4774575027601625e-24
3.478852901843962e-24
3.4803135347371274e-24
3.481842416699916e-24
3.483442700291349e-24
3.485117681324159e-24
3.486870805059213e-24
3.4887056726463935e-24
3.4906260478190764e-24
3.492635863849427e-24
3.4947392307715006e-24
3.4969404428793235e-24
3.4992439865068526e-24
3.5016545480966126e-24
3.5041770225637444e-24
3.506816521961843e-24
3.509578384456777e-24
3.5124681836143595e-24
3.515491738007381e-24
3.5186551211469695e-24
3.521964671742968e-24
3.525427004297207e-24
3.529049020033093e-24
3.532837918164141e-24
3.536801207503312e-24
3.54094671841408e-24
3.5452826151033165e-24
3.5498174082548495e-24
3.554559968001547e-24
3.559519537232474e-24
3.564705745230284e-24
3.570128621632644e-24
3.57579861070988e-24
3.581726585949417e-24
3.587923864935829e-24
3.59440222451359e-24
3.601173916217447e-24
3.6082516819536896e-24
3.615648769913221e-24
3.6233789506953446e-24
3.6314565336190724e-24
3.639896383196395e-24
3.648713935739854e-24
3.6579252160745136e-24
3.667546854322354e-24
3.677596102724735e-24
3.688090852466954e-24
3.699049650466643e-24
3.710491716086322e-24
3.722436957728722e-24
3.73490598927225e-24
3.747920146303029e-24
3.7615015020992466e-24
3.7756728833233004e-24
3.79045788537738e-24
3.8058808873788215e-24
3.821967066712717e-24
3.8387424131211444e-24
3.856233742290785e-24
3.87446870890368e-24
3.8934758191200065e-24
3.913284442466031e-24
3.9339248231060916e-24
3.9554280904835394e-24
3.97782626932247e-24
4.0011522889903226e-24
4.025439992229815e-24
4.050724143278247e-24
4.077040435402595e-24
4.104425497889833e-24
4.132916902543452e-24
4.162553169749611e-24
4.19337377418917e-24
4.225419150285037e-24
4.2587306974878514e-24
4.293350785516962e-24
4.3293227596873956e-24
4.366690946467548e-24
4.4055006594259875e-24
4.445798205739368e-24
4.4876308934464366e-24
4.531047039645997e-24
4.57609597984862e-24
4.6228280787034945e-24
4.6712947423325626e-24
4.721548432514367e-24
4.773642682969146e-24
4.827632118005833e-24
4.883572473799512e-24
4.9415206225756254e-24
5.0015345999845505e-24
5.063673635957168e-24
5.1279981893391516e-24
5.194569986609181e-24
5.2634520649939565e-24
5.334708820301832e-24
5.408406059806801e-24
5.4846110605260095e-24
5.5633926332478634e-24
5.6448211926836066e-24
5.7289688341347565e-24
5.815909417091169e-24
5.905718656201662e-24
5.998474220090927e-24
6.094255838533613e-24
6.193145418540148e-24
6.2952271699602564e-24
6.400587741268576e-24
6.509316366265966e-24
6.621505022509024e-24
6.737248602371401e-24
6.85664509774608e-24
6.97979579951778e-24
7.10680551307433e-24
7.237782791284716e-24
7.37284018655511e-24
7.512094523785716e-24
7.655667196293688e-24
7.803684487049158e-24
7.956277917895356e-24
