4.818290637007008e-25
4.914715749664955e-25
4.997821089715891e-25
5.060500535216973e-25
5.098342017129762e-25
5.109198481515771e-25
5.092942459125305e-25
5.051403152147554e-25
4.988477831899876e-25
4.9104049198902e-25
4.826167949650486e-25
4.747949228762204e-25
4.691451677959004e-25
4.67576410459488e-25
4.72234715028065e-25
4.852873002607351e-25
5.08624271862866e-25
5.435874674929105e-25
5.908520226694719e-25
6.50500745586452e-25
7.222198502211967e-25
8.055079946417362e-25
8.998311872899912e-25
1.0047105779557111e-24
1.1197592249681645e-24
1.2446888746942573e-24
1.3793024507204186e-24
1.5234814459746743e-24
1.6771727739980363e-24
1.8403769706499398e-24
2.013138300974416e-24
2.195536734542165e-24
2.3876815352811545e-24
2.5897061654516726e-24
2.8017642264032077e-24
3.024026203794384e-24
3.2566768318476692e-24
3.4999129324358e-24
3.7539416184915266e-24
4.018978777732094e-24
4.295247773194476e-24
4.5829783127087424e-24
4.8824054513884596e-24
5.193768700291214e-24
5.517311221353432e-24
5.8532790940118754e-24
6.2019206430187716e-24
6.563485820112551e-24
6.938225634650172e-24
7.326391630190316e-24
7.72823540548576e-24
8.144008179439546e-24
8.573960400422648e-24
9.018341400959161e-24
9.477399099191034e-24
9.95137974879253e-24
1.0440527739120106e-23
1.094508544737969e-23
1.1465293144478311e-23
1.200138895604171e-23
1.2553608879781319e-23
1.3122186860082808e-23
1.370735492027253e-23
1.430934335258802e-23
1.492838096542528e-23
1.5564695386934777e-23
1.6218513423569167e-23
1.6890061471672822e-23
1.757956597976415e-23
1.828725395868486e-23
1.9013353536400874e-23
1.9758094553859052e-23
2.052170919797457e-23
2.13044326675785e-23
2.2106503867928017e-23
2.2928166129250285e-23
2.3769667944697365e-23
2.46312637230959e-23
2.551321455187913e-23
2.6415788965754825e-23
2.733926371675916e-23
2.8283924541613714e-23
2.92500669225141e-23
3.0237996837838625e-23
3.1248031499517356e-23
3.2280500074202534e-23
3.333574438578564e-23
3.441411959711097e-23
3.551599486917964e-23
3.6641753996523374e-23
3.77917960177973e-23
3.8966535800966e-23
4.0166404602888605e-23
4.1391850603367495e-23
4.264333941404689e-23
4.3921354562805465e-23
4.5226397954598766e-23
4.6558990309814635e-23
4.79196715814892e-23
4.930900135282225e-23
5.0727559216591816e-23
5.217594513816877e-23
5.365477980387427e-23
5.516470495648255e-23
5.670638371971427e-23
5.828050091358067e-23
5.988776336232367e-23
6.152890019682955e-23
6.320466315319508e-23
6.491582686916019e-23
6.666318918006394e-23
6.844757141572248e-23
7.026981869990775e-23
7.213080025359933e-23
7.403140970339842e-23
7.597256539629666e-23
7.795521072182114e-23
7.99803144426428e-23
8.204887103452414e-23
8.416190103643604e-23
8.632045141155785e-23
8.852559591983664e-23
9.077843550266692e-23
9.308009868021034e-23
9.543174196163557e-23
9.783455026883376e-23
1.002897373736787e-22
1.0279854634921247e-22
1.0536225003466321e-22
1.079821515146665e-22
1.1065958461245942e-22
1.133959143971883e-22
1.161925377051012e-22
1.1905088367463964e-22
1.219724142950046e-22
1.2495862496823379e-22
1.280110450842648e-22
1.3113123860873919e-22
1.343208046830925e-22
1.3758137823651437e-22
1.4091463060924435e-22
1.4432227018667563e-22
1.4780604304350227e-22
1.5136773359734347e-22
1.5500916527111742e-22
1.587322011631133e-22
1.625387447241484e-22
1.6643074044046378e-22
1.7041017452167746e-22
1.7447907559231995e-22
1.7863951538576268e-22
1.8289360943917704e-22
1.8724351778804482e-22
1.916914456585754e-22
1.9623964415617847e-22
2.0089041094823846e-22
2.0564609093892175e-22
2.1050907693410642e-22
2.154818102934365e-22
2.2056678156755367e-22
2.2576653111705877e-22
2.3108364971066817e-22
2.3652077909843833e-22
2.4208061255754296e-22
2.4776589540552423e-22
2.5357942547767923e-22
2.595240535635355e-22
2.6560268379745835e-22
2.7181827399842593e-22
2.781738359524729e-22
2.846724356322685e-22
2.913171933464145e-22
2.981112838115407e-22
3.050579361389667e-22
3.1216043372746036e-22
3.194221140525325e-22
3.268463683427753e-22
3.3443664113171133e-22
3.421964296731087e-22
3.5012928320836404e-22
3.582388020701333e-22
3.665286366090677e-22
3.750024859257829e-22
3.836640963917464e-22
3.925172599390252e-22
4.0156581209879193e-22
4.108136297656774e-22
4.2026462866373655e-22
4.299227604874062e-22
4.3979200968870865e-22
4.498763898791884e-22
4.601799398123951e-22
4.707067189096818e-22
4.814608022891961e-22
4.924462752524551e-22
5.036672271815306e-22
5.15127744792867e-22
5.268319046902942e-22
5.387837651520315e-22
5.50987357083753e-22
5.634466740592735e-22
