2.5199286879415622e-23
1.973854264389231e-23
1.4601424574692987e-23
9.777120964437698e-24
5.2557737945969995e-24
1.0341438005526982e-24
2.9244813018122858e-24
6.592668164794663e-24
9.994548231327985e-24
1.3136234679399344e-23
1.6024218669472913e-23
1.8664573563683495e-23
2.106287813933216e-23
2.322420821363033e-23
2.5153141064844782e-23
2.6853762696300645e-23
2.8329675413538644e-23
2.9584004919913264e-23
3.061940664654082e-23
3.1438071198830153e-23
3.2041728877504406e-23
3.2431653256927434e-23
3.2608663812142223e-23
3.2573127594500204e-23
3.232495995915521e-23
3.186362434734386e-23
3.1188131126811415e-23
3.029703550671388e-23
2.918843453894525e-23
2.785996324461405e-23
2.630878993866799e-23
2.453161089743868e-23
2.2524644683066443e-23
2.0283626859296305e-23
1.7803806915892002e-23
1.5079952575512825e-23
1.2106378831446201e-23
8.877076719182127e-24
5.386442279153082e-24
1.6407753469820713e-24
2.4475524575111058e-24
6.76659956339645e-24
1.1391126059264719e-23
1.6323588366968007e-23
2.157355679667685e-23
2.715196941979477e-23
3.307063433682969e-23
3.934214600225031e-23
4.597987971996807e-23
5.299800852186764e-23
6.041152881907366e-23
6.823629065843401e-23
7.648903112385764e-23
8.518741031445974e-23
9.435004971579486e-23
1.0399657291005446e-22
1.1414764865281671e-22
1.2482503638439836e-22
1.3605163426761562e-22
1.4785152984814549e-22
1.6025005346711474e-22
1.7327383455317711e-22
1.86950860920789e-22
2.01310541232305e-22
2.163837707939574e-22
2.3220300082930825e-22
2.488023114026862e-22
2.662174882594368e-22
2.844861036438905e-22
3.036476014766703e-22
3.237433869696392e-22
3.4481692102443144e-22
3.6691381961187226e-22
3.90081958443983e-22
4.1437158320773023e-22
4.398354256929881e-22
4.665288261036998e-22
4.94509861932617e-22
5.238394838313835e-22
5.545816587176468e-22
5.868035207559655e-22
6.205755304956411e-22
6.559716426979767e-22
6.930694834701163e-22
7.3195053718250685e-22
7.727003436510741e-22
8.154087064282267e-22
8.601699130729984e-22
9.070829670823975e-22
9.56251834166056e-22
1.0077857015638935e-21
1.0617992531956929e-21
1.1184129600664344e-21
1.1777533883186136e-21
1.2399535251713547e-21
1.3051531240653718e-21
1.3734990712642097e-21
1.4451457734628192e-21
1.5202555704120304e-21
1.5989991718697285e-21
1.6815561223575032e-21
1.768115295401167e-21
1.8588754174208746e-21
1.954045628503657e-21
2.0538460751923417e-21
2.158508545993352e-21
2.268277146108591e-21
2.3834090203987285e-21
2.504175120728341e-21
2.6308610303209638e-21
2.763767843199533e-21
2.9032131053742108e-21
3.0495318218003515e-21
3.2030775397224203e-21
3.364223505482868e-21
3.5333639106676034e-21
3.710915229902348e-21
3.897317660307384e-21
4.0930366718146585e-21
4.29856467685044e-21
4.514422837202706e-21
4.741163003484921e-21
4.979369832580663e-21
5.229663057782574e-21
5.492699962518291e-21
5.7691780669686644e-21
6.0598380345586206e-21
6.3654668479447335e-21
6.6869012545540106e-21
7.025031537130804e-21
7.380805627373098e-21
7.755233599138765e-21
8.149392600245292e-21
8.564432259480205e-21
9.00158061752408e-21
9.46215067656009e-21
9.947547589633622e-21
1.0459276621900371e-20
1.0998951954240272e-20
1.1568306431237204e-20
1.2169202355452694e-20
1.2803643586123382e-20
1.3473788898912409e-20
1.4181966985636312e-20
1.49306932482575e-20
1.5722688591377518e-20
1.6560900551477264e-20
1.74485271788913e-20
1.838904391341895e-20
1.9386234101931984e-20
2.0444223698398378e-20
2.1567520597622378e-20
2.2761059795439195e-20
2.4030254954934135e-20
2.5381057780150356e-20
2.6820026508433274e-20
2.8354404954641583e-20
2.9992214660104437e-20
3.1742362073918755e-20
3.361476411220586e-20
3.5620495918754594e-20
3.777196513549383e-20
4.0083118767535687e-20
4.256969020512568e-20
4.5249495287935106e-20
4.8142788603029566e-20
5.1272697026317697e-20
5.466574855167533e-20
5.835252146577798e-20
6.236845088236316e-20
6.675483257239578e-20
7.156008967669388e-20
7.684138038400066e-20
8.266666326595768e-20
8.911737545879325e-20
9.629195087264344e-20
1.0431049710287025e-19
1.1332110967083633e-19
1.2350852232944615e-19
1.351061767045996e-19
1.4841338854310086e-19
1.6382030615055316e-19
1.8184512656790676e-19
2.0319117233500028e-19
2.2883738179092387e-19
2.60187352569318e-19
2.993262399939366e-19
3.494882250998925e-19
4.159653849649219e-19
5.080261479062183e-19
6.434097541296738e-19
8.603629094836478e-19
1.2556140811796943e-18
2.113214663305027e-18
3.484576429713792e-18
2.384512153225743e-18
1.4521174100135205e-18
1.0257969250195838e-18
7.955859082634343e-19
6.535566553304365e-19
5.577285509066051e-19
