3.150175492551197e-24
3.198765682760415e-24
3.2450265096190924e-24
3.2890481444745735e-24
3.3309171148878166e-24
3.3707163141341416e-24
3.408525033652824e-24
3.444419012494112e-24
3.4784704991482536e-24
3.510748322160331e-24
3.541317966720183e-24
3.570241655023913e-24
3.597578428674736e-24
3.623384231761892e-24
3.64771199354453e-24
3.670611709896999e-24
3.692130522852269e-24
3.712312797722939e-24
3.731200197393077e-24
3.7488317534648075e-24
3.765243934013846e-24
3.780470707766526e-24
3.794543604554656e-24
3.807491771939695e-24
3.8193420279263884e-24
3.830118909705716e-24
3.839844718384282e-24
3.848539559668249e-24
3.856221380478851e-24
3.862906001481898e-24
3.868607145516576e-24
3.873336461910988e-24
3.877103546669738e-24
3.8799159585191285e-24
3.881779230790756e-24
3.882696879121673e-24
3.882670404943663e-24
3.8816992947288086e-24
3.879781014953247e-24
3.8769110027331964e-24
3.8730826520809955e-24
3.868287295722514e-24
3.862514182407388e-24
3.855750449638798e-24
3.8479810917393085e-24
3.83918892316357e-24
3.82935453695986e-24
3.8184562582768e-24
3.8064700928039885e-24
3.7933696700312365e-24
3.779126181205386e-24
3.7637083118625496e-24
3.747082168812888e-24
3.729211201456688e-24
3.710056117318789e-24
3.6895747916977915e-24
3.667722171345934e-24
3.6444501721198694e-24
3.619707570580586e-24
3.5934398895699366e-24
3.565589277859771e-24
3.536094384061103e-24
3.504890225100659e-24
3.471908049733141e-24
3.437075197767808e-24
3.4003149559649505e-24
3.361546411925092e-24
3.320684307774309e-24
3.2776388960890105e-24
3.232315801350828e-24
3.1846158913513692e-24
3.134435164484667e-24
3.0816646609067427e-24
3.026190408320407e-24
2.9678934169442046e-24
2.9066497434727468e-24
2.842330651153193e-24
2.7748029034074147e-24
2.7039292431142823e-24
2.6295691308453327e-24
2.55157984632027e-24
2.469818103299727e-24
2.3841423974144433e-24
2.294416412694744e-24
2.2005139786175102e-24
2.1023263342329178e-24
1.9997728871713073e-24
1.892817373944491e-24
1.7814925542074934e-24
1.665938714910149e-24
1.5464650922940079e-24
1.4236502969688223e-24
1.2985106164908618e-24
1.1727880061927832e-24
1.0494467897172863e-24
9.335077006990201e-25
8.332885651753354e-25
7.615649835187677e-25
7.344890343472716e-25
7.652425884507677e-25
8.56066417027905e-25
9.988654936586507e-25
1.1827988303319704e-24
1.3993033572718275e-24
1.6429102169815625e-24
1.9105001221881457e-24
2.2004920648395367e-24
2.5122868380470046e-24
2.8459289824757516e-24
3.2019086584301695e-24
3.58104685532791e-24
3.984429894061931e-24
4.413373732200692e-24
4.8694070163263574e-24
5.3542665958738285e-24
5.8699019322208406e-24
6.4184864271731465e-24
7.002434663395705e-24
7.624425174591783e-24
8.287428801633024e-24
8.994743033273583e-24
9.750033032578672e-24
1.0557380350777518e-23
1.142134065835147e-23
1.2347012205710038e-23
1.3340117191255024e-23
1.4407098796776632e-23
1.5555237391846587e-23
1.679279036701812e-23
1.8129161307371937e-23
1.9575105870019424e-23
2.1142983931228508e-23
2.2847070533365105e-23
2.4703942194353893e-23
2.67329606875444e-23
2.895688411380725e-23
3.140264595175821e-23
3.410235827637543e-23
3.709461778003137e-23
4.0426226221412864e-23
4.4154486235433273e-23
4.8350308467492415e-23
5.3102482418342e-23
5.85236479137461e-23
6.475880342338443e-23
7.199768530101736e-23
8.049320296953468e-23
9.058961283071726e-23
1.0276683277245575e-22
1.1771239302940404e-22
1.3644233975048626e-22
1.605116763043495e-22
1.923920214688159e-22
2.3615497865557835e-22
2.986104841215223e-22
3.9023586297311733e-22
5.182380298997305e-22
6.383087290506819e-22
6.252770074379683e-22
5.091751827192636e-22
4.016546731849641e-22
3.2533484637819654e-22
2.7228017282762256e-22
2.342777319777406e-22
2.0604925621779438e-22
1.843772914305188e-22
1.672639597397833e-22
1.5342594483912298e-22
1.420094675011353e-22
1.3242776914126247e-22
1.2426574232120733e-22
1.1722210247417624e-22
1.1107318358395548e-22
1.0564958877577678e-22
1.0082071893164123e-22
9.648426789142937e-23
9.255893104787473e-23
8.89792427326757e-23
8.569185451413151e-23
8.26528080716173e-23
7.982550692592339e-23
7.717918730825266e-23
7.46877508990881e-23
7.232886355698043e-23
7.008325206733291e-23
6.793415006646823e-23
6.586685759905711e-23
6.386838815099894e-23
6.192718370819775e-23
6.003288325021728e-23
5.817613365272898e-23
5.634843462538655e-23
5.45420113178202e-23
5.274970977513326e-23
5.0964911654790324e-23
4.918146563620131e-23
4.739363385253534e-23
4.5596052535175776e-23
4.378370697634453e-23
4.195192200000468e-23
4.009637054882083e-23
