5.515522551856633e-24
5.521387381433352e-24
5.526986088321765e-24
5.53232921021954e-24
5.5374268653672634e-24
5.5422887625607695e-24
5.546924211389522e-24
5.551342132613512e-24
5.555551068605057e-24
5.559559193790156e-24
5.563374325033822e-24
5.5670039319209035e-24
5.5704551468910884e-24
5.57373477519276e-24
5.576849304625614e-24
5.57980491504663e-24
5.5826074876169576e-24
5.585262613774226e-24
5.587775603912023e-24
5.590151495757262e-24
5.5923950624346195e-24
5.5945108202091474e-24
5.5965030359026585e-24
5.598375733977864e-24
5.600132703288025e-24
5.601777503488048e-24
5.603313471107487e-24
5.604743725282834e-24
5.606071173150059e-24
5.607298514897297e-24
5.608428248477462e-24
5.6094626739826905e-24
5.610403897679992e-24
5.611253835711166e-24
5.61201421745536e-24
5.6126865885568444e-24
5.61327231361801e-24
5.613772578558212e-24
5.614188392638526e-24
5.614520590152228e-24
5.614769831781108e-24
5.614936605615866e-24
5.615021227840675e-24
5.615023843078893e-24
5.614944424398565e-24
5.6147827729755575e-24
5.6145385174094564e-24
5.614211112690105e-24
5.6137998388103964e-24
5.613303799018687e-24
5.612721917707169e-24
5.6120529379286476e-24
5.611295418535597e-24
5.610447730932361e-24
5.609508055433984e-24
5.608474377219695e-24
5.607344481873929e-24
5.606115950500804e-24
5.6047861544018905e-24
5.603352249304082e-24
5.601811169123309e-24
5.600159619248289e-24
5.5983940693302215e-24
5.596510745559029e-24
5.594505622409408e-24
5.5923744138357086e-24
5.5901125638948246e-24
5.5877152367758e-24
5.585177306210822e-24
5.582493344242637e-24
5.5796576093217976e-24
5.5766640337046626e-24
5.573506210121274e-24
5.5701773776813214e-24
5.5666704069831754e-24
5.5629777843897854e-24
5.5590915954321586e-24
5.555003507299755e-24
5.550704750373593e-24
5.5461860987556005e-24
5.541437849744988e-24
5.53644980221004e-24
5.531211233796984e-24
5.525710876921361e-24
5.519936893473918e-24
5.513876848178581e-24
5.5075176805288064e-24
5.500845675227613e-24
5.493846431051788e-24
5.486504828052504e-24
5.478804993003212e-24
5.470730262996775e-24
5.4622631470873465e-24
5.453385285867619e-24
5.444077408862515e-24
5.434319289612579e-24
5.424089698312599e-24
5.41336635186117e-24
5.402125861164583e-24
5.390343675531813e-24
5.377994023980146e-24
5.36504985326211e-24
5.351482762408775e-24
5.337262933568239e-24
5.3223590589037534e-24
5.306738263296583e-24
5.290366022580915e-24
5.273206077014886e-24
5.255220339673341e-24
5.236368799420605e-24
5.2166094180977864e-24
5.195898021532379e-24
5.174188183949178e-24
5.15143110533097e-24
5.127575481249693e-24
5.102567364656609e-24
5.076350019090559e-24
5.04886376273809e-24
5.020045802754836e-24
4.9898300592443896e-24
4.958146978284146e-24
4.924923333405254e-24
4.8900820149697836e-24
4.853541806965752e-24
4.8152171508706245e-24
4.775017896435584e-24
4.732849039559006e-24
4.688610447874743e-24
4.64219657536074e-24
4.593496168248432e-24
4.542391965920801e-24
4.488760402496288e-24
4.432471317677561e-24
4.3733876895610345e-24
4.311365408009412e-24
4.2462531156894336e-24
4.177892156149408e-24
4.106116686150643e-24
4.0307540355388584e-24
3.9516254363441526e-24
3.86854729981204e-24
3.7813333054879134e-24
3.6897976956845595e-24
3.593760366180581e-24
3.493054649229031e-24
3.387539162033935e-24
3.2771158479792164e-24
3.1617575428361545e-24
3.0415503411787802e-24
2.9167591901594734e-24
2.7879302492633884e-24
2.6560517419420054e-24
2.5228076647133755e-24
2.390976506075278e-24
2.2650463611603578e-24
2.152119332827044e-24
2.063103080255686e-24
2.013917873641845e-24
2.0259225094714977e-24
2.1244814408616665e-24
2.3359356885519006e-24
2.6862083916372407e-24
3.20503367611693e-24
3.937035599902931e-24
4.960656933394429e-24
6.422463066601265e-24
8.607730637454784e-24
1.2076379340722707e-23
1.7623408328900594e-23
2.3155748509163074e-23
2.051620449450349e-23
1.4787870295533738e-23
1.0863905217448842e-23
8.374405868817983e-24
6.705432010974944e-24
5.526532291482796e-24
4.671848303049361e-24
4.059179961089873e-24
3.64969172895315e-24
3.424881009122933e-24
3.3705630135683166e-24
3.467486894403133e-24
3.690625825518454e-24
4.014138983816704e-24
4.4160609665949656e-24
4.8800286105699985e-24
5.394832467889069e-24
5.9532201231938804e-24
6.550738183152346e-24
7.184848136486638e-24
7.854312579618066e-24
8.558786093668203e-24
9.298546702833024e-24
1.0074320191592151e-23
1.0887164955807307e-23
1.1738396312555783e-23
1.2629536709942202e-23
1.3562283123226702e-23
1.4538486008151007e-23
1.5560136144627266e-23
1.6629356959171403e-23
