1.1438044571670804e-22
1.14422950136528e-22
1.1446298178598619e-22
1.1450062562991795e-22
1.1453596156319718e-22
1.1456906458060555e-22
1.1460000493626726e-22
1.146288482929918e-22
1.146556558618439e-22
1.1468048453223874e-22
1.1470338699284123e-22
1.1472441184352648e-22
1.1474360369864355e-22
1.1476100328179837e-22
1.1477664751236336e-22
1.1479056958389466e-22
1.1480279903462392e-22
1.1481336181018033e-22
1.1482228031866761e-22
1.1482957347822126e-22
1.1483525675714375e-22
1.148393422067018e-22
1.14841838486657e-22
1.1484275088358246e-22
1.1484208132200754e-22
1.148398283684049e-22
1.148359872280403e-22
1.148305497346645e-22
1.148235043330348e-22
1.1481483605422e-22
1.148045264836402e-22
1.147925537217693e-22
1.147788923374147e-22
1.1476351331347426e-22
1.147463839850518e-22
1.1472746796979691e-22
1.147067250903197e-22
1.1468411128850919e-22
1.1465957853157443e-22
1.1463307470960004e-22
1.1460454352439662e-22
1.14573924369405e-22
1.1454115220039244e-22
1.1450615739666215e-22
1.1446886561247287e-22
1.1442919761834666e-22
1.1438706913191886e-22
1.1434239063796376e-22
1.1429506719720287e-22
1.1424499824347852e-22
1.141920773688521e-22
1.1413619209615405e-22
1.1407722363849489e-22
1.1401504664520107e-22
1.1394952893363028e-22
1.1388053120626685e-22
1.138079067524833e-22
1.1373150113431015e-22
1.1365115185551647e-22
1.1356668801328037e-22
1.1347792993166912e-22
1.1338468877612492e-22
1.1328676614809687e-22
1.1318395365892e-22
1.1307603248199212e-22
1.129627728822461e-22
1.1284393372187072e-22
1.127192619411683e-22
1.1258849201337992e-22
1.1245134537225736e-22
1.123075298110802e-22
1.121567388517657e-22
1.1199865108262836e-22
1.1183292946329005e-22
1.1165922059514372e-22
1.114771539557045e-22
1.1128634109508236e-22
1.1108637479272036e-22
1.1087682817244883e-22
1.1065725377379004e-22
1.1042718257734837e-22
1.1018612298199735e-22
1.0993355973145358e-22
1.096689527876961e-22
1.0939173614855298e-22
1.0910131660662477e-22
1.0879707244656835e-22
1.084783520775882e-22
1.0814447259781501e-22
1.077947182870647e-22
1.0742833902427e-22
1.0704454862566907e-22
1.0664252309961413e-22
1.0622139881362354e-22
1.0578027056904743e-22
1.0531818957845116e-22
1.0483416134053166e-22
1.0432714340707696e-22
1.0379604303615037e-22
1.0323971472533954e-22
1.0265695761852964e-22
1.0204651277926687e-22
1.0140706032335511e-22
1.0073721640286865e-22
1.0003553003327808e-22
9.930047975486463e-23
9.853047011903633e-23
9.772382798955981e-23
9.687879864807227e-23
9.599354169254704e-23
9.506612671664138e-23
9.409452875704759e-23
9.307662349510876e-23
9.201018219803265e-23
9.089286638402941e-23
8.972222219462702e-23
8.849567445625072e-23
8.721052041190332e-23
8.586392310243561e-23
8.445290437544283e-23
8.297433749826723e-23
8.142493934991322e-23
7.980126216489738e-23
7.809968480015606e-23
7.631640349413111e-23
7.444742208505886e-23
7.248854165335899e-23
7.043534955089093e-23
6.828320777785908e-23
6.602724066649844e-23
6.366232182968994e-23
6.118306033296169e-23
5.858378605096968e-23
5.585853417644826e-23
5.300102886435718e-23
5.0004666023382786e-23
4.6862495324870703e-23
4.3567201614576485e-23
4.011108614945576e-23
3.648604859195533e-23
3.2683571866847204e-23
2.869471491663434e-23
2.4510126563582354e-23
2.012012003338067e-23
1.5514951725374518e-23
1.068600727304716e-23
5.633905381516452e-24
8.1881226799386065e-25
5.403503430863456e-24
1.1249956375088435e-23
1.741094226775266e-23
2.3887071038822815e-23
3.0692024733009385e-23
3.784244577585831e-23
4.5356593640178293e-23
5.325407226969542e-23
6.155579733081149e-23
7.02840400802389e-23
7.946250433971709e-23
8.911642278808316e-23
9.927266794512912e-23
1.0995987656610673e-22
1.21208587594151e-22
1.3305139454606152e-22
1.4552311366460182e-22
1.5866096952753597e-22
1.7250480013463618e-22
1.8709728383669956e-22
2.0248419084759873e-22
2.187146625086885e-22
2.3584152196960156e-22
2.539216205267218e-22
2.7301622453855333e-22
2.931914486372523e-22
3.1451874190371913e-22
3.3707543480152545e-22
3.6094535601173654e-22
3.8621952992489118e-22
4.129969674885631e-22
4.4138556545509135e-22
4.71503131919587e-22
5.034785595048937e-22
5.374531717915538e-22
5.73582273805199e-22
6.120369438149387e-22
6.530061116944958e-22
6.966989790825526e-22
7.433478491135541e-22
7.932114493212146e-22
8.465788514347963e-22
9.03774117524573e-22
9.651618351058937e-22
1.0311537468351248e-21
1.1022167367025764e-21
1.1788825088401207e-21
1.2617593938031763e-21
1.3515468498090427e-21
1.4490534063426184e-21
1.5552190442956331e-21
1.6711433491446842e-21
1.7981212545733782e-21
