2.664120800478432e-23
2.66565393106468e-23
2.6671122686337773e-23
2.6684989067866335e-23
2.6698167870148506e-23
2.671068704941538e-23
2.672257316252498e-23
2.6733851423302464e-23
2.6744545756035154e-23
2.675467884622631e-23
2.676427218872476e-23
2.6773346133323205e-23
2.6781919927930294e-23
2.679001175940288e-23
2.6797638792126054e-23
2.68048172044247e-23
2.6811562222879904e-23
2.681788815462932e-23
2.682380841771105e-23
2.682933556952571e-23
2.6834481333466466e-23
2.683925662378533e-23
2.6843671568733187e-23
2.6847735532038894e-23
2.68514571327626e-23
2.685484426356515e-23
2.68579041074404e-23
2.6860643152934456e-23
2.6863067207897127e-23
2.686518141177921e-23
2.686699024651652e-23
2.6868497546015074e-23
2.686970650425628e-23
2.687061968204567e-23
2.6871239012413815e-23
2.687156580468235e-23
2.687160074720431e-23
2.6871343908781344e-23
2.687079473876588e-23
2.6869952065841307e-23
2.686881409548227e-23
2.6867378406086626e-23
2.6865641943772946e-23
2.68636010158269e-23
2.6861251282787797e-23
2.6858587749155745e-23
2.685560475269401e-23
2.68522959523135e-23
2.6848654314501503e-23
2.68446720982723e-23
2.684034083860485e-23
2.6835651328327006e-23
2.6830593598415224e-23
2.6825156896655536e-23
2.6819329664628586e-23
2.681309951296191e-23
2.6806453194796765e-23
2.679937657741199e-23
2.679185461193936e-23
2.678387130110803e-23
2.677540966494158e-23
2.676645170433402e-23
2.675697836242462e-23
2.674696948368259e-23
2.673640377061542e-23
2.672525873799589e-23
2.671351066451399e-23
2.670113454174026e-23
2.6688104020284767e-23
2.667439135303358e-23
2.665996733532931e-23
2.664480124196687e-23
2.662886076085267e-23
2.661211192317989e-23
2.659451902995851e-23
2.657604457473147e-23
2.655664916229518e-23
2.653629142323685e-23
2.651492792408834e-23
2.649251307288569e-23
2.6468999019908586e-23
2.644433555336714e-23
2.6418469989780443e-23
2.6391347058789192e-23
2.636290878211655e-23
2.6333094346384525e-23
2.6301839969467798e-23
2.626907876006026e-23
2.6234740570087597e-23
2.6198751839604794e-23
2.6161035433772167e-23
2.6121510471487336e-23
2.6080092145224928e-23
2.603669153160268e-23
2.5991215392163175e-23
2.594356596382138e-23
2.5893640738399002e-23
2.5841332230621375e-23
2.5786527733898705e-23
2.5729109063186976e-23
2.5668952284142457e-23
2.5605927427749987e-23
2.553989818951949e-23
2.5470721612285368e-23
2.5398247751557763e-23
2.532231932228431e-23
2.5242771325784028e-23
2.5159430655496755e-23
2.5072115680070325e-23
2.4980635802159353e-23
2.4884790991152136e-23
2.47843712878498e-23
2.4679156278916013e-23
2.4568914538673766e-23
2.4453403035541262e-23
2.433236650007815e-23
2.4205536751245247e-23
2.407263197703023e-23
2.3933355965099596e-23
2.378739727851816e-23
2.3634428370879923e-23
2.347410463435324e-23
2.3306063373135183e-23
2.3129922693616688e-23
2.2945280301117437e-23
2.275171219130536e-23
2.2548771222304568e-23
2.233598555090498e-23
2.2112856913121897e-23
2.1878858725434883e-23
2.163343397818281e-23
2.1375992886514486e-23
2.1105910256683223e-23
2.082252251582248e-23
2.05251243410766e-23
2.0212964808218964e-23
1.9885242959574608e-23
1.9541102664612556e-23
1.917962661185746e-23
1.8799829224825148e-23
1.8400648233295287e-23
1.7980934548409998e-23
1.7539439977208214e-23
1.7074802156573767e-23
1.6585525869550244e-23
1.6069959600358316e-23
1.5526265745387534e-23
1.4952382259394852e-23
1.434597257418447e-23
1.3704359212687567e-23
1.3024434358631123e-23
1.2302537270380041e-23
1.1534283063725662e-23
1.0714318679374935e-23
9.83596744423123e-24
8.890699521042725e-24
7.867325586857628e-24
6.750750621302284e-24
5.520076614603808e-24
4.1461882525351314e-24
2.594074568852871e-24
9.648069637990427e-25
1.9220356262253863e-24
4.983996659333272e-24
9.809681985723311e-24
1.9416104441895807e-23
5.647867214071243e-23
8.103137659831427e-23
2.390603394749267e-23
1.230142632692483e-23
6.641494887208173e-24
2.911703381702088e-24
1.0173033964396721e-24
3.091581068687176e-24
5.4692114936096594e-24
7.794836978020763e-24
1.0097056869577116e-23
1.2407362366760851e-23
1.474993161673965e-23
1.7143289139672846e-23
1.9602160033193392e-23
2.213876196630876e-23
2.4763658229409812e-23
2.7486324088809506e-23
3.031553058998155e-23
3.325961124055381e-23
3.632665230505423e-23
3.9524632362184433e-23
4.286152757182855e-23
4.634539340799868e-23
4.998443003248356e-23
5.37870361875998e-23
5.776185498684799e-23
6.191781398588788e-23
6.626416124342083e-23
7.081049862053775e-23
7.556681324701059e-23
8.054350785821927e-23
8.5751430547067e-23
9.120190436155718e-23
9.690675709728927e-23
