1.9068289883778334e-23
2.1067754749139585e-23
2.2959338590846042e-23
2.4747052452537645e-23
2.6434686737445173e-23
2.8025819156203396e-23
2.952382225365107e-23
3.093187051627141e-23
3.225294706486548e-23
3.3489849941685315e-23
3.46451980038466e-23
3.572143643312045e-23
3.6720841872695726e-23
3.764552720097384e-23
3.8497445951794426e-23
3.927839639000355e-23
3.99900252493269e-23
4.063383114135645e-23
4.1211167640438466e-23
4.172324605072506e-23
4.217113786160444e-23
4.2555776892994985e-23
4.28779611368853e-23
4.313835429538345e-23
4.3337487018918986e-23
4.347575784436214e-23
4.35534338348605e-23
4.357065091917309e-23
4.352741393109292e-23
4.342359634482871e-23
4.3258939705708237e-23
4.303305275013221e-23
4.274541021112546e-23
4.2395351303600247e-23
4.198207788211546e-23
4.1504652264502526e-23
4.096199471045753e-23
4.035288054638487e-23
3.967593692554112e-23
3.8929639209883993e-23
3.8112306959571507e-23
3.7222099515535703e-23
3.6257011159044856e-23
3.521486582614975e-23
3.40933113630644e-23
3.288981329340698e-23
3.1601648081574896e-23
3.022589586212952e-23
2.875943261312389e-23
2.719892174680539e-23
2.5540805096749933e-23
2.3781293283855935e-23
2.191635546690543e-23
1.9941708519295227e-23
1.7852805777170817e-23
1.564482576551595e-23
1.331266205792294e-23
1.085091793847742e-23
8.253919943377506e-24
5.5158249386459095e-24
2.631583637832093e-24
4.4526759611284735e-25
3.622217315874227e-24
6.993778808768616e-24
1.0544209477652389e-23
1.4281274509736905e-23
1.8213865199066815e-23
2.2351518750678346e-23
2.670436947520524e-23
3.128316233997742e-23
3.6099283215092426e-23
4.1164796396072095e-23
4.649248694764936e-23
5.209590724645176e-23
5.798942768585176e-23
6.418829176063133e-23
7.070867585765376e-23
7.756775419416168e-23
8.478376936083221e-23
9.237610906949912e-23
1.0036538970545799e-22
1.087735474286093e-22
1.1762393759404964e-22
1.2694144343312297e-22
1.3675259500412293e-22
1.4708569956269116e-22
1.5797098467761232e-22
1.6944075556883945e-22
1.8152956835304183e-22
1.9427442114307816e-22
2.077149651331449e-22
2.2189373832186603e-22
2.3685642453134273e-22
2.526521412584313e-22
2.6933375999372344e-22
2.869582635249087e-22
3.055871452407729e-22
3.252868563398852e-22
3.4612930796910826e-22
3.6819243606752446e-22
3.9156083864497786e-22
4.1632649624308496e-22
4.425895888994857e-22
4.704594248736424e-22
5.000554994302173e-22
5.31508705651e-22
5.649627232842896e-22
6.005756170128093e-22
6.3852168213303115e-22
6.789935834276372e-22
7.222048428591126e-22
7.683927451375789e-22
8.178217450695051e-22
8.707874800569972e-22
9.27621519066004e-22
9.886970082146218e-22
1.0544354199440715e-21
1.125314662818962e-21
1.2018788869569475e-21
1.2847504087524637e-21
1.374644316619051e-21
1.4723864789418109e-21
1.5789359271350248e-21
1.6954128973098272e-21
1.823134275585049e-21
1.9636588402176287e-21
2.1188455984830695e-21
2.290929875719318e-21
2.4826237924552294e-21
2.6972507612102366e-21
2.9389282482523106e-21
3.212820289856605e-21
3.525492937780376e-21
3.885425125244195e-21
4.303760509142393e-21
4.795444150484818e-21
5.3809952849797716e-21
6.0893741165813135e-21
6.962820476030076e-21
8.065451106755247e-21
9.499527385756685e-21
1.1438768113449674e-20
1.420393666290014e-20
1.8459999393229603e-20
2.5845939782230003e-20
4.17755176066099e-20
1.0039261113062411e-19
2.2896203672290915e-19
5.953453937184105e-20
3.443214006531244e-20
2.452122371778956e-20
1.922569321585599e-20
1.5933507498325367e-20
1.369017645178861e-20
1.2064267525914272e-20
1.083234374711939e-20
9.867115984644404e-21
9.090752248432604e-21
8.452983943244479e-21
7.919895447115697e-21
7.46777289918824e-21
7.079535055249972e-21
6.742564353592326e-21
6.447336764293518e-21
6.18652701570587e-21
5.954407321251042e-21
5.746433082871752e-21
5.558951147764939e-21
5.388990204977889e-21
5.234107639210256e-21
5.092275793668325e-21
4.96179633880355e-21
4.841234939974121e-21
4.7293708152337175e-21
4.625157386357303e-21
4.5276912398278516e-21
4.436187466745925e-21
4.349959838901669e-21
4.26840480780492e-21
4.190988425490902e-21
4.117235655221487e-21
4.0467214781542395e-21
3.979063573317073e-21
3.913916115507768e-21
3.8509646129326375e-21
3.7899215132702554e-21
3.730522459968835e-21
3.672523110449611e-21
3.615696379932319e-21
3.559830067644408e-21
3.504724792265031e-21
3.45019219094898e-21
3.396053335052068e-21
3.3421373284787328e-21
3.2882800712216814e-21
3.2343231587243413e-21
3.1801128701212973e-21
3.125499288649629e-21
3.0703354727576438e-21
3.0144767218955063e-21
2.957779882115948e-21
