1.4418524619748522e-24
1.443605607165441e-24
1.4495772988928016e-24
1.4593835225356416e-24
1.4726706269010612e-24
1.489116841265064e-24
1.5084326723195317e-24
1.5303603610883934e-24
1.55467261057285e-24
1.581170794358688e-24
1.6096828359401093e-24
1.6400609176603779e-24
1.6721791443769273e-24
1.70593125357839e-24
1.7412284359328772e-24
1.7779973061535597e-24
1.8161780460726472e-24
1.8557227284709915e-24
1.8965938206410637e-24
1.9387628600547562e-24
1.982209291092794e-24
2.0269194494480054e-24
2.0728856798177795e-24
2.120105572847466e-24
2.1685813075490957e-24
2.218319086569509e-24
2.269328652631263e-24
2.3216228754604527e-24
2.3752174001440382e-24
2.4301303482844656e-24
2.48638206490741e-24
2.5439949047116623e-24
2.6029930520062975e-24
2.663402369937295e-24
2.7252502743364115e-24
2.7885656291738617e-24
2.853378660225087e-24
2.9197208845830425e-24
2.9876250534323396e-24
3.057125106681549e-24
3.1282561373194886e-24
3.2010543644053687e-24
3.2755571135367913e-24
3.35180280334775e-24
3.429830937996851e-24
3.509682103801838e-24
3.5913979706568624e-24
3.675021296500356e-24
3.760595935337899e-24
3.848166847869563e-24
3.9377801144824114e-24
4.0294829507240346e-24
4.123323724541433e-24
4.219351975146114e-24
4.3176184338701704e-24
4.418175046134762e-24
4.521074994959401e-24
4.626372725633255e-24
4.7341239718113725e-24
4.8443857822699724e-24
4.9572165491444195e-24
5.072676037210017e-24
5.1908254138747546e-24
5.311727280130395e-24
5.43544570296612e-24
5.562046248129546e-24
5.6915960141868726e-24
5.824163667347127e-24
5.9598194773481496e-24
6.098635354125704e-24
6.240684885598995e-24
6.386043376219051e-24
6.534787886564792e-24
6.686997274420014e-24
6.842752235529336e-24
7.002135346665517e-24
7.16523110950518e-24
7.33212599472185e-24
7.502908488004641e-24
7.677669137086524e-24
7.856500599100142e-24
8.039497690258873e-24
8.226757435630428e-24
8.418379120749742e-24
8.614464344040865e-24
8.815117070718869e-24
9.020443688101158e-24
9.230553061667977e-24
9.445556592929378e-24
9.665568278084405e-24
9.890704769395062e-24
1.012108543599673e-23
1.0356832427426013e-23
1.0598070738838236e-23
1.0844928276944636e-23
1.1097535927747491e-23
1.1356027625949416e-23
1.1620540426036015e-23
1.1891214575089009e-23
1.2168193586768892e-23
1.2451624317398264e-23
1.2741657044663068e-23
1.3038445546218876e-23
1.334214718122463e-23
1.3652922975007415e-23
1.3970937702928576e-23
1.4296359978805905e-23
1.462936234368049e-23
1.497012135763933e-23
1.5318817693381891e-23
1.567563623143878e-23
1.6040766159850242e-23
1.6414401071505188e-23
1.6796739069695898e-23
1.718798287231031e-23
1.7588339918023038e-23
1.7998022477748553e-23
1.8417247766679588e-23
1.8846238058248333e-23
1.9285220805753385e-23
1.973442875762762e-23
2.0194100084460602e-23
2.0664478505340462e-23
2.1145813413920347e-23
2.1638360013610776e-23
2.214237945390361e-23
2.2658138961767294e-23
2.3185911996275284e-23
2.3725978374420745e-23
2.4278624444691024e-23
2.4844143213835262e-23
2.5422834513650713e-23
2.601500516898008e-23
2.66209691404662e-23
2.7241047710236197e-23
2.787556961652576e-23
2.852487130425654e-23
2.9189297014031963e-23
2.986919901825053e-23
3.056493779090402e-23
3.127688218655829e-23
3.200540969510964e-23
3.275090654489765e-23
3.35137679801637e-23
3.429439849252458e-23
3.5093211920204385e-23
3.5910631748079917e-23
3.674709142710009e-23
3.760303439652546e-23
3.8478914360468217e-23
3.9375195843917424e-23
4.0292353926244516e-23
4.123087482340644e-23
4.2191256164811154e-23
4.317400709827461e-23
4.417964850881874e-23
4.5208713847644e-23
4.626174830233409e-23
4.733931038808203e-23
4.8441971393840007e-23
4.9570315643301586e-23
5.072494147437291e-23
5.1906461149557416e-23
5.311550070710233e-23
5.435270103946349e-23
5.561871837678412e-23
5.691422379210311e-23
5.823990368266117e-23
5.959646136949807e-23
6.098461567259884e-23
6.240510232455329e-23
6.385867449454009e-23
6.534610288932967e-23
6.686817565105075e-23
6.84256986591378e-23
7.001949986066399e-23
7.16504227352864e-23
7.331932955070588e-23
7.502710937542574e-23
7.677466417026024e-23
7.856292077965042e-23
8.039283012030634e-23
8.226535587306273e-23
8.418149423533486e-23
8.614225960584673e-23
8.814869505941323e-23
9.020186069007593e-23
9.230284775368517e-23
9.445275704657624e-23
9.66527507982164e-23
9.890396533092282e-23
1.0120762261726695e-22
1.0356492245780042e-22
1.0597713664859585e-22
1.0844550171036765e-22
1.1097137192203532e-22
1.1355605901410109e-22
1.1620095258453493e-22
1.189074256284311e-22
1.2167693251225244e-22
1.245109542704055e-22
