3.891576917978614e-22
3.892169830353787e-22
3.892730790806194e-22
3.893260989887752e-22
3.8937615528308594e-22
3.8942335419402743e-22
3.8946779588509893e-22
3.895095746657011e-22
3.8954877919153054e-22
3.8958549265294583e-22
3.8961979295172556e-22
3.896517528665072e-22
3.896814402073771e-22
3.897089179598598e-22
3.8973424441864582e-22
3.897574733113354e-22
3.8977865391244213e-22
3.897978311479629e-22
3.8981504569063685e-22
3.8983033404620527e-22
3.898437286307347e-22
3.898552578393184e-22
3.898649461061194e-22
3.8987281395602745e-22
3.8987887804802535e-22
3.8988315121019736e-22
3.89885642466727e-22
3.8988635705662223e-22
3.8988529644449716e-22
3.8988245832321396e-22
3.898778366085241e-22
3.898714214255948e-22
3.898631990874655e-22
3.8985315206532736e-22
3.8984125895062177e-22
3.89827494408754e-22
3.8981182912448816e-22
3.897942297387037e-22
3.897746587765594e-22
3.897530745667756e-22
3.8972943115184996e-22
3.897036781891353e-22
3.896757608424107e-22
3.896456196637395e-22
3.8961319046544033e-22
3.895784041817489e-22
3.895411867199289e-22
3.895014588005215e-22
3.894591357862924e-22
3.894141274995665e-22
3.8936633802750247e-22
3.8931566551481497e-22
3.8926200194361696e-22
3.8920523289968067e-22
3.89145237324771e-22
3.890818872543382e-22
3.8901504754006924e-22
3.889445755565805e-22
3.888703208916188e-22
3.887921250190486e-22
3.887098209538389e-22
3.8862323288824834e-22
3.8853217580837396e-22
3.8843645509014106e-22
3.8833586607378515e-22
3.8823019361578214e-22
3.881192116172116e-22
3.880026825273893e-22
3.878803568215352e-22
3.8775197245129245e-22
3.876172542666194e-22
3.874759134078416e-22
3.8732764666612443e-22
3.871721358109393e-22
3.87009046882769e-22
3.868380294493038e-22
3.866587158232033e-22
3.8647072023939603e-22
3.8627363798992334e-22
3.86067044513876e-22
3.858504944402108e-22
3.856235205808056e-22
3.853856328711076e-22
3.8513631725549754e-22
3.8487503451430677e-22
3.8460121902932806e-22
3.84314277484287e-22
3.840135874966796e-22
3.836984961770295e-22
3.833683186114759e-22
3.830223362631704e-22
3.8265979528780045e-22
3.822799047582222e-22
3.8188183479270077e-22
3.8146471458112175e-22
3.8102763030283416e-22
3.805696229296346e-22
3.80089685906783e-22
3.7958676270430356e-22
3.790597442305826e-22
3.7850746609933426e-22
3.779287057405439e-22
3.773221793451857e-22
3.7668653863275667e-22
3.7602036742977436e-22
3.753221780464421e-22
3.745904074377028e-22
3.7382341313364723e-22
3.7301946892312926e-22
3.721767602729699e-22
3.7129337946364696e-22
3.7036732042070767e-22
3.693964732193053e-22
3.6837861823720986e-22
3.6731141992937633e-22
3.661924201947242e-22
3.6501903130289296e-22
3.63788528345778e-22
3.624980411751772e-22
3.611445457839593e-22
3.5972485508405953e-22
3.5823560902968244e-22
3.566732640288047e-22
3.550340815800077e-22
3.5331411606497703e-22
3.515092016192318e-22
3.4961493799530766e-22
3.476266753225587e-22
3.455394976570254e-22
3.4334820520210134e-22
3.4104729506669227e-22
3.3863094041114896e-22
3.3609296781298525e-22
3.3342683266301847e-22
3.3062559237841166e-22
3.276818771911359e-22
3.245878582382011e-22
3.213352126428555e-22
3.179150852329506e-22
3.143180464927378e-22
3.1053404628615877e-22
3.065523628219819e-22
3.023615462516628e-22
2.979493561975876e-22
2.933026923997402e-22
2.8840751753915963e-22
2.8324877114306534e-22
2.778102732940601e-22
2.720746166480198e-22
2.660230450047903e-22
2.5963531636240445e-22
2.528895480079907e-22
2.457620407405996e-22
2.382270787649589e-22
2.302567011148775e-22
2.2182043963099714e-22
2.1288501748875523e-22
2.0341400099826222e-22
1.9336739581135627e-22
1.8270117668658915e-22
1.7136673746830232e-22
1.5931024478784482e-22
1.4647187501237106e-22
1.3278490893784197e-22
1.1817465245618106e-22
1.0255714398770655e-22
8.583760225573724e-23
6.790856931261183e-23
4.864776744669206e-23
2.791635967296774e-23
5.585447423373966e-24
1.8674960309132204e-23
4.4905303943494146e-23
7.344514972585053e-23
1.045970462875118e-22
1.387285003920847e-22
1.7628455892082288e-22
2.1780921804482582e-22
2.639750819517055e-22
3.15624595863525e-22
3.7382836487811854e-22
4.399693995666583e-22
5.15867805769777e-22
6.039705452249083e-22
7.076496690399775e-22
8.316889981395667e-22
9.831145460165096e-22
1.1726897545381259e-21
1.4177921250420508e-21
1.7484312037221482e-21
2.2213006041175968e-21
2.9579577431429237e-21
4.2748366129868096e-21
7.335151307020616e-21
2.269598791209326e-20
2.2618222298333034e-20
7.741758015766023e-21
4.716954723671508e-21
3.405517534347858e-21
2.6661766203188597e-21
2.186628984428898e-21
