2.745347875582234e-11
2.7175899780604054e-11
2.655924234774778e-11
2.576729215307824e-11
2.504512480168849e-11
2.3889076853296802e-11
2.3212016939529925e-11
2.271336377821476e-11
2.220667571353582e-11
2.1210823629280708e-11
2.071387631682724e-11
2.008932924116059e-11
1.943917333221637e-11
1.8834189370381534e-11
1.8221976275967485e-11
1.7686951521816433e-11
1.7032224233655222e-11
1.659369952806088e-11
1.6081091463687153e-11
1.5614659002420782e-11
1.4914460468262156e-11
1.4517793112075455e-11
1.4165466436690777e-11
1.3561846798307274e-11
1.318915357745045e-11
1.26088409210455e-11
1.2298091756164761e-11
1.1769743031341652e-11
1.1481846120215515e-11
1.1098646906700602e-11
1.0638741917902175e-11
1.0219564341315903e-11
9.844687450149035e-12
9.515929240946323e-12
9.190702989676728e-12
8.808079575190163e-12
8.536874685628142e-12
8.210348144483024e-12
7.876116980278679e-12
7.640057137182316e-12
7.321523451500132e-12
7.014943439446916e-12
6.773395071768477e-12
6.515561950770247e-12
6.2383785301257784e-12
6.019105777584202e-12
5.782505040739124e-12
5.555144389317284e-12
5.334702587370898e-12
5.106774028696997e-12
4.931173479846328e-12
4.707022803990407e-12
4.542654559547292e-12
4.343339167803251e-12
4.168061324701975e-12
3.9892934213617146e-12
3.83174626551336e-12
3.682041510617236e-12
3.5227900348180904e-12
3.376353235974496e-12
3.2335822626039014e-12
3.0957337208830004e-12
2.9692528810763542e-12
2.8407450914526757e-12
2.7233510471654515e-12
2.610008062525538e-12
2.496288426032364e-12
2.389832248101345e-12
2.283578634300965e-12
2.1911307938888937e-12
2.093774590531598e-12
2.0005110316260646e-12
1.9137337121395733e-12
1.83234092900409e-12
1.751885220707317e-12
1.6737025444682223e-12
1.6033667528960601e-12
1.5310523485576841e-12
1.4633787382749025e-12
1.3996745734345723e-12
1.3362647391445977e-12
1.2767184143600866e-12
1.2187176006674682e-12
1.1641633947224147e-12
1.1126020467079644e-12
1.0632721383749392e-12
1.0138483502100467e-12
9.685426475614398e-13
9.245440764769376e-13
8.823236590284638e-13
8.417334650921394e-13
8.036214484856081e-13
7.667378766724781e-13
7.311967454565107e-13
6.974326852396099e-13
6.656373679974717e-13
6.341660916226325e-13
6.048592537496464e-13
5.764343963977771e-13
5.495286843071123e-13
5.23665883445875e-13
4.989536646864183e-13
4.752938086806482e-13
4.526901055142366e-13
4.310695828822527e-13
4.1042126991344776e-13
3.9065601720525363e-13
3.7169653561753245e-13
3.537437284049411e-13
3.3644556032595277e-13
3.199937005473963e-13
3.042676513265696e-13
2.8921034144490717e-13
2.748819025001679e-13
2.610902646291693e-13
2.479599804893167e-13
2.354597594474799e-13
2.2343519275105721e-13
2.1196328953885992e-13
2.0106349699971846e-13
1.9064671842460424e-13
1.8067239854514596e-13
1.7113903753044432e-13
1.6201485712022966e-13
1.533596725448354e-13
1.450745062936494e-13
1.3714444351448e-13
1.295798890029331e-13
1.2239243475604906e-13
1.154998335374677e-13
1.089337886548042e-13
1.0266903655334975e-13
9.669192356336603e-14
9.099170590834786e-14
8.555468266909213e-14
8.037000341723196e-14
7.542896981818046e-14
7.07232207843635e-14
6.623426380717077e-14
6.195787320094475e-14
5.788549244880936e-14
5.4004965395839364e-14
5.031580683740271e-14
4.68040407905627e-14
4.3464977386029095e-14
4.0292010275790394e-14
3.72746833884309e-14
3.441185725072106e-14
3.1692487217632514e-14
2.911498422579686e-14
2.6671989755314346e-14
2.435918066004769e-14
2.2169856289882568e-14
2.0101722848728493e-14
1.8149792066518575e-14
1.63097166969924e-14
1.4576833076852232e-14
1.2948887267087736e-14
1.1421362486890059e-14
9.991644317897442e-15
8.65672148600853e-15
7.4136328614772e-15
6.2598319255884676e-15
5.192788689792119e-15
4.2103350991227486e-15
3.310484806099446e-15
2.4913123937120325e-15
1.7511627786601684e-15
1.0887079570306925e-15
5.035461417169704e-16
6.156820253010414e-17
4.551388768206295e-16
8.192630682557544e-16
1.112574115437142e-15
1.3347783406077628e-15
1.486145809827213e-15
1.5669232892720918e-15
1.5772271512897573e-15
1.517051054884322e-15
1.3862566854423924e-15
1.1845677989064357e-15
9.116525686810806e-16
5.674088001367993e-16
1.5781093628502813e-16
3.513719163372861e-16
9.151383272318354e-16
1.5574210763039182e-15
2.2777197810278837e-15
3.0773361766313375e-15
3.957947177983469e-15
4.921442458076017e-15
5.970009951131851e-15
7.10578501621536e-15
8.33161110247191e-15
9.649821491664611e-15
1.1063517529420904e-14
1.2575891076644266e-14
1.4190087420889667e-14
1.591018422447287e-14
1.7739403078828768e-14
1.9682269452924873e-14
