2.3698327220174863e-24
2.4078552850910355e-24
2.4436848985756434e-24
2.477380707821412e-24
2.5089998183584877e-24
2.538597013475866e-24
2.5662245416851218e-24
2.591931958398149e-24
2.6157660096780224e-24
2.63777054860102e-24
2.6579864768136674e-24
2.676451705444132e-24
2.6932011307469805e-24
2.7082666208114766e-24
2.721677010411036e-24
2.7334581016611276e-24
2.743632668622751e-24
2.752220464364996e-24
2.7592382293052067e-24
2.764699699893388e-24
2.7686156169139015e-24
2.7709937328504283e-24
2.7718388179086465e-24
2.7711526644215514e-24
2.7689340894809124e-24
2.7651789357498116e-24
2.7598800705199055e-24
2.7530273831887036e-24
2.744607781449533e-24
2.734605186617197e-24
2.7230005286590088e-24
2.7097717416726774e-24
2.6948937607552886e-24
2.678338521453633e-24
2.6600749632845525e-24
2.6400690391848714e-24
2.6182837332094915e-24
2.5946790893737904e-24
2.5692122552646244e-24
2.5418375449709313e-24
2.5125065270697703e-24
2.4811681449307035e-24
2.4477688785803346e-24
2.4122529599545017e-24
2.3745626567644668e-24
2.334638644709601e-24
2.2924204937860604e-24
2.2478473025466293e-24
2.200858525177435e-24
2.151395051350491e-24
2.099400619694685e-24
2.044823674906954e-24
1.9876198196909694e-24
1.927755071383587e-24
1.865210217577271e-24
1.7999866877613977e-24
1.732114537883759e-24
1.661663410256585e-24
1.5887577247811541e-24
1.513597940140481e-24
1.4364905773895795e-24
1.3578909150039403e-24
1.2784638895550164e-24
1.1991705844783177e-24
1.1213888276703849e-24
1.0470739089084497e-24
9.789518669650933e-25
9.206987211515872e-25
8.769788906873423e-25
8.53117899492375e-25
8.542114217875875e-25
8.838439702738428e-25
9.431451994115317e-25
1.0308722175951271e-24
1.1443617898774628e-24
1.2805997057263839e-24
1.4368975492570416e-24
1.6111469140184894e-24
1.8018249735996813e-24
2.0079037246048076e-24
2.2287431130952907e-24
2.463998354335517e-24
2.7135481111605598e-24
2.9774415481037535e-24
3.2558601651792144e-24
3.549090528468172e-24
3.857504828677257e-24
4.1815470108104434e-24
4.5217228668035695e-24
4.878592959480397e-24
5.252767583445086e-24
5.644903203374272e-24
6.0556999728681745e-24
6.485900049751723e-24
6.93628650213427e-24
7.407682654397149e-24
7.900951760815527e-24
8.416996921777672e-24
8.956761176931625e-24
9.521227723302572e-24
1.0111420216169308e-23
1.0728403117321163e-23
1.1373282060084658e-23
1.2047204203564168e-23
1.275135855057957e-23
1.348697620480604e-23
1.4255330542812597e-23
1.5057737276667336e-23
1.5895554381818444e-23
1.677018186397554e-23
1.7683061337258545e-23
1.8635675384014874e-23
1.9629546665022963e-23
2.066623674630724e-23
2.1747344606669244e-23
2.287450478755473e-23
2.4049385144217165e-23
2.5273684154791812e-23
2.6549127741176095e-23
2.7877465553020487e-23
2.9260466664452494e-23
3.0699914630381216e-23
3.219760184823564e-23
3.375532316950292e-23
3.537486870538335e-23
3.7058015770880087e-23
3.8806519913128055e-23
4.0622104973521035e-23
4.2506452134772395e-23
4.4461187914039254e-23
4.648787106618943e-23
4.8587978377080474e-23
5.076288933366241e-23
5.301386967887669e-23
5.534205387371257e-23
5.774842651315915e-23
6.023380277008178e-23
6.279880796021012e-23
6.544385637104534e-23
6.816912951695173e-23
7.097455402284043e-23
7.385977939835498e-23
7.682415597306939e-23
7.986671333975437e-23
8.298613966739078e-23
8.618076230718404e-23
8.944853012244155e-23
9.27869980320102e-23
9.619331425065484e-23
9.966421072718216e-23
1.0319599727873147e-22
1.067845599001754e-22
1.1042536367608876e-22
1.1411346068063927e-22
1.1784350317606688e-22
1.2160976230685638e-22
1.254061524078856e-22
1.2922626088481368e-22
1.3306338349797343e-22
1.3691056476420304e-22
1.4076064297316601e-22
1.446062992513223e-22
1.4844010990419495e-22
1.5225460120283142e-22
1.5604230564193277e-22
1.5979581863510763e-22
1.6350785464535974e-22
1.6717130158872719e-22
1.7077927260825546e-22
1.7432515410392468e-22
1.7780264935866712e-22
1.812058167501404e-22
1.8452910227677896e-22
1.8776736566731495e-22
1.9091590005843454e-22
1.9397044496437589e-22
1.9692719273859662e-22
1.9978278872588545e-22
2.0253432544156808e-22
2.051793311765693e-22
2.077157538366766e-22
2.1014194034336408e-22
2.1245661237059603e-22
2.1465883927300273e-22
2.1674800855207104e-22
2.1872379462822453e-22
2.2058612689889974e-22
2.223351568390963e-22
2.2397122553777484e-22
2.254948314145035e-22
2.269065986692138e-22
2.282072472855243e-22
2.293975637097682e-22
2.304783736547438e-22
2.31450516103294e-22
2.3231481933797048e-22
2.3307207806293196e-22
2.337230335929623e-22
2.3426835327233966e-22
2.347086148189961e-22
2.3504428863548138e-22
