5.915694813312203e-23
5.935091858944493e-23
5.953559625921024e-23
5.97113730504645e-23
5.987862196759588e-23
6.003769790385312e-23
6.018893839527106e-23
6.033266433758528e-23
6.046918066769347e-23
6.059877701108761e-23
6.072172829666647e-23
6.083829534019199e-23
6.094872539768242e-23
6.105325268987392e-23
6.115209889888586e-23
6.124547363813528e-23
6.133357489649258e-23
6.141658945762477e-23
6.149469329538935e-23
6.156805194614667e-23
6.163682085872919e-23
6.170114572283885e-23
6.176116277652161e-23
6.181699909338858e-23
6.186877285016671e-23
6.191659357510438e-23
6.196056237779726e-23
6.200077216081702e-23
6.203730781366367e-23
6.207024638932383e-23
6.209965726387536e-23
6.212560227935718e-23
6.214813587023546e-23
6.216730517364712e-23
6.218315012363454e-23
6.219570352950312e-23
6.220499113842985e-23
6.221103168235621e-23
6.221383690924966e-23
6.221341159866873e-23
6.220975356160324e-23
6.22028536245076e-23
6.219269559736799e-23
6.217925622561925e-23
6.216250512570762e-23
6.214240470399607e-23
6.211891005868487e-23
6.209196886439992e-23
6.206152123896662e-23
6.202749959191075e-23
6.198982845412659e-23
6.194842428806901e-23
6.19031952778244e-23
6.185404109824414e-23
6.180085266236256e-23
6.17435118461104e-23
6.168189118935836e-23
6.16158535721401e-23
6.154525186486404e-23
6.146992855116178e-23
6.138971532190638e-23
6.130443263883581e-23
6.12138892659996e-23
6.111788176715284e-23
6.101619396701203e-23
6.090859637406934e-23
6.079484556251375e-23
6.067468351050635e-23
6.054783689181744e-23
6.041401631757653e-23
6.027291552449539e-23
6.012421050566789e-23
5.996755857953157e-23
5.980259739225498e-23
5.962894384822909e-23
5.944619296284071e-23
5.925391663105993e-23
5.905166230466551e-23
5.883895157019948e-23
5.861527861874669e-23
5.838010859774736e-23
5.813287583381938e-23
5.787298191428725e-23
5.75997936136647e-23
5.731264064960108e-23
5.701081325086767e-23
5.669355951777766e-23
5.636008255281486e-23
5.600953733630187e-23
5.564102731857208e-23
5.525360069607713e-23
5.48462463342821e-23
5.441788929484026e-23
5.39673859182157e-23
5.349351840559975e-23
5.299498883521265e-23
5.2470412537910704e-23
5.191831074486756e-23
5.13371024056118e-23
5.072509505765022e-23
5.0080474608106906e-23
4.940129386336382e-23
4.8685459612495293e-23
4.7930718034516447e-23
4.713463815515529e-23
4.629459302544165e-23
4.5407738228210055e-23
4.447098723741366e-23
4.348098305418065e-23
4.243406541798275e-23
4.1326232733570245e-23
4.015309765569739e-23
3.8909835022118643e-23
3.7591120503395205e-23
3.619105792545786e-23
3.470309268659555e-23
3.3119907995073094e-23
3.143329974082569e-23
2.963402461043579e-23
2.7711614454724134e-23
2.5654147787298142e-23
2.344796646040428e-23
2.107732186828359e-23
1.8523930510226316e-23
1.5766414554103824e-23
1.2779606009211539e-23
9.533744701595365e-24
5.994057213269688e-24
2.1301635027567392e-24
2.210607956586707e-24
6.931998746631936e-24
1.2219123333590799e-23
1.8169093588146953e-23
2.492657628332582e-23
3.268765981346275e-23
4.172305268566009e-23
5.241734293283804e-23
6.53365168404806e-23
8.135022569711763e-23
1.0186853623873078e-22
1.293412860199559e-22
1.6843687532331262e-22
2.292950585708419e-22
3.3887482517028627e-22
6.005100790743142e-22
2.108292090896434e-21
1.492434021309e-21
5.67321947465956e-22
3.516150005686849e-22
2.5401542363461385e-22
1.9733036791289853e-22
1.59530031756383e-22
1.3193976151506606e-22
1.1044894582324372e-22
9.28558527844275e-23
7.787269036731968e-23
6.469409217493033e-23
5.2788904192035745e-23
4.179119117178679e-23
3.143944997586316e-23
2.154122876229278e-23
1.195393332434604e-23
2.6357157478751518e-24
6.838314643334217e-24
1.61058020220982e-23
2.543534912518442e-23
3.486694058013404e-23
4.4446445569646835e-23
5.421630445018085e-23
6.421558506163574e-23
7.448067299326134e-23
8.504593146424422e-23
9.594425504729738e-23
1.0720752397061195e-22
1.1886697747406351e-22
1.3095352358172913e-22
1.434979993845571e-22
1.5653139295438075e-22
1.7008503535425124e-22
1.8419076945844533e-22
1.9888110073359511e-22
2.1418933397413988e-22
2.3014969927911387e-22
2.467974696777071e-22
2.6416907268041947e-22
2.823021970431307e-22
3.0123589650281194e-22
3.21010691294609e-22
3.4166866851017597e-22
3.6325358199024836e-22
3.8581095263472105e-22
4.093881691974784e-22
4.340345908068398e-22
4.598016507306913e-22
4.867429627046942e-22
5.149144292800368e-22
5.443743530731395e-22
5.751835512633069e-22
6.074054727768473e-22
6.411063194248047e-22
6.763551702443062e-22
