1.7510871558976387e-24
1.81843137406824e-24
1.886633298615843e-24
1.9555656865280802e-24
2.025145842307614e-24
2.0953258447565902e-24
2.1660848518749022e-24
2.2374230614599892e-24
2.309356975007082e-24
2.3819156852261417e-24
2.4551379698993192e-24
2.5290700182768394e-24
2.6037636468240185e-24
2.679274913167199e-24
2.755663027574098e-24
2.832989517650476e-24
2.9113175753227326e-24
2.9907115603099238e-24
3.0712366225795552e-24
3.1529584201719483e-24
3.2359429150262806e-24
3.3202562263016645e-24
3.405964532099579e-24
3.493134011449779e-24
3.581830813752495e-24
3.6721210528376505e-24
3.7640708214759515e-24
3.85774621568236e-24
3.95321337803081e-24
4.050538541352331e-24
4.1497880849250576e-24
4.2510285933649174e-24
4.3543269196013e-24
4.459750250327784e-24
4.567366173006654e-24
4.677242744618634e-24
4.78944856036101e-24
4.90405282269492e-24
5.021125410641953e-24
5.140736948204839e-24
5.262958872962936e-24
5.387863503350666e-24
5.515524105556835e-24
5.646014960842008e-24
5.7794114307002555e-24
5.915790020883985e-24
6.055228447604221e-24
6.197805700876334e-24
6.3436021063905816e-24
6.49269939116193e-24
6.645180743163946e-24
6.801130875710541e-24
6.960636088160782e-24
7.123784328844238e-24
7.290665255563662e-24
7.461370298059605e-24
7.635992720074378e-24
7.814627680558094e-24
7.997372296537806e-24
8.18432570493035e-24
8.375589127187379e-24
8.571265929787838e-24
8.771461690601903e-24
8.976284262148715e-24
9.185843837197673e-24
9.40025301456679e-24
9.619626864738118e-24
9.844083000027441e-24
1.0073741639417987e-23
1.0308725681576616e-23
1.0549160771819174e-23
1.0795175377565807e-23
1.1046900857845164e-23
1.1304471538177458e-23
1.1568024787188235e-23
1.183770109106514e-23
1.2113644133990946e-23
1.2396000875640542e-23
1.2684921632643746e-23
1.298056016227593e-23
1.3283073745158368e-23
1.359262327223422e-23
1.390937333176525e-23
1.4233492299259496e-23
1.4565152428146958e-23
1.4904529944661053e-23
1.525180514014229e-23
1.5607162471860536e-23
1.597079065894676e-23
1.6342882786012957e-23
1.6723636407176865e-23
1.7113253650895296e-23
1.7511941326920063e-23
1.791991104151403e-23
1.83373793064496e-23
1.8764567656470935e-23
1.920170276690139e-23
1.9649016577200588e-23
2.010674641065305e-23
2.0575135103406856e-23
2.1054431134573322e-23
2.1544888755710233e-23
2.2046768132516415e-23
2.2560335470495234e-23
2.308586317279671e-23
2.362362997858414e-23
2.4173921097899984e-23
2.4737028390500018e-23
2.5313250493718114e-23
2.590289299942141e-23
2.65062686132063e-23
2.7123697309351534e-23
2.7755506517137866e-23
2.840203128204664e-23
2.906361444944701e-23
2.97406068464314e-23
3.043336745221558e-23
3.114226363882362e-23
3.1867671292500146e-23
3.260997507289256e-23
3.336956859708465e-23
3.41468546232609e-23
3.494224532725022e-23
3.575616242786367e-23
3.658903753419274e-23
3.7441312249803104e-23
3.831343848691752e-23
3.9205878668957546e-23
4.0119105963750306e-23
4.1053604662882185e-23
4.200987019479947e-23
4.298840962610185e-23
4.398974183078784e-23
4.5014397629133053e-23
4.606292045711918e-23
4.7135866158898207e-23
4.8233803672814174e-23
4.935731512050022e-23
5.0506996203236534e-23
5.168345642091844e-23
5.288731976130822e-23
5.411922438460372e-23
5.537982336267337e-23
5.666978529578416e-23
5.798979416174784e-23
5.934054940983053e-23
6.072276763088744e-23
6.213718156409964e-23
6.358454100249685e-23
6.50656139354971e-23
6.658118450569399e-23
6.813205760839233e-23
6.971905445668164e-23
7.134301690205907e-23
7.30048054142131e-23
7.470530252001473e-23
7.644540871421468e-23
7.822604619606017e-23
8.00481602120122e-23
8.19127172191537e-23
8.382070217548738e-23
8.577313177087364e-23
8.777103796585119e-23
8.981548042149559e-23
9.190754436240969e-23
9.404833781346976e-23
9.623899433069663e-23
9.848067774318751e-23
1.0077457895594101e-22
1.0312190885522591e-22
1.0552391455069918e-22
1.079818651729701e-22
1.1049707529760867e-22
1.1307086380930363e-22
1.1570460237938723e-22
1.1839969606018566e-22
1.211575554607821e-22
1.2397966147457167e-22
1.2686749341923407e-22
1.2982259310017638e-22
1.3284652963208655e-22
1.359408867732336e-22
1.3910733253290725e-22
1.4234752336370066e-22
1.4566318676649857e-22
1.4905605682118693e-22
1.525280226114221e-22
1.560807991436768e-22
1.597163538448047e-22
1.634366086566445e-22
1.6724348121671515e-22
1.7113901752213885e-22
1.7512524723996562e-22
1.7920446006809822e-22
1.8337865876003482e-22
1.876499978444979e-22
1.920207420513995e-22
1.9649327789916377e-22
2.0107025941132338e-22
2.0575369976917123e-22
2.1054618150717683e-22
