8.473476654805255e-23
8.624847751665964e-23
8.768831461200737e-23
8.90573331108914e-23
9.035843786069437e-23
9.159438944906453e-23
9.276781006595573e-23
9.388118907032833e-23
9.493688827356493e-23
9.593714695062877e-23
9.688408658980105e-23
9.777971539084799e-23
9.862593252135663e-23
9.942453214009421e-23
1.0017720719593174e-22
1.0088555301032726e-22
1.015510706508876e-22
1.0217517010308321e-22
1.0275917324671543e-22
1.0330431664336731e-22
1.0381175414053752e-22
1.0428255929794317e-22
1.0471772764076813e-22
1.051181787445842e-22
1.0548475815614154e-22
1.0581823915366028e-22
1.0611932435034164e-22
1.0638864714386866e-22
1.0662677301496974e-22
1.0683420067703452e-22
1.0701136307909687e-22
1.0715862826365662e-22
1.0727630008068775e-22
1.0736461875873352e-22
1.0742376133370444e-22
1.0745384193554317e-22
1.0745491193260232e-22
1.0742695993311718e-22
1.0736991164296343e-22
1.0728362957821457e-22
1.0716791263077722e-22
1.0702249548499261e-22
1.068470478824837e-22
1.0664117373214872e-22
1.0640441006181373e-22
1.0613622580734825e-22
1.0583602043469299e-22
1.0550312238957304e-22
1.0513678736913542e-22
1.0473619640909422e-22
1.0430045377928777e-22
1.0382858467980554e-22
1.0331953272923444e-22
1.0277215723540816e-22
1.0218523023864954e-22
1.0155743331600731e-22
1.0088735413448714e-22
1.0017348273967237e-22
9.9414207565404e-23
9.860781114852445e-23
9.775246553148121e-23
9.684622733399935e-23
9.588703247338574e-23
9.487269051117882e-23
9.380087860196373e-23
9.26691350178201e-23
9.147485221978075e-23
9.02152694448152e-23
8.888746477413721e-23
8.748834664553724e-23
8.60146447688163e-23
8.44629003999079e-23
8.282945592474094e-23
8.111044369959457e-23
7.930177408945846e-23
7.739912264033455e-23
7.53979163153037e-23
7.329331871723534e-23
7.108021421373944e-23
6.875319087156696e-23
6.63065220989011e-23
6.37341468843924e-23
6.102964851175428e-23
5.818623161867266e-23
5.519669745961318e-23
5.205341722562551e-23
4.8748303275125866e-23
4.5272778145310907e-23
4.1617741267285544e-23
3.777353344642757e-23
3.3729899525418746e-23
2.94759506005204e-23
2.5000129963142612e-23
2.0290196462922e-23
1.533327923755526e-23
1.0116299117045694e-23
4.629992679266153e-24
1.2487702605318242e-24
7.288109196094735e-24
1.370902583854121e-23
2.0480823013518192e-23
2.7621958065917e-23
3.5154311655851565e-23
4.310178751630519e-23
5.1490207217219624e-23
6.034740965662254e-23
6.970341488942273e-23
7.959062419321239e-23
9.004405070418848e-23
1.0110158124606249e-22
1.128042724281077e-22
1.2519668549852497e-22
1.3832726559644103e-22
1.5224877223065666e-22
1.670187691547021e-22
1.8270018339220154e-22
1.9936194507874911e-22
2.170797221097827e-22
2.359367664403647e-22
2.5602489239724836e-22
2.7744561173350154e-22
3.0031145560051035e-22
3.2474752043912274e-22
3.5089328342585905e-22
3.7890474404552374e-22
4.089569623717842e-22
4.412470826482813e-22
4.759979541271437e-22
5.13462491659152e-22
5.539289587474302e-22
5.977274092706382e-22
6.45237595808824e-22
6.968987497762938e-22
7.532217717266766e-22
8.1480455483567e-22
8.823514234588227e-22
9.566980369127446e-22
1.0388436397800878e-21
1.1299933183845173e-21
1.231614083675025e-21
1.3455103635866752e-21
1.4739272222901284e-21
1.6196939626056965e-21
1.786427830310021e-21
1.978829368222997e-21
2.2031214255638406e-21
2.4677205262019384e-21
2.7842979468329347e-21
3.1695226597344016e-21
3.648058589121957e-21
4.2580126027471445e-21
5.061539270900661e-21
6.167361240432228e-21
7.78441380457275e-21
1.0371756693262231e-20
1.51717614226831e-20
2.710714240103135e-20
1.0302758725092369e-19
5.555806937379394e-20
2.320338518282532e-20
1.486457367594884e-20
1.1055206032972042e-20
8.87417607067795e-21
7.46123966058954e-21
6.471152416307632e-21
5.738501839389222e-21
5.174117748409586e-21
4.7256836605907355e-21
4.360478074013048e-21
4.056983058381547e-21
3.800464473698925e-21
3.580491212315682e-21
3.389468664172327e-21
3.221733514628678e-21
3.072974243305449e-21
2.9398483306057554e-21
2.8197224406106016e-21
2.7104918220216837e-21
2.6104521065399282e-21
2.5182065782862294e-21
2.4325979647649256e-21
2.352657497280281e-21
2.277566335521373e-21
2.2066259927541326e-21
2.139235390018969e-21
2.0748728664129616e-21
2.0130819315469037e-21
1.9534598797127887e-21
1.8956486064546935e-21
1.839327145087032e-21
1.784205548287754e-21
1.7300198382535838e-21
1.6765278051868709e-21
1.6235054883075037e-21
1.5707442065438858e-21
1.5180480350906913e-21
1.4652316490679159e-21
1.4121184614948826e-21
1.3585390097749803e-21
1.304329544281948e-21
1.2493307827439567e-21
