8.78226551483534e-24
8.675988098551608e-24
8.588484738312872e-24
8.519188737783165e-24
8.467559678727472e-24
8.433082359581809e-24
8.415265810468421e-24
8.413642380826267e-24
8.4277668957791e-24
8.457215877396724e-24
8.50158682688371e-24
8.560497563919278e-24
8.633585619129367e-24
8.72050767601915e-24
8.820939058438106e-24
8.934573259901985e-24
9.061121511175256e-24
9.200312382490668e-24
9.351891416948434e-24
9.515620791953709e-24
9.691279005345845e-24
9.878660583409809e-24
1.0077575807909855e-23
1.0287850459620762e-23
1.0509325575941913e-23
1.0741857220541584e-23
1.0985316263045462e-23
1.1239588167137593e-23
1.1504572785631846e-23
1.1780184161244452e-23
1.2066350332104316e-23
1.2363013141169033e-23
1.2670128048907228e-23
1.2987663948870357e-23
1.3315602985784368e-23
1.3653940376129803e-23
1.4002684231098918e-23
1.436185538215515e-23
1.4731487209293034e-23
1.5111625472367524e-23
1.5502328145771814e-23
1.5903665256951396e-23
1.6315718729111438e-23
1.6738582228660532e-23
1.7172361017766352e-23
1.7617171812661932e-23
1.8073142648062324e-23
1.8540412748190427e-23
1.9019132404911906e-23
1.9509462863374035e-23
2.001157621558124e-23
2.052565530223632e-23
2.105189362326859e-23
2.1590495257315048e-23
2.2141674790489008e-23
2.2705657254541662e-23
2.328267807487097e-23
2.3872983028312398e-23
2.44768282110539e-23
2.5094480016686628e-23
2.5726215124542633e-23
2.6372320498303232e-23
2.7033093395126595e-23
2.770884138498827e-23
2.8399882380595155e-23
2.9106544677599066e-23
2.9829167005212227e-23
3.056809858712848e-23
3.1323699212708256e-23
3.2096339318384093e-23
3.288640007912697e-23
3.3694273510164495e-23
3.452036257835405e-23
3.5365081323771683e-23
3.6228854990839654e-23
3.7112120169340715e-23
3.801532494497604e-23
3.893892905943039e-23
3.988340408000203e-23
4.084923357845711e-23
4.183691331931095e-23
4.284695145723966e-23
4.3879868743636704e-23
4.4936198742361666e-23
4.601648805425283e-23
4.712129655096653e-23
4.825119761737359e-23
4.9406778403078593e-23
5.058864008256896e-23
5.179739812419789e-23
5.303368256803862e-23
5.429813831236938e-23
5.559142540866691e-23
5.691421936565851e-23
5.826721146164258e-23
5.965110906578486e-23
6.106663596771202e-23
6.251453271596993e-23
6.399555696499854e-23
6.551048383060561e-23
6.706010625425199e-23
6.864523537556978e-23
7.02667009138396e-23
7.192535155757898e-23
7.362205536307073e-23
7.535770016102918e-23
7.713319397214173e-23
7.894946543049249e-23
8.08074642159257e-23
8.270816149444445e-23
8.465255036711652e-23
8.664164632685563e-23
8.867648772363723e-23
9.07581362377609e-23
9.288767736074346e-23
9.506622088428544e-23
9.729490139677509e-23
9.957487878725565e-23
1.0190733875663046e-22
1.0429349333602957e-22
1.067345814118245e-22
1.0923186925727296e-22
1.1178665107048157e-22
1.1440024951787992e-22
1.1707401628352208e-22
1.1980933262330412e-22
1.2260760992353754e-22
1.254702902640661e-22
1.2839884698417404e-22
1.3139478525191108e-22
1.3445964263489829e-22
1.3759498967306036e-22
1.4080243045136495e-22
1.4408360317246365e-22
1.4744018072737193e-22
1.5087387126405223e-22
1.5438641875180125e-22
1.5797960354081778e-22
1.6165524291487306e-22
1.6541519163607608e-22
1.6926134247950104e-22
1.7319562675677876e-22
1.7722001482492454e-22
1.8133651658036882e-22
1.8554718193382344e-22
1.898541012652891e-22
1.9425940585429559e-22
1.9876526828543176e-22
2.033739028216304e-22
2.0808756574653354e-22
2.129085556684045e-22
2.178392137833193e-22
2.228819240932519e-22
2.2803911357326314e-22
2.3331325228360225e-22
2.3870685342128046e-22
2.4422247330431373e-22
2.4986271128306776e-22
2.5563020957184543e-22
2.615276529922783e-22
2.6755776862206037e-22
2.737233253388649e-22
2.800271332518262e-22
2.86472043009405e-22
2.9306094497287267e-22
2.997967682460925e-22
3.0668247954573605e-22
3.1372108190196095e-22
3.2091561317348876e-22
3.2826914436209636e-22
3.35784777710974e-22
3.4346564456815e-22
3.51314902996082e-22
3.5933573510966613e-22
3.6753134411615735e-22
3.7590495103852156e-22
3.844597910937899e-22
3.9319910970099793e-22
4.021261580901683e-22
4.112441884805878e-22
4.2055644879411405e-22
4.300661768722324e-22
4.397765941530178e-22
4.496908987727719e-22
4.59812258042646e-22
4.70143800260714e-22
4.806886058016297e-22
4.914496974359873e-22
5.024300298177936e-22
5.136324780813374e-22
5.250598254783087e-22
5.367147499892152e-22
5.485998098248906e-22
5.607174277469106e-22
5.730698741133448e-22
5.856592485562892e-22
5.984874601963801e-22
6.115562062844997e-22
6.248669491535228e-22
6.384208913630804e-22
6.522189489008454e-22
