3.486997239873975e-24
3.313735240597566e-24
3.1489027420582238e-24
2.992135085055091e-24
2.8430841773577074e-24
2.7014177620495617e-24
2.566818722061585e-24
2.438984419008822e-24
2.3176260646595026e-24
2.2024681231767448e-24
2.0932477421726748e-24
1.9897142105874442e-24
1.8916284410857838e-24
1.798762474782634e-24
1.710899005406211e-24
1.6278309205056205e-24
1.5493608563066428e-24
1.4753007633019724e-24
1.405471479011514e-24
1.3397023044720151e-24
1.2778305809404381e-24
1.2197012633437116e-24
1.165166487409378e-24
1.1140851278188565e-24
1.0663223456633439e-24
1.021749124505226e-24
9.802417958635236e-25
9.416815567193026e-25
9.059539837324945e-25
8.72948551144708e-25
8.42558161442165e-25
8.146787000322196e-25
7.892086265293269e-25
7.660486162195283e-25
7.451012646453135e-25
7.2627086704012365e-25
7.094632812419408e-25
6.945858791950695e-25
6.815475867920236e-25
6.7025900718888095e-25
6.606326171060464e-25
6.525830215217268e-25
6.460272489488913e-25
6.408850673610015e-25
6.370793012037948e-25
6.345361309214258e-25
6.331853592768785e-25
6.329606324051934e-25
6.3379960719776865e-25
6.356440610245594e-25
6.384399432129477e-25
6.421373709506543e-25
6.466905744843282e-25
6.520577984164708e-25
6.582011663136748e-25
6.650865167678015e-25
6.726832182697507e-25
6.80963970078987e-25
6.899045953326839e-25
6.994838317312534e-25
7.096831243162443e-25
7.204864238098634e-25
7.318799930943053e-25
7.438522240273145e-25
7.563934653852558e-25
7.694958632853361e-25
7.831532137219195e-25
7.973608277507837e-25
8.121154085874885e-25
8.274149403908747e-25
8.432585879804005e-25
8.596466068842651e-25
8.765802627673816e-25
8.940617598544853e-25
9.120941771804444e-25
9.306814122545444e-25
9.498281312489044e-25
9.69539725275635e-25
9.898222719325148e-25
1.0106825016425217e-24
1.0321277684314388e-24
1.0541660244947398e-24
1.0768057981531195e-24
1.1000561750110778e-24
1.1239267818179453e-24
1.1484277727680166e-24
1.1735698181027377e-24
1.1993640944648862e-24
1.225822277392383e-24
1.2529565350968643e-24
1.2807795238578968e-24
1.3093043845422963e-24
1.3385447406817412e-24
1.3685146970978214e-24
1.3992288401021853e-24
1.4307022381048728e-24
1.4629504434129759e-24
1.4959894947046896e-24
1.5298359201285243e-24
1.5645067412392415e-24
1.600019477493766e-24
1.6363921514650688e-24
1.6736432944740998e-24
1.7117919528425327e-24
1.7508576947810287e-24
1.7908606178346113e-24
1.831821356281002e-24
1.8737610900330697e-24
1.9167015528063147e-24
1.9606650418365285e-24
2.0056744273300678e-24
2.051753162626991e-24
2.098925294946132e-24
2.147215476324389e-24
2.196648974862744e-24
2.247251687026956e-24
2.2990501495315564e-24
2.3520715525537333e-24
2.406343752504515e-24
2.4618952859786505e-24
2.5187553834913985e-24
2.576953984503137e-24
2.636521751594287e-24
2.6974900865202478e-24
2.7598911456953663e-24
2.8237578566509814e-24
2.889123934628166e-24
2.9560238998060438e-24
3.0244930953071573e-24
3.094567704615518e-24
3.166284771383699e-24
3.2396822170302036e-24
3.314798861978618e-24
3.391674444550409e-24
3.470349642333423e-24
3.550866093287789e-24
3.6332664169886494e-24
3.7175942376389744e-24
3.803894206073924e-24
3.892212024124013e-24
3.9825944679819335e-24
4.075089412355545e-24
4.1697458566183544e-24
4.2666139500743865e-24
4.3657450183250166e-24
4.4671915902131855e-24
4.571007426198706e-24
4.677247545504879e-24
4.7859682569285114e-24
4.897227186605848e-24
5.0110833101583396e-24
5.1275969836600605e-24
5.2468299733665804e-24
5.368845491924616e-24
5.493708229169405e-24
5.621484387998599e-24
5.752241718207148e-24
5.886049553609196e-24
6.0229788476949504e-24
6.163102212403717e-24
6.3064939561802275e-24
6.4532301229073076e-24
6.60338853245654e-24
6.757048824066015e-24
6.914292494713238e-24
7.075202945828011e-24
7.23986552773808e-24
7.40836758176711e-24
7.580798489927317e-24
7.757249721423379e-24
7.9378148808348e-24
8.122589760010428e-24
8.31167238614148e-24
8.505163076309648e-24
8.703164488505418e-24
8.905781680866488e-24
9.113122164238738e-24
9.325295958162611e-24
9.542415655200844e-24
9.764596473695792e-24
9.991956328225541e-24
1.0224615882118599e-23
1.0462698625318004e-23
1.0706330924199241e-23
1.0955642104411106e-23
1.1210764511418387e-23
1.1471833587926452e-23
1.1738987934058164e-23
1.2012369397523112e-23
1.2292123141908557e-23
1.2578397719426768e-23
1.2871345166448274e-23
1.31711210661722e-23
1.3477884652963368e-23
1.3791798875011434e-23
1.4113030507984837e-23
1.444175022724668e-23
1.4778132693566716e-23
1.5122356679914422e-23
1.5474605137076656e-23
1.5835065313266798e-23
