6.699070031093374e-23
6.706434697751644e-23
6.71343463310125e-23
6.720084692487072e-23
6.726398988393479e-23
6.732390920434924e-23
6.738073203831557e-23
6.743457896423555e-23
6.748556424291295e-23
6.753379606027006e-23
6.75793767571826e-23
6.762240304680672e-23
6.76629662200132e-23
6.770115233922681e-23
6.773704242117167e-23
6.777071260888439e-23
6.78022343333262e-23
6.783167446503118e-23
6.785909545598508e-23
6.788455547216896e-23
6.790810851692538e-23
6.792980454553639e-23
6.794968957110718e-23
6.796780576212345e-23
6.79841915318191e-23
6.799888161950185e-23
6.801190716413675e-23
6.802329577016105e-23
6.803307156587689e-23
6.804125525434382e-23
6.804786415703212e-23
6.805291225023423e-23
6.805641019433872e-23
6.80583653560341e-23
6.805878182348654e-23
6.805766041447202e-23
6.805499867756697e-23
6.805079088628887e-23
6.804502802627049e-23
6.803769777535276e-23
6.802878447656325e-23
6.801826910399433e-23
6.8006129221379e-23
6.799233893333225e-23
6.79768688291634e-23
6.795968591908972e-23
6.794075356268899e-23
6.792003138949591e-23
6.789747521147575e-23
6.787303692722918e-23
6.784666441768613e-23
6.781830143301236e-23
6.77878874705774e-23
6.775535764350573e-23
6.772064253973578e-23
6.768366807104508e-23
6.76443553118366e-23
6.760262032721196e-23
6.755837398995911e-23
6.751152178605631e-23
6.746196360812938e-23
6.740959353644974e-23
6.73542996069102e-23
6.729596356540573e-23
6.72344606080441e-23
6.716965910648684e-23
6.71014203178163e-23
6.702959807812523e-23
6.695403847909115e-23
6.687457952670983e-23
6.679105078126637e-23
6.670327297767735e-23
6.661105762510363e-23
6.651420658485078e-23
6.641251162535698e-23
6.630575395307448e-23
6.619370371791848e-23
6.607611949188165e-23
6.59527477193487e-23
6.582332213742583e-23
6.56875631646135e-23
6.554517725595174e-23
6.539585622256783e-23
6.523927651353331e-23
6.507509845761341e-23
6.490296546238611e-23
6.47225031679857e-23
6.453331855241911e-23
6.433499898517351e-23
6.412711122554424e-23
6.390920036173314e-23
6.368078868633815e-23
6.344137450353677e-23
6.319043086259012e-23
6.292740421186402e-23
6.265171296678781e-23
6.236274598446541e-23
6.205986093680788e-23
6.174238257286399e-23
6.14096008600572e-23
6.106076899243748e-23
6.06951012525599e-23
6.031177071155014e-23
5.990990674970381e-23
5.948859237719129e-23
5.904686133117894e-23
5.858369492178122e-23
5.809801859449462e-23
5.758869817106585e-23
5.705453572373465e-23
5.649426502928597e-23
5.590654653876155e-23
5.528996178572929e-23
5.464300713969056e-23
5.396408679106846e-23
5.325150482839358e-23
5.250345623604713e-23
5.17180165994559e-23
5.0893130251143484e-23
5.0026596522161437e-23
4.911605367322912e-23
4.815895996091258e-23
4.715257113630837e-23
4.609391346207516e-23
4.4979751046723876e-23
4.380654590158713e-23
4.257040858270476e-23
4.126703651525554e-23
3.989163601556915e-23
3.843882246193989e-23
3.690249078107696e-23
3.527564501721762e-23
3.355017060672458e-23
3.171652504343689e-23
2.9763310132000807e-23
2.767666895101541e-23
2.543941773115293e-23
2.3029767931676738e-23
2.0419401780377202e-23
1.757051628406104e-23
1.4431265155929978e-23
1.0929253636557549e-23
6.968774507754372e-24
2.5894050936527655e-24
3.969704251011352e-24
1.1197295496068402e-23
2.172516578515697e-23
3.946669098952651e-23
8.103048832886467e-23
3.1958360514079213e-22
1.3028554495304758e-22
5.648902451531865e-23
3.1784242844129796e-23
1.802661743176329e-23
8.388336947651523e-24
2.019655765604275e-24
7.017660118855023e-24
1.333142849589399e-23
1.9482952836614993e-23
2.55548008405389e-23
3.1632664250245353e-23
3.778177255370803e-23
4.4052071775342095e-23
5.048326564799832e-23
5.710826201812139e-23
6.395544458068046e-23
7.105018615180602e-23
7.84158790589396e-23
8.607465453324622e-23
9.404789815451289e-23
1.0235662900989314e-22
1.1102178616594868e-22
1.2006445108910159e-22
1.295060252384569e-22
1.3936837593769005e-22
1.4967395965443947e-22
1.604459291505446e-22
1.7170822914002087e-22
1.8348568381766947e-22
1.9580407880073895e-22
2.086902394189458e-22
2.221721067214083e-22
2.3627881243563737e-22
2.510407536176658e-22
2.6648966807847783e-22
2.826587106421189e-22
2.995825314276527e-22
3.1729735583546473e-22
3.3584106741884583e-22
3.552532933854043e-22
3.7557549323827556e-22
3.968510512991111e-22
4.1912537268940323e-22
4.424459833567645e-22
4.668626345445003e-22
4.924274128626742e-22
5.191948537877994e-22
5.472220614803827e-22
5.765688344755527e-22
6.072977963918875e-22
6.39474534415694e-22
