3.1095456864779475e-23
3.110178653637524e-23
3.110781434653654e-23
3.1113553082572014e-23
3.1119014918483335e-23
3.1124211440798535e-23
3.11291536731585e-23
3.1133852099707994e-23
3.1138316687342125e-23
3.1142556906854566e-23
3.1146581753032735e-23
3.115039976374239e-23
3.11540190380428e-23
3.1157447253370204e-23
3.116069168182633e-23
3.1163759205606627e-23
3.1166656331601013e-23
3.116938920519785e-23
3.117196362332053e-23
3.117438504672457e-23
3.117665861158121e-23
3.117878914037165e-23
3.1180781152115985e-23
3.1182638871956963e-23
3.118436624012127e-23
3.1185966920274275e-23
3.1187444307289297e-23
3.1188801534444494e-23
3.119004148006568e-23
3.1191166773626515e-23
3.119217980132104e-23
3.1193082711119254e-23
3.1193877417315814e-23
3.119456560458366e-23
3.119514873153821e-23
3.1195628033822077e-23
3.1196004526715315e-23
3.119627900727724e-23
3.1196452056024065e-23
3.119652403814581e-23
3.119649510426493e-23
3.1196365190738616e-23
3.1196134019504144e-23
3.1195801097467886e-23
3.1195365715436215e-23
3.119482694658549e-23
3.1194183644467655e-23
3.119343444054775e-23
3.119257774126695e-23
3.119161172462489e-23
3.1190534336274214e-23
3.1189343285117484e-23
3.1188036038398763e-23
3.1186609816276343e-23
3.1185061585867266e-23
3.1183388054748675e-23
3.11815856639029e-23
3.117965058008914e-23
3.117757868762687e-23
3.117536557957164e-23
3.117300654826318e-23
3.117049657522612e-23
3.1167830320401094e-23
3.116500211067996e-23
3.1162005927723196e-23
3.1158835395029074e-23
3.1155483764227843e-23
3.1151943900569836e-23
3.114820826757411e-23
3.114426891080485e-23
3.114011744073688e-23
3.1135745014674845e-23
3.1131142317681486e-23
3.1126299542475244e-23
3.1121206368248856e-23
3.1115851938363204e-23
3.111022483686405e-23
3.1104313063767094e-23
3.1098104009057836e-23
3.109158442534307e-23
3.1084740399091873e-23
3.107755732040164e-23
3.107001985121222e-23
3.106211189190625e-23
3.1053816546200575e-23
3.1045116084262787e-23
3.103599190395409e-23
3.1026424490106967e-23
3.1016393371755486e-23
3.10058770771844e-23
3.0994853086728166e-23
3.098329778317385e-23
3.0971186399653425e-23
3.095849296491424e-23
3.094519024581223e-23
3.093124968689528e-23
3.091664134691965e-23
3.090133383214591e-23
3.0885294226243356e-23
3.086848801662102e-23
3.085087901698338e-23
3.0832429285946807e-23
3.0813099041462054e-23
3.0792846570826033e-23
3.077162813606927e-23
3.07493978744403e-23
3.0726107693697573e-23
3.070170716197074e-23
3.0676143391852776e-23
3.064936091839297e-23
3.062130157064497e-23
3.059190433646613e-23
3.056110522002868e-23
3.052883709180724e-23
3.04950295304369e-23
3.0459608656042896e-23
3.0422496954555254e-23
3.0383613092369906e-23
3.034287172091135e-23
3.0300183270250465e-23
3.025545373142068e-23
3.020858442641089e-23
3.015947176525928e-23
3.0108006989367296e-23
3.0054075900087604e-23
2.999755857164159e-23
2.993832904763845e-23
2.987625501944233e-23
2.9811197485862596e-23
2.974301039246957e-23
2.967154024937186e-23
2.959662572566032e-23
2.951809721927947e-23
2.9435776400284754e-23
2.934947572567481e-23
2.9258997923556707e-23
2.916413544483169e-23
2.906466987947528e-23
2.896037133496255e-23
2.885099777399041e-23
2.8736294308350687e-23
2.8615992445249766e-23
2.848980928280093e-23
2.835744665053581e-23
2.8218590189237467e-23
2.807290836812464e-23
2.79200514301262e-23
2.7759650262888405e-23
2.7591315187958134e-23
2.7414634658879333e-23
2.722917386616458e-23
2.703447323379394e-23
2.683004680373005e-23
2.6615380496009677e-23
2.6389930234139683e-23
2.61531199252249e-23
2.5904339278363686e-23
2.5642941453468123e-23
2.5368240523221167e-23
2.5079508729675404e-23
2.477597353048032e-23
2.4456814399971137e-23
2.4121159396886856e-23
2.3768081456108985e-23
2.3396594409338503e-23
2.3005648732442627e-23
2.259412700729075e-23
2.21608391178914e-23
2.1704517217742054e-23
2.1223810542523663e-23
2.0717280164465627e-23
2.0183393891704733e-23
1.962052162025966e-23
1.902693161520321e-23
1.8400788507189838e-23
1.7740154270663874e-23
1.7042994095754495e-23
1.6307190536926474e-23
1.553057123001665e-23
1.471095945317033e-23
1.3846263501428532e-23
1.2934633832139282e-23
1.1974741944975347e-23
1.0966286585751336e-23
9.910943653166646e-24
8.814227970742142e-24
7.68933468786904e-24
6.565487089980953e-24
5.506567561868626e-24
4.649111073633077e-24
4.242550226536165e-24
4.5515708069542645e-24
5.593049653384569e-24
7.180247998585059e-24
9.156086076024726e-24
1.1444004119132365e-23
1.4018148408155076e-23
1.688017637921988e-23
2.00483938736159e-23
2.3553488924514616e-23
2.7437533156378807e-23
