2.8031035042920878e-24
2.7670993198987637e-24
2.7366044640364734e-24
2.7113675273339704e-24
2.691151080701836e-24
2.675731288973693e-24
2.664897525762008e-24
2.6584519851509836e-24
2.6562092870903306e-24
2.6579960746189392e-24
2.663650602275204e-24
2.6730223161384153e-24
2.6859714268574164e-24
2.7023684777373453e-24
2.722093910430214e-24
2.7450376310598824e-24
2.771098579692429e-24
2.8001843059884054e-24
2.8322105536835506e-24
2.867100856242393e-24
2.9047861456968636e-24
2.9452043763059978e-24
2.9883001642938744e-24
3.0340244445667754e-24
3.082334144979809e-24
3.1331918784200794e-24
3.186565652726071e-24
3.2424285982467625e-24
3.3007587126692585e-24
3.361538622618455e-24
3.424755361420002e-24
3.490400162359421e-24
3.558468266721448e-24
3.6289587458676504e-24
3.7018743366110405e-24
3.7772212891449285e-24
3.8550092268118435e-24
3.9352510170107536e-24
4.017962652577669e-24
4.1031631430128905e-24
4.1908744149479224e-24
4.281121221301569e-24
4.373931058588265e-24
4.469334091898105e-24
4.567363087086855e-24
4.668053349750949e-24
4.771442670594158e-24
4.87757127682535e-24
4.986481789242008e-24
5.09821918468986e-24
5.21283076360838e-24
5.330366122399892e-24
5.450877130360201e-24
5.574417910957855e-24
5.701044827240553e-24
5.830816471172249e-24
5.96379365672708e-24
6.100039416565635e-24
6.2396190021410994e-24
6.382599887098479e-24
6.5290517738238024e-24
6.67904660303129e-24
6.832658566278587e-24
6.989964121294865e-24
7.151042010044256e-24
7.315973279427234e-24
7.484841304541105e-24
7.657731814438632e-24
7.834732920305011e-24
8.015935146006166e-24
8.201431460945003e-24
8.391317315193271e-24
8.585690676833714e-24
8.784652071501144e-24
8.988304624067593e-24
9.196754102455725e-24
9.41010896355726e-24
9.628480401221956e-24
9.851982396327203e-24
1.0080731768887479e-23
1.0314848232207528e-23
1.0554454449084245e-23
1.0799676090036724e-23
1.1050641893571659e-23
1.1307483728492066e-23
1.1570336658253097e-23
1.1839339007372838e-23
1.2114632429907917e-23
1.2396361980023002e-23
1.2684676184640133e-23
1.297972711822887e-23
1.328167047971955e-23
1.3590665671592413e-23
1.3906875881154424e-23
1.4230468164026753e-23
1.4561613529897235e-23
1.4900487030546812e-23
1.524726785018898e-23
1.5602139398165842e-23
1.5965289404042474e-23
1.6336910015127752e-23
1.67171978964672e-23
1.7106354333358318e-23
1.750458533643946e-23
1.7912101749369253e-23
1.832911935920486e-23
1.8755859009460335e-23
1.919254671595327e-23
1.9639413785480927e-23
2.009669693735734e-23
2.0564638427912043e-23
2.104348617798767e-23
2.153349390350125e-23
2.2034921249130516e-23
2.2548033925198875e-23
2.3073103847851726e-23
2.361040928254158e-23
2.4160234990926874e-23
2.472287238127202e-23
2.529861966241374e-23
2.5887782001329016e-23
2.649067168449134e-23
2.710760828296389e-23
2.773891882143686e-23
2.838493795122062e-23
2.9046008127301236e-23
2.972247978960593e-23
3.041471154842318e-23
3.1123070374284283e-23
3.184793179227133e-23
3.258968008077802e-23
3.3348708475095314e-23
3.412541937561383e-23
3.492022456101113e-23
3.573354540629332e-23
3.6565813106150215e-23
3.7417468903241897e-23
3.828896432210754e-23
3.918076140826729e-23
4.0093332973257696e-23
4.1027162844906796e-23
4.19827461239868e-23
4.296058944635435e-23
4.396121125161787e-23
4.4985142057890036e-23
4.6032924742754096e-23
4.7105114831270016e-23
4.8202280790175297e-23
4.932500432948096e-23
5.0473880710301373e-23
5.164951906111048e-23
5.2852542699582583e-23
5.408358946409588e-23
5.534331205111027e-23
5.663237836113902e-23
5.79514718531598e-23
5.930129190679357e-23
6.068255419280009e-23
6.209599105211408e-23
6.354235188533538e-23
6.502240354859913e-23
6.653693076035339e-23
6.808673651820829e-23
6.967264252285053e-23
7.129548961610486e-23
7.295613822317859e-23
7.465546881238726e-23
7.639438236002487e-23
7.817380082685313e-23
7.999466764851626e-23
8.185794823602687e-23
8.37646304855765e-23
8.571572530219759e-23
8.771226713900406e-23
8.975531453878139e-23
9.184595070355283e-23
9.398528406099894e-23
9.617444885622605e-23
9.841460575279416e-23
1.007069424431612e-22
1.0305267428724698e-22
1.0545304494296807e-22
1.0790932704227027e-22
1.1042282285063912e-22
1.129948649647442e-22
1.1562681701277399e-22
1.1832007438732885e-22
1.2107606497567067e-22
1.2389624991751382e-22
1.2678212438093834e-22
1.2973521835430163e-22
1.327570974583367e-22
1.3584936377134803e-22
1.3901365668044412e-22
1.4225165374114564e-22
1.455650715982744e-22
1.4895566683451706e-22
1.5242523698778653e-22
1.559756213941692e-22
1.5960870225980457e-22
1.6332640561200753e-22
