1.1095902221760119e-21
1.1095715534529392e-21
1.1123453694636477e-21
1.117917854619803e-21
1.1263011652193872e-21
1.1375134581418326e-21
1.1515789325155702e-21
1.1685278847339355e-21
1.1883967765098649e-21
1.2112283167181774e-21
1.2370715567425182e-21
1.2659819998801875e-21
1.298021724863388e-21
1.3332595240697934e-21
1.3717710564840909e-21
1.4136390160700364e-21
1.4589533156698698e-21
1.5078112872382843e-21
1.5603178986856953e-21
1.6165859878701586e-21
1.6767365145420704e-21
1.740898830630711e-21
1.8092109697360625e-21
1.8818199566041213e-21
1.958882137042082e-21
2.0405635296824002e-21
2.1270402001220505e-21
2.2184986583698034e-21
2.315136281100638e-21
2.4171617591446487e-21
2.5247955724992998e-21
2.638270492587542e-21
2.7578321146111957e-21
2.8837394210238332e-21
3.0162653766582684e-21
3.1556975594121958e-21
3.3023388254509166e-21
3.4565080134593494e-21
3.618540688343068e-21
3.7887899270067974e-21
3.967627148831514e-21
4.155442992670206e-21
4.352648243527915e-21
4.5596748128361665e-21
4.776976771378935e-21
5.005031444843375e-21
5.244340567302615e-21
5.495431504712185e-21
5.758858545330482e-21
6.035204266907299e-21
6.325080979162589e-21
6.629132255985166e-21
6.948034550132591e-21
7.282498907767099e-21
7.633272784232086e-21
8.001141962900827e-21
8.386932595105737e-21
8.791513359832271e-21
9.215797754843966e-21
9.660746529344536e-21
1.0127370264178711e-20
1.0616732120926596e-20
1.1129950748741327e-20
1.1668203393623217e-20
1.2232729194160009e-20
1.282483269447041e-20
1.3445887588756749e-20
1.4097340709633186e-20
1.4780716288261474e-20
1.5497620492482504e-20
1.6249746286829338e-20
1.703887861948942e-20
1.7866899970641334e-20
1.8735796309506124e-20
1.9647663449457913e-20
2.0604713886755297e-20
2.160928414236888e-20
2.2663842619730622e-20
2.377099810993008e-20
2.4933508883415524e-20
2.6154292530142344e-20
2.743643656291834e-20
2.878320984540032e-20
3.019807496140524e-20
3.168470162676986e-20
3.3246981133467275e-20
3.488904211237168e-20
3.661526756204388e-20
3.843031343601721e-20
4.033912883248831e-20
4.23469779066069e-20
4.445946405854528e-20
4.6682556058365196e-20
4.9022616760703805e-20
5.1486434635847386e-20
5.408125824600747e-20
5.681483428843847e-20
5.969544936003511e-20
6.273197602310395e-20
6.593392377660639e-20
6.931149536494742e-20
7.287564927803851e-20
7.663816901816071e-20
8.06117403227156e-20
8.481003708899973e-20
8.924781765779566e-20
9.394103214547342e-20
9.890694315814441e-20
1.0416426142711221e-19
1.097332987159935e-19
1.156361402326836e-19
1.218968406042037e-19
1.2854164515950674e-19
1.355992434965924e-19
1.4310105673908807e-19
1.5108156883644708e-19
1.5957870526563767e-19
1.6863426972511155e-19
1.782944490388351e-19
1.886103984874105e-19
1.9963892337385375e-19
2.114432738981005e-19
2.2409407944996604e-19
2.3767044687181155e-19
2.5226125849606415e-19
2.6796671904555515e-19
2.849001927768618e-19
3.031904154951471e-19
3.229841536403773e-19
3.4444943241207857e-19
3.677794665082313e-19
3.9319747886925187e-19
4.209626433875312e-19
4.5137746539578205e-19
4.847969926411892e-19
5.216404219604733e-19
5.624057658156258e-19
6.076886114149917e-19
6.582061520918776e-19
7.148282701288487e-19
7.7861791988354475e-19
8.508837925797744e-19
9.332490373660769e-19
1.0277406146259812e-18
1.1369037584905205e-18
1.2639440569089934e-18
1.4128908072977134e-18
1.5887511931795434e-18
1.7975600761635326e-18
2.046075534437961e-18
2.3405227971414133e-18
2.6831360708251398e-18
3.06451115768047e-18
3.450953819040642e-18
3.774695952812011e-18
3.9509549015293255e-18
3.933035376433691e-18
3.7508175293171366e-18
3.479616314092429e-18
3.186412387432795e-18
2.90915685871703e-18
2.662718692518301e-18
2.449627610636129e-18
2.2672575776748052e-18
2.1114135996361704e-18
1.977847739027827e-18
1.862796079945837e-18
1.7631004543769707e-18
1.6761728293747571e-18
1.5999118217425435e-18
1.5326140027511364e-18
1.472895423449464e-18
1.4196266328384679e-18
1.3718806595130034e-18
1.3288920395379662e-18
1.2900246108512067e-18
1.2547462923446686e-18
1.2226092907309586e-18
1.1932344440251512e-18
1.1662988255456518e-18
1.1415258863243706e-18
1.1186775011657098e-18
1.0975475955574195e-18
1.0779569852913881e-18
1.059749078777031e-18
1.0427865139759384e-18
1.0269481963092008e-18
1.0121269565044805e-18
9.982276285040662e-19
9.851653021898035e-19
9.728639910640977e-19
9.612554387055308e-19
9.502780968822351e-19
9.398763183215354e-19
9.299995714749158e-19
9.206018635442145e-19
9.11641161269861e-19
9.030789469703495e-19
8.948797946300182e-19
8.870110259360103e-19
8.794423904911844e-19
