2.0082171832809992e-24
1.9218236895651405e-24
1.8395517334568556e-24
1.7612258030040044e-24
1.6866785830707414e-24
1.615750571087986e-24
1.5482897058831465e-24
1.4841510085296704e-24
1.4231962342240585e-24
1.3652935342153283e-24
1.3103171269621387e-24
1.2581469776976439e-24
1.2086684858040626e-24
1.1617721794645583e-24
1.1173534172211535e-24
1.075312096384844e-24
1.0355523682906815e-24
9.979823607711613e-25
9.625139084369708e-25
9.290622916021679e-25
8.97545985014743e-25
8.678864177653442e-25
8.400077459712293e-25
8.138366400146834e-25
7.893020882022232e-25
7.663352187073021e-25
7.448691415390205e-25
7.248388121414361e-25
7.0618091773638345e-25
6.888337872493132e-25
6.727373249426785e-25
6.578329674166645e-25
6.440636628824142e-25
6.313738709422351e-25
6.197095806065879e-25
6.090183436699648e-25
5.992493202135235e-25
5.90353332670133e-25
5.822829249352271e-25
5.749924228884661e-25
5.68437993068952e-25
5.625776964847456e-25
5.573715350554447e-25
5.527814886773671e-25
5.487715413605439e-25
5.453076956875684e-25
5.423579750071234e-25
5.398924135577854e-25
5.378830349408475e-25
5.36303819678852e-25
5.351306631111143e-25
5.343413244750929e-25
5.339153687983223e-25
5.338341027597956e-25
5.340805058649164e-25
5.346391582328289e-25
5.354961660699669e-25
5.366390860363039e-25
5.38056849242267e-25
5.397396858729059e-25
5.416790510412796e-25
5.43867552374504e-25
5.462988798949538e-25
5.489677385601977e-25
5.518697835256564e-25
5.550015585308982e-25
5.583604374321747e-25
5.61944568899375e-25
5.657528243068145e-25
5.697847488370083e-25
5.740405156255809e-25
5.785208829642354e-25
5.8322715437955685e-25
5.881611414836729e-25
5.9332512958898065e-25
5.987218457294142e-25
6.043544291538866e-25
6.102264041099397e-25
6.163416547099807e-25
6.2270440200355e-25
6.29319182663219e-25
6.361908297973495e-25
6.433244553124231e-25
6.507254338222154e-25
6.583993881884342e-25
6.663521764488054e-25
6.745898801769631e-25
6.831187937912045e-25
6.919454156254331e-25
7.010764396087865e-25
7.105187483232826e-25
7.202794069945263e-25
7.303656586228959e-25
7.4078491966502815e-25
7.515447768878023e-25
7.626529851395157e-25
7.74117465581474e-25
7.859463050168725e-25
7.981477556648144e-25
8.107302356364278e-25
8.237023304183244e-25
8.370727944879344e-25
8.508505535431713e-25
8.650447080472749e-25
8.796645359556456e-25
8.947194972088819e-25
9.102192379162368e-25
9.261735955740596e-25
9.425926037184431e-25
9.594864984062588e-25
9.768657238677747e-25
9.94740938846468e-25
1.0131230239947362e-24
1.0320230883140797e-24
1.051452477313467e-24
1.0714227800804608e-24
1.0919458379242552e-24
1.1130337527424455e-24
1.134698895172867e-24
1.1569539140797273e-24
1.1798117456446575e-24
1.2032856227794164e-24
1.227389084663702e-24
1.2521359875487485e-24
1.2775405145282164e-24
1.303617186190308e-24
1.3303808716915921e-24
1.3578468000066046e-24
1.3860305715263038e-24
1.4149481696924834e-24
1.4446159735420321e-24
1.4750507698561579e-24
1.5062697663002093e-24
1.5382906053824224e-24
1.5711313767328188e-24
1.6048106322146142e-24
1.6393473998830876e-24
1.6747612008289657e-24
1.7110720619451793e-24
1.7483005339158114e-24
1.7864677077494068e-24
1.8255952297979118e-24
1.865705323400437e-24
1.9068208038916425e-24
1.948965099213505e-24
1.992162270196256e-24
2.0364370294449693e-24
2.0818147653778596e-24
2.128321561880239e-24
2.1759842239644845e-24
2.224830299281898e-24
2.274888105593214e-24
2.3261867577867483e-24
2.3787561907712452e-24
2.4326271939625614e-24
2.4878314370380953e-24
2.5444015032191766e-24
2.602370922613726e-24
2.661774203597947e-24
2.722646872807992e-24
2.785025508749343e-24
2.848947786408966e-24
2.9144525131756356e-24
2.9815796760956237e-24
3.050370485215018e-24
3.12086742433363e-24
3.193114302037626e-24
3.267156299810266e-24
3.34304003406895e-24
3.42081361116415e-24
3.500526691918425e-24
3.582230553986911e-24
3.6659781653615455e-24
3.751824254441417e-24
3.839825387534225e-24
3.930040048795885e-24
4.022528725364423e-24
4.1173540045866396e-24
4.21458066119075e-24
4.314275760635086e-24
4.416508766686272e-24
4.5213516589530835e-24
4.628879044076566e-24
4.739168292605534e-24
4.8522996546532516e-24
4.96835642693477e-24
5.0874250872802194e-24
5.209595447145438e-24
5.334960850166992e-24
5.463618308974979e-24
5.5956687317132125e-24
5.73121709448967e-24
5.870372686702266e-24
6.0132493026017845e-24
6.1599655026693415e-24
6.310644868521435e-24
6.4654162467218034e-24
6.624414092582755e-24
6.787778703473334e-24
6.955656594601694e-24
7.128200825458657e-24
