2.9137560852649445e-13
2.695346535027764e-13
2.4968893012156556e-13
2.3181235332153056e-13
2.1565671583886474e-13
2.0111928373159043e-13
1.8810397232664263e-13
1.7631030525647456e-13
1.6576517034665869e-13
1.5629059709141231e-13
1.4782539621069953e-13
1.402682976148845e-13
1.3348289345522548e-13
1.274892295007711e-13
1.2210405037824754e-13
1.173521450933116e-13
1.1314469755902804e-13
1.0943986479312565e-13
1.0618258284865563e-13
1.0328477056710012e-13
1.0077573372872059e-13
9.85795086218722e-14
9.669883331292095e-14
9.507241330097835e-14
9.367461515231019e-14
9.248192916933797e-14
9.148627668922031e-14
9.065718955876723e-14
8.997732982865109e-14
8.943380210187215e-14
8.901432005657574e-14
8.868566439140095e-14
8.845950347277601e-14
8.830205811635184e-14
8.822476774354147e-14
8.822088059682672e-14
8.826380094013621e-14
8.835681642629837e-14
8.848473682413416e-14
8.865958812778875e-14
8.885481222178365e-14
8.908307693083192e-14
8.932971662114328e-14
8.958975101916003e-14
8.986696131486656e-14
9.015118935358885e-14
9.04522873591212e-14
9.076508153423257e-14
9.107149155542085e-14
9.138471708996384e-14
9.169285153271008e-14
9.201056487433137e-14
9.232392372797408e-14
9.263470087939417e-14
9.293831095142321e-14
9.32404274486608e-14
9.353712651302101e-14
9.38295046003099e-14
9.411566064348494e-14
9.43984978212945e-14
9.46700151807528e-14
9.493928326385165e-14
9.519661979280692e-14
9.545021213677001e-14
9.569422593886943e-14
9.593158528337521e-14
9.616275618897968e-14
9.63891799467712e-14
9.660483696696475e-14
9.681180782966011e-14
9.70146521812724e-14
9.721406022725119e-14
9.740343913485315e-14
9.758163799564741e-14
9.77559282022813e-14
9.7929190893214e-14
9.809105271434295e-14
9.824872503461531e-14
9.840042751864476e-14
9.8545632295786e-14
9.868707762816545e-14
9.881978304244267e-14
9.894855636152916e-14
9.907331816413532e-14
9.919224978448556e-14
9.930594383394954e-14
9.941552947462263e-14
9.952161710813446e-14
9.962521040056469e-14
9.972187653835562e-14
9.981438094381344e-14
9.990394056473248e-14
9.998622752989683e-14
1.0007228091759485e-13
1.001497595251642e-13
1.0022254992981576e-13
1.0029718944845259e-13
1.0036598601851902e-13
1.0043094260349296e-13
1.0049299661795481e-13
1.0055181510809584e-13
1.006130073714015e-13
1.0066872062287259e-13
1.0072200431786835e-13
1.0077045887447232e-13
1.0082126199175685e-13
1.0086708251189486e-13
1.009110993767669e-13
1.0095345341825826e-13
1.0099392812821021e-13
1.0103461286248952e-13
1.0107210185527219e-13
1.0110551923439856e-13
1.0114015034237685e-13
1.0117185980284832e-13
1.0120265064061241e-13
1.0123217750085673e-13
1.0125990311644579e-13
1.0128978234177292e-13
1.0131409218524844e-13
1.0133781307159802e-13
1.0136212989138437e-13
1.0138493472241977e-13
1.0140685325279859e-13
1.0142701170352435e-13
1.0144617701786456e-13
1.014647340728211e-13
1.014830747089851e-13
1.0149885016542436e-13
1.0151614833644841e-13
1.01530819236487e-13
1.0154538064736539e-13
1.0156077403283995e-13
1.0157328993722974e-13
1.0158525786665809e-13
1.0159841652448861e-13
1.0160950284564591e-13
1.0162107409517927e-13
1.0163027014457688e-13
1.0164109561993787e-13
1.0164978970882711e-13
1.0165845231072424e-13
1.0166742210885362e-13
1.0167571491014153e-13
1.016836281308616e-13
1.016897975719362e-13
1.0169664672145416e-13
1.0170338979330527e-13
1.0170972354354196e-13
1.017154587018998e-13
1.0172024034548441e-13
1.0172531044526158e-13
1.0173024539515946e-13
1.0173420910765897e-13
1.0173804857481505e-13
1.017426033437591e-13
1.0174463171223295e-13
1.0174829385489848e-13
1.0175101500971398e-13
1.0175431856130264e-13
1.0175591486605539e-13
1.0175850714939768e-13
1.0176034025364318e-13
1.0176169236695982e-13
1.0176306633582666e-13
1.0176431925252196e-13
1.0176548866713893e-13
1.0176550860246037e-13
1.0176644406034824e-13
1.0176611634674327e-13
1.0176611277047129e-13
1.0176524063767949e-13
1.0176510550447547e-13
1.0176426088466269e-13
1.0176305138133115e-13
1.0176153194563157e-13
1.0176026347682591e-13
1.0175807019513352e-13
1.0175606108976247e-13
1.0175402609538935e-13
1.0175148810485165e-13
1.017482585077743e-13
1.0174484900617243e-13
1.0174154684394303e-13
1.0173772071575088e-13
1.0173318315091145e-13
1.0172906939706499e-13
1.017245344291387e-13
1.0171945490947555e-13
1.0171416659254558e-13
1.0170831355021234e-13
1.0170234342235182e-13
1.0169544210233352e-13
1.0168895824224106e-13
1.0168159588428016e-13
1.0167383928675516e-13
1.0166599467525856e-13
1.0165690903893122e-13
1.0164796947310936e-13
1.016383043836003e-13
1.0162841622682712e-13
