9.569195649449364e-23
9.629914128087431e-23
9.687794981488223e-23
9.742961048623129e-23
9.795529403502659e-23
9.845611604025411e-23
9.893313929045752e-23
9.938737604210513e-23
9.981979017041853e-23
1.0023129921696141e-22
1.0062277633882062e-22
1.009950521630653e-22
1.013489165507828e-22
1.0168512027419683e-22
1.0200437661085954e-22
1.02307362857705e-22
1.0259472176855013e-22
1.0286706291832178e-22
1.0312496399628166e-22
1.0336897203167184e-22
1.0359960455373087e-22
1.0381735068925253e-22
1.0402267219927717e-22
1.042160044577399e-22
1.0439775737374605e-22
1.0456831625944249e-22
1.0472804264567586e-22
1.0487727504660323e-22
1.0501632967540632e-22
1.0514550111199316e-22
1.0526506292492015e-22
1.0537526824795066e-22
1.0547635031288481e-22
1.0556852293980818e-22
1.0565198098579811e-22
1.0572690075205709e-22
1.0579344035253136e-22
1.0585174004178163e-22
1.05901922505286e-22
1.059440931108641e-22
1.0597834012371198e-22
1.0600473488267786e-22
1.0602333194108962e-22
1.0603416916960875e-22
1.0603726782353216e-22
1.0603263257267623e-22
1.0602025149527296e-22
1.0600009603453897e-22
1.0597212091811647e-22
1.0593626404126167e-22
1.0589244631041607e-22
1.0584057144957933e-22
1.057805257679393e-22
1.0571217788635002e-22
1.0563537842495018e-22
1.0554995964737978e-22
1.0545573506427187e-22
1.0535249899090117e-22
1.0524002606139036e-22
1.0511807069489424e-22
1.0498636651388902e-22
1.0484462571303694e-22
1.0469253837492013e-22
1.0452977173245913e-22
1.043559693749244e-22
1.0417075039331012e-22
1.0397370846753847e-22
1.0376441088703093e-22
1.0354239750250285e-22
1.0330717960868249e-22
1.0305823875339872e-22
1.0279502546469761e-22
1.0251695789817523e-22
1.0222342039458047e-22
1.0191376194772221e-22
1.0158729457132444e-22
1.012432915640235e-22
1.0088098566635414e-22
1.0049956709752863e-22
1.0009818147121465e-22
9.967592757857126e-23
9.923185503037645e-23
9.87649617515407e-23
9.827419131322891e-23
9.77584300992663e-23
9.721650428565498e-23
9.664717662518997e-23
9.604914303099448e-23
9.542102892500159e-23
9.476138535357621e-23
9.406868484391541e-23
9.334131697859166e-23
9.257758367699204e-23
9.177569415072191e-23
9.09337595090962e-23
9.004978699498102e-23
8.912167380593292e-23
8.814720048316561e-23
8.712402381623602e-23
8.604966923564888e-23
8.492152264017933e-23
8.373682160839177e-23
8.249264595510497e-23
8.118590754306181e-23
7.981333932357827e-23
7.837148348355067e-23
7.685667866775988e-23
7.526504614753033e-23
7.359247484210444e-23
7.183460510124484e-23
6.998681109274038e-23
6.804418168266285e-23
6.600149962359058e-23
6.385321891321568e-23
6.159344009433081e-23
5.921588330969514e-23
5.671385885744969e-23
5.408023501681834e-23
5.130740284389088e-23
4.838723769679166e-23
4.531105721174624e-23
4.206957561667994e-23
3.8652854436682633e-23
3.5050250287056087e-23
3.12503619645832e-23
2.7240983026321567e-23
2.3009078199685945e-23
1.8540844061631215e-23
1.3822100584169445e-23
8.840463422613569e-24
3.608481161713561e-24
2.2011980315088946e-24
8.016390171562368e-24
1.4268380446537605e-23
2.0906578989751718e-23
2.795182699678662e-23
3.5432462513496966e-23
4.338076903818736e-23
5.1832614977272267e-23
6.08276640977977e-23
7.040978234292909e-23
8.062756538268213e-23
9.153497662765115e-23
1.0319210526982617e-22
1.1566606437891583e-22
1.290320572185586e-22
1.433746471706378e-22
1.5878927831324276e-22
1.7538410552529208e-22
1.9328220952358852e-22
2.1262429559999873e-22
2.3357200353975396e-22
2.5631199652222902e-22
2.8106105187711874e-22
3.080724532750819e-22
3.3764408874833295e-22
3.701288123885586e-22
4.0594784233844048e-22
4.456082890918185e-22
4.897263784472782e-22
5.390586578298501e-22
5.945445673208461e-22
6.573655434900128e-22
7.2902863196089e-22
8.114873811688457e-22
9.073209432762514e-22
1.0200069209853229e-21
1.1543507158795114e-21
1.3171870759948604e-21
1.5185790054239562e-21
1.7739801849080536e-21
2.1084037098527138e-21
2.5651639376462272e-21
3.2263461403725455e-21
4.2686017372049245e-21
6.1537416553052304e-21
1.0583482920855071e-20
3.1967498164151316e-20
2.762975870797933e-20
1.0624848344519227e-20
6.6340486001363746e-21
4.871462157378709e-21
3.8786758656337664e-21
3.241187797747741e-21
2.7965731497763466e-21
2.4682087637385133e-21
2.2152368039590555e-21
2.0138780863213862e-21
1.849350901778454e-21
1.7119807115673716e-21
1.5951672265712075e-21
1.4942507154712876e-21
1.4058452929849158e-21
1.3274292701910632e-21
1.2570838463897547e-21
1.1933210997292011e-21
1.1349675645715338e-21
1.0810834841264001e-21
1.0309056061224317e-21
9.838059204305841e-22
9.392612884166485e-22
