5.2723358207812407e-23
5.2800688587627356e-23
5.2872793639628833e-23
5.293982635085044e-23
5.300192893645986e-23
5.305923314160186e-23
5.311186052097942e-23
5.315992269664564e-23
5.320352159470678e-23
5.324274966125659e-23
5.327769005818554e-23
5.330841683908259e-23
5.333499510579082e-23
5.335748114577201e-23
5.337592255070358e-23
5.339035831644868e-23
5.340081892462958e-23
5.340732640605448e-23
5.34098943859302e-23
5.340852811116922e-23
5.340322445961888e-23
5.339397193138047e-23
5.338075062207512e-23
5.33635321780213e-23
5.334227973318885e-23
5.33169478277844e-23
5.328748230819774e-23
5.32538202081603e-23
5.321588961071571e-23
5.31736094907653e-23
5.312688953770753e-23
5.307562995775507e-23
5.301972125554481e-23
5.295904399431471e-23
5.289346853422866e-23
5.282285474807648e-23
5.274705171371579e-23
5.266589738248256e-23
5.2579218222575693e-23
5.248682883673979e-23
5.2388531553083853e-23
5.228411598810001e-23
5.217335858053028e-23
5.205602209502384e-23
5.1931855094163284e-23
5.1800591377494034e-23
5.166194938574882e-23
5.151563156874456e-23
5.136132371534345e-23
5.119869424284517e-23
5.102739344431983e-23
5.0847052691098214e-23
5.0657283588248646e-23
5.0457677079476855e-23
5.024780249954942e-23
5.002720656965353e-23
4.979541233315348e-23
4.955191802625748e-23
4.9296195880889223e-23
4.902769085275522e-23
4.8745819270376374e-23
4.844996739810578e-23
4.813948990609182e-23
4.781370823903453e-23
4.7471908874407025e-23
4.711334145934773e-23
4.6737216814996e-23
4.634270479147518e-23
4.592893196013301e-23
4.549497912084703e-23
4.5039878601834934e-23
4.456261132536523e-23
4.40621036043142e-23
4.3537223630302724e-23
4.298677760514649e-23
4.240950545246844e-23
4.180407603843441e-23
4.1169081806063295e-23
4.050303270563576e-23
3.9804349274428895e-23
3.9071354672200365e-23
3.8302265425642663e-23
3.749518056130718e-23
3.664806869667422e-23
3.5758752522096727e-23
3.4824889902420143e-23
3.3843950545874147e-23
3.28131867742591e-23
3.1729596344357563e-23
3.0589874367051845e-23
2.9390350052181294e-23
2.812690192541139e-23
2.679484190457426e-23
2.538875335129592e-23
2.3902259423148592e-23
2.2327683004126602e-23
2.065553274681065e-23
1.8873700388525044e-23
1.6966159134019174e-23
1.491075926419375e-23
1.2675301599633472e-23
1.0210130342365329e-23
7.433370767234262e-24
4.203233953183379e-24
7.856820938212843e-25
5.7231902798619425e-24
1.6174157808317998e-23
5.735562635694052e-23
5.794526121071401e-23
1.716419399181756e-23
6.307115884481307e-24
9.323387702612741e-25
5.266775098878876e-24
9.672644678058621e-24
1.3871116604903753e-23
1.800452267925803e-23
2.2157548525083922e-23
2.6383611317514612e-23
3.071935984320624e-23
3.5192005832391415e-23
3.9823227551675134e-23
4.463137082707214e-23
4.9632756180118484e-23
5.484249184228405e-23
6.027500099483642e-23
6.594437745970195e-23
7.186463474950448e-23
7.804988711917485e-23
8.451448618282415e-23
9.12731279569275e-23
9.834093993949925e-23
1.0573355456467573e-22
1.1346717346021438e-22
1.2155862535777526e-22
1.3002541985982904e-22
1.3888579852556614e-22
1.4815878445761505e-22
1.578642311677138e-22
1.6802287137185814e-22
1.7865636626621366e-22
1.8978735559762587e-22
2.0143950895535997e-22
2.1363757854801047e-22
2.2640745358170605e-22
2.3977621671480672e-22
2.53772202414492e-22
2.6842505793054113e-22
2.8376580629099296e-22
2.998269124926834e-22
3.1664235196123546e-22
3.3424768243111803e-22
3.526801185700237e-22
3.7197861028034624e-22
3.9218392421430685e-22
4.1333872896608723e-22
4.354876842233851e-22
4.586775336844705e-22
4.829572026520646e-22
5.083778990816164e-22
5.349932203442269e-22
5.628592639953604e-22
5.920347439803695e-22
6.225811115422443e-22
6.545626823303403e-22
6.88046768399731e-22
7.231038170957054e-22
7.598075552623716e-22
7.982351399380793e-22
8.384673175253018e-22
8.805885866951614e-22
9.246873718297159e-22
9.708562026795759e-22
1.019191901471613e-21
1.069795780453025e-21
1.1227738434360916e-21
1.1782370035926426e-21
1.2363013020939925e-21
1.297088145865136e-21
1.3607245420422547e-21
1.4273433627332994e-21
1.4970835969924963e-21
1.5700906362396142e-21
1.6465165518225645e-21
1.7265204040660927e-21
1.810268546119896e-21
1.8979349490899e-21
1.98970154954989e-21
2.0857585878694245e-21
2.1863049826887065e-21
2.291548714836046e-21
2.4017072109043884e-21
2.5170077877934407e-21
2.637688013458886e-21
2.7639962448511096e-21
2.8961920321699325e-21
3.0345465772408455e-21
3.179343312807933e-21
3.3308783284677466e-21
3.489460998988239e-21
3.655414425981161e-21
3.8290761478471535e-21
