1.1141878637911538e-23
1.1234061704581261e-23
1.132185412325954e-23
1.1405442037548886e-23
1.14850026838728e-23
1.1560704765565048e-23
1.1632708809154961e-23
1.1701167503553426e-23
1.1766226022817615e-23
1.1828022333141764e-23
1.1886687484699283e-23
1.1942345888929118e-23
1.199511558183555e-23
1.2045108473843534e-23
1.2092430586724909e-23
1.2137182278086764e-23
1.2179458453887658e-23
1.2219348769425162e-23
1.2256937819211306e-23
1.2292305316135733e-23
1.2325526260287174e-23
1.2356671097790305e-23
1.2385805869987428e-23
1.2412992353278641e-23
1.2438288189914408e-23
1.2461747010012587e-23
1.2483418545056927e-23
1.2503348733113644e-23
1.252157981598762e-23
1.2538150428518657e-23
1.2553095680207169e-23
1.2566447229336117e-23
1.2578233349745707e-23
1.2588478990396596e-23
1.259720582784597e-23
1.2604432311742813e-23
1.2610173703434663e-23
1.2614442107763604e-23
1.2617246498112796e-23
1.2618592734752823e-23
1.2618483576519024e-23
1.261691868583945e-23
1.2613894627117043e-23
1.2609404858453174e-23
1.2603439716689361e-23
1.2595986395724112e-23
1.2587028918048493e-23
1.2576548099432585e-23
1.2564521506670304e-23
1.2550923408285202e-23
1.2535724718074336e-23
1.2518892931357269e-23
1.2500392053775737e-23
1.2480182522475866e-23
1.2458221119483062e-23
1.2434460877064668e-23
1.2408850974854826e-23
1.2381336628495014e-23
1.2351858969525009e-23
1.2320354916237766e-23
1.2286757035187189e-23
1.2250993393017758e-23
1.2212987398258005e-23
1.2172657632696409e-23
1.2129917671931932e-23
1.2084675894662398e-23
1.2036835280245941e-23
1.1986293194041677e-23
1.1932941160000175e-23
1.1876664619947157e-23
1.1817342678960283e-23
1.1754847836212356e-23
1.168904570060536e-23
1.1619794690487879e-23
1.1546945716699612e-23
1.1470341848147819e-23
1.1389817959066892e-23
1.1305200357074407e-23
1.1216306391073809e-23
1.112294403801454e-23
1.1024911467454978e-23
1.0921996582832245e-23
1.0813976538272828e-23
1.0700617229737763e-23
1.0581672759233373e-23
1.0456884870776184e-23
1.032598235674673e-23
1.0188680433254331e-23
1.0044680083087308e-23
9.893667364854935e-24
9.735312686939758e-24
9.569270044975869e-24
9.395176221702114e-24
9.212649948301323e-24
9.0212910267021e-24
8.820679412920899e-24
8.610374262412329e-24
8.389912939723615e-24
8.15880999676531e-24
7.916556127062742e-24
7.66261710794593e-24
7.396432749841854e-24
7.117415882985098e-24
6.824951429782298e-24
6.5183956403757776e-24
6.197075617741027e-24
5.8602893435563265e-24
5.507306566876836e-24
5.13737119895739e-24
4.7497064049610726e-24
4.34352470961535e-24
3.9180479070027404e-24
3.472547439147108e-24
3.0064312898666722e-24
2.519449023565336e-24
2.012245666621302e-24
1.4881916839866615e-24
9.616845095051645e-25
5.195192742493749e-25
5.927677092750439e-25
1.1327244615195913e-24
1.786766470272523e-24
2.494528959509289e-24
3.2455309192428304e-24
4.037817422586271e-24
4.871804311945223e-24
5.7488277238588406e-24
6.670689268857166e-24
7.639486320162589e-24
8.657542392853019e-24
9.727378349999877e-24
1.0851702414290233e-23
1.2033409846187522e-23
1.3275588169996923e-23
1.4581525981012736e-23
1.5954724366550777e-23
1.7398910472227818e-23
1.8918053011003463e-23
2.0516379665804333e-23
2.2198396432852383e-23
2.3968909019833972e-23
2.583304646475269e-23
2.7796287187829087e-23
2.9864487731440696e-23
3.204391448977607e-23
3.4341278777773843e-23
3.676377564327377e-23
3.9319126889909587e-23
4.20156288471522e-23
4.4862205510685286e-23
4.78684677649599e-23
5.1044779525120203e-23
5.440233175598539e-23
5.795322549415701e-23
6.171056517580673e-23
6.568856380751906e-23
6.990266177459708e-23
7.436966140120283e-23
7.91078797639844e-23
8.413732272846772e-23
8.947988373332959e-23
9.51595715324436e-23
1.0120277197865692e-22
1.0763854989995552e-22
1.1449899849572381e-22
1.2181964517146338e-22
1.296399247971085e-22
1.3800373382875685e-22
1.469600819036973e-22
1.5656386153712033e-22
1.6687676169438108e-22
1.7796835764339376e-22
1.8991741808371978e-22
2.0281348184579734e-22
2.16758771392826e-22
2.31870530104526e-22
2.482838969906573e-22
2.661554689192867e-22
2.8566774979351697e-22
3.0703475569645587e-22
3.305091419120927e-22
3.5639135615932983e-22
3.850415241967997e-22
4.1689506669621175e-22
4.524834894504959e-22
4.924624594836885e-22
5.376503293313161e-22
5.890819344845145e-22
6.480852179760665e-22
7.16392817760039e-22
7.963087085578623e-22
8.90964331639627e-22
1.0047255675863259e-21
1.1438649636710008e-21
1.3177242334159446e-21
1.5408383348303511e-21
1.837086377706713e-21
2.248511591569925e-21
2.856167105109752e-21
3.836627614645556e-21
5.6432838211033134e-21
