8.689822345333989e-24
8.693663066187198e-24
8.697325848886895e-24
8.700818130229998e-24
8.70414701513284e-24
8.707319289014623e-24
8.710341429745775e-24
8.713219619168088e-24
8.715959754188975e-24
8.718567457454521e-24
8.721048087607241e-24
8.723406749135884e-24
8.72564830182185e-24
8.727777369792779e-24
8.72979835018945e-24
8.73171542145286e-24
8.733532551243133e-24
8.735253503993426e-24
8.736881848113314e-24
8.738420962844591e-24
8.739874044780264e-24
8.741244114054091e-24
8.742534020208634e-24
8.743746447750017e-24
8.744883921396266e-24
8.745948811025175e-24
8.746943336331998e-24
8.747869571199221e-24
8.748729447789897e-24
8.749524760363934e-24
8.750257168828602e-24
8.750928202030114e-24
8.751539260778263e-24
8.752091620628191e-24
8.752586434408142e-24
8.753024734502971e-24
8.753407434896476e-24
8.753735332975446e-24
8.754009111098134e-24
8.754229337928531e-24
8.754396469540398e-24
8.754510850285352e-24
8.754572713443696e-24
8.754582181634137e-24
8.754539267001422e-24
8.754443871175731e-24
8.75429578499877e-24
8.754094688023118e-24
8.75384014777971e-24
8.753531618809308e-24
8.753168441453837e-24
8.752749840419124e-24
8.75227492308748e-24
8.751742677578218e-24
8.751151970566831e-24
8.750501544842331e-24
8.749790016612919e-24
8.749015872520113e-24
8.748177466401235e-24
8.74727301576707e-24
8.746300597980888e-24
8.745258146141747e-24
8.744143444668329e-24
8.742954124562553e-24
8.741687658338267e-24
8.74034135463112e-24
8.738912352433439e-24
8.737397614986546e-24
8.735793923291842e-24
8.734097869237924e-24
8.732305848289599e-24
8.730414051807311e-24
8.728418458904423e-24
8.726314827823824e-24
8.7240986868992e-24
8.721765324940985e-24
8.719309781206583e-24
8.716726834727486e-24
8.71401099316449e-24
8.7111564810326e-24
8.708157227293578e-24
8.705006852361614e-24
8.701698654440435e-24
8.698225595073945e-24
8.694580284083925e-24
8.690754963657467e-24
8.686741491695233e-24
8.682531324262194e-24
8.678115497215742e-24
8.673484606875057e-24
8.668628789778152e-24
8.663537701330507e-24
8.658200493563173e-24
8.652605791606482e-24
8.646741669064243e-24
8.640595622293262e-24
8.634154543177305e-24
8.627404690775133e-24
8.620331661366732e-24
8.612920357189027e-24
8.6051549535594e-24
8.597018864266408e-24
8.588494705484819e-24
8.579564257544669e-24
8.570208425243396e-24
8.560407195648388e-24
8.55013959451091e-24
8.5393836394494e-24
8.528116292041621e-24
8.516313406469396e-24
8.503949675984807e-24
8.490998576861978e-24
8.477432309108568e-24
8.463221734460112e-24
8.448336310821617e-24
8.432744024011371e-24
8.41641131525581e-24
8.399303005207238e-24
8.381382214102253e-24
8.36261027795772e-24
8.342946659332772e-24
8.322348854588468e-24
8.30077229524891e-24
8.278170245001225e-24
8.25449369011339e-24
8.229691223808254e-24
8.203708925546337e-24
8.176490231993749e-24
8.147975802047549e-24
8.118103372544935e-24
8.08680760699461e-24
8.054019935563948e-24
8.019668384053947e-24
7.983677393619326e-24
7.945967630082028e-24
7.906455779388441e-24
7.865054332430776e-24
7.82167135422421e-24
7.776210238363057e-24
7.728569444926133e-24
7.678642221790259e-24
7.626316304156337e-24
7.571473592413369e-24
7.51398980869798e-24
7.453734126717142e-24
7.390568769859047e-24
7.32434858129064e-24
7.25492055607857e-24
7.182123336604653e-24
7.105786658893298e-24
7.025730760864122e-24
6.941765719194976e-24
6.853690749027743e-24
6.761293409344666e-24
6.66434875945149e-24
6.562618412020661e-24
6.4558495145761355e-24
6.343773620846523e-24
6.2261054775803516e-24
6.102541708513267e-24
5.9727594070490935e-24
5.8364146974419245e-24
5.693141287933474e-24
5.542549157475206e-24
5.384223570827402e-24
5.217724809947023e-24
5.0425892580632685e-24
4.85833296816955e-24
4.664459820992386e-24
4.460477869412659e-24
4.245930671373513e-24
4.0204562203490806e-24
3.783897756502805e-24
3.5365143737126e-24
3.279388701782008e-24
3.01523418641728e-24
2.7500269591935474e-24
2.496322949661182e-24
2.2797196533983346e-24
2.1493531561774395e-24
2.1864684412981277e-24
2.493470674789358e-24
3.1742401226802017e-24
4.378371874020597e-24
6.470852975220096e-24
1.0502829197065468e-23
1.8848274694062968e-23
2.015638382330841e-23
1.179554200231738e-23
7.526204511818859e-24
5.293228095388885e-24
3.991842244040492e-24
3.2560761814622223e-24
2.9606352801370678e-24
3.0249416259151114e-24
3.348890449103139e-24
3.838633530203843e-24
4.431955639906392e-24
5.094664766770214e-24
5.809437527342151e-24
6.567942865742775e-24
