1.87621483507421e-24
1.877982048222932e-24
1.879893379840996e-24
1.88192062486333e-24
1.8840387220472498e-24
1.886225452771916e-24
1.888461164204853e-24
1.8907285155408924e-24
1.893012245941182e-24
1.895298962758315e-24
1.897576948635771e-24
1.8998359860931615e-24
1.9020671982451932e-24
1.9042629043703746e-24
1.9064164890966323e-24
1.9085222840551486e-24
1.9105754609142167e-24
1.912571934790886e-24
1.914508277102981e-24
1.9163816370001772e-24
1.918189670576225e-24
1.919930477139707e-24
1.9216025418655464e-24
1.923204684227741e-24
1.9247360116446196e-24
1.9261958778425367e-24
1.9275838454623987e-24
1.9288996525035575e-24
1.9301431822173097e-24
1.9313144361066814e-24
1.9324135097239213e-24
1.933440570979123e-24
1.9343958407157354e-24
1.9352795753039855e-24
1.9360920510708983e-24
1.9368335503529394e-24
1.937504349034462e-24
1.9381047053860178e-24
1.9386348501004735e-24
1.939094977384868e-24
1.9394852370162037e-24
1.9398057272427303e-24
1.9400564884855475e-24
1.9402374977103193e-24
1.940348663473373e-24
1.9403898215076244e-24
1.940360730889893e-24
1.9402610706596726e-24
1.940090436925291e-24
1.939848340402898e-24
1.939534204363935e-24
1.939147363014088e-24
1.938687060242088e-24
1.9381524488097636e-24
1.937542589933592e-24
1.936856453304668e-24
1.9360929175835916e-24
1.9352507713373976e-24
1.934328714571549e-24
1.9333253607837695e-24
1.9322392396831704e-24
1.9310688006265978e-24
1.9298124167994574e-24
1.9284683903476203e-24
1.9270349584596782e-24
1.925510300560453e-24
1.9238925467893908e-24
1.922179787896796e-24
1.92037008672963e-24
1.918461491518175e-24
1.9164520512791532e-24
1.914339833429817e-24
1.9121229440881053e-24
1.9097995513197987e-24
1.907367911719523e-24
1.9048264007021454e-24
1.902173547162342e-24
1.8994080728771504e-24
1.89652893733088e-24
1.893535388738149e-24
1.8904270219241034e-24
1.8872038440352372e-24
1.8838663490917427e-24
1.8804156024849623e-24
1.876853336628351e-24
1.8731820593347007e-24
1.8694051763556005e-24
1.8655271299343284e-24
1.861553555542846e-24
1.8574914586753135e-24
1.8533494145496577e-24
1.84913779324593e-24
1.8448690135546123e-24
1.8405578286427547e-24
1.836221647482089e-24
1.831880895950594e-24
1.8275594217639017e-24
1.8232849484511156e-24
1.8190895824940336e-24
1.8150103795234694e-24
1.8110899739757348e-24
1.8073772781089518e-24
1.8039282548366776e-24
1.800806768645776e-24
1.7980855186934382e-24
1.7958470552470213e-24
1.794184881440749e-24
1.7932046362720167e-24
1.7930253554026764e-24
1.7937807992648847e-24
1.7956208347192875e-24
1.7987128511377317e-24
1.803243184415648e-24
1.8094185167191653e-24
1.8174672145411648e-24
1.827640560659974e-24
1.8402138331895324e-24
1.8554871857572756e-24
1.873786285854658e-24
1.8954626795017348e-24
1.920893866211678e-24
1.9504830909787733e-24
1.9846588932617637e-24
2.0238744808782936e-24
2.0686070379981322e-24
2.1193571087225242e-24
2.1766482242950456e-24
2.2410269603981575e-24
2.3130636186150923e-24
2.3933537139861345e-24
2.4825204381472748e-24
2.5812182294059387e-24
2.6901375646062977e-24
2.81001103894558e-24
2.9416208042970937e-24
3.0858074013953838e-24
3.243480035471474e-24
3.415628365609953e-24
3.603335891792246e-24
3.807795067548874e-24
4.030324318534992e-24
4.272387161212439e-24
4.5356137025538796e-24
4.821824792022849e-24
5.1330591314910076e-24
5.471603667144093e-24
5.840027426152197e-24
6.241218969150469e-24
6.678427200194203e-24
7.155304927505103e-24
7.675953693643484e-24
8.244967108281199e-24
8.867467952201433e-24
9.549130978432736e-24
1.029617838422157e-23
1.111532767726067e-23
1.2013660142819204e-23
1.299836313398552e-23
1.4076277481754287e-23
1.5253156314790272e-23
1.653251369795072e-23
1.7913930018762955e-23
1.9390705173004803e-23
2.094686990443129e-23
2.2553847758616616e-23
2.4167557024952598e-23
2.5727400996632914e-23
2.715906865613715e-23
2.8382677972902775e-23
2.9325905016279104e-23
2.9938704266515344e-23
3.020402580442006e-23
3.013990410027118e-23
2.979240080573084e-23
2.9223188689516034e-23
2.849698924724123e-23
2.767246968363783e-23
2.679758674594568e-23
2.590852083509133e-23
2.5030763403917555e-23
2.4181114987275577e-23
2.336980888291615e-23
2.2602378513305927e-23
2.1881144185883214e-23
2.120632391734447e-23
2.0576830436334927e-23
1.9990824880372924e-23
1.9446092421951188e-23
1.8940292679917195e-23
1.8471119384100776e-23
1.8036403920127656e-23
1.7634175661676936e-23
1.7262699003137496e-23
1.6920491166236445e-23
1.6606331273434483e-23
1.6319260544338052e-23
1.605858136178465e-23
1.5823850910029622e-23
1.561487608630037e-23
1.5431705594613086e-23
1.5274623079733967e-23
