6.270510359791996e-24
7.40888628045462e-24
8.536770231158866e-24
9.655638346661974e-24
1.0766928224560084e-23
1.1872034508290727e-23
1.29723081649353e-23
1.406905731960025e-23
1.5163548817537262e-23
1.6257010090355067e-23
1.7350631177972712e-23
1.8445566822838728e-23
1.9542938555949617e-23
2.064383679012571e-23
2.1749322867446108e-23
2.2860431080386425e-23
2.3978170646343523e-23
2.5103527632197402e-23
2.62374668294068e-23
2.738093359966011e-23
2.853485563412936e-23
2.970014470019238e-23
3.087769830361975e-23
3.206840133234992e-23
3.32731276235324e-23
3.4492741490250563e-23
3.572809921093406e-23
3.6980050448873555e-23
3.8249439650615353e-23
3.95371073668221e-23
4.084389156341947e-23
4.2170628852175883e-23
4.351815571622229e-23
4.488730966812978e-23
4.6278930375856805e-23
4.7693860766902253e-23
4.9132948064389867e-23
5.0597044826517544e-23
5.2087009929442136e-23
5.360370952995538e-23
5.514801798896015e-23
5.672081880032032e-23
5.83230054414427e-23
5.995548226114093e-23
6.161916530353545e-23
6.331498313149439e-23
6.504387763449629e-23
6.680680480836392e-23
6.860473554238917e-23
7.043865637723642e-23
7.230957025003287e-23
7.421849725176088e-23
7.616647536572203e-23
7.815456118499178e-23
8.018383065506511e-23
8.225537979722243e-23
8.437032541942635e-23
8.652980586504919e-23
8.873498170851298e-23
9.098703650535238e-23
9.328717751083816e-23
9.56366364129244e-23
9.803667008205729e-23
1.004885613042933e-22
1.0299361954827657e-22
1.0555318170866288e-22
1.081686128955956e-22
1.1084130720203543e-22
1.1357268850417855e-22
1.1636421124974802e-22
1.192173612889932e-22
1.2213365669243878e-22
1.2511464859524924e-22
1.2816192205126836e-22
1.3127709691027767e-22
1.3446182869958339e-22
1.377178095207548e-22
1.4104676899333772e-22
1.4445047516581657e-22
1.4793073549022865e-22
1.5148939780477545e-22
1.5512835129378492e-22
1.5884952755852262e-22
1.626549016212874e-22
1.6654649298133692e-22
1.705263667162934e-22
1.7459663458292358e-22
1.7875945613342093e-22
1.830170398984982e-22
1.873716445142009e-22
1.9182558001584337e-22
1.9638120894650347e-22
2.0104094774749653e-22
2.0580726793653072e-22
2.1068269749722605e-22
2.156698221761537e-22
2.2077128690615167e-22
2.25989797169777e-22
2.313281204500682e-22
2.36789087715104e-22
2.4237559482913063e-22
2.4809060439138166e-22
2.539371467815625e-22
2.5991832234094553e-22
2.660373027119651e-22
2.7229733232850175e-22
2.7870173072042404e-22
2.852538937162952e-22
2.919572955331423e-22
2.9881549035185536e-22
3.0583211470175313e-22
3.130108890130541e-22
3.203556193776681e-22
3.2787020014551226e-22
3.3555861562818515e-22
3.434249425062716e-22
3.5147335069765156e-22
3.597081082590727e-22
3.6813358087067043e-22
3.767542356413514e-22
3.855746429199561e-22
3.945994796362321e-22
4.03833529605463e-22
4.132816894688766e-22
4.229489676368293e-22
4.328404908193524e-22
4.429615009511622e-22
4.53317365323595e-22
4.639135743811861e-22
4.747557447606421e-22
4.858496234874612e-22
4.972010942577762e-22
5.08816175311663e-22
5.207010198143384e-22
5.328619322092964e-22
5.453053624250807e-22
5.580379008988593e-22
5.710662944249603e-22
5.843974667538547e-22
5.980384655127936e-22
6.119965218470904e-22
6.262790515972889e-22
6.408936119470349e-22
6.558479676226995e-22
6.711500169122861e-22
6.868078899364769e-22
7.028298889306288e-22
7.192244907763347e-22
7.360004039528559e-22
7.531665088382463e-22
7.707319010718118e-22
7.8870590879746e-22
8.070980961086232e-22
8.259181461029974e-22
8.451758832367131e-22
8.648818039242395e-22
8.850463233168837e-22
9.056800991002191e-22
9.26793740083082e-22
9.483987379897218e-22
9.705065141490255e-22
9.931286521234204e-22
1.0162776828613557e-21
1.0399652995233346e-21
1.064204003974679e-21
1.0890067091429365e-21
1.1143870185212031e-21
1.1403579081277398e-21
1.1669333174324456e-21
1.1941273628355879e-21
1.2219541535550666e-21
1.2504285542269464e-21
1.2795663109430855e-21
1.3093818594889373e-21
1.3398912801688213e-21
1.3711110689264885e-21
1.4030576409476326e-21
1.435747784946283e-21
1.4691990820346167e-21
1.5034284188911193e-21
1.5384548224910604e-21
1.574296779541249e-21
1.6109730205259017e-21
1.6485027279931877e-21
1.686906176474655e-21
1.7262036548546477e-21
1.7664155378532634e-21
1.8075633929815395e-21
1.8496695092642824e-21
1.8927551159901654e-21
1.936843263471984e-21
1.981958587348107e-21
2.028122998039831e-21
2.0753627481117694e-21
2.1237011406086755e-21
2.1731647517620147e-21
2.2237800397572715e-21
2.2755725571340205e-21
2.3285711663543202e-21
2.3828012403929764e-21
2.4382943047893124e-21
