1.6286288968748162e-09
1.4405631362916138e-09
1.574796528081445e-09
1.1295171698729997e-09
1.628733753228596e-09
4.765469088285197e-10
1.6286288968748168e-09
1.5747965280814448e-09
1.5747017411429242e-09
4.765469088285194e-10
1.5747017411415267e-09
1.5746069652161671e-09
1.6285240540212758e-09
1.5747965280814448e-09
1.5747017411429248e-09
1.5747017411429256e-09
4.750990507436562e-10
1.6286288968748172e-09
1.6285240540197288e-09
1.1294180150884504e-09
4.765020277859383e-10
1.5746069652161673e-09
1.6284192246638195e-09
4.765199791884544e-10
1.1293684441115741e-09
4.750545741473787e-10
1.1292693149844384e-09
4.750545741473788e-10
1.4402004149389952e-09
1.628314408804483e-09
1.6283144088013885e-09
4.750189988479745e-10
1.5743227034992015e-09
1.6281048175542746e-09
1.6283144088013888e-09
4.764122910576937e-10
1.6283144088044824e-09
1.4400553704319276e-09
1.6285240540212756e-09
1.1485286777059406e-09
1.6274763674164955e-09
1.628104817554274e-09
1.440055370431928e-09
1.627685796882649e-09
4.763046515882729e-10
1.5743227034992025e-09
1.6283144088044837e-09
1.6276857968826496e-09
1.5737544771688316e-09
1.4399103510767842e-09
1.6278952802560004e-09
4.761791336665487e-10
1.1286748991601047e-09
1.5737544771688314e-09
1.5733758795380683e-09
4.760895185026357e-10
4.761253605201843e-10
1.1480074720980931e-09
1.5729974577023318e-09
4.746102644047854e-10
4.759820248205562e-10
1.5729974577023318e-09
1.626639188217188e-09
4.745037533409427e-10
1.572997457702333e-09
1.1473826494528432e-09
1.6270576701318447e-09
1.6262209215218266e-09
4.757313948992069e-10
1.6253850331005632e-09
1.6249674110432324e-09
1.6258028698674396e-09
1.624132810426337e-09
1.572241140953608e-09
1.570730611857754e-09
1.5714855259850232e-09
1.5711079813776245e-09
1.624967411043232e-09
1.5707306118633228e-09
1.5703534173194488e-09
1.4374488656499957e-09
1.6228825157315892e-09
1.5699763976345696e-09
1.5699763976345706e-09
1.5692228823853973e-09
1.5692228823798386e-09
4.746602494585835e-10
1.5684700651706238e-09
1.5684700651650706e-09
1.6208029635591402e-09
4.742331406563452e-10
1.6199726341771499e-09
1.619972634164898e-09
1.4345622713083655e-09
4.737358175124851e-10
1.618314525030558e-09
4.734521008973582e-10
1.617486742657662e-09
4.730979326591823e-10
1.6158337158363149e-09
1.6166598066880183e-09
1.6158337158363142e-09
1.6158337158363146e-09
1.5617259684027978e-09
1.6133605009559586e-09
1.6117158929120492e-09
1.6117158929120505e-09
4.701077701999143e-10
1.6100746343632356e-09
4.709138617860027e-10
1.6084367150993676e-09
1.555778074260129e-09
1.6051708537568546e-09
1.5520828184686627e-09
1.6051708537568538e-09
1.6035428914284814e-09
1.129352350674275e-09
1.6002968531826496e-09
1.5506094613437526e-09
1.5447429691301129e-09
1.12613482261749e-09
1.125333303175689e-09
1.5432830446405556e-09
4.646661161873807e-10
1.1213427595365012e-09
1.5890384833825965e-09
1.5858508434921358e-09
1.5345792236428072e-09
1.582675966924577e-09
1.5316990118742957e-09
1.5259698507357443e-09
1.5747941144781672e-09
1.5685449314993983e-09
1.5217001203373629e-09
1.5716633110657585e-09
1.5160429884976565e-09
1.3929861591617213e-09
1.557727380245476e-09
1.097981452039932e-09
1.0949399521801852e-09
1.0752403342640918e-09
1.4979353498425464e-09
1.0859157218048298e-09
1.489718581980238e-09
1.4842891040512057e-09
1.4815887269043061e-09
1.3660665953551792e-09
1.5173640028345648e-09
1.4655844760183836e-09
1.4629496576836914e-09
4.3919258081777373e-10
1.0540621939678438e-09
4.3508345925830816e-10
1.4421976169576074e-09
1.472153902217081e-09
1.4666913645395609e-09
1.4532107453434633e-09
1.4145802887247997e-09
1.4047909363231604e-09
1.397534989742171e-09
1.3903516219786018e-09
1.414215823741823e-09
9.906599567349353e-10
1.391807474448565e-09
1.344241600911664e-09
1.3353752264859507e-09
1.3630114577346146e-09
1.3137007478052944e-09
3.8980755962834083e-10
3.8638495791362786e-10
1.2763708574295897e-09
1.2683553110695056e-09
1.2565149528920256e-09
1.2372546210694233e-09
8.048920977313013e-10
1.1968531473392146e-09
1.1977979476821584e-09
8.304061402155793e-10
9.287420686932187e-10
3.333590559565285e-10
1.0987786949520052e-09
1.081031371901478e-09
1.0683062776456746e-09
1.0456966209893902e-09
1.0001440383377862e-09
9.663489056312284e-10
9.162028726920977e-10
6.361753700282486e-10
8.82306524020096e-10
8.518821610841342e-10
7.895366844520586e-10
7.545142898526827e-10
5.22848310494695e-10
2.012413830571585e-10
1.861847430236127e-10
5.613228369548744e-10
5.489907260087103e-10
3.4576390041336046e-10
1.307120776236738e-10
4.049931585473503e-10
3.0642263545849977e-10
