2.2478401565060116e-24
2.2001218009431518e-24
2.1565174877445647e-24
2.1169120392876372e-24
2.0811982444337815e-24
2.0492767371357365e-24
2.0210558930240934e-24
1.996451739369985e-24
1.9753878734735157e-24
1.957795384355264e-24
1.943612772605012e-24
1.932785863423518e-24
1.9252677083675504e-24
1.921018471831925e-24
1.92000529910987e-24
1.9222021637537492e-24
1.9275896929141158e-24
1.9361549703320493e-24
1.9478913176295667e-24
1.962798055404265e-24
1.980880246426545e-24
2.0021484238216553e-24
2.0266183075551467e-24
2.0543105127937082e-24
2.085250253765048e-24
2.119467046648718e-24
2.1569944147772533e-24
2.1978695990462167e-24
2.2421332760377843e-24
2.2898292858323817e-24
2.341004370998135e-24
2.3957079277718763e-24
2.4539917699919927e-24
2.5159099059775498e-24
2.5815183281713854e-24
2.6508748152737176e-24
2.7240387461853043e-24
2.80107092528256e-24
2.882033418262102e-24
2.9669893980107974e-24
3.0560029998571155e-24
3.149139185963379e-24
3.246463618210898e-24
3.3480425399306626e-24
3.453942665939664e-24
3.5642310813575975e-24
3.678975149397019e-24
3.79824242841037e-24
3.922100598804692e-24
4.050617400270675e-24
4.183860579938337e-24
4.321897852168071e-24
4.464796870255693e-24
4.612625211197733e-24
4.765450373517755e-24
4.923339788470958e-24
5.0863608460444014e-24
5.254580934452744e-24
5.4280674945999644e-24
5.606888088509923e-24
5.7911104825402394e-24
5.980802744180539e-24
6.176033352362095e-24
6.3768713218253225e-24
6.583386337956017e-24
6.795648905410754e-24
7.013730505624862e-24
7.237703765654066e-24
7.46764263387145e-24
7.70362256492519e-24
7.945720709686388e-24
8.194016112415509e-24
8.448589908116763e-24
8.709525528229836e-24
8.976908901502434e-24
9.250828661156754e-24
9.531376348539906e-24
9.818646614366141e-24
1.0112737420050521e-23
1.0413750234215359e-23
1.0721790225018382e-23
1.1036966447260926e-23
1.135939202590288e-23
1.1689184332175776e-23
1.2026465154650553e-23
1.237136086031802e-23
1.2724002558085061e-23
1.3084526242450082e-23
1.3453072943213618e-23
1.3829788859387667e-23
1.421482549167552e-23
1.4608339768149332e-23
1.5010494161201846e-23
1.542145680173415e-23
1.5841401586006907e-23
1.6270508281659435e-23
1.6708962619981738e-23
1.7156956397645836e-23
1.7614687559440332e-23
1.8082360294241744e-23
1.856018510922033e-23
1.90483789164764e-23
1.9547165121373726e-23
2.0056773679361356e-23
2.0577441196648027e-23
2.110941098644228e-23
2.1652933159853414e-23
2.2208264683786905e-23
2.2775669471904824e-23
2.3355418446608673e-23
2.3947789623029547e-23
2.4553068175268727e-23
2.5171546518336206e-23
2.5803524378591122e-23
2.644930888021128e-23
2.7109214615896804e-23
2.778356371835245e-23
2.84726859604931e-23
2.9176918805507927e-23
2.98966075117538e-23
3.06321052032403e-23
3.1383772945969925e-23
3.215197982982398e-23
3.293710305669255e-23
3.373952800927503e-23
3.4559648334996115e-23
3.5397866013712123e-23
3.625459144589484e-23
3.713024351531337e-23
3.8025249668288344e-23
3.894004596619169e-23
3.9875077163191735e-23
4.0830796753540625e-23
4.180766704801384e-23
4.280615919376734e-23
4.382675322495312e-23
4.486993811346751e-23
4.5936211784580785e-23
4.702608112371028e-23
4.814006201759674e-23
4.9278679305703067e-23
5.0442466807899355e-23
5.163196727599096e-23
5.2847732382733887e-23
5.409032260706139e-23
5.536030719396226e-23
5.665826409107443e-23
5.798477981503094e-23
5.934044926342049e-23
6.072587564356508e-23
6.214167026826541e-23
6.358845233876748e-23
6.506684865017231e-23
6.657749348047745e-23
6.812102813285112e-23
6.969810065888714e-23
7.130936550995845e-23
7.295548315932299e-23
7.463711951038291e-23
7.635494553277072e-23
7.81096366775708e-23
7.990187229699621e-23
8.17323349250457e-23
8.360170964387964e-23
8.551068330250643e-23
8.745994367071468e-23
8.945017861862361e-23
9.148207498655845e-23
9.355631772513373e-23
9.567358879031685e-23
9.783456567853859e-23
1.00039920617805e-22
1.0229031874895443e-22
1.0458641702563351e-22
1.0692886254212163e-22
1.0931829072515333e-22
1.117553240448403e-22
1.1424056980568664e-22
1.1677461839367846e-22
1.193580411202779e-22
1.2199138831218685e-22
1.246751868953243e-22
1.274099380297821e-22
1.3019611487225267e-22
1.3303415974059855e-22
1.359244817533344e-22
1.388674538572038e-22
1.4186340992423442e-22
1.4491264228374396e-22
1.4801539791945814e-22
1.5117187614506145e-22
1.5438222476886285e-22
1.5764653752860317e-22
1.6096485008329582e-22
1.6433713723033296e-22
1.6776330931837984e-22
1.7124320869858745e-22
1.747766069590148e-22
1.7836320087168127e-22
1.8200260974177403e-22
1.8569437221497732e-22
