1.6253440151619822e-12
1.5685516712141446e-12
1.5174553976273643e-12
1.4702786567935054e-12
1.4277122621056577e-12
1.388943596385189e-12
1.3537029384821593e-12
1.3214162782267263e-12
1.2923322590200698e-12
1.2658587949539765e-12
1.242139924327074e-12
1.2200284400674894e-12
1.1999396216617588e-12
1.18184154752594e-12
1.1653351339544042e-12
1.150158088006658e-12
1.1367876452080608e-12
1.1246108261444947e-12
1.113322024737359e-12
1.10302815112125e-12
1.0939024226975559e-12
1.0854641138589504e-12
1.0778245940525378e-12
1.0710599265753641e-12
1.0647780885366333e-12
1.059170412135023e-12
1.0539413719844376e-12
1.0493711936614578e-12
1.04515488253104e-12
1.0413331794909972e-12
1.0380214985521366e-12
1.0349585726075906e-12
1.0320992410977863e-12
1.0295494005187295e-12
1.0272428985391389e-12
1.0252058549256958e-12
1.0233729949838538e-12
1.021731292975333e-12
1.0201747753626618e-12
1.0188483323570575e-12
1.0176143100592366e-12
1.0166198220365956e-12
1.0156500695140092e-12
1.0147411497708001e-12
1.0139408895086085e-12
1.0132421026258378e-12
1.0126585372959427e-12
1.0121863140817378e-12
1.0115958343193808e-12
1.0112234112095582e-12
1.0107202693224141e-12
1.0104520714804668e-12
1.0101526861059761e-12
1.0098674869250166e-12
1.0096920305335498e-12
1.0094978559575546e-12
1.0093050925266096e-12
1.0091182624848535e-12
1.0090409975719604e-12
1.0089299712937234e-12
1.0088375631314159e-12
1.0087867249637776e-12
1.0086949961408568e-12
1.0086455221223764e-12
1.0086287747465572e-12
1.0085641985046353e-12
1.0085673279246569e-12
1.008558343488159e-12
1.0085444812552044e-12
1.0085262601385337e-12
1.0085331128917958e-12
1.0085979754699095e-12
1.0085430390630773e-12
1.0085195747396703e-12
1.008565527709851e-12
1.0086076469948251e-12
1.0086140343950639e-12
1.0086174053370116e-12
1.0086888578719521e-12
1.00866259595586e-12
1.0087135073381043e-12
1.0087449793327553e-12
1.0087960677060048e-12
1.0088044610825362e-12
1.008823288880293e-12
1.0088388056709864e-12
1.0088781582983379e-12
1.0089026983204047e-12
1.0089396504051397e-12
1.008972770634617e-12
1.0089815143391348e-12
1.0090403796491245e-12
1.0090383716994023e-12
1.0090694639265014e-12
1.0090890200644412e-12
1.0090905905411419e-12
1.00912749875714e-12
1.0091570522483967e-12
1.00918195008682e-12
1.0091957330828167e-12
1.0091984414646907e-12
1.0092475712843687e-12
1.0092447296300816e-12
1.009280462233078e-12
1.009281611948911e-12
1.00931729434049e-12
1.009306437329543e-12
1.009334207220975e-12
1.009345871723361e-12
1.0093680971710614e-12
1.0093902708707257e-12
1.0093963406598833e-12
1.0093871389517635e-12
1.0094069786404725e-12
1.0094080952031933e-12
1.0094188933245421e-12
1.0094478901980437e-12
1.00945286940758e-12
1.0094762866329967e-12
1.0094759461539661e-12
1.0094841372561916e-12
1.0094888278938113e-12
1.0094946674094967e-12
1.0095223741921025e-12
1.0095150590297668e-12
1.0095252481130285e-12
1.0095213534297438e-12
1.0095370168422172e-12
1.0095439514829497e-12
1.0095515500329935e-12
1.0095563662868002e-12
1.0095593367664716e-12
1.0095650606087043e-12
1.0095601790371716e-12
1.0095670400276224e-12
1.0095731939379553e-12
1.0095791272029455e-12
1.0095896481722515e-12
1.009584044071635e-12
1.0095906313281206e-12
1.009586387256541e-12
1.009591355301331e-12
1.0095940127837967e-12
1.0096012753442976e-12
1.0096062206542425e-12
1.0096019551720766e-12
1.0096033192519736e-12
1.0096016910159203e-12
1.0096070814211322e-12
1.0096032557743444e-12
1.009605753479536e-12
1.009601690323582e-12
1.0096084458825971e-12
1.009601952725605e-12
1.0095954570014242e-12
1.009600708236411e-12
1.0095984666409047e-12
1.0095925364724755e-12
1.0095947822250265e-12
1.0095962168481855e-12
1.0095869386569213e-12
1.0095910200281087e-12
1.0095842723532224e-12
1.0095839701500931e-12
1.0095830900421455e-12
1.0095840517111161e-12
1.0095798263443875e-12
1.009568458003677e-12
1.0095656112417834e-12
1.009560920271741e-12
1.0095563437471914e-12
1.0095486549169246e-12
1.0095470681809638e-12
1.0095384539992877e-12
1.0095301847613966e-12
1.0095226623439145e-12
1.0095182476568741e-12
1.00951020519012e-12
1.009500431951945e-12
1.0094950925535885e-12
1.0094821507865216e-12
1.0094772122754167e-12
1.0094643831789368e-12
1.009453453248717e-12
1.009443904968841e-12
1.0094283086711176e-12
1.0094151306786876e-12
1.0094042553596551e-12
1.0093889451569593e-12
1.0093772042514203e-12
1.0093624686379997e-12
1.009346177731349e-12
1.0093276411091986e-12
1.0093119249786908e-12
1.0092921784550077e-12
1.0092711075769813e-12
1.0092543539855887e-12
1.0092318435128298e-12
1.0092104842926706e-12
1.0091864195418282e-12
1.009163160647206e-12
