4.4775319840614576e-24
4.986751012108772e-24
5.483854086395388e-24
5.969962078694742e-24
6.446152677889271e-24
6.913458372127298e-24
7.372866538583456e-24
7.82532058263765e-24
8.27172160853016e-24
8.712930351491073e-24
9.149769227254114e-24
9.583024415406643e-24
1.0013447929573311e-23
1.0441759647748762e-23
1.086864928393869e-23
1.1294778295139087e-23
1.1720781715337574e-23
1.214726991656686e-23
1.2574830296213155e-23
1.3004028888890245e-23
1.3435411908468852e-23
1.3869507217506958e-23
1.4306825730772223e-23
1.474786275054673e-23
1.519309924175371e-23
1.5643003044370412e-23
1.6098030028960807e-23
1.6558625197722386e-23
1.7025223731545212e-23
1.749825198948079e-23
1.797812845813024e-23
1.8465264659161094e-23
1.896006601230106e-23
1.9462932659025457e-23
1.997426024897434e-23
2.0494440690275582e-23
2.1023862866067718e-23
2.156291331976925e-23
2.211197691215108e-23
2.2671437448194084e-23
2.3241678280119416e-23
2.3823082885242322e-23
2.4416035422487537e-23
2.5020921266499655e-23
2.5638127521795735e-23
2.626804352172465e-23
2.691106130727832e-23
2.7567576093475895e-23
2.823798671785802e-23
2.8922696080834876e-23
2.9622111568741073e-23
3.033664547060099e-23
3.106671538286659e-23
3.1812744603857585e-23
3.2575162523947626e-23
3.335440500609117e-23
3.415091475903601e-23
3.49651417076079e-23
3.579754335836874e-23
3.6648585157907684e-23
3.7518740851608415e-23
3.8408492836634484e-23
3.931833251590388e-23
4.0248760648929396e-23
4.120028769992929e-23
4.2173434190494874e-23
4.316873104744164e-23
4.4186719955145845e-23
4.522795370645328e-23
4.62929965565633e-23
4.7382424580058835e-23
4.8496826025321176e-23
4.963680168402915e-23
5.08029652440926e-23
5.1995943670725304e-23
5.321637757139361e-23
5.44649215744866e-23
5.574224471424107e-23
5.704903081707259e-23
5.838597889229075e-23
5.975380353647345e-23
6.115323533902311e-23
6.258502128476873e-23
6.404992518868245e-23
6.554872811461261e-23
6.708222880609155e-23
6.865124413711348e-23
7.025660956141199e-23
7.189917956612895e-23
7.357982814454787e-23
7.529944928152955e-23
7.705895742132968e-23
7.885928798966557e-23
8.070139788130896e-23
8.258626599340911e-23
8.451489374230395e-23
8.648830560928798e-23
8.850754970150472e-23
9.057369829884449e-23
9.268784844412577e-23
9.485112252548793e-23
9.706466888288345e-23
9.932966242261541e-23
1.0164730523548173e-22
1.0401882725433896e-22
1.0644548690990635e-22
1.089285717871048e-22
1.1146939933237483e-22
1.140693175481415e-22
1.167297057081578e-22
1.1945197509329581e-22
1.2223756974653682e-22
1.2508796724335448e-22
1.2800467946840696e-22
1.3098925343451281e-22
1.3404327209103478e-22
1.3716835517285066e-22
1.4036616007657517e-22
1.436383826799682e-22
1.4698675834516606e-22
1.504130627426721e-22
1.5391911286362562e-22
1.575067679290713e-22
1.6117793041014592e-22
1.649345470637333e-22
1.687786098883294e-22
1.7271215725383615e-22
1.7673727494813793e-22
1.8085609729818803e-22
1.8507080829632844e-22
1.8938364274571583e-22
1.937968874880883e-22
1.9831288254136453e-22
2.0293402243483351e-22
2.076627573800548e-22
2.125015946899762e-22
2.174530999700495e-22
2.225198986057933e-22
2.2770467705488284e-22
2.3301018433092486e-22
2.384392334658959e-22
2.439947029367777e-22
2.496795382344418e-22
2.554967535110432e-22
2.614494329811746e-22
2.6754073270960433e-22
2.7377388225961743e-22
2.801521863559604e-22
2.8667902673752633e-22
2.9335786376786644e-22
3.001922384441659e-22
3.071857742768132e-22
3.1434217891915607e-22
3.216652466257182e-22
3.2915885986483214e-22
3.368269914229445e-22
3.4467370684583832e-22
3.5270316598134633e-22
3.6091962581745167e-22
3.6932744227658e-22
3.7793107292240474e-22
3.8673507888545063e-22
3.957441276263245e-22
4.049629951581969e-22
4.14396568825485e-22
4.240498496761754e-22
4.339279552258001e-22
4.440361220798246e-22
4.543797089449964e-22
4.649641989299338e-22
4.757952032340012e-22
4.868784634133696e-22
4.982198546242474e-22
5.098253890265295e-22
5.217012185951796e-22
5.338536385550743e-22
5.462890905825423e-22
5.590141665330721e-22
5.720356115305198e-22
5.853603274836209e-22
5.989953772140199e-22
6.129479881174875e-22
6.272255555459711e-22
6.418356468777714e-22
6.567860055312355e-22
6.720845555952684e-22
6.877394049542535e-22
7.037588505639621e-22
7.2015138253122285e-22
7.369256880633535e-22
7.54090656404949e-22
7.716553841633413e-22
7.896291796879755e-22
8.080215664127842e-22
8.268422906099123e-22
8.461013257892596e-22
8.65808875147498e-22
8.859753813393709e-22
9.0661152805892e-22
9.277282488854195e-22
9.493367307281553e-22
