1.8959619946590534e-24
1.8258505640933084e-24
1.759217971663177e-24
1.695916123883736e-24
1.635803423663884e-24
1.5787444359391465e-24
1.5246095673955969e-24
1.4732747602489537e-24
1.4246212000017483e-24
1.3785350372668105e-24
1.3349071238316435e-24
1.2936327630805892e-24
1.25461147508871e-24
1.2177467764999205e-24
1.1829459755160415e-24
1.1501199821165792e-24
1.1191831335822031e-24
1.0900530353797414e-24
1.0626504172429899e-24
1.036899004244586e-24
1.0127254023336267e-24
9.900589978261248e-25
9.688318700736068e-25
9.489787163174202e-25
9.304367877100034e-25
9.131458351566547e-25
8.970480638380485e-25
8.820880948713818e-25
8.682129326387646e-25
8.553719366202682e-25
8.435167959608881e-25
8.326015058661927e-25
8.225823442922085e-25
8.134178481712843e-25
8.05068787996338e-25
7.97498140282244e-25
7.906710570633635e-25
7.845548323251918e-25
7.791188648508471e-25
7.743346175040687e-25
7.701755730233339e-25
7.666171863523866e-25
7.636368337985109e-25
7.6121375924228855e-25
7.593290178486561e-25
7.579654175804606e-25
7.571074588095298e-25
7.567412726546233e-25
7.568545581163493e-25
7.574365186624915e-25
7.584777983466705e-25
7.599704178515231e-25
7.619077108681584e-25
7.642842608574159e-25
7.670958384282782e-25
7.703393396299039e-25
7.740127252498285e-25
7.781149611619341e-25
7.826459600925269e-25
7.876065246879521e-25
7.929982918708138e-25
7.988236790093724e-25
8.050858316827597e-25
8.117885730423598e-25
8.189363548207358e-25
8.265342108807986e-25
8.345877118194462e-25
8.43102922366628e-25
8.520863605065644e-25
8.615449590774566e-25
8.714860294424816e-25
8.819172277070839e-25
8.928465234584024e-25
9.042821707605635e-25
9.162326821281437e-25
9.287068047626925e-25
9.417134996647073e-25
9.552619234330058e-25
9.69361412707476e-25
9.840214712798485e-25
9.992517597196526e-25
1.0150620877651155e-24
1.0314624092776228e-24
1.0484628192498491e-24
1.0660735535927402e-24
1.0843049907480524e-24
1.103167655628883e-24
1.1226722252419566e-24
1.1428295366955513e-24
1.1636505954660512e-24
1.1851465872991327e-24
1.2073288892197558e-24
1.2302090827784241e-24
1.2537989687117837e-24
1.2781105813671975e-24
1.3031562047347037e-24
1.3289483884094517e-24
1.3554999645391206e-24
1.3828240646087184e-24
1.4109341367145495e-24
1.4398439630733455e-24
1.4695676769982612e-24
1.5001197807679663e-24
1.5315151621477497e-24
1.5637691120197362e-24
1.5968973404086231e-24
1.630915994533208e-24
1.6658416736993736e-24
1.701691445902502e-24
1.7384828642476316e-24
1.77623398118027e-24
1.8149633650538063e-24
1.854690114359603e-24
1.895433872442796e-24
1.9372148431343907e-24
1.9800538036744734e-24
2.023972119609095e-24
2.0689917594928546e-24
2.115135307637118e-24
2.1624259793207382e-24
2.2108876333215994e-24
2.260544787723007e-24
2.3114226317123692e-24
2.363547040847027e-24
2.4169445915847113e-24
2.4716425748209464e-24
2.5276690095594584e-24
2.585052659376417e-24
2.6438230463434595e-24
2.704010466123586e-24
2.7656460031636865e-24
2.8287615467633054e-24
2.8933898077395216e-24
2.9595643331997532e-24
3.0273195252443044e-24
3.096690656978139e-24
3.167713890349007e-24
3.240426293951064e-24
3.31486586271381e-24
3.391071536005356e-24
3.4690832163179206e-24
3.548941791650738e-24
3.630689153006156e-24
3.714368219347842e-24
3.800022955233407e-24
3.887698395082399e-24
3.9774406669274684e-24
4.0692970136728305e-24
4.163315818998974e-24
4.2595466305535736e-24
4.358040186786045e-24
4.458848441062917e-24
4.562024591915973e-24
4.6676231046909094e-24
4.775699745720987e-24
4.886311605969348e-24
4.9995171353065585e-24
5.115376169036727e-24
5.233949960328472e-24
5.3553012123303184e-24
5.479494109834654e-24
5.606594356248167e-24
5.7366692014462584e-24
5.8697874815543246e-24
6.006019655222937e-24
6.1454378370818374e-24
6.288115839898107e-24
6.434129209328953e-24
6.583555265887026e-24
6.736473142694905e-24
6.892963834379754e-24
7.053110230855247e-24
7.216997162332704e-24
7.384711450692825e-24
7.55634194958623e-24
7.731979589009411e-24
7.911717431461156e-24
8.095650714635878e-24
8.2838769009772e-24
8.47649573338607e-24
8.673609283472245e-24
8.875322013161958e-24
9.081740818985137e-24
9.292975094382447e-24
9.509136791283384e-24
9.730340470910824e-24
9.956703368954752e-24
1.0188345461157337e-23
1.0425389517112191e-23
1.0667961169509995e-23
1.09161889986814e-23
1.1170204553291789e-23
1.1430142478352539e-23
1.1696140544735688e-23
1.1968339746278318e-23
1.2246884341831293e-23
1.2531921987178702e-23
1.2823603743584253e-23
1.3122084222226427e-23
1.3427521625030522e-23
1.374007783679853e-23
