4.7592887116344635e-23
4.759264389802069e-23
4.759238497821893e-23
4.75921098063999e-23
4.7591817797669076e-23
4.759150833152574e-23
4.7591180750538155e-23
4.7590834358939347e-23
4.7590468421144195e-23
4.759008216018166e-23
4.758967475604072e-23
4.758924534392425e-23
4.7588793012409935e-23
4.7588316801511785e-23
4.758781570063943e-23
4.7587288646450335e-23
4.7586734520590796e-23
4.7586152147320065e-23
4.758554029101354e-23
4.7584897653538954e-23
4.75842228715001e-23
4.7583514513343043e-23
4.7582771076317137e-23
4.7581990983285053e-23
4.758117257937716e-23
4.758031412847754e-23
4.757941380954253e-23
4.757846971273447e-23
4.7577479835371125e-23
4.757644207767546e-23
4.757535423832154e-23
4.757421400976423e-23
4.7573018973343564e-23
4.7571766594153805e-23
4.757045421566596e-23
4.756907905409249e-23
4.756763819248214e-23
4.7566128574531637e-23
4.756454699810343e-23
4.756289010843249e-23
4.756115439101054e-23
4.755933616413092e-23
4.7557431571079284e-23
4.755543657195248e-23
4.755334693508968e-23
4.755115822809656e-23
4.75488658084431e-23
4.75464648136168e-23
4.7543950150808607e-23
4.7541316486110324e-23
4.753855823320152e-23
4.7535669541499537e-23
4.753264428375118e-23
4.752947604303529e-23
4.7526158099152846e-23
4.7522683414372624e-23
4.751904461850414e-23
4.751523399326506e-23
4.751124345591003e-23
4.750706454208786e-23
4.7502688387887814e-23
4.7498105711039236e-23
4.7493306791223866e-23
4.7488281449458874e-23
4.748301902650777e-23
4.747750836027171e-23
4.7471737762115374e-23
4.746569499207557e-23
4.745936723290071e-23
4.7452741062866025e-23
4.7445802427306943e-23
4.743853660881e-23
4.743092819599833e-23
4.742296105084519e-23
4.741461827444724e-23
4.740588217118317e-23
4.7396734211184203e-23
4.7387154991033506e-23
4.737712419261531e-23
4.736662054002295e-23
4.7355621754436104e-23
4.734410450687182e-23
4.733204436870805e-23
4.7319415759876055e-23
4.730619189461077e-23
4.7292344724644934e-23
4.727784487972584e-23
4.726266160533005e-23
4.724676269744155e-23
4.7230114434258104e-23
4.7212681504678587e-23
4.7194426933421437e-23
4.7175312002613937e-23
4.715529616968852e-23
4.7134336981409334e-23
4.711238998384912e-23
4.708940862812371e-23
4.706534417168782e-23
4.704014557497763e-23
4.70137593931869e-23
4.698612966294356e-23
4.6957197783647973e-23
4.6926902393221953e-23
4.6895179238004856e-23
4.6861961036520745e-23
4.6827177336829823e-23
4.679075436715999e-23
4.6752614879503714e-23
4.671267798584883e-23
4.66708589866958e-23
4.662706919149997e-23
4.658121573065727e-23
4.6533201358635984e-23
4.648292424783891e-23
4.6430277772757785e-23
4.637515028396613e-23
4.63174248714691e-23
4.6256979116912284e-23
4.619368483412558e-23
4.6127407797450756e-23
4.6058007457281525e-23
4.59853366422129e-23
4.590924124717109e-23
4.582955990686431e-23
4.5746123653865347e-23
4.565875556060172e-23
4.556727036450033e-23
4.5471474075491995e-23
4.537116356504868e-23
4.526612613588512e-23
4.5156139071418114e-23
4.5040969164030636e-23
4.492037222114768e-23
4.479409254808038e-23
4.4661862406549545e-23
4.452340144774546e-23
4.437841611873131e-23
4.422659904093675e-23
4.4067628359435746e-23
4.390116706163618e-23
4.372686226394858e-23
4.3544344464931916e-23
4.335322676334697e-23
4.31531040394721e-23
4.294355209796193e-23
4.272412677044713e-23
4.2494362975992663e-23
4.225377373744272e-23
4.2001849151587836e-23
4.173805531099909e-23
4.1461833175267563e-23
4.1172597389291285e-23
4.086973504613551e-23
4.055260439188616e-23
4.0220533469791214e-23
3.987281870086991e-23
3.950872339803601e-23
3.9127476210652015e-23
3.8728269496294166e-23
3.831025761636775e-23
3.7872555152065556e-23
3.7414235037016235e-23
3.693432660281933e-23
3.643181353351183e-23
3.590563172486577e-23
3.535466704427111e-23
3.477775298682727e-23
3.4173668223152793e-23
3.354113403433456e-23
3.287881162939808e-23
3.218529934070275e-23
3.145912969279319e-23
3.0698766340516344e-23
2.990260087272847e-23
2.906894947878854e-23
2.8196049476469414e-23
2.728205570223846e-23
2.6325036768607927e-23
2.5322971199352813e-23
2.4273743463462106e-23
2.3175139945641556e-23
2.2024844920501373e-23
2.082043664989312e-23
1.955938381995285e-23
1.8239042722981496e-23
1.685665597613485e-23
1.5409354416237622e-23
1.3894165820240028e-23
1.2308039364614388e-23
1.06479103599043e-23
8.910884451267548e-24
7.094860299982936e-24
5.201384038278594e-24
3.2586311098385477e-24
1.9372005881823592e-24
1.9716558940320213e-24
3.516272113476118e-24
5.862534277555549e-24
8.362675276180693e-24
1.0989825483009231e-23
1.374409679628432e-23
