2.4784400813528556e-24
2.4285461616885848e-24
2.3829630160258347e-24
2.34153362306989e-24
2.304107700690868e-24
2.270541492001013e-24
2.2406975759360262e-24
2.2144446990799747e-24
2.191657625263197e-24
2.1722169993659745e-24
2.1560092218006378e-24
2.1429263303169043e-24
2.1328658860594363e-24
2.1257308611899498e-24
2.121429525847751e-24
2.119875332720527e-24
2.120986798019684e-24
2.124687378153672e-24
2.130905341867458e-24
2.1395736380225433e-24
2.1506297595381095e-24
2.1640156042781553e-24
2.179677333853126e-24
2.1975652314209063e-24
2.2176335596082915e-24
2.2398404196598063e-24
2.2641476128559487e-24
2.2905205051412268e-24
2.3189278957762874e-24
2.3493418906933185e-24
2.3817377810844206e-24
2.416093927617986e-24
2.4523916505384746e-24
2.4906151257937466e-24
2.5307512872195596e-24
2.5727897347321484e-24
2.6167226484016203e-24
2.6625447082241827e-24
2.710253019375146e-24
2.7598470426901697e-24
2.81132853011204e-24
2.8647014648310717e-24
2.9199720058486636e-24
2.977148436702002e-24
3.0362411181009734e-24
3.0972624442391962e-24
3.1602268025634403e-24
3.2251505368006847e-24
3.292051913062872e-24
3.3609510888641975e-24
3.431870084907015e-24
3.504832759506822e-24
3.57986478554038e-24
3.656993629820211e-24
3.7362485348016205e-24
3.817660502550837e-24
3.901262280900295e-24
3.987088351736914e-24
4.075174921364809e-24
4.165559912902107e-24
4.2582829606626176e-24
4.353385406492609e-24
4.45091029802253e-24
4.550902388806538e-24
4.653408140319813e-24
4.758475725787376e-24
4.8661550358210214e-24
4.976497685837376e-24
5.0895570252439394e-24
5.205388148358795e-24
5.324047907060259e-24
5.445594925134664e-24
5.57008961431288e-24
5.6975941919735494e-24
5.8281727005054005e-24
5.961891028302624e-24
6.098816932389915e-24
6.239020062659841e-24
6.382571987711636e-24
6.529546222282453e-24
6.680018256260438e-24
6.834065585272283e-24
6.991767742842171e-24
7.153206334109404e-24
7.318465071108003e-24
7.487629809604287e-24
7.660788587486219e-24
7.838031664713834e-24
8.019451564824579e-24
8.205143118000927e-24
8.395203505702062e-24
8.589732306873651e-24
8.78883154572938e-24
8.992605741129455e-24
9.201161957551834e-24
9.414609857683562e-24
9.6330617566314e-24
9.856632677772816e-24
1.0085440410276842e-23
1.0319605568276592e-23
1.0559251651765315e-23
1.0804505109189401e-23
1.1055495401784126e-23
1.1312355069677449e-23
1.1575219799781019e-23
1.1844228495483899e-23
1.2119523348213245e-23
1.240124991084186e-23
1.268955717302478e-23
1.2984597638449536e-23
1.3286527404073604e-23
1.359550624136262e-23
1.3911697679567023e-23
1.4235269091094595e-23
1.4566391778979324e-23
1.4905241066532766e-23
1.525199638920233e-23
1.5606841388660338e-23
1.5969964009187643e-23
1.6341556596437066e-23
1.6721815998518973e-23
1.711094366959474e-23
1.7509145775908576e-23
1.7916633304407165e-23
1.8333622173893084e-23
1.8760333348925805e-23
1.9196992956351138e-23
1.964383240461749e-23
2.0101088505997356e-23
2.056900360157381e-23
2.104782568927465e-23
2.153780855498197e-23
2.2039211906548793e-23
2.2552301511148013e-23
2.3077349335790334e-23
2.3614633691164083e-23
2.416443937882521e-23
2.4727057841791606e-23
2.5302787318839451e-23
2.589193300225023e-23
2.649480719928922e-23
2.7111729497581104e-23
2.774302693406865e-23
2.838903416841663e-23
2.905009365976114e-23
2.9726555848317433e-23
3.0418779340742e-23
3.1127131100005117e-23
3.1851986639582706e-23
3.259373022244138e-23
3.335275506431204e-23
3.412946354182041e-23
3.492426740561524e-23
3.573758799842343e-23
3.656985647787689e-23
3.742151404476042e-23
3.829301217714629e-23
3.918481286817948e-23
4.0097388871884294e-23
4.103122395269784e-23
4.198681314156097e-23
4.2964662998272544e-23
4.39652918787741e-23
4.498923021065876e-23
4.6037020772494514e-23
4.710921898157465e-23
4.820639318864773e-23
4.932912497695209e-23
5.0478009470897124e-23
5.165365565054018e-23
5.285668667379069e-23
5.408774020472325e-23
5.534746875360783e-23
5.663654001811078e-23
5.795563723994668e-23
5.930545956130033e-23
6.068672239965401e-23
6.210015782279515e-23
6.354651493393771e-23
6.502656027278833e-23
6.654107821160559e-23
6.809087137947701e-23
6.967676107762029e-23
7.129958771717117e-23
7.296021126283384e-23
7.465951168355425e-23
7.639838941548841e-23
7.817776584489613e-23
7.999858378257913e-23
8.186180796995922e-23
8.376842558206503e-23
8.571944674536951e-23
8.77159050769288e-23
8.975885821545605e-23
9.184938839940176e-23
9.398860301223956e-23
9.617763517109254e-23
9.841764432136378e-23
1.0070981687995148e-22
1.030553667834612e-22
1.0545553617809514e-22
