1.0111069088274936e-10
1.0023922114096373e-10
9.943108744493983e-11
9.58079657466881e-11
9.34117427423674e-11
8.84884409826594e-11
8.64877409742475e-11
8.536126674895608e-11
8.250535291890817e-11
7.938568153738991e-11
7.810851325887786e-11
7.68281794264108e-11
7.41116776776237e-11
7.230729087307018e-11
6.884359569668133e-11
6.782236728980554e-11
6.498482476501663e-11
6.433464484662494e-11
6.239213664336035e-11
6.105509122896393e-11
5.819560780575519e-11
5.6491273055528966e-11
5.639785328565557e-11
5.383269642767578e-11
5.286961314265636e-11
5.074054092192159e-11
4.988136041414492e-11
4.7640979470994714e-11
4.707476894147681e-11
4.5382443423019613e-11
4.371925970520033e-11
4.2153386666351764e-11
4.064160527986613e-11
3.968587171132817e-11
3.841393013619087e-11
3.701273145754787e-11
3.651635034541442e-11
3.494485737693033e-11
3.355663831489143e-11
3.3151996606309494e-11
3.165131476196643e-11
3.062875339166357e-11
2.9585331964221315e-11
2.859000785359828e-11
2.7295254679323137e-11
2.6717210453609153e-11
2.579582382400025e-11
2.4803568286767048e-11
2.3934068623470424e-11
2.2928145763493002e-11
2.243101398195736e-11
2.1338809286642217e-11
2.083248125746392e-11
1.997707693149437e-11
1.9231571802704826e-11
1.8514442511610147e-11
1.7877703536049426e-11
1.7288426672816414e-11
1.652842560272819e-11
1.5825799485153582e-11
1.525777273051425e-11
1.4679919635328648e-11
1.4155341928197554e-11
1.3555675280853261e-11
1.3102577587598073e-11
1.2647784885719136e-11
1.2090931879896754e-11
1.1613915143002019e-11
1.1108998155799127e-11
1.0762077841220109e-11
1.0274700606539056e-11
9.832108753362903e-12
9.439503165252195e-12
9.07923907850188e-12
8.7111440440983e-12
8.327302785960141e-12
8.041603003129098e-12
7.685815876095247e-12
7.36502631632041e-12
7.072146221955818e-12
6.7633198086791374e-12
6.484873186304406e-12
6.194247654949487e-12
5.932708958914326e-12
5.697346623818403e-12
5.461393466898099e-12
5.214392666884999e-12
5.003267569175268e-12
4.790284415637331e-12
4.579235977142118e-12
4.380188147450756e-12
4.2002492702824944e-12
4.018906140078062e-12
3.839188585952181e-12
3.673390696120685e-12
3.525204501546733e-12
3.3619874511998574e-12
3.22020074999135e-12
3.075492094312106e-12
2.9448034149769577e-12
2.8156135974513144e-12
2.692368668753003e-12
2.5738743430558074e-12
2.4603456907455195e-12
2.3519844190294297e-12
2.2480551128521976e-12
2.1484751827054194e-12
2.0513147143936975e-12
1.961966920976693e-12
1.874129585755713e-12
1.7898411358479875e-12
1.711197267323379e-12
1.6348370361740136e-12
1.5627733213131212e-12
1.4916639273054656e-12
1.424702223115845e-12
1.3606787451474949e-12
1.2994504933886143e-12
1.2401083117229754e-12
1.1848240865221295e-12
1.1317873813056146e-12
1.0805206945003662e-12
1.0314775123984886e-12
9.838804880771355e-13
9.397924964534484e-13
8.968104188512554e-13
8.556383393468851e-13
8.162106830432882e-13
7.793966676557316e-13
7.433604314345798e-13
7.09196914389773e-13
6.765566850469468e-13
6.453405655595755e-13
6.155189299366064e-13
5.870106407453791e-13
5.596304381745663e-13
5.337466769463576e-13
5.089967648447218e-13
4.852178581664853e-13
4.624977594688096e-13
4.4079015588085704e-13
4.199650670633766e-13
4.002406483892544e-13
3.812364457267909e-13
3.6315714927080153e-13
3.459017983803925e-13
3.293829026028048e-13
3.136682871595938e-13
2.9852143804861426e-13
2.8419199142582944e-13
2.704045541372274e-13
2.5732497093588076e-13
2.447504729894493e-13
2.3279510552049504e-13
2.213671960276657e-13
2.1046469257669275e-13
2.0000975249083147e-13
1.900637182872081e-13
1.8053001423479848e-13
1.7143959783840118e-13
1.627660418154298e-13
1.5448011930528695e-13
1.4657805366576648e-13
1.3901565431997272e-13
1.3179833657584312e-13
1.249113053224083e-13
1.1833603121962573e-13
1.1205842143322024e-13
1.0606277873324272e-13
1.0034498722755106e-13
9.488691000033028e-14
8.967583189083981e-14
8.470007063166112e-14
7.995844866806793e-14
7.543177960941952e-14
7.111395516716547e-14
6.698982083283712e-14
6.306097403804796e-14
5.931193339287924e-14
5.573601205853853e-14
5.232997370974788e-14
4.9081814878774033e-14
4.598615242040838e-14
4.3036428875174656e-14
4.0226916553162516e-14
3.75512020830273e-14
3.5004623928500023e-14
3.258038813240849e-14
3.027401421021566e-14
2.8080374624935938e-14
2.5995811124930885e-14
2.4015356753178207e-14
2.2135262824607183e-14
2.0350844020101813e-14
1.8659181907495136e-14
1.7056804259486565e-14
1.553983680416545e-14
1.4105434660823483e-14
1.2750621821964749e-14
1.1472936325175584e-14
1.0269539366180505e-14
