7.797882446305013e-24
9.36063800322312e-24
1.0929251430199689e-23
1.2506038951469834e-23
1.409328101369549e-23
1.5693217415429342e-23
1.7308045798927218e-23
1.8939921438083823e-23
2.0590957551855723e-23
2.2263225877228014e-23
2.3958757271727348e-23
2.567954235517722e-23
2.742753213836675e-23
2.92046386241588e-23
3.1012735393875436e-23
3.285365820032704e-23
3.472920556032937e-23
3.664113934405022e-23
3.8591185432957484e-23
4.058103441490723e-23
4.261234232354304e-23
4.468673148148786e-23
4.680579140617539e-23
4.897107985762087e-23
5.1184123947747335e-23
5.344642140026758e-23
5.575944196382795e-23
5.812462891398608e-23
6.054340070520203e-23
6.301715281008384e-23
6.554725965334061e-23
6.813507670199426e-23
7.078194270477985e-23
7.348918205186746e-23
7.625810728265432e-23
7.909002167399145e-23
8.198622200294356e-23
8.494800132374016e-23
8.79766519345169e-23
9.107346828115141e-23
9.423975010817097e-23
9.74768054649391e-23
1.007859538606229e-22
1.0416852943648655e-22
1.0762588407786444e-22
1.1115939058780557e-22
1.1477044577990358e-22
1.184604736160685e-22
1.2223092821052612e-22
1.260832968510838e-22
1.300191029243113e-22
1.3403990875711973e-22
1.3814731844644425e-22
1.423429805168312e-22
1.46628590565047e-22
1.5100589378595366e-22
1.5547668737132007e-22
1.6004282292328049e-22
1.6470620865005342e-22
1.694688115519076e-22
1.743326594981224e-22
1.792998432424701e-22
1.843725182845957e-22
1.8955290675147133e-22
1.9484329916461152e-22
2.0024605614100673e-22
2.057636100102568e-22
2.113984664523519e-22
2.171532060159543e-22
2.230304855982341e-22
2.290330400101229e-22
2.3516368332144445e-22
2.4142531033296925e-22
2.478208979755817e-22
2.5435350671794365e-22
2.610262819851349e-22
2.678424554845355e-22
2.748053466886872e-22
2.819183642283091e-22
2.8918500735811464e-22
2.966088673622869e-22
3.0419362905589973e-22
3.1194307232711585e-22
3.1986107371805713e-22
3.2795160791308004e-22
3.3621874940724043e-22
3.446666741794381e-22
3.5329966148951524e-22
3.621220954345609e-22
3.7113846690920546e-22
3.8035337559122695e-22
3.8977153129594766e-22
3.9939775676182845e-22
4.092369889238641e-22
4.1929428148915916e-22
4.295748067598168e-22
4.4008385801518305e-22
4.508268515721833e-22
4.61809329094214e-22
4.730369602083164e-22
4.84515544756681e-22
4.962510150261517e-22
5.082494387745659e-22
5.205170212040522e-22
5.330601081875519e-22
5.458851884609978e-22
5.589988972204439e-22
5.724080172081706e-22
5.861194834320279e-22
6.001403852236783e-22
6.144779694580564e-22
6.29139642846443e-22
6.441329760063839e-22
6.594657045813783e-22
6.751457371763299e-22
6.911811505333606e-22
7.075802005548263e-22
7.243513229911391e-22
7.41503132862709e-22
7.590444325630211e-22
7.769842168855617e-22
7.953316633125976e-22
8.1409616054771345e-22
8.332872790799493e-22
8.529148051676474e-22
8.729887228510377e-22
8.935192328860022e-22
9.145167375226927e-22
9.359918652405744e-22
9.579554540961028e-22
9.804185803716631e-22
1.0033925205657623e-21
1.026888809590124e-21
1.050919190010108e-21
1.0754956388550716e-21
1.1006303948619292e-21
1.1263359165212624e-21
1.1526249040921074e-21
1.1795102982439182e-21
1.20700533960582e-21
1.235123423337965e-21
1.2638782858446634e-21
1.29328385160557e-21
1.3233543524449708e-21
1.3541042315705658e-21
1.3855482169067435e-21
1.4177013199534217e-21
1.45057873220103e-21
1.4841959767330672e-21
1.5185687862245278e-21
1.5537131551196553e-21
1.5896453623602843e-21
1.6263819477452074e-21
1.663939648777174e-21
1.7023354344822988e-21
1.7415866424186153e-21
1.7817108312256284e-21
1.822725519672567e-21
1.864648828754354e-21
1.9074988425781545e-21
1.951293969931324e-21
1.996052782421813e-21
2.0417943541056884e-21
2.0885371071750393e-21
2.1363007122338397e-21
2.1851041813176866e-21
2.23496711138618e-21
2.2859085615186476e-21
2.337948774228664e-21
2.391107761710697e-21
2.4454043757397807e-21
2.5008592458875814e-21
2.557491946369677e-21
2.615322290403832e-21
2.6743703869900605e-21
2.7346553852618708e-21
2.7961980395867688e-21
2.859016732953641e-21
2.9231315419007603e-21
2.9885614690439345e-21
3.055324707680373e-21
3.123440385429191e-21
3.1929267833914103e-21
3.263801076126901e-21
3.3360788802577764e-21
3.409779625579833e-21
3.4849199571108905e-21
3.561512897525002e-21
3.6395720458230314e-21
3.719114059949725e-21
3.800154629693142e-21
3.882697827219254e-21
3.9667593384396795e-21
4.052345342236014e-21
4.139468907036456e-21
4.228135276267042e-21
4.318348433911919e-21
4.410115566635598e-21
4.5034364009700204e-21
4.5983148672757646e-21
4.694736884089721e-21
