4.013381619280249e-24
4.087640503412423e-24
4.1582895651284475e-24
4.225474444068103e-24
4.2893340577954634e-24
4.350000789394504e-24
4.407600681670515e-24
4.462253633963984e-24
4.5140735986597216e-24
4.563168775233728e-24
4.609641800220514e-24
4.653589931962597e-24
4.695105229269926e-24
4.734274723383747e-24
4.771180582831954e-24
4.805900270899746e-24
4.838506695492021e-24
4.869068351356499e-24
4.8976494545597985e-24
4.924310069267628e-24
4.949106226833426e-24
4.972090037281445e-24
4.993309793215928e-24
5.012810066294531e-24
5.0306317962956136e-24
5.046812372900124e-24
5.0613857102724336e-24
5.0743823145025135e-24
5.0858293439863275e-24
5.0957506628548795e-24
5.1041668874196155e-24
5.111095425781886e-24
5.1165505105489086e-24
5.120543224762196e-24
5.123081520967489e-24
5.124170233502543e-24
5.12381108390728e-24
5.1220026794909304e-24
5.118740504936718e-24
5.114016906981803e-24
5.107821071943036e-24
5.10013899615309e-24
5.090953449090118e-24
5.080243929035853e-24
5.06798661128099e-24
5.05415428845182e-24
5.03871630300081e-24
5.021638471551973e-24
5.002883000809179e-24
4.982408394849396e-24
4.960169353613819e-24
4.936116662032059e-24
4.910197069788984e-24
4.882353161140315e-24
4.8525232146253796e-24
4.820641052107327e-24
4.786635876956245e-24
4.75043210083843e-24
4.7119491587878566e-24
4.671101312216866e-24
4.627797439245107e-24
4.581940812535094e-24
4.533428863627692e-24
4.482152934348337e-24
4.427998014546252e-24
4.370842466683108e-24
4.310557737630184e-24
4.247008058026417e-24
4.1800501309967956e-24
4.1095328115433645e-24
4.035296779958404e-24
3.957174213402083e-24
3.874988461682824e-24
3.7885537365463206e-24
3.697674826996984e-24
3.602146859567384e-24
3.501755130177378e-24
3.396275047372186e-24
3.285472244342515e-24
3.1691029471490386e-24
3.0469147304594573e-24
2.9186478638344833e-24
2.7840375701547358e-24
2.6428177145776675e-24
2.4947267866557197e-24
2.3395176561476567e-24
2.176973738815129e-24
2.0069364688004275e-24
1.8293536301377383e-24
1.644368267394824e-24
1.4524916468725824e-24
1.2549635507817737e-24
1.0545660855098027e-24
8.576283124494948e-25
6.792471813898758e-25
5.5500392128440035e-25
5.443430708583512e-25
6.706847321531964e-25
8.917932572244824e-25
1.1674897917270539e-24
1.4789667287680401e-24
1.8185424069409836e-24
2.1831938169475566e-24
2.571958636712763e-24
2.984893848822502e-24
3.422627472206205e-24
3.8861515891672125e-24
4.3767221275871595e-24
4.895809916887834e-24
5.4450784086785696e-24
6.0263764410691234e-24
6.641740286776341e-24
7.29340205608259e-24
7.983802963284468e-24
8.715610770018727e-24
9.491741171745323e-24
1.0315383213531147e-23
1.1190029028742158e-23
1.2119508395174562e-23
1.3108028777122302e-23
1.416022169870699e-23
1.528119653429303e-23
1.6476603032281407e-23
1.7752704194264927e-23
1.9116461523519445e-23
2.057563512712408e-23
2.2138901739103944e-23
2.381599450369487e-23
2.5617869323793625e-23
2.755690386953878e-23
2.9647136917998176e-23
3.19045579316484e-23
3.434745958200419e-23
3.6996869769413175e-23
3.9877084877355457e-23
4.301633301397339e-23
4.6447605708219107e-23
5.020971019071656e-23
5.434861356450554e-23
5.891917765633063e-23
6.398742370092842e-23
6.963352529599944e-23
7.595581759875737e-23
8.307624869476409e-23
9.114791474404933e-23
1.0036566826468824e-22
1.10981362541434e-22
1.2332626891634336e-22
1.3784491684853138e-22
1.551477269748928e-22
1.760957413029538e-22
2.01942599618338e-22
2.345838932218279e-22
2.77020203725894e-22
3.342760202953836e-22
4.1537289569088473e-22
5.379607609365662e-22
7.400282548929509e-22
1.1055318491146927e-21
1.6828482032298515e-21
1.663494827523512e-21
1.130833253286214e-21
8.002815828480664e-22
6.139911453274647e-22
4.99092987398466e-22
4.221519780994933e-22
3.6732006762506624e-22
3.2636654664583565e-22
2.9465093017628655e-22
2.693753743420184e-22
2.4875880705031684e-22
2.316158997483104e-22
2.17128194386951e-22
2.047127705758969e-22
1.9394335901908402e-22
1.8450106661298016e-22
1.7614254759384235e-22
1.6867882939586835e-22
1.6196086167737462e-22
1.5586942939848062e-22
1.5030796453101212e-22
1.4519733375296345e-22
1.4047199577112093e-22
1.360771238906883e-22
1.319664258501229e-22
1.2810047028933327e-22
1.2444538518955906e-22
1.2097183865372838e-22
1.1765423086859476e-22
1.1447004767188765e-22
1.113993394047317e-22
1.0842429822328036e-22
1.0552891108188369e-22
1.0269867357011219e-22
9.992035363091745e-23
9.718179242161065e-23
9.447173832179341e-23
9.177970579944963e-23
8.909585669238921e-23
8.641089750713052e-23
8.371599379238037e-23
