4.257713553675069e-24
4.40758312999975e-24
4.549880934273291e-24
4.684904854284075e-24
4.812938140682847e-24
4.934249824127531e-24
5.0490951499610336e-24
5.1577160177613316e-24
5.2603414167127485e-24
5.357187852175247e-24
5.4484597582553325e-24
5.534349895592936e-24
5.615039731147748e-24
5.690699800492962e-24
5.7614900508326384e-24
5.8275601653933066e-24
5.889049868497482e-24
5.946089211766961e-24
5.998798841494135e-24
6.0472902472606715e-24
6.091665992323218e-24
6.1320199258647185e-24
6.168437377361097e-24
6.200995333500478e-24
6.2297625976993685e-24
6.2547999326743445e-24
6.276160186133553e-24
6.293888399848723e-24
6.308021902305815e-24
6.318590385046847e-24
6.325615962806928e-24
6.329113217647495e-24
6.329089226905866e-24
6.325543575340689e-24
6.31846835106922e-24
6.30784812567856e-24
6.293659918046602e-24
6.275873142075209e-24
6.25444953813495e-24
6.229343087824176e-24
6.200499912253169e-24
6.167858153360717e-24
6.131347837920893e-24
6.090890724359486e-24
6.0464001316185146e-24
5.9977807499843476e-24
5.944928433347452e-24
5.887729972907931e-24
5.8260628514155686e-24
5.759794977818308e-24
5.68878440217749e-24
5.612879009956521e-24
5.531916195940922e-24
5.445722517305053e-24
5.354113325911805e-24
5.256892379798755e-24
5.1538514346099306e-24
5.044769815798501e-24
4.9294139730295694e-24
4.8075370197060366e-24
4.678878261311514e-24
4.543162718890194e-24
4.400100657319508e-24
4.249387132203737e-24
4.090701578389478e-24
3.923707473973045e-24
3.748052134891366e-24
3.563366729209294e-24
3.3692666578624926e-24
3.1653525547493198e-24
2.9512123552330244e-24
2.726425265802241e-24
2.4905692637400353e-24
2.243235515587228e-24
1.9840573217612283e-24
1.712772367699285e-24
1.429370647426512e-24
1.1344998048896624e-24
8.308352198451813e-25
5.294996203664802e-25
2.9712499319995754e-25
3.854805562078566e-25
7.070275038673308e-25
1.088664524880769e-24
1.500819180034556e-24
1.937808503759036e-24
2.3984521054387728e-24
2.8828821816288808e-24
3.391748338433721e-24
3.9259589521667195e-24
4.486581462295473e-24
5.0747996452630756e-24
5.691894395021277e-24
6.339235325494524e-24
7.018277847183336e-24
7.73056325653085e-24
8.477720636188496e-24
9.26146994068364e-24
1.0083625937817197e-23
1.0946102826331594e-23
1.1850919433961717e-23
1.2800204952679035e-23
1.3796205189808372e-23
1.4841289345308963e-23
1.5937957329641346e-23
1.7088847643517055e-23
1.8296745870426206e-23
1.956459380867241e-23
2.089549930129633e-23
2.2292746820646407e-23
2.3759808873461856e-23
2.530035829116641e-23
2.6918281496475146e-23
2.8617692819350986e-23
3.040294998848033e-23
3.227867088003828e-23
3.4249751667414374e-23
3.6321386500208007e-23
3.849908888038268e-23
4.0788714882506135e-23
4.3196488454574464e-23
4.5729028950425666e-23
4.8393381230588787e-23
5.1197048501060507e-23
5.414802830035836e-23
5.725485190464276e-23
6.052662761710525e-23
6.397308830348671e-23
6.760464378620674e-23
7.143243864800619e-23
7.546841600901432e-23
7.972538820737058e-23
8.421711515882066e-23
8.895839128935389e-23
9.39651425620794e-23
9.925453437152758e-23
1.048450923932946e-22
1.1075683785697214e-22
1.1701143933724267e-22
1.236323836491743e-22
1.3064516861768986e-22
1.380775209855194e-22
1.4595964355695744e-22
1.543244961243936e-22
1.6320811567425824e-22
1.7264998268455751e-22
1.8269344101786028e-22
1.9338618171581453e-22
2.047808004749158e-22
2.1693544505467584e-22
2.299145665255091e-22
2.4378979845992134e-22
2.5864098581268964e-22
2.745573977844586e-22
2.916391609761454e-22
3.099989648790425e-22
3.297640979054228e-22
3.510788942637786e-22
3.74107689888899e-22
3.990384090772614e-22
4.260869733504019e-22
4.555026994322645e-22
4.875750424535369e-22
5.22641999572307e-22
5.611007117125802e-22
6.034210376201685e-22
6.501629230521337e-22
7.019991230347725e-22
7.597449300232773e-22
8.243980882234e-22
8.971927517487992e-22
9.796733039833694e-22
1.0737984192386012e-21
1.18208880631118e-21
1.3078430901684009e-21
1.4554605793430224e-21
1.6309373647282845e-21
1.842653224705348e-21
2.102667229118197e-21
2.4289407931939936e-21
2.8493410234851125e-21
3.409254224016463e-21
4.186945121818735e-21
5.326190230196046e-21
7.104766288490119e-21
1.00185288974029e-20
1.4107077085027343e-20
1.5102858068845346e-20
1.1552928098825518e-20
8.494585665737558e-21
6.58754659700992e-21
5.371693108905834e-21
4.548020663431427e-21
3.9590186058318825e-21
3.51919384402535e-21
3.179308267157535e-21
2.909343683866234e-21
2.6900755306731506e-21
2.5086702712445455e-21
2.3562520121362253e-21
2.2264975970064986e-21
