1.9670021585433454e-24
1.522466497365599e-24
1.1047486693472046e-24
7.13613082613427e-25
3.514268524432517e-25
9.331907658495193e-26
3.405206867658444e-25
6.335848542871887e-25
9.088247431695262e-25
1.1638708579054121e-24
1.39864521868736e-24
1.6134367947898053e-24
1.8086111770879743e-24
1.984537259138861e-24
2.1415631055548487e-24
2.2800066797871235e-24
2.4001519589920915e-24
2.5022472563997707e-24
2.5865045231802557e-24
2.6530991026241527e-24
2.7021696910012026e-24
2.7338183832099226e-24
2.7481107400552825e-24
2.7450758439893178e-24
2.7247063269094288e-24
2.6869583644248225e-24
2.6317516398206374e-24
2.5589692907619716e-24
2.468457865942951e-24
2.36002734301125e-24
2.233451304425066e-24
2.0884674594311945e-24
1.92477889865312e-24
1.7420569328379832e-24
1.5399475683005849e-24
1.3180871772646533e-24
1.076144966298695e-24
8.139620126482149e-25
5.321826837376571e-25
2.3802711127863245e-25
1.5412222116621695e-25
4.79836041328154e-25
8.527474261314068e-25
1.2535861984863941e-24
1.6812275267430704e-24
2.13607887866269e-24
2.6189260857015405e-24
3.130718026521387e-24
3.6725072341439655e-24
4.245430148196811e-24
4.850700352220303e-24
5.4896068949383756e-24
6.163514909983695e-24
6.873867420623955e-24
7.622187840813162e-24
8.410082942948083e-24
9.239246179546976e-24
1.0111461302632608e-23
1.1028606253733015e-23
1.1992657313314856e-23
1.3005693507645793e-23
1.40699012767241e-23
1.5187579410601244e-23
1.6361144264054514e-23
1.7593135261549815e-23
1.888622070610405e-23
2.0243203907109685e-23
2.166702964357875e-23
2.3160790980596634e-23
2.4727736458149775e-23
2.637127767289779e-23
2.809499727492869e-23
2.9902657403095865e-23
3.1798208584191073e-23
3.378579912297575e-23
3.5869785011991545e-23
3.805474039210823e-23
4.0345468596980215e-23
4.274701381692769e-23
4.526467342035086e-23
4.790401097354158e-23
5.0670870002758323e-23
5.357138854569886e-23
5.661201454304295e-23
5.97995221245385e-23
6.314102884834686e-23
6.664401395683865e-23
7.031633771704954e-23
7.416626191934014e-23
7.820247161374941e-23
8.243409816998589e-23
8.687074375393646e-23
9.152250732150466e-23
9.640001223880672e-23
1.0151443564712272e-22
1.068775397013502e-22
1.1250170482158426e-22
1.1839996511005035e-22
1.245860460989955e-22
1.31074405010451e-22
1.378802737246306e-22
1.4501970467286557e-22
1.525096198905679e-22
1.603678634882961e-22
1.6861325782385902e-22
1.772656636858205e-22
1.8634604483015442e-22
1.9587653724458115e-22
2.058805235541852e-22
2.163827130245155e-22
2.2740922766536363e-22
2.3898769499118416e-22
2.511473480541525e-22
2.6391913343373925e-22
2.7733582793925288e-22
2.9143216486828875e-22
3.062449707593253e-22
3.218133136827416e-22
3.381786642389436e-22
3.5538507056743564e-22
3.7347934882743136e-22
3.9251129079207357e-22
4.125338904014235e-22
4.33603591332981e-22
4.557805579535958e-22
4.791289722674453e-22
5.03717359868445e-22
5.296189482848765e-22
5.569120615501176e-22
5.856805554110282e-22
6.1601429816676115e-22
6.480097028461096e-22
6.817703173057894e-22
7.174074797598973e-22
7.550410484451172e-22
7.948002153863974e-22
8.368244159081688e-22
8.81264347321439e-22
9.28283112439555e-22
9.780575062033078e-22
1.0307794668599305e-21
1.0866577166732667e-21
1.1459196220858964e-21
1.2088133079186573e-21
1.275610067707951e-21
1.3466071190504389e-21
1.422130763808532e-21
1.5025400233715895e-21
1.588230835720095e-21
1.6796409170030392e-21
1.7772554143428483e-21
1.8816135041704307e-21
1.993316125293501e-21
2.113035082238165e-21
2.2415238077247537e-21
2.379630150953603e-21
2.528311648097021e-21
2.688653855314564e-21
2.8618924851627114e-21
3.0494402960875127e-21
3.252919970503314e-21
3.474204590390485e-21
3.715467835057391e-21
3.979246733785967e-21
4.268520784617496e-21
4.586812614943042e-21
4.938317348630195e-21
5.328070633591473e-21
5.762169472877189e-21
6.248066163740852e-21
6.794965033485704e-21
7.414366234686604e-21
8.120823784785881e-21
8.933022228533361e-21
9.875338106074865e-21
1.0980157685351591e-20
1.2291408084473592e-20
1.3870096383297173e-20
1.5803287962391722e-20
1.8219198933846452e-20
2.131359108881401e-20
2.5397827931001698e-20
3.098922603965382e-20
3.897961143975051e-20
5.089124779110708e-20
6.868502112712295e-20
8.98643078429489e-20
9.491683679196139e-20
7.811759480193506e-20
6.043045760648451e-20
4.804774059436113e-20
3.968532218139091e-20
3.384470733771441e-20
2.959384984155914e-20
2.638476962823063e-20
2.3887167216778033e-20
2.189383521389619e-20
2.0269506726661385e-20
1.8922644413356443e-20
1.7789317383578225e-20
1.682363096156467e-20
