1.4587583909624485e-24
1.4093004188361778e-24
1.3626189002056667e-24
1.3185941168586535e-24
1.2771104056367834e-24
1.2380558923090687e-24
1.2013222503647807e-24
1.1668044859761163e-24
1.1344007500823826e-24
1.1040121781525849e-24
1.075542757704379e-24
1.0488992231130763e-24
1.0239909766598668e-24
1.00073003417492e-24
9.790309930606921e-25
9.588110199681784e-25
9.399898549738225e-25
9.224898287941674e-25
9.062358893953107e-25
8.911556343159786e-25
8.77179345123656e-25
8.642400206543646e-25
8.522734060297076e-25
8.41218014876059e-25
8.310151426619063e-25
8.216088695929748e-25
8.129460520311347e-25
8.04976301908902e-25
7.976519540756072e-25
7.909280219182989e-25
7.84762141941131e-25
7.791145082558856e-25
7.739477981335656e-25
7.6922708989621155e-25
7.649197744953808e-25
7.6099546213734415e-25
7.574258852846129e-25
7.541847992961301e-25
7.512478818781824e-25
7.485926324057557e-25
7.461982720551661e-25
7.440456455626595e-25
7.421171252991379e-25
7.40396518231259e-25
7.388689762254567e-25
7.375209100477996e-25
7.363399073183603e-25
7.353146545958151e-25
7.344348636954909e-25
7.336912022822033e-25
7.330752287270246e-25
7.325793311743225e-25
7.321966707305571e-25
7.319211286590734e-25
7.317472574442872e-25
7.316702355733066e-25
7.316858258727644e-25
7.317903372318867e-25
7.319805895401399e-25
7.322538816670427e-25
7.326079623137789e-25
7.3304100356973685e-25
7.3355157701192315e-25
7.341386321908916e-25
7.3480147735349725e-25
7.35539762259323e-25
7.36353462954931e-25
7.372428683770157e-25
7.382085686624488e-25
7.392514450500422e-25
7.403726612650462e-25
7.415736562836776e-25
7.428561383801152e-25
7.442220803638537e-25
7.456737159194558e-25
7.472135369650077e-25
7.488442919488125e-25
7.505689850067476e-25
7.523908759050763e-25
7.543134806951657e-25
7.563405730079071e-25
7.584761859161573e-25
7.60724614294021e-25
7.630904176014285e-25
7.6557842302198625e-25
7.681937288810658e-25
7.709417082702258e-25
7.73828012802338e-25
7.768585764206204e-25
7.800396191832182e-25
7.833776509437394e-25
7.868794748466923e-25
7.905521905565043e-25
7.944031971378417e-25
7.984401955058401e-25
8.026711903652967e-25
8.071044915603197e-25
8.117487147584713e-25
8.166127813976588e-25
8.217059178295354e-25
8.270376535997256e-25
8.326178188134172e-25
8.38456540544812e-25
8.44564238259748e-25
8.509516182338556e-25
8.576296669626988e-25
8.646096435758047e-25
8.719030712829255e-25
8.795217278988292e-25
8.874776355106898e-25
8.957830493713548e-25
9.04450446119199e-25
9.134925114452309e-25
9.229221273437108e-25
9.327523591000027e-25
9.42996442183648e-25
9.536677692267998e-25
9.64779877279084e-25
9.763464355368848e-25
9.883812337497442e-25
1.0008981715080242e-24
1.0139112486139612e-24
1.0274345567333542e-24
1.041482272516608e-24
1.0560686523665377e-24
1.0712080290167863e-24
1.086914810067801e-24
1.1032034786094078e-24
1.1200885960392391e-24
1.1375848071654252e-24
1.1557068476614181e-24
1.1744695539192835e-24
1.1938878753286145e-24
1.2139768889887257e-24
1.2347518168448631e-24
1.2562280452246213e-24
1.2784211467380001e-24
1.3013469044947813e-24
1.3250213385871355e-24
1.3494607347806937e-24
1.3746816753583295e-24
1.4007010720626853e-24
1.4275362010903503e-24
1.4552047400994112e-24
1.4837248072033615e-24
1.5131150019397334e-24
1.5433944482178383e-24
1.5745828392697103e-24
1.6067004846481346e-24
1.6397683593395567e-24
1.6738081550822213e-24
1.7088423340054723e-24
1.7448941847328186e-24
1.781987881116591e-24
1.820148543801262e-24
1.859402304838248e-24
1.8997763756051786e-24
1.9412991183095812e-24
1.984000121384993e-24
2.027910279117316e-24
2.0730618758662676e-24
2.1194886752745306e-24
2.1672260148861242e-24
2.2163109066216387e-24
2.2667821435849335e-24
2.3186804137023523e-24
2.3720484207201366e-24
2.426931013110316e-24
2.4833753214579466e-24
2.5414309049244596e-24
2.601149907401482e-24
2.662587223986768e-24
2.725800678431054e-24
2.7908512122152916e-24
2.8578030859299736e-24
2.926724093633073e-24
2.997685790868689e-24
3.0707637370246132e-24
3.1460377527060397e-24
3.2235921927905106e-24
3.3035162358178063e-24
3.385904190348805e-24
3.4708558189068894e-24
3.558476680087168e-24
3.648878489389318e-24
3.742179499296454e-24
3.838504899085393e-24
3.937987234816988e-24
4.040766849916844e-24
4.146992346719794e-24
4.2568210693190284e-24
4.3704196080301285e-24
4.487964325761282e-24
4.609641906567287e-24
4.73564992666879e-24
4.8661974482320444e-24
5.001505636243772e-24
5.1418083988719875e-24
5.287353051788183e-24
5.4384010070405546e-24
5.595228487213339e-24
