8.343517449391043e-22
8.373624631234563e-22
8.422809114651169e-22
8.49117495758937e-22
8.578866919078146e-22
8.686070763884523e-22
8.813013655335418e-22
8.95996463436601e-22
9.127235188948144e-22
9.315179912725245e-22
9.524197255461789e-22
9.754730366636397e-22
1.000726803355691e-21
1.0282345715949135e-21
1.0580546680808373e-21
1.0902503237255874e-21
1.1248898076028948e-21
1.162046571572848e-21
1.2017994058305942e-21
1.24423260593467e-21
1.2894361512707016e-21
1.337505895716212e-21
1.3885437707723356e-21
1.4426580013554184e-21
1.4999633353650912e-21
1.5605812863998309e-21
1.6246403913995287e-21
1.6922764828870562e-21
1.7636329768296243e-21
1.8388611761040928e-21
1.918120591248051e-21
2.0015792782257405e-21
2.089414194372899e-21
2.181811572997148e-21
2.278967318062872e-21
2.381087418719186e-21
2.4883883855011273e-21
2.6010977091168044e-21
2.7194543413776006e-21
2.8437092016281786e-21
2.974125707288494e-21
3.1109803321676476e-21
3.25456319096198e-21
3.4051786529860855e-21
3.563145986911061e-21
3.7288000355893164e-21
3.902491924309208e-21
4.0845898043614735e-21
4.275479630264664e-21
4.4755659767280934e-21
4.685272894611876e-21
4.9050448050000756e-21
5.1353474414777145e-21
5.376668832353971e-21
5.6295203328496524e-21
5.8944377029506945e-21
6.171982243356185e-21
6.462741976418159e-21
6.7673328902468504e-21
7.08640023647813e-21
7.420619895199942e-21
7.770699797375467e-21
8.137381420244417e-21
8.521441349817955e-21
8.923692917126606e-21
9.344987914762705e-21
9.786218389875637e-21
1.0248318519272679e-20
1.0732266582867086e-20
1.123908701472048e-20
1.1769852567649928e-20
1.2325686561478381e-20
1.2907765243383634e-20
1.3517320267273488e-20
1.4155641269241267e-20
1.4824078585838188e-20
1.5524046076679574e-20
1.6257024094908856e-20
1.702456259081245e-20
1.7828284353703156e-20
1.8669888412500725e-20
1.9551153582130666e-20
2.0473942178876585e-20
2.1440203938256723e-20
2.2451980063831048e-20
2.3511407449637104e-20
2.462072320745971e-20
2.5782269240545744e-20
2.6998497223782876e-20
2.827197354692937e-20
2.960538478887011e-20
3.1001543194666884e-20
3.2463392517637024e-20
3.399401417065644e-20
3.559663344686587e-20
3.727462637970503e-20
3.903152642225294e-20
4.0871032010570977e-20
4.2797014046534324e-20
4.481352365801665e-20
4.692480085483963e-20
4.9135282635164873e-20
5.1449612577767863e-20
5.387265012186345e-20
5.64094801695343e-20
5.906542367794859e-20
6.184604853933373e-20
6.475718052236701e-20
6.780491427601588e-20
7.099562753046648e-20
7.433599067966759e-20
7.783298454310916e-20
8.149390906793897e-20
8.532640212214155e-20
8.933845113474784e-20
9.353840988896478e-20
9.79350192973073e-20
1.025374152398273e-19
1.0735514953733545e-19
1.1239821846753977e-19
1.1767706407221395e-19
1.2320261093927627e-19
1.2898626919925031e-19
1.3503997453949702e-19
1.4137619826431823e-19
1.4800796562703224e-19
1.5494889063958618e-19
1.6221321709219055e-19
1.6981578262655492e-19
1.777721285234541e-19
1.8609845761876348e-19
1.948116835102253e-19
2.039295118178364e-19
2.1347032512860269e-19
2.2345342453288477e-19
2.3389883914352614e-19
2.448275576163197e-19
2.5626141408434545e-19
2.682231750763284e-19
2.8073659053454847e-19
2.938263151948522e-19
3.0751823237728586e-19
3.218391436881515e-19
3.36816745334664e-19
3.5248046273088816e-19
3.688603694834338e-19
3.8598745461066404e-19
4.03894901431422e-19
4.2261639458972076e-19
4.421871888924178e-19
4.626436474005779e-19
4.840229176524024e-19
5.063658850577897e-19
5.29711646432589e-19
5.541020962091982e-19
5.795807391689963e-19
6.061919789137244e-19
6.339815947778268e-19
6.629988453395923e-19
6.932899156918127e-19
7.249042601117481e-19
7.578958805073545e-19
7.923133847499422e-19
8.282121422183747e-19
8.656522675913075e-19
9.046743608012516e-19
9.453488686551943e-19
9.877237850676985e-19
1.031862607957896e-18
1.0778065279348385e-18
1.1256335303286681e-18
1.1753803765320671e-18
1.2271117174197654e-18
1.2808859927159184e-18
1.3367458859386482e-18
1.3947522082049616e-18
1.4549343364394604e-18
1.5173508581904912e-18
1.582042422499845e-18
1.6490480770409864e-18
1.71839368024953e-18
1.7900491698946267e-18
1.864175315924502e-18
1.94059903099593e-18
2.0194536367292647e-18
2.100695643481865e-18
2.1844205897340987e-18
2.2702274199128384e-18
2.3585330849302417e-18
2.449003712255978e-18
2.541625511481411e-18
2.63635544947728e-18
2.7330624992479767e-18
2.8316987065939305e-18
2.9318371373791665e-18
3.0336303843901054e-18
3.136934724778578e-18
3.241403118544107e-18
3.3468752490954666e-18
3.4530340005087398e-18
3.55991886191835e-18
