6.87536588158655e-23
6.87527711846586e-23
6.875184190439757e-23
6.875086899603571e-23
6.874985038870854e-23
6.874878391523065e-23
6.874766730749096e-23
6.874649819153046e-23
6.874527408251294e-23
6.874399237938402e-23
6.874265035934199e-23
6.874124517198105e-23
6.873977383325879e-23
6.873823321911654e-23
6.87366200588249e-23
6.873493092803598e-23
6.873316224147219e-23
6.873131024532549e-23
6.872937100926691e-23
6.872734041809222e-23
6.872521416297346e-23
6.872298773231094e-23
6.872065640216656e-23
6.871821522618439e-23
6.871565902514917e-23
6.871298237593156e-23
6.87101796000357e-23
6.870724475147883e-23
6.87041716042432e-23
6.870095363899258e-23
6.869758402930197e-23
6.869405562712289e-23
6.869036094763224e-23
6.868649215337061e-23
6.868244103758418e-23
6.867819900681501e-23
6.867375706270831e-23
6.866910578285067e-23
6.866423530085258e-23
6.865913528537714e-23
6.865379491823127e-23
6.864820287140574e-23
6.864234728307184e-23
6.863621573238357e-23
6.862979521314944e-23
6.862307210624522e-23
6.861603215070062e-23
6.860866041346915e-23
6.860094125773799e-23
6.859285830976158e-23
6.858439442413643e-23
6.857553164739707e-23
6.856625117997664e-23
6.85565333362868e-23
6.854635750299352e-23
6.853570209525551e-23
6.852454451095969e-23
6.851286108276931e-23
6.850062702788797e-23
6.848781639554315e-23
6.847440201189364e-23
6.846035542238733e-23
6.844564683141277e-23
6.843024503906822e-23
6.841411737501706e-23
6.839722962912306e-23
6.837954597891356e-23
6.836102891358653e-23
6.83416391544117e-23
6.832133557142546e-23
6.83000750961327e-23
6.827781263020622e-23
6.825450094974025e-23
6.82300906051037e-23
6.820452981602495e-23
6.817776436172103e-23
6.81497374658924e-23
6.812038967622208e-23
6.808965873828815e-23
6.80574794634542e-23
6.80237835905534e-23
6.798849964109059e-23
6.79515527675498e-23
6.791286459461947e-23
6.787235305285396e-23
6.782993220459134e-23
6.778551206155714e-23
6.773899839396747e-23
6.769029253054144e-23
6.763929114914664e-23
6.75858860575683e-23
6.752996396388493e-23
6.747140623608714e-23
6.741008865032041e-23
6.734588112727528e-23
6.72786474561227e-23
6.72082450054287e-23
6.713452442051167e-23
6.705732930638952e-23
6.697649589591048e-23
6.689185270212774e-23
6.680322015434649e-23
6.671041021697319e-23
6.661322599038504e-23
6.65114612929848e-23
6.640490022353148e-23
6.629331670283089e-23
6.617647399379719e-23
6.605412419887497e-23
6.592600773376168e-23
6.579185277628917e-23
6.565137468929884e-23
6.550427541628458e-23
6.535024284854863e-23
6.518895016244808e-23
6.502005512542242e-23
6.484319936922436e-23
6.465800762886978e-23
6.446408694570562e-23
6.426102583281472e-23
6.404839340107972e-23
6.382573844397996e-23
6.359258847920368e-23
6.334844874505356e-23
6.309280114946582e-23
6.282510316942095e-23
6.25447866985083e-23
6.225125684000383e-23
6.194389064312438e-23
6.162203577955998e-23
6.128500915770149e-23
6.093209547144492e-23
6.056254568064516e-23
6.017557541992612e-23
5.97703633325711e-23
5.934604932597021e-23
5.890173274497975e-23
5.843647045934032e-23
5.794927486140873e-23
5.74391117697509e-23
5.690489823455293e-23
5.634550024042196e-23
5.57597303017739e-23
5.514634494634462e-23
5.450404208156661e-23
5.38314582394023e-23
5.312716569370707e-23
5.238966944603661e-23
5.161740407384749e-23
5.080873043685319e-23
4.996193223582268e-23
4.907521242102137e-23
4.8146689445337146e-23
4.717439335873945e-23
4.615626174589871e-23
4.509013550356526e-23
4.3973754467198827e-23
4.280475289160224e-23
4.158065480320209e-23
4.029886925496115e-23
3.8956685522978555e-23
3.7551268315862394e-23
3.607965310942403e-23
3.4538741775095017e-23
3.292529878617757e-23
3.1235948457502225e-23
2.9467173982390154e-23
2.761531960024772e-23
2.567659827398168e-23
2.3647109364418765e-23
2.1522875171938873e-23
1.9299915143027458e-23
1.6974400828880643e-23
1.4543000981438483e-23
1.200373377548773e-23
9.358426853434633e-24
6.621768395024156e-24
3.87180329210749e-24
1.8307760048058645e-24
3.397470131147178e-24
6.517251840243718e-24
9.969297371713347e-24
1.363389970691674e-23
1.7491952607800317e-23
2.154275373687914e-23
2.5791185241708624e-23
3.024448756493788e-23
3.4911199159192686e-23
3.980074741282176e-23
4.492327649295446e-23
5.0289574269539365e-23
5.591104553134199e-23
6.179970895508849e-23
6.796820744605494e-23
7.442982667778795e-23
8.119851916425428e-23
8.828893246385976e-23
9.57164406833543e-23
1.0349717900003343e-22
1.1164808085847532e-22
1.2018691787804397e-22
