1.4199573441255698e-21
1.4131186269125311e-21
1.4095733445807801e-21
1.4093159072230924e-21
1.4123478952216594e-21
1.4186780810734802e-21
1.428322468415336e-21
1.4413043484235245e-21
1.4576543739583046e-21
1.477410651833763e-21
1.5006188535994904e-21
1.5273323454266742e-21
1.557612337636351e-21
1.5915280544894002e-21
1.6291569247961341e-21
1.6705847948933967e-21
1.715906163789301e-21
1.7652244421366797e-21
1.8186522361297988e-21
1.87631165745806e-21
1.938334660393336e-21
2.0048634077553572e-21
2.076050667307625e-21
2.1520602401331502e-21
2.2330674231330152e-21
2.3192595076289564e-21
2.4108363162221292e-21
2.5080107806709868e-21
2.6110095633283202e-21
2.7200737251853223e-21
2.83545944366783e-21
2.9574387842175663e-21
3.0863005285946063e-21
3.2223510656340894e-21
3.365915347804059e-21
3.5173379195166196e-21
3.6769840228645876e-21
3.8452407863716634e-21
4.0225185050586016e-21
4.209252017324017e-21
4.405902189071787e-21
4.612957513312095e-21
4.830935835382692e-21
5.060386215101505e-21
5.301890939033934e-21
5.556067696538123e-21
5.8235719334528746e-21
6.105099403766251e-21
6.401388934773364e-21
6.7132254304620366e-21
7.041443133698737e-21
7.386929176270006e-21
7.750627446245575e-21
8.133542804296663e-21
8.536745688133016e-21
8.961377149526229e-21
9.40865436401919e-21
9.879876680403497e-21
1.0376432254899577e-20
1.0899805352654796e-20
1.1451584389601948e-20
1.203347080282142e-20
1.2647288855757529e-20
1.3294996489238005e-20
1.3978697362888095e-20
1.4700654227273788e-20
1.5463303805958652e-20
1.6269273416990816e-20
1.7121399521517033e-20
1.802274852250655e-20
1.897664010303345e-20
1.9986673503490786e-20
2.1056757111836918e-20
2.2191141994548314e-20
2.339445982851368e-20
2.4671766090027178e-20
2.6028589206397016e-20
2.7470986808264e-20
2.900561018792453e-20
3.063977846691993e-20
3.2381564172741544e-20
3.4239892358912074e-20
3.6224655815497305e-20
3.8346849498103155e-20
4.0618727996793047e-20
4.305399080361185e-20
4.566800122976783e-20
4.847804634946468e-20
5.1503647178516e-20
5.47669306242612e-20
5.829307814596585e-20
6.211087029374247e-20
6.625335119459275e-20
7.075864566851309e-20
7.567097038198329e-20
8.104189533524638e-20
8.693193011503e-20
9.341253634048567e-20
1.0056870446357876e-19
1.085022871856232e-19
1.1733635867688577e-19
1.2722098281390898e-19
1.38340943513242e-19
1.5092624988054002e-19
1.652666232112874e-19
1.8173180777782232e-19
2.0080053787988738e-19
2.2310263296075815e-19
2.4948137604370775e-19
2.810878053743953e-19
3.1952594162087664e-19
3.6707967735733936e-19
4.2706775516660374e-19
5.043806440393184e-19
6.061780550545122e-19
7.422135876285305e-19
9.21842875009739e-19
1.1367495741173414e-18
1.3155365095458927e-18
1.333100403894221e-18
1.1907900357187421e-18
1.0078247706394798e-18
8.506760510867287e-19
7.292254620773777e-19
6.36875800719303e-19
5.658488053277307e-19
5.1018476542389e-19
4.657033046747178e-19
4.295123983659576e-19
3.9959194421215394e-19
3.7450612519044116e-19
3.5321442886951576e-19
3.3494824132869247e-19
3.1912947578750494e-19
3.0531606081763315e-19
2.9316476723661755e-19
2.824054046795241e-19
2.7282258843630102e-19
2.6424264595674077e-19
2.56524070728875e-19
2.4955045706291106e-19
2.4322520614251958e-19
2.374675076705005e-19
2.322092545623579e-19
2.2739265053137634e-19
2.229683365889547e-19
2.188939080590498e-19
2.151327329731646e-19
2.11653003848905e-19
2.0842696656588693e-19
2.0543029525466655e-19
2.0264157756258462e-19
2.0004188794337567e-19
1.9761443762483649e-19
1.9534427699803142e-19
1.932180504579861e-19
1.9122378565324892e-19
1.8935071859752944e-19
1.8758914087551707e-19
1.8593027305177643e-19
1.8436615234729456e-19
1.8288953850515537e-19
1.8149383066302222e-19
1.8017299664193456e-19
1.789215100428433e-19
1.7773429629270667e-19
1.7660668450137939e-19
1.7553436596412228e-19
1.745133572282521e-19
1.7353996674130983e-19
1.7261076684863426e-19
1.7172256757198122e-19
1.7087239340225164e-19
1.7005746290331212e-19
1.6927517030623863e-19
1.685230694780819e-19
1.6779885767362844e-19
1.671003638222588e-19
1.6642553463416833e-19
1.657724246814698e-19
1.6513918609515036e-19
1.6452405825958978e-19
1.6392536100070707e-19
1.633414859211572e-19
1.6277088894222027e-19
1.6221208469469156e-19
1.6166363920465222e-19
1.6112416535249367e-19
1.6059231670264495e-19
1.6006678278264798e-19
1.595462847837822e-19
1.5902957016939344e-19
1.5851540978433791e-19
1.580025930886201e-19
1.5748992424378267e-19
1.5697621923523797e-19
1.5646030157218761e-19
1.5594099941439547e-19
1.5541714226177606e-19
1.5488755758615766e-19
1.5435106800896115e-19
