1.1700921642903959e-23
1.1702080932804712e-23
1.1703179364473657e-23
1.1704219133471033e-23
1.170520232280177e-23
1.1706130906281558e-23
1.1707006751765318e-23
1.1707831624235487e-23
1.1708607188750632e-23
1.1709335013251044e-23
1.1710016571224645e-23
1.1710653244229317e-23
1.1711246324274868e-23
1.1711797016063363e-23
1.1712306439087972e-23
1.1712775629592578e-23
1.171320554239028e-23
1.171359705254414e-23
1.1713950956907905e-23
1.1714267975529553e-23
1.1714548752917157e-23
1.1714793859167327e-23
1.1715003790957459e-23
1.1715178972400235e-23
1.1715319755763734e-23
1.1715426422052758e-23
1.1715499181455505e-23
1.171553817365181e-23
1.1715543467985058e-23
1.1715515063495118e-23
1.1715452888812213e-23
1.1715356801911401e-23
1.1715226589724336e-23
1.1715061967608797e-23
1.1714862578672856e-23
1.1714627992952393e-23
1.1714357706439241e-23
1.1714051139957037e-23
1.171370763788357e-23
1.1713326466713922e-23
1.171290681346311e-23
1.1712447783903805e-23
1.1711948400634885e-23
1.1711407600975792e-23
1.1710824234684108e-23
1.1710197061488655e-23
1.1709524748434438e-23
1.1708805867032645e-23
1.1708038890210344e-23
1.1707222189052173e-23
1.1706354029327662e-23
1.1705432567796792e-23
1.1704455848285304e-23
1.1703421797521013e-23
1.1702328220724023e-23
1.1701172796938508e-23
1.1699953074098648e-23
1.1698666463816959e-23
1.1697310235883123e-23
1.1695881512464211e-23
1.169437726199021e-23
1.1692794292715074e-23
1.1691129245937925e-23
1.1689378588869664e-23
1.1687538607131804e-23
1.1685605396868287e-23
1.1683574856456868e-23
1.1681442677800095e-23
1.1679204337178321e-23
1.1676855085645107e-23
1.1674389938944101e-23
1.1671803666926933e-23
1.1669090782449063e-23
1.1666245529718633e-23
1.1663261872076455e-23
1.1660133479178097e-23
1.1656853713553007e-23
1.1653415616510017e-23
1.164981189336154e-23
1.1646034897932685e-23
1.1642076616323964e-23
1.1637928649892109e-23
1.1633582197412627e-23
1.1629028036387318e-23
1.1624256503454677e-23
1.1619257473863732e-23
1.1614020339965536e-23
1.1608533988678802e-23
1.1602786777877646e-23
1.1596766511656167e-23
1.1590460414412027e-23
1.1583855103697512e-23
1.1576936561777346e-23
1.1569690105833925e-23
1.156210035675604e-23
1.1554151206443572e-23
1.1545825783558082e-23
1.1537106417648033e-23
1.1527974601568204e-23
1.1518410952115642e-23
1.1508395168795799e-23
1.149790599063179e-23
1.1486921150922431e-23
1.1475417329852595e-23
1.1463370104853879e-23
1.1450753898607926e-23
1.1437541924580984e-23
1.1423706129972172e-23
1.1409217135950677e-23
1.1394044175054979e-23
1.1378155025616412e-23
1.1361515943065135e-23
1.1344091587971515e-23
1.1325844950662213e-23
1.1306737272250381e-23
1.1286727961907756e-23
1.1265774510193165e-23
1.1243832398252286e-23
1.1220855002689913e-23
1.1196793495898848e-23
1.1171596741633724e-23
1.1145211185591998e-23
1.1117580740766557e-23
1.1088646667303265e-23
1.1058347446609033e-23
1.1026618649419896e-23
1.0993392797530407e-23
1.0958599218878145e-23
1.0922163895648795e-23
1.0884009305056926e-23
1.0844054252437462e-23
1.0802213696257275e-23
1.0758398564645082e-23
1.0712515562998329e-23
1.0664466972235338e-23
1.0614150437166963e-23
1.0561458744520064e-23
1.0506279590051344e-23
1.0448495334165402e-23
1.0387982745417093e-23
1.0324612731281684e-23
1.0258250055449811e-23
1.018875304088895e-23
1.011597325791494e-23
1.0039755196336202e-23
9.959935920782742e-24
9.876344708177438e-24
9.788802666231209e-24
9.697122331694754e-24
9.601107247198224e-24
9.500551514980908e-24
9.39523932594827e-24
9.284944462348212e-24
9.169429771731943e-24
9.048446610092486e-24
8.921734251387538e-24
8.78901926027743e-24
8.650014824888227e-24
8.504420044836612e-24
8.351919170301259e-24
8.192180786332403e-24
8.024856935037715e-24
7.84958216907261e-24
7.665972526295634e-24
7.473624415509637e-24
7.272113402053235e-24
7.060992881906558e-24
6.839792633435195e-24
6.608017244932762e-24
6.3651444298010954e-24
6.110623280982866e-24
5.843872596735298e-24
5.564279586711536e-24
5.2711996585685834e-24
4.963958842040043e-24
4.641862390183966e-24
4.304217827012842e-24
3.950392631157849e-24
3.579958791879665e-24
3.1930697747296424e-24
2.7915145119761735e-24
2.3819659571793413e-24
1.9872510205462e-24
1.6891328296514548e-24
1.7671027970348398e-24
2.963406260425286e-24
6.670814420932456e-24
3.5594168091044546e-24
2.0342986652405e-24
1.9011416364898645e-24
2.3056326571952562e-24
2.9011185313648173e-24
3.577584344650967e-24
4.3037270691737644e-24
5.07048594632496e-24
5.875685243826297e-24
6.719584731459752e-24
7.603427553877788e-24
8.528914595106284e-24
9.497999234067281e-24
1.0512803760495503e-23
