8.933140000010146e-23
8.93415614799687e-23
8.935118882085687e-23
8.936030245521918e-23
8.936892172484295e-23
8.937706492196375e-23
8.938474932816035e-23
8.939199125106548e-23
8.9398806059042e-23
8.940520821382788e-23
8.941121130128977e-23
8.941682806026303e-23
8.942207040964161e-23
8.942694947369197e-23
8.943147560568867e-23
8.943565840991586e-23
8.943950676205759e-23
8.944302882807229e-23
8.944623208152044e-23
8.944912331945485e-23
8.945170867685247e-23
8.945399363965341e-23
8.94559830564043e-23
8.945768114856236e-23
8.945909151947724e-23
8.946021716202069e-23
8.946106046497265e-23
8.946162321806944e-23
8.946190661584356e-23
8.946191126012707e-23
8.9461637161361e-23
8.946108373861356e-23
8.946024981835252e-23
8.945913363195547e-23
8.945773281196597e-23
8.945604438706646e-23
8.945406477578415e-23
8.945178977888292e-23
8.944921457046744e-23
8.944633368773211e-23
8.944314101937551e-23
8.943962979263007e-23
8.943579255889774e-23
8.943162117792966e-23
8.942710680056309e-23
8.942223984994239e-23
8.941701000118165e-23
8.94114061594665e-23
8.940541643649904e-23
8.939902812526714e-23
8.939222767307615e-23
8.938500065277589e-23
8.93773317321516e-23
8.936920464135895e-23
8.936060213840749e-23
8.935150597254504e-23
8.934189684552269e-23
8.933175437062037e-23
8.932105702936499e-23
8.9309782125849e-23
8.929790573854354e-23
8.928540266949965e-23
8.927224639085169e-23
8.925840898847638e-23
8.924386110273131e-23
8.922857186608746e-23
8.921250883757983e-23
8.919563793391355e-23
8.917792335705651e-23
8.91593275182116e-23
8.913981095794762e-23
8.911933226239155e-23
8.909784797522922e-23
8.907531250536457e-23
8.905167803005261e-23
8.902689439326211e-23
8.900090899908632e-23
8.897366669993617e-23
8.894510967932442e-23
8.891517732894584e-23
8.888380611980721e-23
8.885092946715127e-23
8.881647758883648e-23
8.878037735692509e-23
8.874255214211556e-23
8.870292165070758e-23
8.866140175375572e-23
8.861790430802367e-23
8.857233696835867e-23
8.852460299110381e-23
8.847460102809935e-23
8.842222491083177e-23
8.83673634242769e-23
8.830990006994444e-23
8.824971281760619e-23
8.818667384516514e-23
8.81206492661081e-23
8.805149884398151e-23
8.797907569318193e-23
8.790322596552577e-23
8.782378852180711e-23
8.774059458771041e-23
8.765346739326814e-23
8.756222179510157e-23
8.746666388060712e-23
8.73665905532177e-23
8.726178909782264e-23
8.715203672538545e-23
8.703710009575732e-23
8.691673481759963e-23
8.679068492434495e-23
8.665868232497337e-23
8.652044622840031e-23
8.637568254018164e-23
8.622408323014445e-23
8.606532566953057e-23
8.58990719361223e-23
8.572496808575357e-23
8.554264338854409e-23
8.535170952804686e-23
8.515175976144961e-23
8.49423680388624e-23
8.472308807957719e-23
8.449345240308343e-23
8.425297131251527e-23
8.400113182799119e-23
8.373739656727755e-23
8.346120257090507e-23
8.317196006876928e-23
8.286905118504189e-23
8.255182857799154e-23
8.221961401104584e-23
8.187169685123562e-23
8.150733249080397e-23
8.112574068747687e-23
8.072610381851698e-23
8.030756504327715e-23
7.986922636851422e-23
7.941014661018615e-23
7.89293392448824e-23
7.84257701433071e-23
7.789835517747439e-23
7.73459576923249e-23
7.676738583135263e-23
7.616138970461204e-23
7.552665838581927e-23
7.486181672352604e-23
7.416542194905715e-23
7.343596006116329e-23
7.267184196410847e-23
7.187139933166186e-23
7.10328801645372e-23
7.015444400218941e-23
6.9234156742006e-23
6.826998500837487e-23
6.725979000097862e-23
6.620132073432104e-23
6.509220655793366e-23
6.39299488168416e-23
6.271191147198813e-23
6.143531044647262e-23
6.009720139000663e-23
5.869446545254374e-23
5.722379251609399e-23
5.568166113256778e-23
5.406431412603591e-23
5.236772839475329e-23
5.058757681936226e-23
4.8719179230925625e-23
4.6757437919255184e-23
4.4696750831912e-23
4.253089183525869e-23
4.0252841105665623e-23
3.785453786883962e-23
3.5326508349397693e-23
3.2657285825314114e-23
2.9832469623126546e-23
2.683312571920976e-23
2.3632915053143164e-23
2.0192584695435576e-23
1.644850325899863e-23
1.2286280572025849e-23
7.473440185018347e-24
1.6725944235886307e-24
8.717061535149564e-24
4.5527510361917645e-23
3.523759292952775e-23
7.496225305553038e-24
2.7619330019787652e-24
9.638449026366646e-24
1.5910264553023113e-23
2.1967296708794812e-23
2.802297381172785e-23
3.4187386323087577e-23
4.052591168373622e-23
4.708258822619338e-23
5.389045185418376e-23
6.097657830152995e-23
6.836475052263779e-23
7.607696940449321e-23
8.413436211916673e-23
