4.411557271881437e-24
3.697997912477485e-24
2.989924676724944e-24
2.286063624018253e-24
1.5854286209511103e-24
8.88391992293965e-25
2.1916280137501995e-25
5.410467947905611e-25
1.2384998094170405e-24
1.946748661142226e-24
2.66210746258523e-24
3.3851308124547154e-24
4.1169422245554404e-24
4.8588168174623974e-24
5.61208788798094e-24
6.378118605146202e-24
7.15829206200904e-24
7.954007686180486e-24
8.766680174372821e-24
9.597739515162722e-24
1.0448631504374446e-23
1.1320818468055705e-23
1.2215780064812742e-23
1.3135014081424593e-23
1.4080037191455379e-23
1.505238564116311e-23
1.6053615851852836e-23
1.7085304923418258e-23
1.8149051029162595e-23
1.9246473698885372e-23
2.0379213982498926e-23
2.154893448679312e-23
2.2757319284588465e-23
2.4006073696920417e-23
2.5296923935340342e-23
2.663161661372042e-23
2.8011918124494677e-23
2.9439613878568175e-23
3.091650741264956e-23
3.244441937221843e-23
3.402518635148707e-23
3.566065963933203e-23
3.735270382059744e-23
3.910319529377098e-23
4.091402068206058e-23
4.278707516372609e-23
4.4724260720723695e-23
4.672748434270565e-23
4.879865617825702e-23
5.093968766525598e-23
5.315248964804471e-23
5.543897052139128e-23
5.78010343938609e-23
6.024057931929031e-23
6.275949558729983e-23
6.535966415984976e-23
6.804295515318134e-23
7.08112265791173e-23
7.366632314093653e-23
7.661007528805324e-23
7.964429851553749e-23
8.277079279104564e-23
8.599134234239118e-23
8.930771564906731e-23
9.272166575427962e-23
9.623493082359199e-23
9.984923505244499e-23
1.0356628986231372e-22
1.0738779541333553e-22
1.1131544242160434e-22
1.1535091427557718e-22
1.1949588947018514e-22
1.2375204437418766e-22
1.2812105611020288e-22
1.3260460598055792e-22
1.3720438286514502e-22
1.4192208700253818e-22
1.4675943390536054e-22
1.5171815853533596e-22
1.5680001959805557e-22
1.620068038675046e-22
1.6734033081191003e-22
1.728024571693699e-22
1.7839508159585883e-22
1.8412014938752359e-22
1.8997965709801833e-22
1.9597565739517196e-22
2.0211026350379627e-22
2.0838565393849285e-22
2.148040769122181e-22
2.2136785487530535e-22
2.280793887296343e-22
2.349411620929108e-22
2.419557453429126e-22
2.4912579954759093e-22
2.564540803563338e-22
2.63943441554863e-22
2.7159683861699956e-22
2.794173322633529e-22
2.8740809139218176e-22
2.955723964903043e-22
3.039136423961924e-22
3.1243534137742594e-22
3.211411257534284e-22
3.30034750630362e-22
3.3912009626087853e-22
3.48401170802934e-22
3.5788211259444003e-22
3.675671923632394e-22
3.774608157334499e-22
3.8756752528601337e-22
3.9789200287400343e-22
4.0843907172799605e-22
4.192136987233879e-22
4.302209965986264e-22
4.4146622596571885e-22
4.5295479754406e-22
4.646922745739408e-22
4.766843750200174e-22
4.889369737026581e-22
5.014561049221935e-22
5.142479647348756e-22
5.273189132163565e-22
5.406754778455905e-22
5.543243549228708e-22
5.682724133456246e-22
5.825266967348605e-22
5.970944268313059e-22
6.119830058715805e-22
6.272000204185834e-22
6.427532438638515e-22
6.586506401622941e-22
6.749003670153134e-22
6.915107790360697e-22
7.084904324414998e-22
7.2584808775852845e-22
7.435927137285101e-22
7.617334918502974e-22
7.802798199736686e-22
7.992413167472318e-22
8.186278253713538e-22
8.384494188007334e-22
8.587164043043732e-22
8.794393268076705e-22
9.006289758349823e-22
9.222963881826307e-22
9.444528541420725e-22
9.67109923507902e-22
9.902794082570784e-22
1.0139733910990984e-21
1.0382042280907374e-21
1.0629845565397666e-21
1.0883273005952212e-21
1.114245673611307e-21
1.1407531886436816e-21
1.1678636636708143e-21
1.1955912260956304e-21
1.2239503191067996e-21
1.2529557101496368e-21
1.2826224969289636e-21
1.312966111364762e-21
1.3440023302687328e-21
1.375747279702916e-21
1.4082174430150837e-21
1.441429667691885e-21
1.4754011714808385e-21
1.5101495524909531e-21
1.5456927943980571e-21
1.5820492704272525e-21
1.6192377617704044e-21
1.6572774495689963e-21
1.6961879378085655e-21
1.735989250564355e-21
1.776701844008828e-21
1.8183466119060823e-21
1.8609448965396853e-21
1.9045184962140996e-21
1.949089667782815e-21
1.9946811381030574e-21
2.0413161141186743e-21
2.089018287652504e-21
2.137811838683644e-21
2.187721454555871e-21
2.2387723238284652e-21
2.2909901511691152e-21
2.3444011651278375e-21
2.3990321176948572e-21
2.4549102980688542e-21
2.5120635373989862e-21
2.570520213669424e-21
2.63030925107215e-21
2.691460134289996e-21
2.7540029167198607e-21
2.8179682025249675e-21
2.883387179983648e-21
2.9502915933435872e-21
3.01871378198407e-21
3.0886866331698497e-21
3.160243637518931e-21
3.2334188346505715e-21
3.3082468608936577e-21
