1.3893759956892386e-21
1.3899001667691748e-21
1.3903939293469788e-21
1.3908583314115674e-21
1.391294358611866e-21
1.391702936352529e-21
1.3920849317614415e-21
1.3924411555329538e-21
1.3927723636513068e-21
1.3930792589972044e-21
1.3933624928420061e-21
1.3936226662313732e-21
1.3938603312626352e-21
1.3940759922579248e-21
1.394270106835457e-21
1.3944430868817678e-21
1.3945952994265826e-21
1.3947270674223472e-21
1.3948386704299052e-21
1.3949303452121905e-21
1.3950022862365666e-21
1.395054646087614e-21
1.3950875357905648e-21
1.3951010250463851e-21
1.3950951423794694e-21
1.3950698751968164e-21
1.3950251697610037e-21
1.3949609310743647e-21
1.3948770226765683e-21
1.394773266352983e-21
1.3946494417550407e-21
1.3945052859303954e-21
1.3943404927627089e-21
1.394154712319158e-21
1.3939475501052767e-21
1.3937185662242734e-21
1.3934672744400378e-21
1.3931931411410827e-21
1.3928955842038936e-21
1.3925739717526327e-21
1.3922276208124295e-21
1.3918557958544516e-21
1.3914577072279912e-21
1.3910325094774629e-21
1.3905792995400998e-21
1.3900971148206077e-21
1.3895849311384273e-21
1.38904166054349e-21
1.3884661489953931e-21
1.3878571739011494e-21
1.3872134415062214e-21
1.3865335841327362e-21
1.3858161572598134e-21
1.3850596364383551e-21
1.3842624140348302e-21
1.3834227957960683e-21
1.3825389972280413e-21
1.3816091397804451e-21
1.3806312468289348e-21
1.3796032394461757e-21
1.3785229319522361e-21
1.3773880272346961e-21
1.376196111828328e-21
1.374944650743121e-21
1.3736309820296395e-21
1.3722523110693163e-21
1.3708057045772993e-21
1.369288084304588e-21
1.367696220424981e-21
1.366026724592873e-21
1.3642760426554162e-21
1.3624404470037575e-21
1.3605160285454529e-21
1.3584986882801566e-21
1.3563841284598464e-21
1.3541678433132968e-21
1.3518451093138875e-21
1.349410974968406e-21
1.3468602501042286e-21
1.3441874946291361e-21
1.3413870067391163e-21
1.3384528105464237e-21
1.335378643099141e-21
1.3321579407625584e-21
1.328783824930005e-21
1.3252490870303068e-21
1.3215461727959562e-21
1.3176671657556107e-21
1.3136037699106507e-21
1.3093472915556276e-21
1.3048886201981707e-21
1.3002182085326435e-21
1.2953260514189987e-21
1.290201663815679e-21
1.2848340576120317e-21
1.2792117173035783e-21
1.2733225744491541e-21
1.267153980846639e-21
1.2606926803589096e-21
1.2539247793193188e-21
1.2468357154404268e-21
1.239410225146335e-21
1.2316323092431746e-21
1.2234851968383916e-21
1.2149513074131061e-21
1.2060122109464179e-21
1.1966485859843324e-21
1.1868401755394084e-21
1.1765657406998048e-21
1.1658030118189974e-21
1.1545286371495628e-21
1.1427181287748784e-21
1.1303458056839082e-21
1.117384733823713e-21
1.1038066629532638e-21
1.089581960111087e-21
1.0746795394954808e-21
1.0590667885432959e-21
1.0427094899784412e-21
1.025571739584408e-21
1.0076158594391456e-21
9.888023063309911e-22
9.690895750545255e-22
9.484340962633124e-22
9.267901285326066e-22
9.0410964425906e-22
8.803422089973232e-22
8.554348538014856e-22
8.293319401075776e-22
8.019750166563619e-22
7.733026679170463e-22
7.432503534294997e-22
7.11750237436887e-22
6.78731008130655e-22
6.441176857772559e-22
6.078314189395175e-22
5.697892679505503e-22
5.299039747457158e-22
4.880837181230054e-22
4.442318535114478e-22
3.9824663645430836e-22
3.500209294686717e-22
2.994418933835264e-22
2.463906691178926e-22
1.9074207519266586e-22
1.3236444893115584e-22
7.11207002601232e-23
6.953423398662656e-24
6.060335211873252e-23
1.3136838674946639e-22
2.0564633334294813e-22
2.83616486762706e-22
3.654714490384525e-22
4.514153722528893e-22
5.416643807029171e-22
6.36447293671591e-22
7.360064647357247e-22
8.405987076559815e-22
9.504963063515115e-22
1.0659881138162028e-21
1.1873807477596791e-21
1.3149998925503314e-21
1.4491917185618205e-21
1.5903244315776203e-21
1.7387899666013423e-21
1.8950058423319927e-21
2.0594171947399334e-21
2.232499010684897e-21
2.4147585854014297e-21
2.6067382310190606e-21
2.809018267164017e-21
3.022220329198643e-21
3.2470110349220143e-21
3.484106056719601e-21
3.7342746533778335e-21
3.998344724296367e-21
4.277208458879657e-21
4.571828665791697e-21
4.883245880908663e-21
5.212586369665357e-21
5.561071159682266e-21
5.930026263792866e-21
6.32089428282892e-21
6.735247612896124e-21
7.174803524888623e-21
7.641441436497495e-21
8.137222761392887e-21
8.66441379961752e-21
9.225512231587622e-21
9.823277900482727e-21
1.0460768721128166e-20
1.114138274647985e-20
1.1868907667443509e-20
1.264757933362284e-20
1.3482151283121547e-20
1.4377977787413806e-20
1.534111359219234e-20
1.637843442178771e-20
1.7497783489559336e-20
1.8708150827795257e-20
2.0019894372270626e-20
