2.178375947200505e-24
2.672826802650445e-24
3.1558069898903058e-24
3.6280220138572005e-24
4.090277798821897e-24
4.543404854919445e-24
4.9882284865966894e-24
5.425556019097095e-24
5.85617116797645e-24
6.280831714651186e-24
6.700268824237368e-24
7.115187214509155e-24
7.526265798018653e-24
7.934158574692704e-24
8.339495666861e-24
8.742884427856943e-24
9.144910581775305e-24
9.546139373953785e-24
9.947116709823415e-24
1.0348370283344641e-23
1.0750410674656266e-23
1.1153732426235234e-23
1.1558815086378607e-23
1.1966124221568945e-23
1.2376112397953563e-23
1.2789220128067272e-23
1.3205876787490793e-23
1.3626501499997072e-23
1.4051503986945126e-23
1.448128539075993e-23
1.4916239065334378e-23
1.535675133924544e-23
1.580320224898093e-23
1.6255966244855587e-23
1.6715412872719388e-23
1.7181907426618294e-23
1.7655811582024274e-23
1.8137484000968882e-23
1.8627280918801568e-23
1.9125556707467537e-23
1.9632664419198253e-23
2.0148956311811644e-23
2.0674784355994612e-23
2.1210500723355474e-23
2.1756458261950946e-23
2.2313010953435113e-23
2.2880514358172863e-23
2.3459326045278642e-23
2.4049806012118828e-23
2.4652317089790163e-23
2.5267225342596664e-23
2.589490045024635e-23
2.6535716087795447e-23
2.719005029404198e-23
2.785828583287893e-23
2.85408105466612e-23
2.923801770641555e-23
2.995030635184673e-23
3.067808163161892e-23
3.142175513345186e-23
3.218174521765868e-23
3.2958477340437026e-23
3.375238437924545e-23
3.456390695505444e-23
3.539349374941249e-23
3.6241601828262123e-23
3.7108696959479257e-23
3.7995253926707637e-23
3.890175685471749e-23
3.982869952411974e-23
4.077658569717189e-23
4.174592943291299e-23
4.273725541998428e-23
4.3751099295529436e-23
4.4788007981579153e-23
4.584854001182456e-23
4.693326587026662e-23
4.8042768332382774e-23
4.9177642804413553e-23
5.033849768155684e-23
5.1525954686084575e-23
5.2740649239362405e-23
5.3983230816288e-23
5.525436332498824e-23
5.65547254664114e-23
5.788501113796899e-23
5.924592979733862e-23
6.063820687678762e-23
6.20625841732054e-23
6.351982027638574e-23
6.501069095577426e-23
6.653598962131579e-23
6.809652773380484e-23
6.969313525540037e-23
7.132666110333186e-23
7.299797360761221e-23
7.470796098657757e-23
7.645753182024084e-23
7.824761555788922e-23
8.007916298295216e-23
8.195314676858383e-23
8.38705619770288e-23
8.583242659591105e-23
8.78397820844382e-23
8.989369393462823e-23
9.199525225117339e-23
9.414557229533405e-23
9.634579515513945e-23
9.859708826219063e-23
1.0090064608259702e-22
1.0325769074232499e-22
1.0566947265427152e-22
1.0813727122188155e-22
1.106623954596613e-22
1.1324618475490365e-22
1.158900095709239e-22
1.1859527212121154e-22
1.2136340716155315e-22
1.2419588279804878e-22
1.2709420111740426e-22
1.3005989915604277e-22
1.3309454960903686e-22
1.3619976173326125e-22
1.3937718213922878e-22
1.4262849561783246e-22
1.4595542629338194e-22
1.4935973811972096e-22
1.528432362464429e-22
1.564077677464314e-22
1.6005522246085555e-22
1.6378753434561345e-22
1.676066823100649e-22
1.7151469118986235e-22
1.755136329656714e-22
1.796056277266376e-22
1.8379284501866604e-22
1.880775046702631e-22
1.924618782455938e-22
1.9694829012521666e-22
2.0153911875121938e-22
2.0623679781234224e-22
2.1104381778728793e-22
2.1596272694846943e-22
2.2099613280568085e-22
2.2614670374789333e-22
2.314171700326449e-22
2.368103255783535e-22
2.4232902915590764e-22
2.4797620606014714e-22
2.5375484979436464e-22
2.596680234313032e-22
2.6571886130617263e-22
2.7191057053549386e-22
2.782464330762165e-22
2.8472980693898664e-22
2.9136412852208194e-22
2.981529144156456e-22
3.050997621646967e-22
3.12208353847629e-22
3.1948245664826237e-22
3.269259256916684e-22
3.345427054404885e-22
3.4233683293308394e-22
3.5031243787385236e-22
3.584737465925382e-22
3.66825084784164e-22
3.7537087626209904e-22
3.841156498035643e-22
3.9306403915575384e-22
4.022207850864039e-22
4.115907389003667e-22
4.211788644000721e-22
4.309902425910556e-22
4.410300690297398e-22
4.5130366176634635e-22
4.618164655557707e-22
4.72574047672901e-22
4.835821049053227e-22
4.948464687327248e-22
5.063731040369387e-22
5.181681136028705e-22
5.302377472490328e-22
5.425883911325615e-22
5.552265859240967e-22
5.681590226467388e-22
5.813925516784438e-22
5.949341709318133e-22
6.087910554143183e-22
6.2297053565610045e-22
6.374801136086932e-22
6.52327471530277e-22
6.675204619018039e-22
6.830671195667286e-22
6.989756771339483e-22
7.152545441145819e-22
7.319123271546136e-22
7.489578439758207e-22
7.664000960841763e-22
7.842483112406737e-22
8.025119153304127e-22
8.2120058001539505e-22
