1.9578432220382557e-24
1.881871919314979e-24
1.812799360046894e-24
1.750456085619456e-24
1.694685139745857e-24
1.6453420390355562e-24
1.6022948809028337e-24
1.5654245808224471e-24
1.5346252192770723e-24
1.5098044665692263e-24
1.490884042817738e-24
1.4778001628615792e-24
1.4705039132347592e-24
1.46896151203378e-24
1.4731544124439837e-24
1.4830792259690339e-24
1.4987474599958867e-24
1.5201850833636086e-24
1.5474319504997227e-24
1.5805411268498432e-24
1.6195781646634171e-24
1.664620378154153e-24
1.7157561616250353e-24
1.773084384818629e-24
1.8367138882725436e-24
1.906763090008371e-24
1.983359704194753e-24
2.066640564573253e-24
2.1567515391067967e-24
2.2538475198044923e-24
2.358092469739346e-24
2.4696595105428562e-24
2.5887310344507318e-24
2.71549882786585e-24
2.8501641953515857e-24
2.9929380752442365e-24
3.1440411404505478e-24
3.3037038795133665e-24
3.472166654598815e-24
3.649679733886179e-24
3.836503296832093e-24
4.032907411743714e-24
4.239171984054798e-24
4.455586676187757e-24
4.6824507975415444e-24
4.9200731651931814e-24
5.168771935217522e-24
5.428874403829403e-24
5.7007167794031675e-24
5.9846439240767474e-24
6.281009066954776e-24
6.590173486775498e-24
6.912506167006051e-24
7.248383421731831e-24
7.598188494859021e-24
7.962311132508507e-24
8.341147131252815e-24
8.735097862675934e-24
9.144569775830295e-24
9.569973884443693e-24
1.0011725232483506e-23
1.0470242351773167e-23
1.094594670900979e-23
1.1439262144815081e-23
1.1950614314747681e-23
1.2480430131004024e-23
1.3029137214418842e-23
1.3597163357521783e-23
1.4184936007414836e-23
1.4792881771988652e-23
1.5421425955913548e-23
1.607099213238175e-23
1.6742001754118515e-23
1.7434873812906714e-23
1.815002454704116e-23
1.8887867211272586e-23
1.9648811900298825e-23
2.0433265445247656e-23
2.1241631374966788e-23
2.2074309949865268e-23
2.29316982753385e-23
2.381419048424766e-23
2.4722178005284747e-23
2.5656049905962209e-23
2.661619331418698e-23
2.760299391650059e-23
2.8616836532625786e-23
2.9658105764264533e-23
3.0727186705199105e-23
3.182446572576986e-23
3.295033131594293e-23
3.410517497155952e-23
3.528939215420627e-23
3.6503383264615235e-23
3.7747554685605774e-23
3.9022319823571965e-23
4.0328100194571897e-23
4.166532652888443e-23
4.303443986873047e-23
4.443589269105747e-23
4.587015000952729e-23
4.733769049490367e-23
4.883900754325525e-23
5.0374610363690864e-23
5.1945025025213374e-23
5.355079548724654e-23
5.519248457198864e-23
5.687067494191536e-23
5.858597002074018e-23
6.033899488133405e-23
6.213039707521797e-23
6.396084746500506e-23
6.583104098018708e-23
6.774169732549853e-23
6.969356169700086e-23
7.168740539543174e-23
7.372402646624313e-23
7.580425023253209e-23
7.792892984550631e-23
8.009894684217484e-23
8.231521143790626e-23
8.457866318064222e-23
8.689027123040491e-23
8.925103472382587e-23
9.166198320095599e-23
9.412417688639536e-23
9.663870706438589e-23
9.920669620651727e-23
1.0182929849854303e-22
1.0450769987972638e-22
1.0724311827684428e-22
1.1003680405799175e-22
1.1289004007894257e-22
1.1580414171880364e-22
1.1878045746685134e-22
1.2182036864872776e-22
1.2492528998383438e-22
1.2809666939607823e-22
1.3133598843470664e-22
1.3464476222781501e-22
1.3802453943646482e-22
1.4147690296200822e-22
1.4500346887743316e-22
1.4860588765835108e-22
1.5228584366214027e-22
1.5604505486312765e-22
1.5988527400156877e-22
1.6380828615372792e-22
1.6781591176048924e-22
1.7191000395890082e-22
1.7609244913873722e-22
1.8036516783972025e-22
1.8473011282881732e-22
1.891892700546777e-22
1.937446574632413e-22
1.9839832449425658e-22
2.0315235321678326e-22
2.0800885442981481e-22
2.1296997191728886e-22
2.180378758263587e-22
2.2321476713627625e-22
2.285028725538852e-22
2.3390444565344403e-22
2.394217675015879e-22
2.450571400751005e-22
2.5081289065015247e-22
2.566913642595821e-22
2.6269492815013162e-22
2.688259647433272e-22
2.7508687469341326e-22
2.8148006604284364e-22
2.8800796136023314e-22
2.9467299182124404e-22
3.0147758480286255e-22
3.0842418144887935e-22
3.1551521453647765e-22
3.2275310859165734e-22
3.301402792363368e-22
3.3767913194823302e-22
3.4537204736070917e-22
3.5322139308739613e-22
3.6122948361081134e-22
3.693986275168056e-22
3.777310691058734e-22
3.862290294971861e-22
3.948946347099394e-22
4.03729986981714e-22
4.1273710836511875e-22
4.2191792305685582e-22
4.312742895476483e-22
4.40807971283046e-22
4.505205973862913e-22
4.604136914854134e-22
4.704886673424637e-22
4.807467744441779e-22
4.9118912575297145e-22
5.018166353173174e-22
5.126301016492619e-22
5.2363004724035555e-22
5.348168426242481e-22
5.461906365355351e-22
