1.6430222855182634e-24
1.6278355859453002e-24
1.6136788615880818e-24
1.600484125396736e-24
1.5881873801556452e-24
1.5767284651975778e-24
1.5660508990775065e-24
1.5561017195358333e-24
1.5468313220384333e-24
1.538193298110716e-24
1.5301442745900954e-24
1.5226437548143348e-24
1.5156539626464958e-24
1.5091396901171185e-24
1.503068149343616e-24
1.4974088292702853e-24
1.4921333576612487e-24
1.487215368675648e-24
1.4826303762601943e-24
1.4783556535098585e-24
1.4743701180726523e-24
1.4706542236099373e-24
1.4671898572682135e-24
1.4639602430719612e-24
1.4609498511090855e-24
1.4581443123499513e-24
1.4555303389170958e-24
1.4530956496052734e-24
1.450828900438758e-24
1.4487196200452487e-24
1.4467581496216868e-24
1.4449355872667583e-24
1.4432437364570545e-24
1.4416750584484247e-24
1.4402226283903041e-24
1.4388800949487997e-24
1.4376416432432645e-24
1.4365019609109818e-24
1.4354562071253082e-24
1.4344999844035166e-24
1.4336293130520614e-24
1.4328406081085106e-24
1.432130658651081e-24
1.4314966093582878e-24
1.430935944213012e-24
1.4304464722566196e-24
1.4300263153105068e-24
1.429673897593496e-24
1.4293879371750771e-24
1.429167439215309e-24
1.4290116909536483e-24
1.4289202584196897e-24
1.4288929848501046e-24
1.428929990806885e-24
1.429031676003335e-24
1.42919872285516e-24
1.4294321017857016e-24
1.4297330783255787e-24
1.430103222058779e-24
1.4305444174794211e-24
1.4310588768353657e-24
1.4316491550476149e-24
1.432318166807463e-24
1.4330692059661911e-24
1.433905967346372e-24
1.4348325711171228e-24
1.4358535898907088e-24
1.4369740787117651e-24
1.438199608125858e-24
1.4395363005288146e-24
1.4409908700134e-24
1.4425706659445389e-24
1.444283720509699e-24
1.4461388005039502e-24
1.4481454636238218e-24
1.4503141195548978e-24
1.4526560961493438e-24
1.4551837109980037e-24
1.457910348706563e-24
1.4608505441887394e-24
1.4640200722868572e-24
1.4674360440243527e-24
1.4711170097810485e-24
1.4750830696639029e-24
1.479355991317393e-24
1.4839593353828496e-24
1.4889185887654835e-24
1.4942613058146934e-24
1.5000172574472406e-24
1.506218588162002e-24
1.5128999807934447e-24
1.5200988287409383e-24
1.527855415279328e-24
1.5362130994168662e-24
1.5452185076129087e-24
1.5549217305006811e-24
1.5653765235912988e-24
1.576640510760529e-24
1.5887753891504229e-24
1.6018471339561183e-24
1.6159262014242562e-24
1.6310877282830535e-24
1.647411725733115e-24
1.6649832661068066e-24
1.6838926603274716e-24
1.7042356243846856e-24
1.7261134332061483e-24
1.7496330605314595e-24
1.774907303694026e-24
1.802054892593583e-24
1.8312005825349816e-24
1.8624752310516215e-24
1.8960158592946205e-24
1.931965698944163e-24
1.9704742259602423e-24
2.011697182718914e-24
2.055796590106698e-24
2.1029407510883053e-24
2.153304246820504e-24
2.2070679258017245e-24
2.2644188855163062e-24
2.3255504449541944e-24
2.3906621045686057e-24
2.459959488494104e-24
2.5336542615652954e-24
2.6119640110944546e-24
2.6951120804956662e-24
2.7833273389216756e-24
2.8768438672185817e-24
2.9759005375588743e-24
3.0807404594670525e-24
3.1916102614870358e-24
3.308759173459642e-24
3.4324378696614386e-24
3.56289702960398e-24
3.700385568503714e-24
3.8451484865041636e-24
3.9974242821854335e-24
4.157441874738304e-24
4.3254169791060335e-24
4.5015478798652915e-24
4.6860105566614944e-24
4.878953122110083e-24
5.08048954924384e-24
5.290692686925711e-24
5.5095865907187e-24
5.737138235670149e-24
5.973248725317655e-24
6.2177441697546266e-24
6.4703664745838075e-24
6.730764356123697e-24
6.99848498190279e-24
7.272966712461182e-24
7.553533493189318e-24
7.839391497873568e-24
8.129628649749866e-24
8.423217628272281e-24
8.71902289935707e-24
9.015812176178891e-24
9.312272517944731e-24
9.607031018793125e-24
9.898679730249634e-24
1.018580412990827e-23
1.0467014127203365e-23
1.0740976308727233e-23
1.100644593897804e-23
1.126229713286024e-23
1.1507549673992713e-23
1.1741391132536685e-23
1.1963193241516004e-23
1.217252188710882e-23
1.2369140507032691e-23
1.2553007126559066e-23
1.2724265660971735e-23
1.288323240127486e-23
1.3030378814070578e-23
1.3166311863902961e-23
1.3291753057147855e-23
1.3407517295371755e-23
1.3514492473820962e-23
1.361362055227768e-23
1.3705880629875168e-23
1.379227434926835e-23
1.3873813774074285e-23
1.395151175636081e-23
1.402637468233389e-23
1.4099397399675535e-23
1.4171560112620368e-23
1.4243826959519794e-23
1.431714602696421e-23
1.4392450515705074e-23
1.4470660847605735e-23
1.4552687456657605e-23
1.4639434094122394e-23
1.473180148843759e-23
1.4830691175362978e-23
1.493700941626261e-23
1.5051671097924064e-23
1.517560352999808e-23
1.5309750044153626e-23
1.545507342747354e-23
