3.6159130111580514e-24
3.415263829058781e-24
3.225072511462576e-24
3.044862116344431e-24
2.8741767093018868e-24
2.7125805944451257e-24
2.5596575964403916e-24
2.415010391147393e-24
2.278259882199976e-24
2.149044620819183e-24
2.0270202657731108e-24
1.9118590804215978e-24
1.803249462539076e-24
1.7008955031001707e-24
1.6045165681498705e-24
1.5138468975199031e-24
1.4286352129412282e-24
1.3486443254885055e-24
1.2736507314383105e-24
1.2034441826324895e-24
1.1378272154071393e-24
1.076614619531578e-24
1.0196328271540975e-24
9.667191998837268e-25
9.177211931540382e-25
8.724953792839478e-25
8.30906316696902e-25
7.928252624321817e-25
7.581287398550437e-25
7.2669699199265205e-25
6.984123734181422e-25
6.731577565070055e-25
6.508150481750173e-25
6.312639253086906e-25
6.1438089776907805e-25
6.000387915592288e-25
5.881067133702996e-25
5.784505128060204e-25
5.709337072013043e-25
5.654187862418288e-25
5.617687759579389e-25
5.598489225835095e-25
5.595283571629355e-25
5.606816193055882e-25
5.631899487689806e-25
5.6694228872892205e-25
5.718359794197211e-25
5.777771498262628e-25
5.846808368916254e-25
5.924708740489517e-25
6.010795973599952e-25
6.104474168783075e-25
6.20522297033193e-25
6.312591837992822e-25
6.426194091575986e-25
6.545700965258183e-25
6.670835845355103e-25
6.80136880837088e-25
6.937111537630467e-25
7.0779126553467305e-25
7.223653487709896e-25
7.374244257818692e-25
7.529620690225794e-25
7.689741004355881e-25
7.854583264631994e-25
8.024143059414579e-25
8.198431474710272e-25
8.377473333482011e-25
8.561305670283258e-25
8.749976414910575e-25
8.943543259616306e-25
9.14207268780556e-25
9.345639145016417e-25
9.5543243305208e-25
9.768216599519092e-25
9.98741045633279e-25
1.0212006130426547e-24
1.0442109220960544e-24
1.067783040493316e-24
1.0919285195503393e-24
1.1166593748537633e-24
1.1419880707443337e-24
1.1679275083981955e-24
1.1944910168571025e-24
1.2216923465269022e-24
1.2495456652842744e-24
1.2780655563176991e-24
1.3072670177229156e-24
1.337165463996648e-24
1.367776728261854e-24
1.3991170663833989e-24
1.4312031617122525e-24
1.4640521309533821e-24
1.4976815309462533e-24
1.5321093663176795e-24
1.567354097709235e-24
1.6034346507114223e-24
1.6403704257434028e-24
1.678181308220391e-24
1.7168876793744496e-24
1.7565104278274028e-24
1.797070961601087e-24
1.838591220500049e-24
1.881093689414609e-24
1.92460141222502e-24
1.9691380052448624e-24
2.014727672658873e-24
2.0613952218016885e-24
2.1091660787114978e-24
2.1580663047198164e-24
2.2081226137667444e-24
2.259362390232457e-24
2.311813706739159e-24
2.3655053435974277e-24
2.4204668083201556e-24
2.4767283568394996e-24
2.5343210138378234e-24
2.5932765951197456e-24
2.65362773020328e-24
2.7154078869940466e-24
2.7786513952108903e-24
2.8433934720856982e-24
2.9096702511313964e-24
2.9775188057549448e-24
3.046977182330863e-24
3.1180844260660895e-24
3.1908806157344855e-24
3.265406893560728e-24
3.341705499827544e-24
3.419819808473975e-24
3.499794363311437e-24
3.5816749171717094e-24
3.66550846908294e-24
3.751343308201052e-24
3.839229058690226e-24
3.9292167207124125e-24
4.021358726381298e-24
4.115708975721098e-24
4.212322903578796e-24
4.311257525526769e-24
4.412571495068676e-24
4.5163251673880316e-24
4.622580661675103e-24
4.731401918114564e-24
4.842854784259182e-24
4.957007066547345e-24
5.0739286209269605e-24
5.193691435227233e-24
5.316369696835634e-24
5.442039893566049e-24
5.570780909010282e-24
5.702674097876598e-24
5.837803434530894e-24
5.9762555579942604e-24
6.118119945171039e-24
6.263488990774297e-24
6.412458153075473e-24
6.565126085003788e-24
6.721594762966738e-24
6.881969644460508e-24
7.046359832772947e-24
7.214878219923667e-24
7.387641662382269e-24
7.56477120120437e-24
7.746392193800357e-24
7.932634578058252e-24
8.123633036717575e-24
8.319527258401031e-24
8.520462155776387e-24
8.726588154847555e-24
8.938061419431263e-24
9.155044133806921e-24
9.377704776491001e-24
9.606218627175244e-24
9.840767720537258e-24
1.00815416029001e-23
1.0328737425784151e-23
1.0582560478923635e-23
1.0843224454565173e-23
1.1110951973629353e-23
1.1385975222811895e-23
1.1668536013160833e-23
1.1958886579959158e-23
1.2257290176222695e-23
1.2564021402051815e-23
1.2879366858897842e-23
1.3203626024034767e-23
1.3537111429127625e-23
1.388014998370315e-23
1.4233082896841826e-23
1.459626709047823e-23
1.497007559606526e-23
1.535489907332539e-23
1.575114569203275e-23
1.6159242024724624e-23
1.6579635977701973e-23
1.701279510433736e-23
1.745920904198894e-23
1.791939073485418e-23
1.8393877065291856e-23
1.888323058267906e-23
