1.3267480696960692e-22
1.3619112464346117e-22
1.395270397161773e-22
1.4268963193722812e-22
1.4568561299904248e-22
1.4852134080173709e-22
1.5120283296531138e-22
1.537357796160691e-22
1.5612555547489958e-22
1.583772312763302e-22
1.6049558453734913e-22
1.624851097033864e-22
1.6435002769183236e-22
1.660942948518043e-22
1.677216113614357e-22
1.6923542907951442e-22
1.706389588682606e-22
1.7193517740230736e-22
1.7312683347990115e-22
1.7421645384743107e-22
1.7520634855089834e-22
1.7609861582641817e-22
1.7689514653796016e-22
1.7759762817341544e-22
1.7820754840662416e-22
1.7872619823178404e-22
1.7915467467991317e-22
1.7949388311825198e-22
1.7974453914165831e-22
1.7990717005733167e-22
1.7998211596567905e-22
1.7996953044038423e-22
1.798693808090906e-22
1.7968144803104425e-22
1.7940532617974203e-22
1.7904042151604228e-22
1.7858595116305416e-22
1.7804094136908154e-22
1.7740422535796073e-22
1.7667444076480766e-22
1.7585002664474337e-22
1.7492922005071349e-22
1.73910052173822e-22
1.7279034403397225e-22
1.7156770170944548e-22
1.7023951110105378e-22
1.6880293220856822e-22
1.6725489291499112e-22
1.6559208225532564e-22
1.6381094316214673e-22
1.6190766466329036e-22
1.5987817351851492e-22
1.5771812527107947e-22
1.554228946939215e-22
1.5298756560952811e-22
1.5040692005405993e-22
1.4767542676360247e-22
1.447872289535697e-22
1.4173613135870885e-22
1.3851558650334198e-22
1.3511868017136717e-22
1.31538116028212e-22
1.2776619937821255e-22
1.237948199911221e-22
1.1961543397329563e-22
1.1521904463191099e-22
1.105961822850952e-22
1.0573688297035167e-22
1.0063066600352301e-22
9.526651032787637e-23
8.963282962851141e-23
8.371744614762742e-23
7.750756321038689e-23
7.098973647396008e-23
6.414984404138207e-23
5.697305585400633e-23
4.9443803431101374e-23
4.15457531209687e-23
3.3261793199857483e-23
2.4574077397809903e-23
1.5464381357922033e-23
5.91846956036321e-24
4.134970569568112e-24
1.462480682059945e-23
2.5635794881952312e-23
3.718137728650934e-23
4.9285980844754e-23
6.197604292605112e-23
7.527950330490315e-23
8.922576455659846e-23
1.0384573415039361e-22
1.191718906676947e-22
1.3523836101687453e-22
1.5208100495972452e-22
1.697375058474936e-22
1.8824746733754748e-22
2.0765251618623837e-22
2.2799641145876295e-22
2.4932516040502106e-22
2.7168714158892627e-22
2.951332356327252e-22
3.1971696416358717e-22
3.454946375123053e-22
3.725255119966335e-22
4.0087195704604526e-22
4.3059963351323545e-22
4.617776835104886e-22
4.94478932958275e-22
5.287801077140042e-22
5.647620644209066e-22
6.025100372503745e-22
6.421139017647289e-22
6.836684574262924e-22
7.272737302799893e-22
7.7303529758109035e-22
8.210646358372097e-22
8.714794952507479e-22
9.244043014750415e-22
9.799705893027596e-22
1.0383174682473422e-21
1.099592125849938e-21
1.1639503703835128e-21
1.2315572177024753e-21
1.3025875255990125e-21
1.3772266815664903e-21
1.455671347939365e-21
1.5381302709674813e-21
1.6248251612407444e-21
1.7159916500094383e-21
1.8118803334012897e-21
1.912757911299778e-21
2.0189084304030918e-21
2.1306346479336448e-21
2.2482595233760337e-21
2.3721278568506204e-21
2.50260809151323e-21
2.6400942957051894e-21
2.7850083526114154e-21
2.9378023777226113e-21
3.0989613945670818e-21
3.26900630258928e-21
3.448497175783771e-21
3.63803693097715e-21
3.838275426185448e-21
4.049914034690186e-21
4.27371077357836e-21
4.510486063603834e-21
4.761129205478917e-21
5.026605692933298e-21
5.307965478016075e-21
5.606352356586943e-21
5.9230146160993486e-21
6.259317211154992e-21
6.616755657648339e-21
6.996972004456755e-21
7.401773193738136e-21
7.833152281757421e-21
8.293313040456096e-21
8.784698577971639e-21
9.310024762440421e-21
9.872319461918865e-21
1.0474968738661775e-20
1.1121771576708158e-20
1.181700489660591e-20
1.2565501455926312e-20
1.3372743278636211e-20
1.4244974889955255e-20
1.518934093856916e-20
1.6214054925188775e-20
1.732860729346427e-20
1.8544024264206227e-20
1.9873192318424873e-20
2.133126857084196e-20
2.2936204932824504e-20
2.470942455664827e-20
2.6676704870623998e-20
2.8869344794578005e-20
3.1325728158451405e-20
3.409345135389781e-20
3.72322661294846e-20
4.081822702299149e-20
4.4949662681012234e-20
4.975597613627959e-20
5.541097863804243e-20
6.215372703225448e-20
7.032230876147154e-20
8.041103214541265e-20
9.317240191640626e-20
1.0981088999998052e-19
1.3238179791942533e-19
1.647022214218e-19
2.1474727264348916e-19
3.023908881910284e-19
4.943296528043124e-19
1.2131146750642335e-18
1.91359960393359e-18
6.334268392768843e-19
3.78062299306302e-19
2.72364559860094e-19
2.1480987081036043e-19
1.7866427103864066e-19
