1.355331242771648e-22
1.3562257160076245e-22
1.357078779468899e-22
1.3578922436370933e-22
1.3586678349069221e-22
1.3594071992567825e-22
1.3601119057465937e-22
1.3607834498527885e-22
1.3614232566462976e-22
1.362032683820846e-22
1.3626130245776062e-22
1.3631655103724303e-22
1.3636913135329402e-22
1.3641915497469645e-22
1.3646672804346622e-22
1.3651195150013108e-22
1.3655492129818564e-22
1.3659572860779002e-22
1.366344600094724e-22
1.366711976778663e-22
1.3670601955627397e-22
1.367389995220639e-22
1.3677020754357729e-22
1.367997098286393e-22
1.3682756896503426e-22
1.368538440533671e-22
1.3687859083263356e-22
1.3690186179824259e-22
1.3692370631355386e-22
1.3694417071459802e-22
1.3696329840842444e-22
1.3698112996502313e-22
1.3699770320347965e-22
1.3701305327201986e-22
1.370272127227288e-22
1.3704021158034458e-22
1.3705207740596854e-22
1.3706283535535578e-22
1.3707250823225057e-22
1.370811165365932e-22
1.3708867850771707e-22
1.3709521016321187e-22
1.371007253322073e-22
1.3710523568499533e-22
1.371087507572268e-22
1.371112779699739e-22
1.3711282264508832e-22
1.3711338801650716e-22
1.371129752360218e-22
1.371115833762529e-22
1.371092094273328e-22
1.3710584829076917e-22
1.3710149276766793e-22
1.3709613354304248e-22
1.3708975916523094e-22
1.370823560211539e-22
1.370739083064576e-22
1.3706439799108507e-22
1.3705380478026602e-22
1.370421060705491e-22
1.3702927689997217e-22
1.370152898949508e-22
1.3700011520998698e-22
1.3698372046305417e-22
1.3696607066555445e-22
1.3694712814615717e-22
1.3692685246834498e-22
1.3690520034337398e-22
1.3688212553547751e-22
1.3685757876115005e-22
1.3683150758163707e-22
1.3680385628944986e-22
1.367745657850015e-22
1.36743573449388e-22
1.3671081300493577e-22
1.3667621437320461e-22
1.3663970351871495e-22
1.3660120228696955e-22
1.3656062823247352e-22
1.3651789443873573e-22
1.3647290932444872e-22
1.3642557644191953e-22
1.3637579426458166e-22
1.3632345595975358e-22
1.3626844915426114e-22
1.3621065568223555e-22
1.361499513221053e-22
1.3608620551959506e-22
1.360192810948231e-22
1.359490339344362e-22
1.3587531266694747e-22
1.3579795832221079e-22
1.3571680396890392e-22
1.3563167434204933e-22
1.3554238543563705e-22
1.3544874408835385e-22
1.3535054754031713e-22
1.352475829636651e-22
1.3513962697732546e-22
1.3502644512296335e-22
1.349077913259225e-22
1.3478340731692025e-22
1.346530220268951e-22
1.3451635095213116e-22
1.3437309547339482e-22
1.3422294215413777e-22
1.3406556198746822e-22
1.3390060960348645e-22
1.3372772243498282e-22
1.3354651984159958e-22
1.333566021702473e-22
1.331575497781901e-22
1.32948921984414e-22
1.3273025598072357e-22
1.3250106565882453e-22
1.3226084038112172e-22
1.3200904367871375e-22
1.3174511186844214e-22
1.3146845258977612e-22
1.3117844324525718e-22
1.3087442936197177e-22
1.3055572284232348e-22
1.3022160009883241e-22
1.2987130009154664e-22
1.2950402220804534e-22
1.291189240626228e-22
1.2871511907342976e-22
1.2829167397688426e-22
1.2784760607695988e-22
1.2738188039245245e-22
1.2689340654475493e-22
1.2638103550172347e-22
1.2584355601074342e-22
1.2527969085363485e-22
1.2468809277063737e-22
1.2406734014076387e-22
1.234159323144719e-22
1.2273228458372943e-22
1.2201472279591388e-22
1.2126147753411907e-22
1.204706778369328e-22
1.196403444190007e-22
1.187683823469782e-22
1.1785257311976706e-22
1.1689056600345941e-22
1.1587986875542377e-22
1.1481783738959846e-22
1.1370166519108212e-22
1.1252837052501115e-22
1.112947837855425e-22
1.0999753284101296e-22
1.0863302729412176e-22
1.071974410097904e-22
1.0568669314095797e-22
1.0409642687232241e-22
1.024219862864395e-22
1.0065839056779879e-22
9.880030533519003e-23
9.684201101194158e-23
9.477736735833405e-23
9.259977394983831e-23
9.030212596114102e-23
8.787676451278911e-23
8.531542071215174e-23
8.260915275832052e-23
7.974827439334702e-23
7.672227418551073e-23
7.351972317755464e-23
7.012816990268288e-23
6.653401992400701e-23
6.272239764169587e-23
5.86769873135141e-23
5.437984974239204e-23
4.9811210797233454e-23
4.494921877476653e-23
3.9769668474936843e-23
3.424569967183421e-23
2.834750610541046e-23
2.2042216806555796e-23
1.5294801584750953e-23
8.077549366459647e-24
1.060812512135871e-24
8.228318490852318e-24
1.7238709489638356e-23
2.7006655437468547e-23
3.7600973383614317e-23
4.911903062178088e-23
6.167837101559172e-23
7.541933669739646e-23
9.051021880099219e-23
1.0715446055737207e-22
1.256004174859873e-22
1.461546658691633e-22
1.6920040142152117e-22
1.9522333791520572e-22
2.248489209327021e-22
2.5889708414466126e-22
2.9846498904850234e-22
3.450560456913871e-22
4.007884622828676e-22
4.68747110255469e-22
