5.107860656817668e-24
5.1073881380380575e-24
5.106946104530343e-24
5.1065323365034906e-24
5.106144786545612e-24
5.1057815654499405e-24
5.1054409292281005e-24
5.105121267218678e-24
5.1048210911909285e-24
5.104539025360861e-24
5.1042737972396494e-24
5.104024229250949e-24
5.103789231041972e-24
5.1035677924335385e-24
5.1033589769592194e-24
5.103161915932114e-24
5.102975803007159e-24
5.102799889185182e-24
5.102633478231299e-24
5.102475922464687e-24
5.1023266188901085e-24
5.1021850056473646e-24
5.102050558743375e-24
5.1019227890453044e-24
5.101801239520787e-24
5.101685482689761e-24
5.1015751182828924e-24
5.101469771080707e-24
5.101369088923145e-24
5.101272740871453e-24
5.10118041551159e-24
5.101091819388199e-24
5.101006675551576e-24
5.100924722217791e-24
5.100845711527059e-24
5.100769408384936e-24
5.100695589396528e-24
5.1006240418699066e-24
5.1005545628869764e-24
5.1004869584401896e-24
5.1004210426272106e-24
5.100356636893154e-24
5.1002935693281634e-24
5.100231673995995e-24
5.100170790317842e-24
5.1001107624725184e-24
5.1000514388550264e-24
5.0999926715314314e-24
5.099934315752023e-24
5.099876229465059e-24
5.09981827286256e-24
5.099760307950654e-24
5.099702198112319e-24
5.099643807716218e-24
5.0995850017192384e-24
5.0995256452849666e-24
5.099465603413147e-24
5.0994047405742354e-24
5.099342920353847e-24
5.0992800050994875e-24
5.099215855580663e-24
5.0991503306299064e-24
5.0990832868107154e-24
5.0990145780834485e-24
5.098944055440979e-24
5.0988715665883016e-24
5.098796955574077e-24
5.098720062466827e-24
5.098640722966458e-24
5.0985587680945245e-24
5.098474023779103e-24
5.0983863105128865e-24
5.098295442981561e-24
5.098201229644741e-24
5.098103472368251e-24
5.0980019660258744e-24
5.097896498029857e-24
5.0977868479662094e-24
5.0976727871406546e-24
5.097554078084622e-24
5.0974304741518716e-24
5.097301718993598e-24
5.0971675460575956e-24
5.097027678155702e-24
5.0968818268228936e-24
5.0967296918969086e-24
5.096570960859721e-24
5.096405308318521e-24
5.0962323953870624e-24
5.0960518691179286e-24
5.095863361759229e-24
5.095666490308249e-24
5.095460855593095e-24
5.095246041804358e-24
5.095021615632476e-24
5.094787125625529e-24
5.094542101461229e-24
5.094286053076618e-24
5.094018469986078e-24
5.093738820424628e-24
5.09344655059501e-24
5.093141083697467e-24
5.092821819240106e-24
5.092488132123999e-24
5.092139371674266e-24
5.091774860874237e-24
5.0913938954160735e-24
5.090995742779715e-24
5.090579641453992e-24
5.09014479995338e-24
5.089690395843516e-24
5.089215574984026e-24
5.088719450887969e-24
5.088201103400418e-24
5.0876595780988005e-24
5.087093886007716e-24
5.0865030020932726e-24
5.085885865300193e-24
5.0852413775596364e-24
5.0845684036269716e-24
5.083865770621607e-24
5.083132267513735e-24
5.082366645590561e-24
5.081567618030669e-24
5.080733860311519e-24
5.0798640109427176e-24
5.078956671793949e-24
5.078010410071539e-24
5.077023757896717e-24
5.0759952157181465e-24
5.074923254084238e-24
5.073806315851537e-24
5.07264281995733e-24
5.0714311644932476e-24
5.0701697317589245e-24
5.068856893387275e-24
5.0674910172255454e-24
5.0660704728918596e-24
5.064593641338547e-24
5.063058923179605e-24
5.061464751984614e-24
5.059809603531296e-24
5.058092011105013e-24
5.056310583349149e-24
5.054464021011219e-24
5.052551136093423e-24
5.050570878938204e-24
5.048522360710369e-24
5.04640488759717e-24
5.044217991935076e-24
5.041961467299148e-24
5.039635418110382e-24
5.037240300854948e-24
5.034776982607222e-24
5.032246797373379e-24
5.029651618815337e-24
5.026993930678974e-24
5.024276911806649e-24
5.021504539945938e-24
5.01868168471396e-24
5.015814237973209e-24
5.012909238859782e-24
5.009975027836389e-24
5.007021406774706e-24
5.004059829515889e-24
5.0011036042869926e-24
4.998168121845709e-24
4.995271113374046e-24
4.9924329387448966e-24
4.989676891650924e-24
4.987029568432538e-24
4.9845212338453454e-24
4.98218628760945e-24
4.980063687559278e-24
4.978197551893248e-24
4.976637666104622e-24
4.975440181034384e-24
4.9746682865696444e-24
4.974392984942096e-24
4.9746939468307006e-24
4.975660402337852e-24
4.977392165676927e-24
4.980000630089538e-24
4.983609986896768e-24
4.988358378956352e-24
4.994399176134635e-24
5.001902314306974e-24
5.011055615919356e-24
5.022066186389574e-24
5.0351617082982744e-24
5.05059172382176e-24
5.0686288136589504e-24
5.089569514698435e-24
5.1137350195084256e-24
5.1414715390576215e-24
5.173150150336506e-24
5.209165923143304e-24
5.24993655563897e-24
5.2958997503301375e-24
5.3475098529792145e-24
5.405232709015958e-24
