9.996888232775806e-25
9.268139448878832e-25
8.660210858743122e-25
8.175593796526871e-25
7.815080518435033e-25
7.576641746078627e-25
7.454676023972848e-25
7.43997257117836e-25
7.520465330928963e-25
7.682516091409123e-25
7.912286786802234e-25
8.196834758438264e-25
8.524775632681378e-25
8.886544758831348e-25
9.274376470752948e-25
9.682126642182704e-25
1.0105032371651826e-24
1.0539465716789378e-24
1.0982709997936425e-24
1.143276938602421e-24
1.188821288678194e-24
1.2348049426820651e-24
1.281162923143706e-24
1.3278566601174502e-24
1.3748679721716002e-24
1.422194385735932e-24
1.4698454984380411e-24
1.5178401539147868e-24
1.566204246688766e-24
1.6149690164446941e-24
1.6641697230011122e-24
1.713844618023448e-24
1.7640341485606584e-24
1.814780342137418e-24
1.866126334363473e-24
1.9181160086512228e-24
1.9707937242868703e-24
2.024204114230063e-24
2.0783919380055167e-24
2.133401978123519e-24
2.189278970913436e-24
2.2460675645066254e-24
2.30381229822184e-24
2.3625575987659344e-24
2.4223477895956383e-24
2.4832271105158584e-24
2.545239745195584e-24
2.608429854722829e-24
2.6728416157424536e-24
2.73851926195843e-24
2.805507128090872e-24
2.8738496955307622e-24
2.943591639113692e-24
3.0147778745417007e-24
3.0874536061178912e-24
3.1616643745085836e-24
3.2374561043341885e-24
3.314875151438427e-24
3.393968349745675e-24
3.474783057595399e-24
3.557367203571243e-24
3.6417693317619515e-24
3.728038646453603e-24
3.8162250563100596e-24
3.906379218007449e-24
3.9985525794032e-24
4.092797422259899e-24
4.189166904558466e-24
4.2877151024820825e-24
4.388497052082405e-24
4.4915687907176515e-24
4.596987398290007e-24
4.704811038339636e-24
4.815098999080118e-24
4.927911734383545e-24
5.043310904790114e-24
5.1613594186270626e-24
5.282121473208492e-24
5.405662596263341e-24
5.5320496875651556e-24
5.661351060840882e-24
5.793636486047804e-24
5.928977231955902e-24
6.067446109205635e-24
6.209117513823849e-24
6.354067471201409e-24
6.5023736806923444e-24
6.654115560745272e-24
6.809374294699659e-24
6.968232877245202e-24
7.130776161608465e-24
7.297090907461672e-24
7.467265829672051e-24
7.64139164781011e-24
7.819561136604601e-24
8.001869177251372e-24
8.188412809655622e-24
8.379291285683954e-24
8.574606123419588e-24
8.774461162463832e-24
8.978962620317503e-24
9.188219149874465e-24
9.402341898139655e-24
9.621444566027665e-24
9.845643469508876e-24
1.0075057601927472e-23
1.0309808697682566e-23
1.0550021297227597e-23
1.0795822813434736e-23
1.1047343599383467e-23
1.1304717017602889e-23
1.156807951078912e-23
1.1837570674032667e-23
1.2113333328673221e-23
1.23955135976421e-23
1.268426098255462e-23
1.2979728442415534e-23
1.328207247404394e-23
1.3591453194287414e-23
1.390803442398922e-23
1.4231983773816083e-23
1.4563472731973316e-23
1.4902676753777008e-23
1.5249775353277664e-23
1.5604952196806893e-23
1.596839519856746e-23
1.6340296618369244e-23
1.6720853161436227e-23
1.711026608039473e-23
1.750874127946454e-23
1.791648942094897e-23
1.833372603395058e-23
1.8760671625491557e-23
1.9197551794008098e-23
1.9644597345242476e-23
2.01020444106286e-23
2.0570134568191156e-23
2.1049114966041024e-23
2.1539238448390014e-23
2.2040763684282123e-23
2.255395529901681e-23
2.307908400825106e-23
2.3616426754886914e-23
2.4166266848814282e-23
2.4728894109468245e-23
2.5304605011280902e-23
2.5893702832025986e-23
2.649649780429293e-23
2.7113307269664507e-23
2.7744455836198745e-23
2.839027553886493e-23
2.9051106003045603e-23
2.9727294611204834e-23
3.0419196672663795e-23
3.1127175596541576e-23
3.185160306793434e-23
3.2592859227145506e-23
3.3351332852274487e-23
3.412742154489086e-23
3.4921531918962166e-23
3.5734079792991017e-23
3.6565490385259557e-23
3.741619851231536e-23
3.8286648790577783e-23
3.917729584097313e-23
4.0088604496744366e-23
4.102105001413762e-23
4.1975118286136817e-23
4.2951306058968546e-23
4.395012115143816e-23
4.497208267691357e-23
4.601772126785115e-23
4.7087579302773735e-23
4.818221113548388e-23
4.930218332639245e-23
5.044807487574366e-23
5.162047745853642e-23
5.281999566091757e-23
5.40472472176771e-23
5.530286325078199e-23
5.658748850829017e-23
5.790178160365236e-23
5.924641525459255e-23
6.062207652158663e-23
6.202946704497291e-23
6.346930328056057e-23
6.49423167329024e-23
6.644925418560291e-23
6.799087792811861e-23
6.956796597802487e-23
7.118131229807192e-23
7.283172700699781e-23
7.452003658302221e-23
7.624708405903968e-23
7.801372920804589e-23
7.982084871755371e-23
8.166933635146125e-23
8.356010309769197e-23
8.549407729971727e-23
8.747220477014881e-23
8.949544888380264e-23
