9.969951353636461e-24
9.984453940740902e-24
9.99797611716869e-24
1.0010546280724369e-23
1.002219083501082e-23
1.0032934242810623e-23
1.0042799075595663e-23
1.005180605924623e-23
1.0059974116049641e-23
1.0067320403045863e-23
1.0073860346781435e-23
1.0079607674522535e-23
1.008457444198418e-23
1.0088771057613034e-23
1.0092206303463117e-23
1.0094887352698178e-23
1.0096819783741301e-23
1.0098007591096e-23
1.0098453192845848e-23
1.0098157434843767e-23
1.0097119591585674e-23
1.0095337363764109e-23
1.0092806872484829e-23
1.0089522650128304e-23
1.0085477627823916e-23
1.0080663119501717e-23
1.0075068802481455e-23
1.0068682694540915e-23
1.0061491127411195e-23
1.0053478716625616e-23
1.0044628327648935e-23
1.0034921038202096e-23
1.0024336096685868e-23
1.001285087659922e-23
1.0000440826842933e-23
9.987079417775076e-24
9.972738082892357e-24
9.95738615598124e-24
9.940990803583418e-24
9.923516952601125e-24
9.90492721285413e-24
9.885181794387763e-24
9.864238419312405e-24
9.842052227936856e-24
9.81857567894692e-24
9.793758443348302e-24
9.767547291880551e-24
9.739885975583855e-24
9.710715099166514e-24
9.67997198680316e-24
9.647590539955608e-24
9.613501086768862e-24
9.577630222569957e-24
9.539900640935617e-24
9.500230954756796e-24
9.458535506669688e-24
9.414724168157203e-24
9.368702126554017e-24
9.320369659106435e-24
9.269621893134225e-24
9.216348551247239e-24
9.160433680416761e-24
9.101755363573277e-24
9.040185412199172e-24
8.975589038195505e-24
8.907824503028574e-24
8.83674274186661e-24
8.762186960056321e-24
8.683992198825726e-24
8.601984866574715e-24
8.51598223143692e-24
8.425791869970844e-24
8.33121106581558e-24
8.232026150856276e-24
8.128011779825261e-24
8.018930127197934e-24
7.904529992615344e-24
7.784545797657183e-24
7.658696452370452e-24
7.526684064176771e-24
7.388192454103093e-24
7.242885435075775e-24
7.090404793212884e-24
6.930367894289684e-24
6.76236481166913e-24
6.5859548359331236e-24
6.400662175528875e-24
6.205970584860953e-24
6.001316550392785e-24
5.786080509091095e-24
5.559575339027672e-24
5.321031003350435e-24
5.0695736695317415e-24
4.8041967346238416e-24
4.5237197348323436e-24
4.226728694325689e-24
3.911487330634479e-24
3.575801332442352e-24
3.2168053117171913e-24
2.8306207298231155e-24
2.4118043736157216e-24
1.9525261480407578e-24
1.4420476610952425e-24
8.754630107221024e-25
4.634795492812653e-25
1.2229745705159722e-24
3.1723451710730944e-24
1.0631555591901831e-23
1.0752325823685854e-23
3.367473714323732e-24
1.3510906463440728e-24
5.414523629257248e-25
1.0919574373470752e-24
1.874689052066201e-24
2.651632881177872e-24
3.425130861278956e-24
4.205788466173951e-24
5.0019082066877456e-24
5.819668966877896e-24
6.663852916029794e-24
7.538364233562651e-24
8.446558813620917e-24
9.39145292646624e-24
1.0375858146448643e-23
1.140247118581629e-23
1.2473935643494597e-23
1.3592885884310134e-23
1.4761979310365638e-23
1.5983920951582176e-23
1.7261482895431174e-23
1.8597520209189266e-23
1.9994984462637614e-23
2.1456935608758665e-23
2.2986552750660678e-23
2.4587144170103235e-23
2.6262156889548348e-23
2.8015185968544705e-23
2.984998368576244e-23
3.177046872313437e-23
3.378073544374473e-23
3.5885063337342455e-23
3.8087926694495087e-23
4.0394004561129746e-23
4.2808191018455486e-23
4.533560582843132e-23
4.7981605481450955e-23
5.075179468051739e-23
5.365203829453796e-23
5.668847381232095e-23
5.986752432834366e-23
6.319591209111327e-23
6.668067264511385e-23
7.032916959760486e-23
7.414911004217072e-23
7.814856067153283e-23
8.233596461306517e-23
8.67201590213719e-23
9.131039346338286e-23
9.611634913258639e-23
1.0114815893029302e-22
1.0641642845310759e-22
1.1193225792726545e-22
1.1770726513190544e-22
1.2375360935491703e-22
1.3008401642659337e-22
1.3671180487797913e-22
1.4365091327249414e-22
1.5091592876121327e-22
1.5852211691394514e-22
1.6648545288013019e-22
1.7482265393545716e-22
1.8355121347203435e-22
1.9268943649192205e-22
2.0225647666576706e-22
2.122723750203447e-22
2.2275810032080374e-22
2.337355912154447e-22
2.452278002128702e-22
2.572587395633312e-22
2.698535291182096e-22
2.830384462433073e-22
2.968409778637115e-22
3.112898747197511e-22
3.264152079153106e-22
3.422484278414364e-22
3.58822425559679e-22
3.761715967310016e-22
3.9433190817728245e-22
4.1334096716338738e-22
4.332380934886573e-22
4.540643944769056e-22
4.758628429544641e-22
4.986783583052809e-22
5.225578906918093e-22
5.475505085289837e-22
5.737074892971233e-22
6.010824137775395e-22
6.297312637913165e-22
6.597125235186408e-22
6.910872844711257e-22
7.239193541845195e-22
