4.3885483112304017e-23
4.252923821217751e-23
4.1299410534352187e-23
4.019340015759224e-23
3.9208871067556544e-23
3.8343746287452484e-23
3.759620356999942e-23
3.696467164231807e-23
3.644782699687353e-23
3.604459122257591e-23
3.575412887165249e-23
3.557584585893245e-23
3.550938839187159e-23
3.555464243010346e-23
3.571173367570756e-23
3.598102809580323e-23
3.636313298080445e-23
3.685889854276438e-23
3.7469420060549884e-23
3.8196040578563e-23
3.9040354168278154e-23
4.0004209764292025e-23
4.108971558353564e-23
4.2299244147342466e-23
4.3635437914855044e-23
4.510121555116827e-23
4.6699778845746674e-23
4.843462030283385e-23
5.03095314286208e-23
5.232861173792827e-23
5.449627851120385e-23
5.681727732793806e-23
5.929669341404816e-23
6.193996383391201e-23
6.475289056862209e-23
6.77416545217565e-23
7.091283049451276e-23
7.427340318377927e-23
7.783078425127665e-23
8.159283052294532e-23
8.556786337410922e-23
8.976468938124317e-23
9.419262228691686e-23
9.886150638009336e-23
1.0378174135603769e-22
1.0896430875786783e-22
1.144208000847037e-22
1.2016344667784713e-22
1.2620515150436488e-22
1.3255952294250881e-22
1.3924091070844517e-22
1.4626444408646257e-22
1.536460725796802e-22
1.614026091862322e-22
1.6955177645065099e-22
1.7811225552073108e-22
1.8710373840788995e-22
1.965469836601296e-22
2.0646387575828583e-22
2.168774884759936e-22
2.2781215250178347e-22
2.3929352766776367e-22
2.5134868013753605e-22
2.6400616497515448e-22
2.7729611449122114e-22
2.9125033284112157e-22
3.0590239742086847e-22
3.2128776764615967e-22
3.374439016552002e-22
3.5441038176879964e-22
3.7222904929836882e-22
3.9094414976548915e-22
4.106024891510803e-22
4.312536026278645e-22
4.5294993640794165e-22
4.757470445251648e-22
4.997038014179925e-22
5.248826323075108e-22
5.513497629267626e-22
5.791754904309564e-22
6.08434478003898e-22
6.392060752387245e-22
6.715746672661791e-22
7.0563005550383685e-22
7.4146787365767025e-22
7.79190042979242e-22
8.189052703219735e-22
8.607295955347455e-22
9.04786992148049e-22
9.512100288252162e-22
1.0001405981721687e-21
1.05173072230721e-21
1.1061434428179887e-21
1.1635538081211836e-21
1.2241499676636588e-21
1.2881343920857372e-21
1.355725229821944e-21
1.4271578245419535e-21
1.5026864121856718e-21
1.582586024795259e-21
1.6671546313813127e-21
1.756715549212812e-21
1.8516201683227793e-21
1.952251038806018e-21
2.0590253742223687e-21
2.1723990420520706e-21
2.2928711219133664e-21
2.4209891254117242e-21
2.557354998514471e-21
2.7026320339451662e-21
2.85755288044686e-21
3.0229288313467504e-21
3.199660658789217e-21
3.388751290404145e-21
3.591320710535609e-21
3.808623545086167e-21
4.042069926283139e-21
4.293250361956264e-21
4.563965526024712e-21
4.8562621722835274e-21
5.172476661776527e-21
5.515288054447691e-21
5.887783331495546e-21
6.293538067241421e-21
6.736717008371351e-21
7.222200517042821e-21
7.755744965769324e-21
8.344188167091326e-21
8.99571528637436e-21
9.72020698107971e-21
1.0529700944756833e-20
1.1439012124606233e-20
1.2466578857522711e-20
1.363563648008458e-20
1.4975875222443332e-20
1.6525830618358842e-20
1.8336410243003948e-20
2.0476232011406206e-20
2.303994371783905e-20
2.6161623782741108e-20
3.003718964015272e-20
3.4963489196386366e-20
4.140976465964267e-20
5.015479779478316e-20
6.256054209535935e-20
8.110796685192524e-20
1.10105784654226e-19
1.5281383080005444e-19
1.846612061861896e-19
1.608007299035167e-19
1.2136776931772254e-19
9.35384446414813e-20
7.548640973690685e-20
6.332823574256166e-20
5.47226675442238e-20
4.836201166713504e-20
4.349169300769372e-20
3.965449246477412e-20
3.6560054252486803e-20
3.4016206950624156e-20
3.1891151891955096e-20
3.0091691764237567e-20
2.8550165829728124e-20
2.721631788625335e-20
2.605206731573517e-20
2.5028049360713968e-20
2.4121265360313363e-20
2.3313452245053874e-20
2.258992654410974e-20
2.1938750270038902e-20
2.135011906844564e-20
2.0815906405422206e-20
2.032931969817779e-20
1.9884637473375412e-20
1.9477005999861284e-20
1.91022809655915e-20
1.875690183544921e-20
1.8437792409065258e-20
1.8142280995610737e-20
1.7868035527658594e-20
1.7613011121658192e-20
1.737540672953227e-20
1.7153629648356986e-20
1.6946265819150126e-20
1.6752055140291822e-20
1.656987073281189e-20
1.6398701532365754e-20
1.62376373231865e-20
1.6085856225176353e-20
1.5942613865674384e-20
1.5807234135315423e-20
1.567910111096105e-20
1.5557652357250303e-20
1.5442372545154513e-20
1.5332788708275834e-20
1.5228465141365052e-20
1.5128999874334323e-20
1.503402086353019e-20
1.494318274750253e-20
1.485616456434608e-20
1.477266669948899e-20
