1.6807205403812563e-24
1.613991379734046e-24
1.550641951516672e-24
1.4905312364640048e-24
1.433524323594526e-24
1.379492055661206e-24
1.3283106854333657e-24
1.2798615431144865e-24
1.2340307153482952e-24
1.1907087365273922e-24
1.1497902933782958e-24
1.1111739438762582e-24
1.0747618518665243e-24
1.0404595387109133e-24
1.0081756534744788e-24
9.778217630350918e-25
9.49312163471684e-25
9.225637138003023e-25
8.97495692932142e-25
8.740296802518205e-25
8.520894598091052e-25
8.31600947657227e-25
8.124921412162972e-25
7.946930891162627e-25
7.781358794303979e-25
7.627546437723511e-25
7.4848557434354955e-25
7.352669508761047e-25
7.230391741853132e-25
7.117448031435658e-25
7.013285919716542e-25
6.917375250657307e-25
6.829208468242584e-25
6.748300844314211e-25
6.674190619747975e-25
6.606439047873183e-25
6.544630332674641e-25
6.488371460027772e-25
6.437291923047374e-25
6.391043346460987e-25
6.3492990172000845e-25
6.311753331562413e-25
6.27812116811944e-25
6.248137200542927e-25
6.221555159908349e-25
6.1981470602409725e-25
6.177702397288683e-25
6.160027332441637e-25
6.144943870529874e-25
6.132289040797546e-25
6.121914087993334e-25
6.113683680732689e-25
6.107475142215751e-25
6.103177706993382e-25
6.10069180830407e-25
6.0999283974329785e-25
6.100808297541194e-25
6.103261592361426e-25
6.107227050924497e-25
6.112651587744754e-25
6.119489758388887e-25
6.127703289234e-25
6.137260640936958e-25
6.1481366041665035e-25
6.160311925656897e-25
6.17377296402359e-25
6.188511373194201e-25
6.204523811940648e-25
6.221811677815249e-25
6.240380863957132e-25
6.260241537082723e-25
6.28140793544405e-25
6.303898184749027e-25
6.32773413026515e-25
6.352941185063702e-25
6.379548191747546e-25
6.407587296658698e-25
6.43709383536777e-25
6.46810622954692e-25
6.500665891434816e-25
6.534817137731513e-25
6.570607110493229e-25
6.608085704235184e-25
6.64730549904618e-25
6.688321698925284e-25
6.731192073830314e-25
6.775976906615428e-25
6.822738942100323e-25
6.871543341466093e-25
6.922457636208371e-25
6.97555168801697e-25
7.0308976495327835e-25
7.088569926677758e-25
7.148645145816475e-25
7.211202120830632e-25
7.276321826232714e-25
7.3440873689318165e-25
7.414583968593266e-25
7.487898937014107e-25
7.5641216650592e-25
7.64334361184983e-25
7.725658302215322e-25
7.811161326030356e-25
7.89995034899888e-25
7.992125125117688e-25
8.087787522321212e-25
8.18704155065351e-25
8.289993407499182e-25
8.396751524816615e-25
8.507426630529719e-25
8.62213182250651e-25
8.740982653738707e-25
8.864097223907817e-25
8.99159629600686e-25
9.123603413290694e-25
9.260245043945446e-25
9.40165072803755e-25
9.54795324754499e-25
9.699288810422213e-25
9.85579725006176e-25
1.0017622242191477e-24
1.0184911538808446e-24
1.0357817222975237e-24
1.0536495973988469e-24
1.072110936018943e-24
1.0911824150429289e-24
1.110881264081714e-24
1.13122529999121e-24
1.1522329651623935e-24
1.1739233661751413e-24
1.1963163158549866e-24
1.2194323774654512e-24
1.2432929115591202e-24
1.2679201254530448e-24
1.2933371253844968e-24
1.3195679720785062e-24
1.346637738133799e-24
1.3745725713484241e-24
1.4033997570442315e-24
1.433147789253374e-24
1.463846441037072e-24
1.495526842149316e-24
1.5282215596991843e-24
1.5619646804105332e-24
1.5967919042938958e-24
1.6327406363218774e-24
1.6698500870923174e-24
1.7081613783525694e-24
1.7477176529715496e-24
1.788564193022858e-24
1.8307485417717936e-24
1.87432063473026e-24
1.9193329352447975e-24
1.9658405807898588e-24
2.0139015310122348e-24
2.06357673067268e-24
2.1149302762840618e-24
2.168029591294772e-24
2.22294561242364e-24
2.2797529859360385e-24
2.338530267857518e-24
2.399360142596168e-24
2.4623296435620607e-24
2.527530393021571e-24
2.5950588433094778e-24
2.6650165380473878e-24
2.7375103806267855e-24
2.8126529161368914e-24
2.8905626258055775e-24
2.9713642309244634e-24
3.0551890193485608e-24
3.1421751758346652e-24
3.2324681279729e-24
3.326220912833865e-24
3.423594554851769e-24
3.5247584548558604e-24
3.629890804164903e-24
3.739179009133189e-24
3.852820129512427e-24
3.9710213478800396e-24
4.094000439096579e-24
4.221986280531437e-24
4.35521935650811e-24
4.493952310560158e-24
4.6384505070885095e-24
4.7889926014775205e-24
4.94587116280299e-24
5.109393314725919e-24
5.2798813682835e-24
5.457673553203436e-24
5.643124694750872e-24
5.836606999100789e-24
6.038510818168682e-24
6.249245477630559e-24
6.469240134301983e-24
6.698944665166444e-24
6.938830623736266e-24
7.189392203047487e-24
7.451147283237221e-24
7.724638494018654e-24
8.010434369073547e-24
