1.3328064139788328e-21
1.3328080773440585e-21
1.3328095081713934e-21
1.3328107094995044e-21
1.3328116838799947e-21
1.3328124333826424e-21
1.3328129596002225e-21
1.3328132636512577e-21
1.3328133461830229e-21
1.3328132073724388e-21
1.3328128469271481e-21
1.3328122640840515e-21
1.3328114576083504e-21
1.3328104257906725e-21
1.3328091664434723e-21
1.3328076768966001e-21
1.332805953991185e-21
1.3328039940735767e-21
1.3328017929869666e-21
1.3327993460630822e-21
1.3327966481118271e-21
1.3327936934109451e-21
1.3327904756930856e-21
1.3327869881329341e-21
1.3327832233329415e-21
1.332779173307002e-21
1.3327748294643972e-21
1.3327701825904716e-21
1.3327652228281826e-21
1.3327599396563411e-21
1.3327543218677545e-21
1.3327483575454036e-21
1.3327420340369478e-21
1.3327353379280002e-21
1.3327282550138356e-21
1.3327207702688233e-21
1.3327128678150021e-21
1.332704530887976e-21
1.3326957418017384e-21
1.332686481910993e-21
1.3326767315711327e-21
1.332666470097332e-21
1.3326556757202087e-21
1.3326443255394507e-21
1.3326323954755512e-21
1.3326198602186915e-21
1.3326066931746356e-21
1.3325928664087068e-21
1.332578350586266e-21
1.3325631149104382e-21
1.3325471270569885e-21
1.3325303531050142e-21
1.3325127574660217e-21
1.332494302807102e-21
1.3324749499727415e-21
1.3324546579009792e-21
1.3324333835366087e-21
1.3324110817395432e-21
1.3323877051887295e-21
1.3323632042822304e-21
1.33233752703145e-21
1.3323106189506863e-21
1.332282422941565e-21
1.3322528791714724e-21
1.3322219249468925e-21
1.3321894945796094e-21
1.3321555192475776e-21
1.3321199268484491e-21
1.3320826418463797e-21
1.3320435851114999e-21
1.3320026737514972e-21
1.3319598209358099e-21
1.3319149357105796e-21
1.3318679228054452e-21
1.3318186824308973e-21
1.3317671100660125e-21
1.3317130962361694e-21
1.3316565262799048e-21
1.3315972801053629e-21
1.3315352319343373e-21
1.3314702500345489e-21
1.3314021964395909e-21
1.3313309266546976e-21
1.331256289349413e-21
1.3311781260350055e-21
1.3310962707268563e-21
1.3310105495907775e-21
1.3309207805727682e-21
1.3308267730105338e-21
1.3307283272271077e-21
1.3306252341051475e-21
1.3305172746403843e-21
1.3304042194747035e-21
1.3302858284063166e-21
1.3301618498770947e-21
1.330032020435114e-21
1.3298960641715684e-21
1.3297536921317055e-21
1.3296046016964114e-21
1.3294484759354143e-21
1.3292849829287019e-21
1.3291137750564579e-21
1.328934488254433e-21
1.3287467412340144e-21
1.3285501346649637e-21
1.3283442503190685e-21
1.3281286501727901e-21
1.327902875466913e-21
1.3276664457213573e-21
1.3274188577020738e-21
1.3271595843394371e-21
1.3268880735934058e-21
1.3266037472652238e-21
1.3263059997512343e-21
1.3259941967369382e-21
1.3256676738280113e-21
1.325325735115295e-21
1.3249676516701673e-21
1.3245926599677347e-21
1.3241999602330245e-21
1.323788714707018e-21
1.323358045828833e-21
1.3229070343295591e-21
1.3224347172323825e-21
1.3219400857566991e-21
1.3214220831178761e-21
1.3208796022212881e-21
1.3203114832421377e-21
1.3197165110868183e-21
1.319093412729056e-21
1.3184408544154004e-21
1.3177574387320849e-21
1.3170417015269473e-21
1.3162921086786132e-21
1.315507052705019e-21
1.3146848492028506e-21
1.313823733109281e-21
1.3129218547758222e-21
1.3119772758455422e-21
1.3109879649223283e-21
1.3099517930210632e-21
1.3088665287873057e-21
1.307729833473926e-21
1.3065392556609409e-21
1.305292225705327e-21
1.3039860499052338e-21
1.3026179043630711e-21
1.3011848285306022e-21
1.2996837184178641e-21
1.2981113194480617e-21
1.2964642189355507e-21
1.2947388381693907e-21
1.2929314240748594e-21
1.2910380404323959e-21
1.2890545586254728e-21
1.2869766478898004e-21
1.2847997650348453e-21
1.2825191436051158e-21
1.2801297824464967e-21
1.2776264336420318e-21
1.2750035897773549e-21
1.272255470492995e-21
1.269376008279684e-21
1.2663588334662291e-21
1.2631972583492322e-21
1.2598842604064706e-21
1.2564124645344984e-21
1.2527741242438645e-21
1.2489611017411679e-21
1.2449648468213067e-21
1.2407763744861275e-21
1.2363862411998476e-21
1.2317845196832629e-21
1.226960772139814e-21
1.2219040217982498e-21
1.216602722645258e-21
1.2110447272109276e-21
1.2052172522563935e-21
1.1991068421983066e-21
1.1926993300917057e-21
1.1859797959718947e-21
1.178932522338158e-21
1.171540946541048e-21
1.1637876098081395e-21
1.155654102617593e-21
1.1471210060968043e-21
1.138167829088637e-21
1.1287729404881124e-21
1.118913496407162e-21
1.1085653616746841e-21
1.0977030251196039e-21
1.0862995080184175e-21
1.0743262650125239e-21
1.0617530767098002e-21
1.0485479330858527e-21
1.0346769066754937e-21
1.0201040144098781e-21
1.0047910667860904e-21
9.886975028599993e-22
9.71780209319408e-22
9.539933216076321e-22
