5.196400507948021e-22
5.339537491646237e-22
5.491190437960029e-22
5.651452290064824e-22
5.820420291615148e-22
5.998195617463072e-22
6.184883009930914e-22
6.380590426641885e-22
6.58542870474822e-22
6.799511231900294e-22
7.02295364002679e-22
7.255873528523414e-22
7.498390190858159e-22
7.750624367620196e-22
8.012698033246626e-22
8.284734212415646e-22
8.566856791702896e-22
8.859190423777783e-22
9.161860389260996e-22
9.474992553506587e-22
9.798713312631028e-22
1.0133149604250968e-21
1.047842892609372e-21
1.0834679418303628e-21
1.1202029947468078e-21
1.1580610261557364e-21
1.1970551135035357e-21
1.2371984576643148e-21
1.2785044071007591e-21
1.3209864815119264e-21
1.3646584027175665e-21
1.4095341239612145e-21
1.4556278631149106e-21
1.5029541417230256e-21
1.5515278147520271e-21
1.6013641172301913e-21
1.652478699510456e-21
1.7048876684745826e-21
1.7586076313661314e-21
1.8136557354956313e-21
1.8700497122190105e-21
1.9278079176332304e-21
1.9869493764865025e-21
2.0474938233451813e-21
2.1094617428858354e-21
2.1728744105811587e-21
2.2377539340775654e-21
2.3041232871681092e-21
2.37200635165921e-21
2.4414279521191046e-21
2.5124138888293046e-21
2.5849909747000397e-21
2.6591870650172297e-21
2.735031088789324e-21
2.8125530813519075e-21
2.8917842090776467e-21
2.9727567981275345e-21
3.0555043637788114e-21
3.1400616315419502e-21
3.2264645641730877e-21
3.3147503843285303e-21
3.404957596921008e-21
3.4971260131371904e-21
3.591296770790498e-21
3.687512354732629e-21
3.785816620074173e-21
3.8862548092892626e-21
3.9888735782965584e-21
4.093721010494538e-21
4.200846638781666e-21
4.310301473560536e-21
4.422138018829289e-21
4.536410284424674e-21
4.6531738232931394e-21
4.7724857530028016e-21
4.894404750888126e-21
5.018991098794927e-21
5.146306781148241e-21
5.276415311902591e-21
5.409381987481178e-21
5.5452737526962616e-21
5.6841593447663665e-21
5.82610919115891e-21
5.9711955861585746e-21
6.11949256043636e-21
6.271076128443351e-21
6.4260240412716734e-21
6.5844161132387385e-21
6.746334091078654e-21
6.911861552984052e-21
7.081084284169283e-21
7.254090263831285e-21
7.430969266427018e-21
7.61181334410021e-21
7.796716854446993e-21
7.985776293216901e-21
8.179090567624714e-21
8.376760868547525e-21
8.578890326014719e-21
8.785585585506189e-21
8.996954824330203e-21
9.213108679741752e-21
9.434161499703075e-21
9.660228733475785e-21
9.891429801041194e-21
1.0127886346687798e-20
1.0369723205890044e-20
1.0617067666842227e-20
1.087004985982179e-20
1.1128804166497905e-20
1.1393465686278943e-20
1.1664175049784417e-20
1.1941076047039412e-20
1.2224313569241814e-20
1.2514037535193745e-20
1.2810401190016275e-20
1.3113561412372725e-20
1.3423678064305572e-20
1.3740914771424673e-20
1.4065440615361304e-20
1.4397427245623254e-20
1.4737048331694447e-20
1.5084484630236417e-20
1.5439920172892935e-20
1.580354337318744e-20
1.6175550145871132e-20
1.655612599119402e-20
1.694548317811161e-20
1.7343821422553466e-20
1.775135853527541e-20
1.8168306479353354e-20
1.8594875899771264e-20
1.9031308787917422e-20
1.9477840934887356e-20
1.99346850812763e-20
2.0402095219030697e-20
2.0880321915012685e-20
2.1369608043173186e-20
2.1870220487295503e-20
2.238243906964344e-20
2.290649482591095e-20
2.3442709648725538e-20
2.3991340296956872e-20
2.4552663918899376e-20
2.512701864103267e-20
2.5714672382388276e-20
2.631593574270418e-20
2.693118423657383e-20
2.756067834763154e-20
2.8204788364955794e-20
2.8863785101732893e-20
2.9538122871524133e-20
3.022809869832745e-20
3.093406428762535e-20
3.165638063128312e-20
3.2395472670141817e-20
3.3151799635408674e-20
3.392560531445141e-20
3.471738002592802e-20
3.552763986301673e-20
3.635653958050074e-20
3.720471498302361e-20
3.8072652318907174e-20
3.89606339743284e-20
3.986946669287735e-20
4.079912667985233e-20
4.175047505741604e-20
4.272389070630691e-20
4.371993683975772e-20
4.473910197904107e-20
4.5781857519668304e-20
4.684907104772575e-20
4.794049069141148e-20
4.9057952033629875e-20
5.020125936854566e-20
5.137085156995356e-20
5.2567145547944314e-20
5.379180468363977e-20
5.504514205269596e-20
5.632679572904382e-20
5.763927040457485e-20
5.898075801686462e-20
6.035471973191118e-20
6.175954016631777e-20
6.319734881677762e-20
6.466878104728126e-20
6.617435117555807e-20
6.771523891610837e-20
6.928723957233506e-20
7.090087441418493e-20
7.255178944672118e-20
7.423886306970921e-20
7.596588934618321e-20
7.773526388663965e-20
7.954096810544206e-20
8.139137274493199e-20
8.328266188438218e-20
8.52182029739046e-20
8.719653402887849e-20
8.922495557845973e-20
9.13072693682337e-20
