1.71901098827862e-24
1.648649177844346e-24
1.5818146512937075e-24
1.5183618174920443e-24
1.4581516977737318e-24
1.401051563051861e-24
1.3469345796381765e-24
1.2956794634631923e-24
1.247170142617028e-24
1.2012954283921014e-24
1.157948695290082e-24
1.1170275707522985e-24
1.0784336356765312e-24
1.0420721370746224e-24
1.007851714493837e-24
9.756841420454252e-25
9.454840880392975e-25
9.17168894289087e-25
8.90658377113246e-25
8.658746518944288e-25
8.427419827687407e-25
8.211866585955343e-25
8.011368958184765e-25
7.825227681928653e-25
7.652761626514198e-25
7.493307598517481e-25
7.3462203723830095e-25
7.210872918049506e-25
7.086656792040375e-25
6.972982654497223e-25
6.86928087232217e-25
6.775002168058047e-25
6.689618275371862e-25
6.612622564846412e-25
6.543530607989351e-25
6.481880652584979e-25
6.427233988384021e-25
6.379175188257396e-25
6.33731221598728e-25
6.301276397528928e-25
6.270722257616259e-25
6.245327227855757e-25
6.224791235850712e-25
6.208836187432557e-25
6.197205355754063e-25
6.189662691913713e-25
6.185992072034653e-25
6.185996495415697e-25
6.18949724764622e-25
6.196333041533353e-25
6.206359147435198e-25
6.219446523225523e-25
6.235480952695344e-25
6.254362199806935e-25
6.276003184870858e-25
6.300329187476612e-25
6.32727707987652e-25
6.356794593514749e-25
6.388839620514715e-25
6.423379551186698e-25
6.46039064798288e-25
6.49985745580839e-25
6.5417722481750485e-25
6.586134508356029e-25
6.632950444451481e-25
6.68223253708894e-25
6.733999118364243e-25
6.788273980548249e-25
6.845086013052614e-25
6.904468866143733e-25
6.966460639914146e-25
7.031103597066345e-25
7.098443898114683e-25
7.168531357681428e-25
7.241419220634106e-25
7.317163956886063e-25
7.395825073761371e-25
7.4774649449013725e-25
7.562148654763716e-25
7.649943857835393e-25
7.740920651751818e-25
7.835151463567445e-25
7.932710948489843e-25
8.03367590043506e-25
8.138125173810555e-25
8.246139615970631e-25
8.357802009831129e-25
8.47319702615589e-25
8.592411185062395e-25
8.715532826312358e-25
8.84265208797623e-25
8.973860893083165e-25
9.109252943876612e-25
9.24892372331559e-25
9.392970503472898e-25
9.541492360493482e-25
9.694590195783186e-25
9.852366763113897e-25
1.0014926701344441e-24
1.0182376572449126e-24
1.0354824904573277e-24
1.0532382239844204e-24
1.0715161186675907e-24
1.0903276476284139e-24
1.109684502321844e-24
1.1295985989632848e-24
1.1500820853110725e-24
1.1711473477820264e-24
1.1928070188797313e-24
1.215073984924214e-24
1.237961394053538e-24
1.261482664496385e-24
1.2856514930916163e-24
1.3104818640500467e-24
1.3359880579367626e-24
1.362184660873524e-24
1.3890865739519521e-24
1.4167090228421737e-24
1.4450675676004812e-24
1.4741781126667812e-24
1.5040569170383735e-24
1.5347206046434537e-24
1.5661861748804164e-24
1.5984710133427776e-24
1.6315929027296775e-24
1.6655700339281793e-24
1.7004210172795845e-24
1.736164894049687e-24
1.7728211480459487e-24
1.810409717486354e-24
1.848951006998021e-24
1.8884658998820725e-24
1.9289757705374722e-24
1.970502497127214e-24
2.013068474439854e-24
2.0566966270210207e-24
2.1014104224754353e-24
2.1472338850727886e-24
2.194191609568882e-24
2.2423087752952065e-24
2.2916111605049963e-24
2.3421251570235437e-24
2.393877785143366e-24
2.4468967088635272e-24
2.501210251329166e-24
2.556847410833319e-24
2.613837876714436e-24
2.672212046066948e-24
2.732001040463545e-24
2.793236723185202e-24
2.8559517167240227e-24
2.9201794208115936e-24
2.9859540306756752e-24
3.0533105556044557e-24
3.1222848385346357e-24
3.1929135750627516e-24
3.2652343338374912e-24
3.339285576885869e-24
3.415106680349157e-24
3.4927379563060785e-24
3.572220674112269e-24
3.6535970830362994e-24
3.736910435295236e-24
3.822205009187535e-24
3.909526133593979e-24
3.9989202112482485e-24
4.090434745715197e-24
4.184118365328413e-24
4.2800208510382336e-24
4.378193161439696e-24
4.478687462580496e-24
4.5815571540157e-24
4.686856900125409e-24
4.794642657009871e-24
4.904971704683316e-24
5.017902678375262e-24
5.133495597578582e-24
5.251811903694407e-24
5.37291448677731e-24
5.496867726340957e-24
5.6237375228058425e-24
5.7535913318991394e-24
5.88649820645152e-24
6.022528829094871e-24
6.161755555799838e-24
6.30425245118346e-24
6.4500953303402236e-24
6.599361806529003e-24
6.752131316323762e-24
6.908485190601329e-24
7.068506682373984e-24
7.23228100815615e-24
7.399895401648336e-24
7.571439182223092e-24
7.747003763281975e-24
7.92668275133464e-24
8.110571956732835e-24
8.29876947656534e-24
8.491375749133753e-24
8.68849357268395e-24
8.8902282328624e-24
