1.343531010902076e-24
1.3205675425559186e-24
1.299280568466857e-24
1.2795651996673231e-24
1.2613206991780339e-24
1.2444505349321156e-24
1.2288624174750124e-24
1.2144683196373755e-24
1.2011844762988376e-24
1.1889313632494686e-24
1.1776336549739667e-24
1.1672201619043554e-24
1.1576237482892757e-24
1.1487812323043857e-24
1.1406332703770953e-24
1.1331242279268232e-24
1.1262020388400268e-24
1.1198180560223995e-24
1.113926895314961e-24
1.1084862749441692e-24
1.103456852513277e-24
1.0988020613492857e-24
1.0944879478094334e-24
1.0904830109331363e-24
1.0867580456103954e-24
1.0832859902301553e-24
1.0800417795788086e-24
1.0770022035817891e-24
1.0741457723226985e-24
1.0714525876346483e-24
1.0689042214385515e-24
1.0664836009010355e-24
1.0641749004002184e-24
1.061963440219319e-24
1.0598355918341977e-24
1.0577786896201267e-24
1.0557809487739264e-24
1.0538313892283389e-24
1.0519197653251038e-24
1.050036501010571e-24
1.0481726303212163e-24
1.0463197429361013e-24
1.044469934587591e-24
1.0426157621407337e-24
1.0407502031740828e-24
1.0388666199221016e-24
1.0369587274685908e-24
1.0350205661150564e-24
1.0330464778853629e-24
1.0310310871696704e-24
1.028969285556851e-24
1.0268562209564543e-24
1.0246872911682213e-24
1.0224581421219267e-24
1.0201646710828851e-24
1.0178030352007194e-24
1.0153696658726505e-24
1.0128612894999513e-24
1.01027495533926e-24
1.0076080712925937e-24
1.0048584486443097e-24
1.002024356944095e-24
9.991045904569533e-25
9.960985478596317e-25
9.930063271644861e-25
9.898288382038663e-25
9.865679354188215e-25
9.832265741756675e-25
9.798089943926227e-25
9.763209359093416e-25
9.727698907865352e-25
9.691653985952928e-25
9.655193917591455e-25
9.618465991578734e-25
9.581650175007092e-25
9.544964614290965e-25
9.508672049117354e-25
9.473087282224638e-25
9.438585866039781e-25
9.405614185379219e-25
9.374701132441167e-25
9.34647158435686e-25
9.321661902007282e-25
9.301137668094475e-25
9.28591386789296e-25
9.277177681948973e-25
9.27631399951088e-25
9.284933667693896e-25
9.304904358138233e-25
9.338383756945554e-25
9.387854567323812e-25
9.456160569109212e-25
9.546542728917559e-25
9.662674136297858e-25
9.808692401830346e-25
9.989228136544567e-25
1.02094282546675e-24
1.047497305330758e-24
1.0792086157825315e-24
1.1167536149350247e-24
1.1608627476280161e-24
1.2123175339437161e-24
1.271945366141001e-24
1.340609584305034e-24
1.4191913467923266e-24
1.508557714292477e-24
1.6095075486376854e-24
1.722683405299762e-24
1.8484342068106476e-24
1.9866119114731126e-24
2.136289572229251e-24
2.295405173187786e-24
2.4603750017011035e-24
2.6257882192283897e-24
2.784377691392911e-24
2.9275064742555476e-24
3.0463183855641993e-24
3.1334098678610783e-24
3.184493773723547e-24
3.19934987684209e-24
3.1816373716232775e-24
3.137729560698234e-24
3.0751644076502327e-24
3.0013081854764768e-24
2.9225320824362125e-24
2.843895422678139e-24
2.769174847677411e-24
2.701064850267146e-24
2.6414256581605062e-24
2.5915117771086667e-24
2.5521553905188135e-24
2.523901513636193e-24
2.5071017949571846e-24
2.5019767662637545e-24
2.5086559363517698e-24
2.527203463768708e-24
2.5576352075443563e-24
2.599931153793956e-24
2.654045707667192e-24
2.7199171763646155e-24
2.7974769521642454e-24
2.8866584035272757e-24
2.987405240357959e-24
3.0996790641282744e-24
3.223465871148355e-24
3.358781384955686e-24
3.505675206706689e-24
3.664233864663955e-24
3.834582905173491e-24
4.016888198254796e-24
4.211356636978518e-24
4.418236398876692e-24
4.6378169169127185e-24
4.870428682700842e-24
5.11644297959664e-24
5.376271620314587e-24
5.6503667440113226e-24
5.939220711650369e-24
6.243366125785407e-24
6.563375991278637e-24
6.899864026405629e-24
7.253485128797394e-24
7.62493599727458e-24
8.014955908453049e-24
8.42432764572617e-24
8.853878577608568e-24
9.304481882258764e-24
9.777057915149379e-24
1.0272575717202301e-23
1.0792054661184933e-23
1.133656623471227e-23
1.1907235958778594e-23
1.2505245441325827e-23
1.3131834565932031e-23
1.378830381625044e-23
1.4476016737354884e-23
1.519640253563301e-23
1.5950958819330237e-23
1.6741254482269433e-23
1.756893273366223e-23
1.8435714277293475e-23
1.9343400643691502e-23
2.0293877679200824e-23
2.1289119196159143e-23
2.2331190788626142e-23
2.3422253818350706e-23
2.456456957585983e-23
2.5760503621744226e-23
2.7012530313361474e-23
2.8323237522317554e-23
2.969533154819408e-23
3.1131642234059397e-23
3.2635128289362174e-23
3.4208882825809334e-23
3.5856139111826724e-23
3.7580276551140983e-23
3.9384826890925003e-23
4.12734806648158e-23
4.325009387591967e-23
4.531869492468518e-23
4.7483491786231773e-23
