3.030992428043947e-24
3.031577380752902e-24
3.0321819754908784e-24
3.0328000047055144e-24
3.0334259525612947e-24
3.0340549248364173e-24
3.034682585198837e-24
3.0353050973056352e-24
3.035919072213303e-24
3.036521520628931e-24
3.0371098095669462e-24
3.0376816230176956e-24
3.038234926260309e-24
3.038767933490572e-24
3.0392790784552457e-24
3.0397669878160695e-24
3.040230456988652e-24
3.0406684282233313e-24
3.0410799707158238e-24
3.041464262554041e-24
3.0418205743237594e-24
3.0421482542123588e-24
3.0424467144651258e-24
3.0427154190581627e-24
3.0429538724649435e-24
3.043161609409416e-24
3.0433381854996493e-24
3.043483168650707e-24
3.0435961312144225e-24
3.0436766427359297e-24
3.0437242632677365e-24
3.0437385371789314e-24
3.0437189873954594e-24
3.0436651100239234e-24
3.0435763693076012e-24
3.043452192863514e-24
3.043291967170846e-24
3.043095033260349e-24
3.0428606825770133e-24
3.0425881529828963e-24
3.0422766248635044e-24
3.04192521732341e-24
3.041532984426365e-24
3.0410989114744288e-24
3.040621911287856e-24
3.0401008204763525e-24
3.0395343956738115e-24
3.0389213097215754e-24
3.0382601477762684e-24
3.037549403336304e-24
3.036787474151414e-24
3.035972658023575e-24
3.0351031484602644e-24
3.034177030175613e-24
3.033192274431858e-24
3.0321467341761223e-24
3.0310381390115893e-24
3.029864089920845e-24
3.0286220537869257e-24
3.027309357657676e-24
3.025923182749812e-24
3.024460558196173e-24
3.0229183544902268e-24
3.0212932766078622e-24
3.0195818568667893e-24
3.0177804473689864e-24
3.0158852121625076e-24
3.013892118966452e-24
3.0117969305634452e-24
3.0095951957472887e-24
3.007282239844283e-24
3.0048531547987368e-24
3.0023027887898407e-24
2.9996257353632613e-24
2.9968163220372716e-24
2.9938685983686075e-24
2.9907763235281054e-24
2.9875329532003397e-24
2.9841316259487728e-24
2.9805651489412635e-24
2.9768259830063173e-24
2.9729062270318746e-24
2.968797601619023e-24
2.964491432091129e-24
2.959978630631292e-24
2.9552496777282687e-24
2.9502946028093922e-24
2.9451029639083267e-24
2.93966382671057e-24
2.9339657424691913e-24
2.9279967252457844e-24
2.9217442279209026e-24
2.9151951177196134e-24
2.9083356503021492e-24
2.9011514432134122e-24
2.893627448341481e-24
2.8857479232261807e-24
2.87749640182739e-24
2.8688556638874698e-24
2.85980770399615e-24
2.8503336994360014e-24
2.840413977655849e-24
2.830027983000639e-24
2.819154243137021e-24
2.8077703354766033e-24
2.795852853245947e-24
2.783377372539037e-24
2.7703184198044455e-24
2.7566494413276936e-24
2.7423427739588192e-24
2.727369619818861e-24
2.711700024201729e-24
2.6953028598244823e-24
2.678145817353121e-24
2.6601954060875104e-24
2.641416965301675e-24
2.6217746935892645e-24
2.6012316948710536e-24
2.579750052668131e-24
2.5572909350609335e-24
2.5338147413983044e-24
2.5092813039449973e-24
2.4836501544940546e-24
2.4568808818864868e-24
2.4289336016168955e-24
2.399769571919931e-24
2.3693520002730346e-24
2.3376471008915556e-24
2.3046254767932465e-24
2.2702639348161756e-24
2.2345478740818255e-24
2.197474434871855e-24
2.1590566759965385e-24
2.119329134130009e-24
2.0783552603858756e-24
2.036237420011399e-24
1.9931304019124427e-24
1.94925975823717e-24
1.904946792760748e-24
1.860642689788152e-24
1.8169751529938895e-24
1.774811944859237e-24
1.7353467838197654e-24
1.7002137706454762e-24
1.6716360551435464e-24
1.6526116008263312e-24
1.647132302291432e-24
1.66042291307376e-24
1.6991800502902385e-24
1.77180594830613e-24
1.888689351141975e-24
2.0626856630822777e-24
2.310019500784357e-24
2.651687629521995e-24
3.114614775982004e-24
3.72883003919562e-24
4.507592164441993e-24
5.3791576000340416e-24
6.069769620973755e-24
6.1916494234359624e-24
5.719351064802386e-24
5.009678235464738e-24
4.339552762982584e-24
3.798608979031078e-24
3.390244366382054e-24
3.096562300189919e-24
2.8992670423318045e-24
2.7836503764695205e-24
2.7380731018186913e-24
2.7528791888630512e-24
2.8197283418066864e-24
2.9313750050663296e-24
3.0816650490943186e-24
3.2655534090504447e-24
3.4790579271220096e-24
3.71914907784407e-24
3.983606360964494e-24
4.2708715066942645e-24
4.579916118438318e-24
4.91013126269855e-24
5.261239462532884e-24
5.6332266325581845e-24
6.02629033188568e-24
6.4408009767829966e-24
6.877273026048772e-24
7.336343591642192e-24
7.81875689669205e-24
8.325352930928897e-24
8.857059429979772e-24
9.414886333802242e-24
9.999922143192322e-24
1.0613331736832192e-23
1.125635540202293e-23
1.1930308729435509e-23
1.2636583366467636e-23
1.3376648226607523e-23
1.4152051487104772e-23
1.4964422763237741e-23
1.5815475876141099e-23
1.670701186333373e-23
1.7640922513830158e-23
