3.0328239102791884e-24
3.033496361728152e-24
3.0341924693772574e-24
3.0349062198473378e-24
3.0356323004121148e-24
3.0363660293235096e-24
3.0371032925368733e-24
3.0378404862805504e-24
3.0385744649586875e-24
3.0393024939174105e-24
3.040022206641733e-24
3.0407315659884407e-24
3.0414288290912387e-24
3.0421125156065605e-24
3.04278137899659e-24
3.043434380571546e-24
3.044070666038872e-24
3.044689544327407e-24
3.045290468476236e-24
3.0458730183961597e-24
3.046436885328623e-24
3.046981857842949e-24
3.047507809226737e-24
3.0480146861373795e-24
3.048502498394872e-24
3.048971309806511e-24
3.0494212299243206e-24
3.0498524066448748e-24
3.05026501956989e-24
3.0506592740523903e-24
3.0510353958616468e-24
3.051393626404731e-24
3.051734218449279e-24
3.052057432296429e-24
3.052363532358642e-24
3.0526527840994165e-24
3.0529254512984616e-24
3.053181793606639e-24
3.0534220643601513e-24
3.0536465086255453e-24
3.053855361449311e-24
3.0540488462895215e-24
3.0542271736075286e-24
3.054390539600795e-24
3.0545391250594383e-24
3.0546730943304253e-24
3.054792594374942e-24
3.0548977539058604e-24
3.0549886825934375e-24
3.0550654703282316e-24
3.0551281865312566e-24
3.0551768795024096e-24
3.055211575799231e-24
3.055232279637624e-24
3.055238972308575e-24
3.055231611603986e-24
3.0552101312459477e-24
3.0551744403139754e-24
3.0551244226657933e-24
3.055059936346377e-24
3.054980812981752e-24
3.0548868571531417e-24
3.0547778457482306e-24
3.0546535272859098e-24
3.054513621211476e-24
3.054357817159445e-24
3.054185774180941e-24
3.0539971199334444e-24
3.053791449830146e-24
3.0535683261468634e-24
3.0533272770841737e-24
3.0530677957830323e-24
3.0527893392917512e-24
3.0524913274826926e-24
3.0521731419169396e-24
3.0518341246557075e-24
3.0514735770171286e-24
3.0510907582766926e-24
3.050684884311227e-24
3.050255126184696e-24
3.0498006086758124e-24
3.04932040874678e-24
3.0488135539528184e-24
3.0482790207930734e-24
3.0477157330029048e-24
3.0471225597885155e-24
3.046498314005207e-24
3.0458417502809543e-24
3.0451515630873355e-24
3.0444263847608173e-24
3.043664783477783e-24
3.0428652611879805e-24
3.0420262515106954e-24
3.041146117601113e-24
3.040223149992868e-24
3.039255564426305e-24
3.038241499672321e-24
3.037179015363388e-24
3.0360660898452187e-24
3.0349006180654724e-24
3.0336804095167086e-24
3.0324031862553694e-24
3.0310665810202275e-24
3.029668135477486e-24
3.0282052986246362e-24
3.0266754253880785e-24
3.0250757754560513e-24
3.0234035123929076e-24
3.0216557030879736e-24
3.019829317599496e-24
3.0179212294619695e-24
3.015928216534707e-24
3.013846962481823e-24
3.011674058981327e-24
3.0094060087811823e-24
3.0070392297299782e-24
3.0045700599304556e-24
3.001994764184586e-24
2.9993095419179927e-24
2.9965105368045334e-24
2.993593848331957e-24
2.9905555455922274e-24
2.987391683612338e-24
2.984098322588294e-24
2.9806715504322943e-24
2.9771075091041275e-24
2.97340242525602e-24
2.9695526458038917e-24
2.9655546791117983e-24
2.961405242586078e-24
2.957101317571196e-24
2.952640212586493e-24
2.948019636066893e-24
2.9432377799559936e-24
2.938293415683583e-24
2.9331860042689056e-24
2.9279158225712634e-24
2.9224841079549795e-24
2.9168932240015762e-24
2.911146850262175e-24
2.905250199461823e-24
2.8992102660858953e-24
2.8930361108015626e-24
2.88673918582949e-24
2.8803337070768495e-24
2.873837079658865e-24
2.8672703843670184e-24
2.860658933596269e-24
2.8540329064380034e-24
2.8474280738715457e-24
2.840886626226791e-24
2.834458116752894e-24
2.828200536395843e-24
2.822181536598352e-24
2.8164798184526917e-24
2.8111867079304178e-24
2.806407938121528e-24
2.802265660385413e-24
2.798900706492444e-24
2.7964751234254503e-24
2.7951750007248795e-24
2.7952136076158642e-24
2.796834851764388e-24
2.800317064768652e-24
2.805977110269869e-24
2.8141747981063216e-24
2.8253175743019123e-24
2.8398654402922827e-24
2.858336039954111e-24
2.881309838308967e-24
2.9094353092024922e-24
2.9434340504640123e-24
2.98410576330009e-24
3.032333070234216e-24
3.0890862083213488e-24
3.155427722905331e-24
3.2325174007491344e-24
3.321617810379204e-24
3.424100951053056e-24
3.541456633685814e-24
3.675303301373346e-24
3.827402031785527e-24
3.999674423770316e-24
4.194224941175305e-24
4.4133680444757255e-24
4.6596600598074e-24
4.935935136077773e-24
5.245343741736564e-24
5.591390705671143e-24
5.977967560083655e-24
6.409370341997556e-24
6.890288339912712e-24
7.425740508284402e-24
8.020923060163845e-24
8.680912761676015e-24
9.410145119958387e-24
1.0211557485347151e-23
1.1085264255160086e-23
1.2026641345090938e-23
1.3023793830417631e-23
1.4054648180145177e-23
