1.7362853350894505e-24
1.7289446616706366e-24
1.722224116107949e-24
1.7160730565029193e-24
1.7104446259877025e-24
1.7052955188521043e-24
1.700585753355858e-24
1.6962784523485168e-24
1.692339632552214e-24
1.6887380031410813e-24
1.6854447740382195e-24
1.682433474169604e-24
1.679679779771398e-24
1.6771613527023513e-24
1.6748576886280026e-24
1.6727499748374886e-24
1.6708209574019084e-24
1.669054817324893e-24
1.6674370553014124e-24
1.6659543846729124e-24
1.6645946321582288e-24
1.663346645923764e-24
1.6622002105616322e-24
1.6611459685511584e-24
1.6601753477826608e-24
1.6592804947390674e-24
1.6584542129475385e-24
1.6576899063238406e-24
1.6569815270594384e-24
1.6563235277084982e-24
1.6557108171645955e-24
1.655138720221474e-24
1.6546029404433714e-24
1.6540995260799192e-24
1.6536248387827562e-24
1.6531755248984119e-24
1.6527484891200681e-24
1.6523408703136783e-24
1.6519500193238176e-24
1.651573478604076e-24
1.6512089635066236e-24
1.6508543450974728e-24
1.650507634355348e-24
1.650166967644473e-24
1.649830593337809e-24
1.6494968594998024e-24
1.6491642025173542e-24
1.6488311366141307e-24
1.6484962441486346e-24
1.6481581666297683e-24
1.647815596387336e-24
1.647467268826789e-24
1.6471119552141452e-24
1.6467484559449776e-24
1.6463755942342446e-24
1.6459922102018411e-24
1.6455971552958985e-24
1.64518928702535e-24
1.6447674639672742e-24
1.6443305410058707e-24
1.6438773647999344e-24
1.6434067694161264e-24
1.6429175721274413e-24
1.6424085693511393e-24
1.6418785327005612e-24
1.641326205109169e-24
1.640750297075876e-24
1.6401494829175557e-24
1.6395223970927905e-24
1.6388676305425992e-24
1.6381837270645369e-24
1.637469179641697e-24
1.6367224268072752e-24
1.6359418489670195e-24
1.6351257646694221e-24
1.6342724268818548e-24
1.633380019144203e-24
1.632446651739302e-24
1.6314703577331989e-24
1.6304490889730587e-24
1.6293807119951317e-24
1.6282630038482485e-24
1.6270936478222916e-24
1.6258702291015749e-24
1.624590230293392e-24
1.6232510268661946e-24
1.6218498825101532e-24
1.6203839443888457e-24
1.6188502382594265e-24
1.6172456635811796e-24
1.6155669884667072e-24
1.6138108445575035e-24
1.6119737219090106e-24
1.6100519637468248e-24
1.6080417612251605e-24
1.6059391480919092e-24
1.6037399955195235e-24
1.601440006850411e-24
1.599034712398592e-24
1.5965194645229688e-24
1.5938894325798328e-24
1.591139598512872e-24
1.5882647523405985e-24
1.5852594882097962e-24
1.5821182009652694e-24
1.5788350830687812e-24
1.575404122613578e-24
1.5718191017288417e-24
1.5680735962787753e-24
1.5641609770570845e-24
1.5600744117843879e-24
1.5558068695679252e-24
1.551351126989761e-24
1.5466997769034954e-24
1.541845239983446e-24
1.5367797798779524e-24
1.5314955224929145e-24
1.5259844796948213e-24
1.520238579041616e-24
1.5142496999391282e-24
1.5080097177251696e-24
1.5015105569755194e-24
1.4947442555053513e-24
1.4877030413000675e-24
1.4803794243927922e-24
1.4727663068908377e-24
1.4648571134504405e-24
1.4566459471170687e-24
1.4481277739667955e-24
1.4392986438132353e-24
1.430155950017897e-24
1.4206987403019347e-24
1.41092808350011e-24
1.400847506293401e-24
1.3904635107393676e-24
1.3797861862885312e-24
1.3688299379149445e-24
1.3576143462752629e-24
1.3461651835257383e-24
1.334515614960421e-24
1.3227076099709307e-24
1.3107935984788625e-24
1.2988384007652626e-24
1.2869214611664033e-24
1.275139410870406e-24
1.2636089628426414e-24
1.252470126175919e-24
1.24188968101939e-24
1.2320647773963779e-24
1.2232264513202358e-24
1.2156426777254975e-24
1.2096204171305755e-24
1.2055058577613396e-24
1.2036817803995003e-24
1.2045606843489718e-24
1.2085720727799075e-24
1.2161422346157218e-24
1.2276651156391479e-24
1.243463686407596e-24
1.2637427203436957e-24
1.2885362928268864e-24
1.317656758152703e-24
1.3506555486494696e-24
1.3868097548042307e-24
1.4251494922689399e-24
1.464537721278916e-24
1.503803978272222e-24
1.5419175006223052e-24
1.5781673825798395e-24
1.6123071877133127e-24
1.6446260900671182e-24
1.675929014418725e-24
1.7074351314799448e-24
1.740626252565354e-24
1.7770831077399752e-24
1.8183422153860857e-24
1.865791635091174e-24
1.9206106351854684e-24
1.983748585522288e-24
2.055933449378158e-24
2.137699215639272e-24
2.229423011116985e-24
2.331364669725351e-24
2.4437038800991828e-24
2.5665724681326245e-24
2.7000805688147607e-24
2.84433682675986e-24
2.99946327727274e-24
3.1656057625130824e-24
3.342940903356928e-24
3.5316806072501e-24
3.732074643837172e-24
3.944411993736718e-24
4.169021564333383e-24
4.406272296834472e-24
4.656573131188466e-24
4.920372851688956e-24
5.198160074001173e-24
5.490463241911537e-24
5.797850808749272e-24
6.1209316085184955e-24
