1.8549872981620483e-12
1.806412904137439e-12
1.7628601047077808e-12
1.7224056774537057e-12
1.6860083544042784e-12
1.652793713253371e-12
1.6226191726797924e-12
1.5947968777192077e-12
1.5698829525239828e-12
1.5471437137663979e-12
1.5268717445353926e-12
1.5077945371852929e-12
1.490402167170393e-12
1.4747775136172862e-12
1.4604847548593056e-12
1.4472739105900391e-12
1.4357422656436026e-12
1.4252519281095687e-12
1.415436995415148e-12
1.406393291282731e-12
1.3984501345890164e-12
1.3910660708239139e-12
1.3843486306681912e-12
1.3784870651367073e-12
1.3729139194233318e-12
1.3679943260817069e-12
1.3633343558836273e-12
1.359309699685946e-12
1.3555417906235038e-12
1.3521580220723306e-12
1.3492407113291784e-12
1.3464905154345149e-12
1.34391153842839e-12
1.341602423986729e-12
1.339496994218066e-12
1.3376507209636883e-12
1.335988866455486e-12
1.3344814346513731e-12
1.3330646363618058e-12
1.3318127023745895e-12
1.3306596359257484e-12
1.329759094193516e-12
1.3288378950399326e-12
1.3279663565784365e-12
1.3271848114803096e-12
1.3265122013518698e-12
1.3259684676730413e-12
1.3255194713500252e-12
1.3249014694910343e-12
1.3245406224270358e-12
1.3239980356991915e-12
1.323737332765747e-12
1.3234313832751249e-12
1.3231160116475078e-12
1.3229383983156998e-12
1.32271567042804e-12
1.3224929177968761e-12
1.3222747734967674e-12
1.3221883825007546e-12
1.3220519131389846e-12
1.3219181202147246e-12
1.3218466247732042e-12
1.3217198914408143e-12
1.3216383067304868e-12
1.3216073988802874e-12
1.3214972258291086e-12
1.3214890025811093e-12
1.3214437714246193e-12
1.3214078805274092e-12
1.3213413002711351e-12
1.3213376595226041e-12
1.3213918338081156e-12
1.3212884862803247e-12
1.3212281557780995e-12
1.3212566668141935e-12
1.3212902317996525e-12
1.3212605255839092e-12
1.3212344111934738e-12
1.3212974802674332e-12
1.3212333744750912e-12
1.321271240683519e-12
1.3212833380845359e-12
1.3213283023622523e-12
1.3213106834741107e-12
1.3213091470460965e-12
1.3212996086041467e-12
1.3213266386252906e-12
1.3213288634300276e-12
1.3213624536137697e-12
1.3213794902275142e-12
1.3213730285740033e-12
1.3214236918021845e-12
1.3214051313787768e-12
1.3214182557431827e-12
1.3214268504353104e-12
1.3214132105616074e-12
1.3214371736858088e-12
1.3214587910180222e-12
1.3214773845775503e-12
1.3214769106815145e-12
1.3214656317642169e-12
1.321511618722996e-12
1.321493967453261e-12
1.3215319491337008e-12
1.3215160341036993e-12
1.3215511821827007e-12
1.3215258065745457e-12
1.3215472824983519e-12
1.3215548798790004e-12
1.3215724161380762e-12
1.321589261416386e-12
1.3215868026243486e-12
1.321567629632245e-12
1.3215834519934539e-12
1.321575173822646e-12
1.3215828856388612e-12
1.321614470850235e-12
1.3216108731617863e-12
1.3216314086278725e-12
1.3216247586863869e-12
1.3216324455195838e-12
1.32163230220489e-12
1.3216337120869992e-12
1.321666626669345e-12
1.321648856885007e-12
1.3216587476064997e-12
1.3216496318452937e-12
1.3216648417466399e-12
1.3216737721199117e-12
1.3216773314819108e-12
1.3216813344522595e-12
1.3216791134347908e-12
1.3216842842343783e-12
1.3216759659956915e-12
1.3216821732431568e-12
1.3216893348693633e-12
1.321694496093619e-12
1.3217081181005378e-12
1.3216974490908292e-12
1.3217073817447905e-12
1.3216996590236215e-12
1.321704380938618e-12
1.3217078413328858e-12
1.3217170840408517e-12
1.321722936605959e-12
1.321717436423835e-12
1.3217195892786581e-12
1.3217174420243527e-12
1.3217269948546583e-12
1.3217217663714718e-12
1.3217274783134317e-12
1.3217244195302826e-12
1.3217330758405973e-12
1.3217274556581499e-12
1.3217215143556444e-12
1.321730204396429e-12
1.3217294370886416e-12
1.3217264398088071e-12
1.3217317146386852e-12
1.3217367019027348e-12
1.3217284793057576e-12
1.321737456282227e-12
1.321732327016644e-12
1.3217366897409592e-12
1.3217403772051821e-12
1.3217480506806115e-12
1.32174738315351e-12
1.3217382193901955e-12
1.32174087079835e-12
1.3217407660085934e-12
1.3217431354210249e-12
1.3217401031082988e-12
1.321746590269402e-12
1.321743391923234e-12
1.3217415795304923e-12
1.3217405499600034e-12
1.321744920964874e-12
1.3217442110135227e-12
1.3217421878393836e-12
1.3217470042649735e-12
1.3217426496921629e-12
1.3217482642471617e-12
1.3217443133615258e-12
1.3217442953237843e-12
1.32174604115641e-12
1.3217403904954143e-12
1.3217395156419316e-12
1.3217419500896935e-12
1.3217404826380422e-12
1.3217434647873438e-12
1.3217433116892159e-12
1.3217427272713194e-12
1.3217398699431877e-12
1.3217415796337142e-12
1.3217395183307254e-12
1.321736758887557e-12
1.3217404820965362e-12
1.3217383707552016e-12
1.321738920828045e-12
1.3217370309070863e-12
1.3217384882591475e-12
