2.119307038697693e-23
2.119331031143083e-23
2.119353701973136e-23
2.1193750977505994e-23
2.119395262467679e-23
2.1194142376280222e-23
2.11943206232376e-23
2.119448773308378e-23
2.1194644050661444e-23
2.1194789898766675e-23
2.119492557875997e-23
2.1195051371140137e-23
2.1195167536074114e-23
2.1195274313893035e-23
2.11953719255517e-23
2.1195460573047632e-23
2.119554043980895e-23
2.119561169104397e-23
2.119567447405447e-23
2.1195728918516603e-23
2.1195775136728585e-23
2.119581322381559e-23
2.1195843257914707e-23
2.1195865300309292e-23
2.1195879395548685e-23
2.1195885571513026e-23
2.1195883839467066e-23
2.1195874194054173e-23
2.1195856613284896e-23
2.1195831058469838e-23
2.119579747412446e-23
2.1195755787845916e-23
2.1195705910143214e-23
2.1195647734247292e-23
2.1195581135863764e-23
2.1195505972914398e-23
2.1195422085217582e-23
2.1195329294155205e-23
2.1195227402273178e-23
2.119511619286977e-23
2.1194995429516067e-23
2.1194864855581108e-23
2.1194724193632412e-23
2.119457314489998e-23
2.1194411388596417e-23
2.1194238581250912e-23
2.1194054355988345e-23
2.119385832170963e-23
2.119365006231837e-23
2.119342913577852e-23
2.119319507320736e-23
2.1192947377866274e-23
2.1192685524113776e-23
2.119240895628181e-23
2.119211708749756e-23
2.119180929842242e-23
2.1191484935966495e-23
2.119114331188683e-23
2.1190783701308008e-23
2.1190405341200654e-23
2.1190007428766377e-23
2.1189589119715414e-23
2.1189149526483542e-23
2.1188687716352514e-23
2.118820270946868e-23
2.1187693476726632e-23
2.118715893764109e-23
2.118659795802638e-23
2.1186009347556124e-23
2.1185391857286994e-23
2.1184744177005797e-23
2.1184064932368904e-23
2.118335268206859e-23
2.1182605914730423e-23
2.1181823045737728e-23
2.1181002413830787e-23
2.1180142277545176e-23
2.1179240811622703e-23
2.1178296102998686e-23
2.1177306146850928e-23
2.1176268842231823e-23
2.117518198772759e-23
2.117404327664218e-23
2.117285029225482e-23
2.117160050247399e-23
2.1170291254633564e-23
2.116891976987866e-23
2.116748313693468e-23
2.1165978306342458e-23
2.1164402083716416e-23
2.1162751122983797e-23
2.1161021919340537e-23
2.115921080158838e-23
2.1157313924813614e-23
2.1155327261429837e-23
2.115324659333049e-23
2.115106750255268e-23
2.1148785361831645e-23
2.1146395325003868e-23
2.1143892316398312e-23
2.1141271020131867e-23
2.1138525868909576e-23
2.1135651031841e-23
2.1132640402462509e-23
2.1129487585276606e-23
2.1126185882184644e-23
2.1122728278674103e-23
2.1119107428141242e-23
2.1115315636599387e-23
2.1111344846448515e-23
2.11071866186152e-23
2.1102832115135106e-23
2.10982720800556e-23
2.10934968198183e-23
2.1088496182058208e-23
2.1083259534088688e-23
2.107777574058933e-23
2.107203313970687e-23
2.1066019516864478e-23
2.1059722080913584e-23
2.1053127433117657e-23
2.104622154370427e-23
2.103898971674926e-23
2.1031416560986712e-23
2.1023485956899063e-23
2.1015181021832996e-23
2.1006484072546932e-23
2.0997376589655875e-23
2.0987839176133134e-23
2.097785151470552e-23
2.096739232747415e-23
2.09564393277423e-23
2.0944969170461323e-23
2.0932957407603127e-23
2.0920378428229448e-23
2.090720541019897e-23
2.0893410257514863e-23
2.0878963541627145e-23
2.0863834439878843e-23
2.0847990666657536e-23
2.0831398402427036e-23
2.0814022225234147e-23
2.079582503418485e-23
2.0776767965723655e-23
2.075681031082603e-23
2.0735909431892208e-23
2.0714020669020253e-23
2.0691097240955706e-23
2.0667090151537058e-23
2.0641948078808886e-23
2.0615617267387703e-23
2.0588041424407343e-23
2.055916157680841e-23
2.0528915973838106e-23
2.0497239938390103e-23
2.0464065740393658e-23
2.0429322455547923e-23
2.0392935818597955e-23
2.0354828066577026e-23
2.0314917786676753e-23
2.0273119751819694e-23
2.022934475146815e-23
2.0183499418638505e-23
2.0135486060692185e-23
2.0085202442163043e-23
2.003254165078368e-23
1.9977391855176138e-23
1.9919636147080034e-23
1.9859152357881703e-23
1.9795812817737636e-23
1.9729484209265667e-23
1.9660027424093294e-23
1.9587297302016954e-23
1.9511142540451319e-23
1.9431405568697016e-23
1.9347922408608797e-23
1.926052260823185e-23
1.9169029283011076e-23
1.9073259070919267e-23
1.8973022371631082e-23
1.8868123380313385e-23
1.8758360740700613e-23
1.8643527758870855e-23
1.8523413354107028e-23
1.8397802915149507e-23
1.8266479738989117e-23
1.812922665662563e-23
1.7985828430128054e-23
1.783607460274465e-23
1.7679763380495394e-23
1.751670656350259e-23
1.7346735692956457e-23
1.716971043368137e-23
1.698552858998724e-23
1.6794140048754394e-23
1.6595563419670102e-23
1.6389908819939108e-23
1.6177406483178412e-23
1.5958444275574817e-23
1.573361627022483e-23
1.5503786686108517e-23
