1.4643591803038941e-24
1.4334170785443221e-24
1.4043980944567798e-24
1.3772005800504123e-24
1.3517266523770049e-24
1.327882154126666e-24
1.3055766193002801e-24
1.2847232413629693e-24
1.2652388415025584e-24
1.2470438348937285e-24
1.2300621931881831e-24
1.2142214017982392e-24
1.199452410899495e-24
1.1856895794331708e-24
1.1728706117269317e-24
1.1609364866636979e-24
1.1498313796027497e-24
1.1395025774911715e-24
1.1299003877928256e-24
1.1209780420071535e-24
1.1126915946514764e-24
1.1049998186425156e-24
1.0978640980387571e-24
1.0912483191009355e-24
1.0851187605979389e-24
1.0794439842357173e-24
1.0741947260220924e-24
1.0693437893054637e-24
1.0648659401446509e-24
1.0607378055835448e-24
1.0569377753215912e-24
1.053445907190707e-24
1.0502438367734673e-24
1.0473146914279623e-24
1.044643008920628e-24
1.0422146608128156e-24
1.040016780697039e-24
1.038037697337291e-24
1.036266872732352e-24
1.0346948450924444e-24
1.0333131766966124e-24
1.0321144065810992e-24
1.0310920079964464e-24
1.0302403505629543e-24
1.0295546670497949e-24
1.0290310247020356e-24
1.0286663010413933e-24
1.0284581640703077e-24
1.028405056814798e-24
1.028506186148258e-24
1.0287615158464192e-24
1.02917176383215e-24
1.0297384035774281e-24
1.0304636696381014e-24
1.0313505673052801e-24
1.032402886363824e-24
1.0336252189545842e-24
1.035022981540658e-24
1.0366024409804724e-24
1.0383707447097971e-24
1.0403359550319301e-24
1.0425070875084624e-24
1.0448941534334262e-24
1.0475082063587258e-24
1.0503613926203916e-24
1.0534670057909931e-24
1.056839544954522e-24
1.0604947766648937e-24
1.0644498004085467e-24
1.0687231173445398e-24
1.0733347020426056e-24
1.0783060768810509e-24
1.0836603887020957e-24
1.0894224872541094e-24
1.0956190048777232e-24
1.1022784368194395e-24
1.1094312214819073e-24
1.1171098198487098e-24
1.1253487932543365e-24
1.134184878611919e-24
1.1436570601636098e-24
1.1538066367870956e-24
1.164677283878618e-24
1.1763151088426761e-24
1.1887686992544318e-24
1.2020891628249902e-24
1.2163301583946386e-24
1.2315479173053564e-24
1.2478012546592863e-24
1.2651515701541184e-24
1.2836628383929632e-24
1.3034015887898764e-24
1.3244368754247394e-24
1.346840237432446e-24
1.3706856507312837e-24
1.3960494720913827e-24
1.423010376706644e-24
1.4516492905501608e-24
1.482049318856345e-24
1.5142956720752702e-24
1.548475590582734e-24
1.5846782693021559e-24
1.6229947832040725e-24
1.6635180144023207e-24
1.706342581270109e-24
1.7515647696667743e-24
1.7992824660071985e-24
1.849595091536876e-24
1.9026035368051274e-24
1.9584100949747535e-24
2.0171183922736664e-24
2.0788333135954753e-24
2.1436609209985464e-24
2.211708362636569e-24
2.2830837694885667e-24
2.3578961371354452e-24
2.4362551897588296e-24
2.518271223511046e-24
2.6040549264218335e-24
2.693717172064783e-24
2.7873687843042232e-24
2.885120270575066e-24
2.987081521319967e-24
3.093361473412592e-24
3.2040677356407642e-24
3.319306174602731e-24
3.4391804596961085e-24
3.563791566243655e-24
3.693237236218264e-24
3.8276113964958816e-24
3.967003535089341e-24
4.111498036398037e-24
4.261173477151842e-24
4.4161018854359644e-24
4.5763479659512495e-24
4.7419682954961175e-24
4.913010493543555e-24
5.089512373721899e-24
5.2715010829862005e-24
5.4589922362673705e-24
5.651989055399325e-24
5.850481522123791e-24
6.054445555935532e-24
6.263842228434228e-24
6.478617026650601e-24
6.698699178494175e-24
6.92400105398072e-24
7.15441765620863e-24
7.389826216127962e-24
7.630085904947052e-24
7.875037677524682e-24
8.124504259267323e-24
8.378290287882438e-24
8.636182619814874e-24
8.897950809319753e-24
9.163347765916735e-24
9.432110593454784e-24
9.703961611234783e-24
9.978609554648316e-24
1.0255750949658796e-23
1.0535071652261115e-23
1.0816248540890093e-23
1.1098951346707595e-23
1.1382844603874529e-23
1.166758969939918e-23
1.1952847000048313e-23
1.2238278032167901e-23
1.2523547689172097e-23
1.2808326440953045e-23
1.3092292519567835e-23
1.3375134056286448e-23
1.365655114639641e-23
1.393625782004746e-23
1.4213983899788867e-23
1.448947672826035e-23
1.4762502752629763e-23
1.503284895575103e-23
1.5300324127526112e-23
1.5564759973503702e-23
1.582601206123636e-23
1.608396060825051e-23
1.6338511118594678e-23
1.658959487774447e-23
1.6837169318114745e-23
1.708121826952499e-23
1.732175211066221e-23
1.7558807838882628e-23
1.7792449076599953e-23
1.8022766033035043e-23
1.8249875440288036e-23
1.8473920482558338e-23
1.8695070736937398e-23
1.8913522143549607e-23
1.9129497021980094e-23
1.9343244149928952e-23
1.9555038918902793e-23
1.9765183580540519e-23
1.9974007595880208e-23
2.018186809853695e-23
2.0389150481396585e-23
2.0596269115035202e-23
