1.2783669700969411e-21
1.316794860735048e-21
1.3576029166066969e-21
1.4008398972910257e-21
1.4465568442350015e-21
1.494807002823471e-21
1.5456457410353138e-21
1.5991304642267878e-21
1.6553205261443987e-21
1.714277136186129e-21
1.7760632628350844e-21
1.840743533405008e-21
1.9083841307851175e-21
1.9790526859142988e-21
2.0528181685877466e-21
2.1297507747541503e-21
2.2099218120960955e-21
2.2934035844962298e-21
2.380269274465661e-21
2.4705928268384838e-21
2.5644488315639526e-21
2.661912408679229e-21
2.7630590949371105e-21
2.8679647343986913e-21
2.9767053717925296e-21
3.0893571520137262e-21
3.2059962254794635e-21
3.326698659744232e-21
3.451540360481481e-21
3.580597000794604e-21
3.713943960170682e-21
3.8516562750874306e-21
3.993808601995284e-21
4.1404751901543454e-21
4.2917298706833594e-21
4.4476460572584375e-21
4.608296763104442e-21
4.773754629100709e-21
4.944091969374116e-21
5.1193808317911825e-21
5.2996930698720356e-21
5.485100432141458e-21
5.675674664468659e-21
5.871487623889749e-21
6.0726114095015294e-21
6.279118500506194e-21
6.491081907438616e-21
6.708575336304993e-21
6.931673352318575e-21
7.160451566640668e-21
7.394986813981964e-21
7.635357345162456e-21
7.88164302318007e-21
8.133925515312702e-21
8.392288500083241e-21
8.656817857659191e-21
8.927601878119864e-21
9.204731448494794e-21
9.488300255735788e-21
9.778404972393187e-21
1.0075145444817703e-20
1.0378624872788776e-20
1.0688949988995848e-20
1.100623121705767e-20
1.1330582846961573e-20
1.1662123178689027e-20
1.2000974668959691e-20
1.2347264082102848e-20
1.2701122594335205e-20
1.306268595344243e-20
1.3432094548099905e-20
1.3809493569634595e-20
1.4195033057046432e-20
1.4588868012812058e-20
1.4991158486719996e-20
1.5402069667398152e-20
1.58217719060196e-20
1.625044081679998e-20
1.6688257341895338e-20
1.7135407765070776e-20
1.759208378311388e-20
1.8058482513357708e-20
1.85348066048279e-20
1.9021264134471516e-20
1.9518068772848313e-20
2.002543967111278e-20
2.0543601647885158e-20
2.1072784937394064e-20
2.1613225442400795e-20
2.2165164621485733e-20
2.2728849472623412e-20
2.3304532515481658e-20
2.389247186663991e-20
2.4492931149506993e-20
2.5106179329878596e-20
2.573249094548499e-20
2.6372145974911797e-20
2.7025429620342246e-20
2.769263238890229e-20
2.837405021280577e-20
2.906998384663554e-20
2.9780739304596034e-20
3.0506627771360244e-20
3.1247964890294854e-20
3.2005071326646544e-20
3.277827236473189e-20
3.3567897558667576e-20
3.4374281071715256e-20
3.5197760860890426e-20
3.603867935514856e-20
3.68973822641542e-20
3.777421891162786e-20
3.86695414791809e-20
3.958370625981739e-20
4.051707109219397e-20
4.146999642612577e-20
4.244284526248856e-20
4.3435980763094194e-20
4.444976953020279e-20
4.548457717280272e-20
4.654076936038647e-20
4.761871305599338e-20
4.8718772869212913e-20
4.9841312105184805e-20
5.09866943580768e-20
5.215527732879944e-20
5.3347416007806244e-20
5.456346282706101e-20
5.580376238760822e-20
5.706865582223679e-20
5.835847589364896e-20
5.967354736296876e-20
6.101418707524366e-20
6.238070382742281e-20
6.377338661017307e-20
6.519252472315794e-20
6.66383814446066e-20
6.81112082557064e-20
6.961125051669487e-20
7.11387216060608e-20
7.269381856346233e-20
7.427672300770142e-20
7.58875898462305e-20
7.752653936834807e-20
7.91936927893983e-20
8.088911757990554e-20
8.261285199587837e-20
8.436492744341682e-20
8.614530111645816e-20
8.795393418139229e-20
8.979072045488087e-20
9.165552317232298e-20
9.354817606401882e-20
9.546844245121629e-20
9.741606170293129e-20
9.939071196864756e-20
1.0139202391517011e-19
1.0341959730328512e-19
1.0547292589927522e-19
1.0755152003669293e-19
1.0965474940723143e-19
1.1178198860509966e-19
1.1393250786918128e-19
1.1610554687682876e-19
1.1830023568685066e-19
1.2051575745506255e-19
1.227511013335835e-19
1.2500517228646755e-19
1.2727707292010238e-19
1.2956542143963973e-19
1.318689627639771e-19
1.3418666345432067e-19
1.3651690900826596e-19
1.388585456044716e-19
1.412095556800251e-19
1.4356914384710566e-19
1.459351257101935e-19
1.4830573404213657e-19
1.5067991800750442e-19
1.5305554758563309e-19
1.5543103942365463e-19
1.5780409512911326e-19
1.6017256285893885e-19
1.625352813675472e-19
1.648908897912803e-19
1.6723571855724475e-19
1.6956883310511522e-19
1.7188903759837591e-19
1.7419271090503762e-19
1.7647757095274724e-19
1.787441410119756e-19
1.8098746588549002e-19
1.8320789517402666e-19
1.8540297356947407e-19
1.8756874808290835e-19
1.8970598088850323e-19
1.9181096127238825e-19
1.9388221381583744e-19
1.9592048264665965e-19
1.9791966278034682e-19
1.99882147522841e-19
