4.873679910227416e-24
4.874708345796208e-24
4.8757007880002724e-24
4.876657665162697e-24
4.877579478962474e-24
4.8784667922651266e-24
4.87932021826393e-24
4.880140410803148e-24
4.880928055766589e-24
4.881683863425854e-24
4.882408561652249e-24
4.8831028899054476e-24
4.883767593920203e-24
4.8844034210195446e-24
4.8850111159899956e-24
4.8855914174600285e-24
4.886145054728856e-24
4.8866727449975306e-24
4.8871751909587335e-24
4.887653078706263e-24
4.888107075928222e-24
4.888537830352063e-24
4.888945968412236e-24
4.889332094114086e-24
4.889696788070401e-24
4.890040606688833e-24
4.890364081491128e-24
4.890667718546193e-24
4.890951998001519e-24
4.891217373698394e-24
4.891464272858108e-24
4.891693095827382e-24
4.891904215872492e-24
4.892097979012572e-24
4.8922747038834685e-24
4.892434681624377e-24
4.892578175780148e-24
4.892705422213104e-24
4.8928166290182966e-24
4.89291197643737e-24
4.8929916167659826e-24
4.89305567425071e-24
4.8931042449715536e-24
4.893137396706359e-24
4.893155168774199e-24
4.89315757185469e-24
4.893144587780439e-24
4.893116169300639e-24
4.893072239813126e-24
4.893012693063277e-24
4.8929373928077234e-24
4.892846172441336e-24
4.892738834585889e-24
4.892615150639186e-24
4.8924748602832426e-24
4.892317670950629e-24
4.892143257247893e-24
4.8919512603353436e-24
4.8917412872623814e-24
4.891512910257963e-24
4.891265665975707e-24
4.8909990546934155e-24
4.8907125394669275e-24
4.8904055452384276e-24
4.890077457899428e-24
4.889727623309084e-24
4.889355346268384e-24
4.888959889451504e-24
4.8885404722955025e-24
4.888096269849934e-24
4.887626411588803e-24
4.887129980186866e-24
4.8866060102636896e-24
4.886053487098692e-24
4.885471345321297e-24
4.884858467581247e-24
4.8842136832042356e-24
4.88353576683956e-24
4.882823437107116e-24
4.882075355252036e-24
4.88129012381665e-24
4.8804662853408936e-24
4.879602321103458e-24
4.878696649917733e-24
4.877747626998974e-24
4.876753542920284e-24
4.8757126226782986e-24
4.874623024891228e-24
4.873482841155586e-24
4.872290095590618e-24
4.8710427446032816e-24
4.869738676910498e-24
4.868375713860388e-24
4.866951610099013e-24
4.865464054633624e-24
4.863910672352494e-24
4.862289026064211e-24
4.860596619132752e-24
4.858830898786145e-24
4.856989260193422e-24
4.855069051410841e-24
4.853067579311511e-24
4.850982116626365e-24
4.8488099102395985e-24
4.846548190898268e-24
4.844194184513801e-24
4.841745125254782e-24
4.839198270655008e-24
4.836550918983512e-24
4.833800429155119e-24
4.830944243493903e-24
4.82797991369337e-24
4.8249051303621564e-24
4.8217177565889086e-24
4.8184158660097795e-24
4.814997785917058e-24
4.811462146013546e-24
4.807807933490105e-24
4.8040345551749346e-24
4.800141907594257e-24
4.7961304558978425e-24
4.792001322676597e-24
4.787756387861813e-24
4.783398401008271e-24
4.778931107411338e-24
4.774359389700536e-24
4.769689426706018e-24
4.764928871618418e-24
4.760087051702641e-24
4.7551751920419365e-24
4.750206666096593e-24
4.7451972761403505e-24
4.740165566981214e-24
4.735133176716136e-24
4.730125228679231e-24
4.725170769068124e-24
4.720303255291886e-24
4.715561100469374e-24
4.71098827989434e-24
4.7066350059104085e-24
4.702558478005046e-24
4.698823715303392e-24
4.695504479254534e-24
4.692684294323136e-24
4.6904575748595975e-24
4.688930866483169e-24
4.688224209731167e-24
4.688472633816202e-24
4.689827787023771e-24
4.6924597094938285e-24
4.696558751907297e-24
4.702337641819992e-24
4.7100336955956434e-24
4.719911170841224e-24
4.732263749230697e-24
4.747417134039067e-24
4.765731741412673e-24
4.7876054576255414e-24
4.813476427728658e-24
4.8438258360513625e-24
4.879180633346571e-24
4.920116163139574e-24
4.9672586415414536e-24
5.021287447079308e-24
5.082937191957383e-24
5.152999559079935e-24
5.2323249164321925e-24
5.321823751797734e-24
5.4224680065814126e-24
5.5352924335677044e-24
5.661396145532414e-24
5.8019445680406286e-24
5.958172050707675e-24
6.131385418648666e-24
6.322968778836954e-24
6.534389899913054e-24
6.767208493229339e-24
7.023086718160145e-24
7.30380222706651e-24
7.61126406552307e-24
7.947531740875017e-24
8.314837794982431e-24
8.715614246342203e-24
9.15252331743477e-24
9.628492941548556e-24
1.0146757627303028e-23
1.071090537389009e-23
1.1324931437822669e-23
1.1993299893152462e-23
1.2721013999878537e-23
1.3513696483356737e-23
1.437768082079661e-23
1.532011438390611e-23
1.6349073994028153e-23
1.7473693409865102e-23
1.8704300767487087e-23
2.0052561115295302e-23
2.153161452707403e-23
2.3156192435240226e-23
2.4942682049997095e-23
2.690908953118684e-23
