1.607531256548915e-23
1.6079522795952515e-23
1.6083466485465988e-23
1.6087151935038018e-23
1.60905869036191e-23
1.6093778624045832e-23
1.6096733817916085e-23
1.6099458709421972e-23
1.610195903816679e-23
1.610424007098539e-23
1.6106306612798827e-23
1.6108163016511455e-23
1.6109813191980928e-23
1.6111260614070082e-23
1.611250832979427e-23
1.6113558964585002e-23
1.6114414727676305e-23
1.6115077416624173e-23
1.6115548420963664e-23
1.611582872502232e-23
1.6115918909874076e-23
1.6115819154461978e-23
1.6115529235865397e-23
1.6115048528736446e-23
1.6114376003876338e-23
1.6113510225973343e-23
1.611244935048567e-23
1.6111191119657938e-23
1.610973285765808e-23
1.6108071464862339e-23
1.6106203411200185e-23
1.6104124728637502e-23
1.6101831002695868e-23
1.6099317363046954e-23
1.609657847314862e-23
1.609360851886342e-23
1.609040119611347e-23
1.6086949697445278e-23
1.608324669756651e-23
1.6079284337777044e-23
1.607505420924923e-23
1.6070547335156485e-23
1.6065754151623634e-23
1.6060664487364574e-23
1.6055267542097182e-23
1.604955186358456e-23
1.604350532330921e-23
1.6037115090700353e-23
1.6030367605867684e-23
1.602324855082259e-23
1.6015742819008413e-23
1.600783448323699e-23
1.5999506761869887e-23
1.5990741983067978e-23
1.5981521547346006e-23
1.597182588800438e-23
1.596163442950736e-23
1.5950925543823453e-23
1.5939676504385516e-23
1.5927863437832326e-23
1.591546127320249e-23
1.5902443688704386e-23
1.5888783055627795e-23
1.5874450379749455e-23
1.5859415239457212e-23
1.584364572123148e-23
1.5827108351625765e-23
1.5809768026081988e-23
1.5791587934190346e-23
1.5772529481365105e-23
1.5752552206640745e-23
1.5731613696547137e-23
1.5709669494688094e-23
1.568667300711219e-23
1.566257540301233e-23
1.563732551048357e-23
1.5610869707680388e-23
1.5583151808202947e-23
1.5554112941232638e-23
1.5523691426071724e-23
1.5491822640207482e-23
1.5458438881313136e-23
1.542346922264311e-23
1.5386839361268976e-23
1.5348471459101452e-23
1.5308283976551337e-23
1.5266191497280356e-23
1.522210454570967e-23
1.517592939468096e-23
1.5127567864529377e-23
1.5076917111985903e-23
1.5023869408622975e-23
1.496831191007048e-23
1.4910126411326158e-23
1.4849189092423627e-23
1.4785370251075567e-23
1.4718534021390018e-23
1.4648538079355787e-23
1.457523333417729e-23
1.449846360362965e-23
1.441806527248861e-23
1.4333866936738957e-23
1.4245689024761286e-23
1.415334340518047e-23
1.4056632969786874e-23
1.3955351197077818e-23
1.3849281692016126e-23
1.3738197703006947e-23
1.3621861610478154e-23
1.3500024389016704e-23
1.3372425039180468e-23
1.3238789987262687e-23
1.3098832449346342e-23
1.2952251756965588e-23
1.2798732643556454e-23
1.2637944481958828e-23
1.2469540471551388e-23
1.229315677463521e-23
1.2108411574877086e-23
1.1914904080212943e-23
1.1712213430582123e-23
1.149989751328315e-23
1.127749165518314e-23
1.1044507193810355e-23
1.0800429865782405e-23
1.0544717994078107e-23
1.0276800423775347e-23
9.996074117141202e-24
9.70190132757302e-24
9.393606210617352e-24
9.07047065276519e-24
8.73172906891615e-24
8.376561699692448e-24
8.004085783728307e-24
7.613343585165962e-24
7.203285664768899e-24
6.77274677298282e-24
6.32040988771045e-24
5.844750611999694e-24
5.343947736400355e-24
4.815733075065202e-24
4.257127518686305e-24
3.663955788929741e-24
3.0299303136712486e-24
2.3450761028200058e-24
1.596220292434011e-24
8.514487882716647e-25
1.55261959400366e-24
9.208286904393797e-24
1.66834608545833e-24
9.229728710783252e-25
1.816655651357655e-24
2.8037272011245428e-24
3.7989935994468486e-24
4.81455940396047e-24
5.8608434661119196e-24
6.944979806886227e-24
8.072213019060056e-24
9.246771844548012e-24
1.0472342806690195e-23
1.1752331761754588e-23
1.3090015079274158e-23
1.448863172117424e-23
1.5951442398798183e-23
1.7481769584465543e-23
1.9083026332122244e-23
2.0758738133829822e-23
2.2512560347076334e-23
2.4348293122130617e-23
2.6269894365075988e-23
2.8281491963416953e-23
3.0387395138988404e-23
3.259210568502565e-23
3.4900329117094615e-23
3.7316985672377177e-23
3.9847221881057106e-23
4.249642209767896e-23
4.5270220491698076e-23
4.817451349327749e-23
5.121547276028183e-23
5.439955846410366e-23
5.773353327702441e-23
6.122447695189947e-23
6.487980163021418e-23
6.870726772266846e-23
7.271500013164218e-23
7.691150641088751e-23
8.130569402912273e-23
8.590689029823256e-23
9.07248616937163e-23
9.576983478818705e-23
1.010525185562011e-22
1.065841263746644e-22
1.1237640105777786e-22
1.1844163924365882e-22
1.2479271793351693e-22
1.314431219093028e-22
1.3840697316894426e-22
1.4569906016763653e-22
1.5333487134861944e-22
1.6133062689041142e-22
