3.63309470317221e-24
3.6725499723806676e-24
3.7101565013345914e-24
3.745988741794846e-24
3.780118043733429e-24
3.812612715231681e-24
3.843538089955937e-24
3.872956599965399e-24
3.9009278520646086e-24
3.927508706278154e-24
3.952753355312931e-24
3.9767134041035414e-24
3.9994379487230225e-24
4.020973654089139e-24
4.041364830015651e-24
4.060653505257502e-24
4.0788794992722536e-24
4.096080491488389e-24
4.112292087917235e-24
4.127547884991697e-24
4.141879530541615e-24
4.155316781848241e-24
4.1678875607381695e-24
4.1796180056925886e-24
4.190532520964907e-24
4.200653822705829e-24
4.210002982104062e-24
4.2185994655576576e-24
4.226461171890396e-24
4.233604466636288e-24
4.240044213408807e-24
4.2457938023803845e-24
4.250865175885422e-24
4.255268851171726e-24
4.259013940311245e-24
4.2621081672861955e-24
4.264557882259502e-24
4.2663680730359226e-24
4.267542373718233e-24
4.268083070554283e-24
4.267991104970671e-24
4.2672660737825444e-24
4.265906226562659e-24
4.263908460148605e-24
4.261268310265344e-24
4.257979940227176e-24
4.254036126685273e-24
4.249428242376688e-24
4.2441462358272196e-24
4.238178607952109e-24
4.231512385497301e-24
4.224133091251362e-24
4.2160247109583484e-24
4.207169656854343e-24
4.197548727742082e-24
4.187141065515196e-24
4.175924108040089e-24
4.1638735382940706e-24
4.15096322965851e-24
4.137165187262102e-24
4.1224494852646786e-24
4.1067841999738894e-24
4.09013533868974e-24
4.072466764170031e-24
4.0537401146236066e-24
4.03391471914299e-24
4.012947508506513e-24
3.990792921301509e-24
3.967402805348154e-24
3.942726314444038e-24
3.916709800501964e-24
3.889296701220595e-24
3.860427423518386e-24
3.830039223070787e-24
3.79806608044887e-24
3.764438574535992e-24
3.729083754158875e-24
3.691925009176569e-24
3.652881942692482e-24
3.6118702465820665e-24
3.5688015832237075e-24
3.523583477230578e-24
3.476119222161437e-24
3.426307808758809e-24
3.3740438833291025e-24
3.3192177476432836e-24
3.2617154154408036e-24
3.2014187456309126e-24
3.1382056791137285e-24
3.071950615538037e-24
3.0025249793568465e-24
2.929798042833397e-24
2.853638099607643e-24
2.7739141196707392e-24
2.690498070734594e-24
2.6032681707205457e-24
2.5121134552436798e-24
2.4169402246625084e-24
2.3176812135940714e-24
2.2143087613074134e-24
2.10685395359629e-24
1.9954348229144026e-24
1.8802985147715376e-24
1.761885317803349e-24
1.640927332915628e-24
1.5186022695849686e-24
1.3967739575016565e-24
1.2783628973434971e-24
1.1678862711487759e-24
1.0721302440085022e-24
1.0006346155553118e-24
9.650876851937618e-25
9.764880710874958e-25
1.0408032799165107e-24
1.1568880216520157e-24
1.3187595320719119e-24
1.5193908224447733e-24
1.752982911620723e-24
2.0155186642304393e-24
2.304531770545579e-24
2.6187170568249222e-24
2.957602585596198e-24
3.32131909188049e-24
3.710449269698403e-24
4.125933207157212e-24
4.569011522479908e-24
5.041193781649715e-24
5.544244303007577e-24
6.0801804835294144e-24
6.651280743557193e-24
7.260100463242214e-24
7.909495141045908e-24
8.602650614564672e-24
9.343120657036102e-24
1.0134872671478896e-23
1.0982342599554538e-23
1.1890500583872823e-23
1.286492940687825e-23
1.3911918314735573e-23
1.503857556527461e-23
1.625296397161549e-23
1.7564264922446257e-23
1.8982977948052093e-23
2.0521165010196343e-23
2.21927515241889e-23
2.401389995967408e-23
2.6003477128270363e-23
2.818364356115306e-23
3.0580603615376355e-23
3.3225569493800067e-23
3.615601331821432e-23
3.941731202545419e-23
4.3064935335315697e-23
4.716739570852234e-23
5.181028478364701e-23
5.710188624538612e-23
6.318111980329452e-23
7.022900380343396e-23
7.848554786053715e-23
8.82752250913437e-23
1.0004633605825258e-22
1.1443341076704386e-22
1.3235859009014328e-22
1.551994511238685e-22
1.8506670926460843e-22
2.2523564832819343e-22
2.8061821404997596e-22
3.5706266077032756e-22
4.531568505955244e-22
5.317553151117606e-22
5.246134960124082e-22
4.482516113242364e-22
3.6744087075913787e-22
3.045184402326428e-22
2.5830602201851506e-22
2.2409108702555316e-22
1.981366724577595e-22
1.7792789035606716e-22
1.6181056482158125e-22
1.4868199964316177e-22
1.3778962996774644e-22
1.286066614056e-22
1.2075525164676596e-22
1.1395824536531282e-22
1.0800816302083544e-22
1.0274680388583575e-22
9.805152248355604e-23
9.382579615003027e-23
8.999261278381042e-23
8.648975071575746e-23
8.326635271735218e-23
8.028040109209852e-23
7.749683061728868e-23
7.488609994911415e-23
7.242309725063057e-23
7.008629269746608e-23
6.785707560106791e-23
6.571923120318917e-23
6.365852431839243e-23
6.166236560766438e-23
5.971954245917461e-23
