1.2748979612073118e-21
1.3130921776016842e-21
1.3536483724558458e-21
1.3966140106705977e-21
1.4420387637189351e-21
1.4899744294434686e-21
1.5404748485133174e-21
1.5935958173303496e-21
1.649394997412244e-21
1.7079318212816592e-21
1.769267394918714e-21
1.833464396982934e-21
1.9005869749356032e-21
1.9707006384380313e-21
2.0438721503082196e-21
2.1201694155773603e-21
2.199661368907923e-21
2.28241786124799e-21
2.3685095461845387e-21
2.4580077667122695e-21
2.550984443146338e-21
2.647511963253997e-21
2.7476630751741413e-21
2.8515107841280494e-21
2.9591282541234405e-21
3.0705887151634533e-21
3.1859653773567624e-21
3.30533135271367e-21
3.428759585666065e-21
3.556322793074002e-21
3.688093414874732e-21
3.8241435758882915e-21
3.964545059910468e-21
4.109369296299549e-21
4.258687360047597e-21
4.412569985546357e-21
4.571087594390738e-21
4.734310337537735e-21
4.9023081519212425e-21
5.0751508312158544e-21
5.2529081106067745e-21
5.435649766101469e-21
5.623445725703486e-21
5.8163661950368724e-21
6.014481793708694e-21
6.217863703169482e-21
6.426583825330834e-21
6.640714950005191e-21
6.860330929981022e-21
7.085506865897981e-21
7.316319291475998e-21
7.552846371893464e-21
7.795168097241049e-21
8.043366483533468e-21
8.29752577469969e-21
8.557732643047182e-21
8.824076389438346e-21
9.09664914532459e-21
9.375546064922345e-21
9.660865522734346e-21
9.952709298604657e-21
1.0251182763139165e-20
1.0556395063734205e-20
1.0868459287957075e-20
1.1187492638095456e-20
1.1513616589261235e-20
1.1846957052430938e-20
1.2187644513483985e-20
1.2535814180156478e-20
1.2891606133466737e-20
1.3255165433414446e-20
1.3626642259518036e-20
1.400619203423095e-20
1.4393975528942726e-20
1.4790158976074227e-20
1.5194914167668865e-20
1.5608418618868268e-20
1.6030855544133796e-20
1.6462414069103627e-20
1.6903289267424793e-20
1.73536822551305e-20
1.7813800302397237e-20
1.8283856921073567e-20
1.8764071859131046e-20
1.9254671427195765e-20
1.975588824031619e-20
2.0267961601811938e-20
2.0791137595386217e-20
2.1325668674772972e-20
2.1871814579994037e-20
2.2429841652273718e-20
2.300002372429104e-20
2.3582641137039578e-20
2.4177982020322672e-20
2.4786341211893882e-20
2.540802159360392e-20
2.6043333269315378e-20
2.6692594129140152e-20
2.7356129459198635e-20
2.803427294157097e-20
2.872736615476784e-20
2.943575861175509e-20
3.015980753303484e-20
3.089987890393829e-20
3.1656348420317143e-20
3.2429598236306955e-20
3.322002036385674e-20
3.402801665511042e-20
3.485399585203368e-20
3.569837724278245e-20
3.6561589324297146e-20
3.7444069319364303e-20
3.834626533309324e-20
3.926863230342192e-20
4.0211641752858397e-20
4.117576647893027e-20
4.216149603022405e-20
4.316932603963897e-20
4.419976591787977e-20
4.525333185008709e-20
4.6330556314196277e-20
4.743197927359809e-20
4.8558154672899706e-20
4.970963847424776e-20
5.0887009154984127e-20
5.2090851059273394e-20
5.332176397019984e-20
5.458035700592e-20
5.586724416855806e-20
5.718306989166685e-20
5.852846453171453e-20
5.990410215790473e-20
6.131063180378204e-20
6.274875186025409e-20
6.421915932588017e-20
6.57225427457155e-20
6.725964007318501e-20
6.883118391143232e-20
7.043789635207815e-20
7.208053684652738e-20
7.375992409983974e-20
7.547677937539238e-20
7.723192746423449e-20
7.902616726497095e-20
8.086033479972934e-20
8.273524073666842e-20
8.465171071803785e-20
8.661067514067302e-20
8.86129149837979e-20
9.065935901492429e-20
9.275088006842948e-20
9.488838405962267e-20
9.707275104254624e-20
9.930493183851309e-20
1.0158586293234053e-19
1.0391645359215701e-19
1.0629768874258423e-19
1.087304689981706e-19
1.112157456963638e-19
1.137545295327379e-19
1.163478055038468e-19
1.1899634047441338e-19
1.2170150793938238e-19
1.244638308256867e-19
1.2728480124405104e-19
1.3016491324169161e-19
1.3310524528577197e-19
1.3610685701115402e-19
1.391707666593461e-19
1.4229782501736687e-19
1.4548908307235694e-19
1.487449948913987e-19
1.5206711725386524e-19
1.5545619079853005e-19
1.5891288416239873e-19
1.624377590685274e-19
1.660324923160151e-19
1.6969751880264029e-19
1.7343343166688877e-19
1.772409014726056e-19
1.8112078009105553e-19
1.8507334605828207e-19
1.8910002698101332e-19
1.932017813794222e-19
1.9737792497671087e-19
2.0162769910097053e-19
2.0595374815678547e-19
2.103561408145979e-19
2.1483568797681749e-19
2.1938687832774484e-19
2.240180918173838e-19
2.287266817388102e-19
2.3350889510113406e-19
2.383693525241707e-19
2.4330158451497605e-19
2.483136095487645e-19
2.533998163515815e-19
2.585591333681791e-19
2.6378672139015666e-19
2.69094784232271e-19
2.744754816436374e-19
