6.0250338570226305e-22
6.089474209427103e-22
6.167274318133178e-22
6.258600832713426e-22
6.363649274724714e-22
6.48264446780013e-22
6.615841031550721e-22
6.7635239404745865e-22
6.926009149211714e-22
7.103644285654379e-22
7.296809413580079e-22
7.50591786662749e-22
7.731417155647731e-22
7.973789951566371e-22
8.23355514625345e-22
8.511268993689303e-22
8.807526334551944e-22
9.122961907064006e-22
9.458251747026514e-22
9.814114680912627e-22
1.0191313915417175e-21
1.0590658727450956e-21
1.1013006258733336e-21
1.1459263419552347e-21
1.1930388906341995e-21
1.2427395338217948e-21
1.2951351517873423e-21
1.3503384822593135e-21
1.408468373147474e-21
1.4696500495434595e-21
1.5340153956878283e-21
1.6017032526427757e-21
1.67285973245627e-21
1.747638549644755e-21
1.8262013708890333e-21
1.9087181838842537e-21
1.9953676863362464e-21
2.0863376961916066e-21
2.181825584219094e-21
2.2820387301537703e-21
2.3871950037040318e-21
2.4975232717656592e-21
2.6132639333385528e-21
2.734669483656135e-21
2.8620051092292483e-21
2.9955493155326038e-21
3.1355945892719266e-21
3.282448097151412e-21
3.4364324234245425e-21
3.597886348381165e-21
3.767165670326424e-21
3.944644073613764e-21
4.13071404557996e-21
4.325787845317014e-21
4.530298527570739e-21
4.744701025120939e-21
4.969473293404874e-21
5.20511752125972e-21
5.452161412062415e-21
5.711159539758148e-21
5.982694784760693e-21
6.267379854763841e-21
6.565858896242805e-21
6.878809202659447e-21
7.206943025700806e-21
7.551009496796693e-21
7.911796666098808e-21
8.290133667208663e-21
8.686893016250966e-21
9.102993054620009e-21
9.539400545391052e-21
9.997133434315502e-21
1.0477263786950096e-20
1.0980920914403369e-20
1.1509294701284957e-20
1.2063639150176468e-20
1.2645276158335466e-20
1.3255599543364071e-20
1.3896079335641816e-20
1.4568266357150548e-20
1.527379710700618e-20
1.6014398976269515e-20
1.679189581536631e-20
1.7608213879825146e-20
1.8465388180881803e-20
1.9365569270346198e-20
2.0311030489256858e-20
2.130417571335822e-20
2.2347547628561674e-20
2.3443836572445305e-20
2.4595889977621863e-20
2.5806722456465986e-20
2.707952656425973e-20
2.841768428149773e-20
2.9824779252856595e-20
3.130460982136523e-20
3.2861202892268564e-20
3.4498828658524155e-20
3.6222016212649416e-20
3.8035570062323875e-20
3.994458755623639e-20
4.19544772088363e-20
4.407097789443848e-20
4.630017885494979e-20
4.864854042625323e-20
5.112291535105153e-20
5.37305704830826e-20
5.647920861877008e-20
5.937699010508449e-20
6.243255375450142e-20
6.565503646275962e-20
6.905409075245045e-20
7.26398992481904e-20
7.642318483371889e-20
8.041521491944294e-20
8.462779787097401e-20
8.907326917796898e-20
9.376446441769623e-20
9.871467538811604e-20
1.0393758508852768e-19
1.0944717632176247e-19
1.1525760780495053e-19
1.2138305058887958e-19
1.2783747659889136e-19
1.3463439003379175e-19
1.4178649151383183e-19
1.4930526434373531e-19
1.5720047221222007e-19
1.654795585948112e-19
1.7414694030318885e-19
1.8320319161766468e-19
1.9264412196904326e-19
2.0245975942773432e-19
2.1263326541005935e-19
2.2313982258180555e-19
2.339455582148774e-19
2.450065878081999e-19
2.5626828617451366e-19
2.676649122295852e-19
2.791197236113321e-19
2.9054571235054915e-19
3.0184706722465007e-19
3.129214179201407e-19
3.2366284042538413e-19
3.339655093503264e-19
3.4372778203542468e-19
3.5285641111150667e-19
3.612705267776483e-19
3.6890502253927965e-19
3.757130281523278e-19
3.8166725378270024e-19
3.8676012311576687e-19
3.9100275463979566e-19
3.944229730017511e-19
3.970626166187241e-19
3.989744436729022e-19
4.0021892908258985e-19
4.008612005505477e-19
4.0096829608896994e-19
4.0060685583433433e-19
3.9984129545633643e-19
3.987324576037062e-19
3.9733670086963773e-19
3.9570536524735877e-19
3.938845434692007e-19
3.9191508826136737e-19
3.898327912318952e-19
3.8766867841644376e-19
3.85449377444062e-19
3.8319752159624944e-19
3.80932164641235e-19
3.786691879856288e-19
3.7642168801509404e-19
3.742003359069292e-19
3.720137059308768e-19
3.698685707593797e-19
3.677701641442891e-19
3.657224122718147e-19
3.637281360628897e-19
3.61789226798475e-19
3.599067978514633e-19
3.58081315036336e-19
3.5631270817958693e-19
3.54600466187177e-19
3.529437178049359e-19
3.513412999324407e-19
3.4979181529790225e-19
3.4829368084471263e-19
3.4684516833316902e-19
3.4544443814454903e-19
3.4408956737178246e-19
3.4277857300785133e-19
3.4150943098479387e-19
3.402800916891709e-19
3.390884924700461e-19
3.3793256761905674e-19
3.3681025623040486e-19
3.3571950819998815e-19
3.3465828873350287e-19
3.336245815277719e-19
3.3261639087454653e-19
