1.6932188047405903e-23
1.6932128076330403e-23
1.6932066302736237e-23
1.693200255157274e-23
1.6931936647469556e-23
1.6931868414022204e-23
1.6931797673108377e-23
1.6931724244225035e-23
1.6931647943847617e-23
1.693156858480489e-23
1.693148597566619e-23
1.6931399920139883e-23
1.6931310216477648e-23
1.6931216656883326e-23
1.693111902692305e-23
1.6931017104935688e-23
1.693091066143778e-23
1.6930799458524417e-23
1.6930683249261525e-23
1.693056177706817e-23
1.693043477508636e-23
1.6930301965537808e-23
1.693016305906232e-23
1.6930017754039766e-23
1.6929865735891044e-23
1.692970667635509e-23
1.6929540232747598e-23
1.6929366047182467e-23
1.6929183745779117e-23
1.6928992937825592e-23
1.692879321491903e-23
1.692858415006774e-23
1.692836529675606e-23
1.692813618797435e-23
1.6927896335197576e-23
1.692764522733602e-23
1.6927382329625898e-23
1.692710708248007e-23
1.6926818900279562e-23
1.6926517170123648e-23
1.692620125050865e-23
1.692587046996034e-23
1.6925524125595256e-23
1.6925161481618965e-23
1.692478176775598e-23
1.6924384177604968e-23
1.692396786692759e-23
1.6923531951842934e-23
1.6923075506942675e-23
1.692259756332886e-23
1.692209710655292e-23
1.6921573074454086e-23
1.6921024354892377e-23
1.6920449783418495e-23
1.691984814075075e-23
1.6919218150214505e-23
1.6918558475040472e-23
1.6917867715482112e-23
1.6917144405894324e-23
1.6916387011576258e-23
1.691559392554813e-23
1.6914763465104944e-23
1.6913893868282477e-23
1.6912983290067038e-23
1.6912029798524738e-23
1.6911031370670227e-23
1.6909985888199392e-23
1.6908891132939486e-23
1.6907744782211322e-23
1.690654440382391e-23
1.690528745097104e-23
1.690397125679962e-23
1.6902593028721832e-23
1.690114984253624e-23
1.6899638636184547e-23
1.6898056203250062e-23
1.6896399186125787e-23
1.689466406899673e-23
1.689284717019332e-23
1.6890944634536024e-23
1.6888952425025566e-23
1.68868663143938e-23
1.6884681875973376e-23
1.688239447436284e-23
1.6879999255689833e-23
1.687749113708654e-23
1.6874864796072976e-23
1.687211465909138e-23
1.686923488981896e-23
1.6866219376641468e-23
1.6863061719646212e-23
1.6859755217242635e-23
1.6856292851635793e-23
1.6852667273997373e-23
1.6848870788888425e-23
1.6844895337800267e-23
1.6840732482201757e-23
1.6836373385387843e-23
1.683180879374507e-23
1.682702901709154e-23
1.682202390802539e-23
1.6816782840300925e-23
1.6811294686304515e-23
1.6805547793139036e-23
1.6799529958227423e-23
1.6793228402661115e-23
1.6786629744929906e-23
1.6779719971166635e-23
1.6772484406461806e-23
1.6764907682898004e-23
1.6756973707172426e-23
1.6748665625589725e-23
1.6739965788810868e-23
1.6730855713990914e-23
1.6721316045595927e-23
1.671132651286401e-23
1.6700865888440902e-23
1.6689911941160434e-23
1.667844139023457e-23
1.6666429853572455e-23
1.6653851797176617e-23
1.6640680479710933e-23
1.662688789709581e-23
1.661244471795402e-23
1.6597320226576703e-23
1.6581482252481638e-23
1.6564897104019052e-23
1.6547529495753966e-23
1.6529342471741077e-23
1.6510297325510535e-23
1.64903535205111e-23
1.6469468597146738e-23
1.644759808845722e-23
1.6424695417588927e-23
1.64007118012629e-23
1.6375596144629839e-23
1.634929492875983e-23
1.6321752097461705e-23
1.6292908933507717e-23
1.6262703935699866e-23
1.623107267936277e-23
1.619794768324426e-23
1.616325825997516e-23
1.612693035979145e-23
1.6088886416769077e-23
1.60490451735178e-23
1.6007321501725564e-23
1.5963626230089186e-23
1.591786593262453e-23
1.5869942731100207e-23
1.5819754088943854e-23
1.576719256665591e-23
1.5712145609437313e-23
1.5654495280938667e-23
1.5594118003039381e-23
1.5530884304733585e-23
1.5464658505522696e-23
1.5395298433508193e-23
1.5322655109084044e-23
1.5246572399563773e-23
1.5166886695153806e-23
1.5083426511817278e-23
1.4996012135416675e-23
1.49044551966786e-23
1.4808558265684934e-23
1.470811438586706e-23
1.4602906624850656e-23
1.449270759183373e-23
1.437727885608069e-23
1.4256370497494672e-23
1.4129720465771438e-23
1.3997054007227326e-23
1.3858083025357163e-23
1.3712505452590118e-23
1.3560004469079795e-23
1.340024787939599e-23
1.3232887257915615e-23
1.3057557201018978e-23
1.2873874456336112e-23
1.2681437008495314e-23
1.2479823220564663e-23
1.2268590816142482e-23
1.2047275896341774e-23
1.181539185579215e-23
1.157242839087114e-23
1.1317850246796838e-23
1.1051096159975012e-23
1.0771577772969159e-23
1.0478678398315824e-23
1.0171751971070697e-23
9.850122026841675e-24
9.513080910537709e-24
9.15988914159148e-24
8.789775262140768e-24
8.401936397328815e-24
7.995540058457283e-24
7.569727177990299e-24
7.12361909682964e-24
6.656328424884004e-24
6.16697974742231e-24
5.654745137521692e-24
