5.097805446069844e-24
5.097531114474594e-24
5.097278243776912e-24
5.097045007254502e-24
5.096829733143588e-24
5.096630891160429e-24
5.096447080190691e-24
5.096277017045002e-24
5.096119526188263e-24
5.095973530357726e-24
5.09583804199274e-24
5.095712155405131e-24
5.095595039625882e-24
5.095485931868803e-24
5.095384131557516e-24
5.095288994866315e-24
5.0951999297300324e-24
5.095116391281722e-24
5.095037877680784e-24
5.0949639262970866e-24
5.094894110219914e-24
5.09482803506315e-24
5.094765336040481e-24
5.09470567528693e-24
5.094648739404858e-24
5.094594237214526e-24
5.094541897691105e-24
5.094491468071489e-24
5.0944427121157595e-24
5.094395408509389e-24
5.094349349393601e-24
5.094304339012234e-24
5.094260192464468e-24
5.094216734553875e-24
5.094173798724704e-24
5.094131226077502e-24
5.094088864456471e-24
5.094046567601777e-24
5.094004194360712e-24
5.093961607951674e-24
5.093918675276049e-24
5.0938752662728785e-24
5.093831253312027e-24
5.0937865106217195e-24
5.0937409137466164e-24
5.093694339033032e-24
5.093646663138012e-24
5.0935977625593e-24
5.093547513183483e-24
5.0934957898496166e-24
5.0934424659261455e-24
5.093387412898601e-24
5.093330499966307e-24
5.0932715936458085e-24
5.0932105573794514e-24
5.09314725114714e-24
5.0930815310797895e-24
5.0930132490727214e-24
5.092942252397683e-24
5.092868383311886e-24
5.092791478662725e-24
5.092711369486797e-24
5.0926278806020016e-24
5.09254083019128e-24
5.0924500293768856e-24
5.09235528178377e-24
5.092256383091082e-24
5.0921531205703496e-24
5.092045272609192e-24
5.091932608219388e-24
5.091814886528065e-24
5.091691856250637e-24
5.0915632551444594e-24
5.091428809441715e-24
5.091288233260377e-24
5.09114122799189e-24
5.090987481664206e-24
5.090826668278755e-24
5.090658447120073e-24
5.0904824620364684e-24
5.0902983406903525e-24
5.090105693776592e-24
5.089904114207423e-24
5.089693176262181e-24
5.08947243470019e-24
5.0892414238350734e-24
5.088999656568701e-24
5.088746623382924e-24
5.088481791287059e-24
5.088204602719327e-24
5.0879144744000005e-24
5.0876107961342854e-24
5.087292929562656e-24
5.086960206856389e-24
5.0866119293560614e-24
5.086247366150434e-24
5.0858657525933635e-24
5.085466288756156e-24
5.0850481378126786e-24
5.0846104243545916e-24
5.0841522326338846e-24
5.083672604729792e-24
5.0831705386373084e-24
5.082644986274148e-24
5.082094851403188e-24
5.0815189874672325e-24
5.080916195332922e-24
5.080285220940528e-24
5.0796247528564166e-24
5.078933419724837e-24
5.078209787615676e-24
5.077452357264908e-24
5.076659561204314e-24
5.075829760777282e-24
5.074961243037196e-24
5.074052217525462e-24
5.073100812925816e-24
5.072105073591991e-24
5.071062955945937e-24
5.069972324743764e-24
5.0688309492070744e-24
5.067636499017502e-24
5.0663865401725365e-24
5.06507853070126e-24
5.0637098162389984e-24
5.062277625460402e-24
5.060779065371227e-24
5.059211116459656e-24
5.057570627709042e-24
5.0558543114746866e-24
5.054058738228702e-24
5.052180331177971e-24
5.050215360761894e-24
5.048159939038287e-24
5.046010013967486e-24
5.0437613636072414e-24
5.0414095902330794e-24
5.038950114401878e-24
5.036378168979418e-24
5.033688793156332e-24
5.030876826480917e-24
5.027936902941865e-24
5.024863445139166e-24
5.021650658587293e-24
5.0182925262014786e-24
5.0147828030252966e-24
5.011115011266238e-24
5.0072824357156624e-24
5.003278119640043e-24
4.9990948612428384e-24
4.9947252108099665e-24
4.990161468667412e-24
4.9853956840969585e-24
4.9804196553761604e-24
4.975224931130439e-24
4.969802813211204e-24
4.964144361341988e-24
4.95824039980701e-24
4.952081526493127e-24
4.945658124637551e-24
4.938960377680204e-24
4.931978287672613e-24
4.9247016977550125e-24
4.9171203192809726e-24
4.909223764245586e-24
4.9010015837597874e-24
4.892443313411691e-24
4.883538526466832e-24
4.87427689598479e-24
4.864648267071972e-24
4.854642740650909e-24
4.8442507703078805e-24
4.8334632739859315e-24
4.822271762520936e-24
4.8106684872788724e-24
4.7986466094446245e-24
4.7862003938405604e-24
4.773325430519548e-24
4.7600188877857236e-24
4.7462798007496e-24
4.732109400024308e-24
4.717511485718549e-24
4.702492852478492e-24
4.68706377197293e-24
4.671238539897939e-24
4.655036095288428e-24
4.638480720647334e-24
4.6216028321156824e-24
4.6044398695697185e-24
4.5870372970985085e-24
4.569449724716192e-24
4.551742162311224e-24
4.533991416613221e-24
4.5162876412227096e-24
4.4987360483223194e-24
4.481458788358517e-24
4.464597000514651e-24
4.448313031932614e-24
4.432792817140208e-24
4.418248400811435e-24
4.4049205767505844e-24
