4.915171504230963e-24
4.952106392196822e-24
4.987294493848138e-24
5.0208085723172686e-24
5.052718053951927e-24
5.083089148994599e-24
5.111984969074468e-24
5.1394656412097304e-24
5.165588418098242e-24
5.1904077845667305e-24
5.213975560069405e-24
5.236340997181341e-24
5.2575508760872116e-24
5.277649595047797e-24
5.296679256882543e-24
5.314679751507776e-24
5.331688834592094e-24
5.347742202378371e-24
5.362873562754891e-24
5.377114702641078e-24
5.390495551773357e-24
5.4030442429619905e-24
5.4147871688953064e-24
5.425749035582826e-24
5.4359529124911695e-24
5.4454202794685995e-24
5.45417107051619e-24
5.462223714463138e-24
5.469595172655664e-24
5.4763009736576955e-24
5.482355245069074e-24
5.487770742497539e-24
5.4925588757054664e-24
5.496729732062922e-24
5.500292097214472e-24
5.503253473123634e-24
5.5056200934367686e-24
5.507396936258243e-24
5.508587734281277e-24
5.5091949823972026e-24
5.509219942676843e-24
5.508662646807859e-24
5.50752189603454e-24
5.5057952584164584e-24
5.5034790636188115e-24
5.500568395117963e-24
5.497057079742109e-24
5.4929376746855615e-24
5.4882014517865016e-24
5.48283837926493e-24
5.476837100586483e-24
5.470184910754079e-24
5.462867729624975e-24
5.45487007259957e-24
5.446175018152146e-24
5.436764172718275e-24
5.426617632254447e-24
5.41571394090539e-24
5.404030046444337e-24
5.391541252534042e-24
5.378221167547784e-24
5.364041650112884e-24
5.3489727511339355e-24
5.332982652168004e-24
5.316037600210202e-24
5.2981018387335144e-24
5.2791375347283576e-24
5.259104701971259e-24
5.2379611201871996e-24
5.215662250021301e-24
5.1921611439084426e-24
5.167408352660684e-24
5.141351827651866e-24
5.11393681875898e-24
5.085105767843248e-24
5.0547981979444306e-24
5.022950598050242e-24
4.9894963039174514e-24
4.95436537457299e-24
4.9174844652044904e-24
4.878776696599198e-24
4.8381615216212275e-24
4.795554589113272e-24
4.750867606847023e-24
4.704008203313834e-24
4.654879791006511e-24
4.6033814321933956e-24
4.5494077101604406e-24
4.492848607911643e-24
4.4335893994601016e-24
4.371510557916076e-24
4.306487686761511e-24
4.238391483305937e-24
4.167087744631999e-24
4.092437431140537e-24
4.014296805643681e-24
3.93251767430654e-24
3.846947762297074e-24
3.757431270305224e-24
3.663809673565389e-24
3.5659228493886464e-24
3.463610651546603e-24
3.356715100586093e-24
3.2450834292569938e-24
3.128572331181246e-24
3.0070539257027637e-24
2.88042420512674e-24
2.74861513540109e-24
2.6116122254993276e-24
2.469480447170647e-24
2.322403161581985e-24
2.170741740047885e-24
2.015128785977077e-24
1.8566168893822854e-24
1.6969201050210236e-24
1.5388091004792773e-24
1.3867485807522644e-24
1.2478574407921087e-24
1.1330684257874388e-24
1.0575863913922183e-24
1.0383847803854781e-24
1.0873349305579298e-24
1.205029935039746e-24
1.3826021879582583e-24
1.6085686344012342e-24
1.873394997418439e-24
2.1705183369099387e-24
2.4958201470127095e-24
2.8468787752094068e-24
3.222393427694255e-24
3.621803708902033e-24
4.045050148349404e-24
4.492424951032534e-24
4.964478538773143e-24
5.46196053161955e-24
5.985782268634129e-24
6.5369930657797285e-24
7.11676544705304e-24
7.726386405157194e-24
8.36725282445396e-24
9.040869883986491e-24
9.74885168028995e-24
1.049292356224956e-23
1.1274925861843116e-23
1.209681881204726e-23
1.2960688535236344e-23
1.3868754013604228e-23
1.4823375035430633e-23
1.5827061104841212e-23
1.688248136145248e-23
1.7992475545851898e-23
1.916006607335254e-23
2.0388471351263567e-23
2.168112038052248e-23
2.304166882851124e-23
2.447401667537152e-23
2.5982327665830553e-23
2.75710506311229e-23
2.924494312654639e-23
3.100909739436464e-23
3.286896912154139e-23
3.483040923922482e-23
3.689969923677335e-23
3.9083590270958115e-23
4.13893468574927e-23
4.3824795378627696e-23
4.6398378415562647e-23
4.911921555530902e-23
5.199717150127514e-23
5.504293279753396e-23
5.826809419329461e-23
6.168525626257411e-23
6.530813593911227e-23
6.915169213472708e-23
7.323226856786858e-23
7.756775709340753e-23
8.217778479707488e-23
8.708392833758757e-23
9.230996224430328e-23
9.78821442476974e-23
1.0382954839589732e-22
1.1018445115853997e-22
1.1698278407624674e-22
1.2426466455145446e-22
1.3207502146826138e-22
1.404643352636248e-22
1.4948952030701256e-22
1.592149742693402e-22
1.6971384437393334e-22
1.8106955065101603e-22
1.933776383253495e-22
2.0674803698365808e-22
2.2130783348201842e-22
2.3720470433454327e-22
2.54611176332643e-22
2.7372996710597417e-22
2.9480071684107444e-22
3.1810852650920465e-22
3.4399488969077617e-22
3.7287174181476415e-22
4.052396591661587e-22
