3.602651525664661e-23
3.6157931061351844e-23
3.6282745201450516e-23
3.640122254593509e-23
3.6513614506264577e-23
3.662015957051913e-23
3.6721083810070104e-23
3.681660135962526e-23
3.6906914872041005e-23
3.6992215948514545e-23
3.707268554528526e-23
3.714849435766592e-23
3.7219803182143995e-23
3.728676325743446e-23
3.7349516585116384e-23
3.7408196230575937e-23
3.746292660488511e-23
3.7513823728207047e-23
3.756099547540686e-23
3.760454180383186e-23
3.764455496491649e-23
3.768111969845316e-23
3.771431341145702e-23
3.7744206340934707e-23
3.7770861701559036e-23
3.7794335817869235e-23
3.781467824223619e-23
3.7831931857433343e-23
3.7846132965943814e-23
3.785731136390424e-23
3.7865490401884215e-23
3.7870687031162783e-23
3.7872911836273105e-23
3.787216905386064e-23
3.7868456577190197e-23
3.786176594785257e-23
3.785208233185404e-23
3.783938448356825e-23
3.7823644693904223e-23
3.780482872558654e-23
3.7782895732592867e-23
3.7757798165864644e-23
3.7729481663607415e-23
3.769788492633537e-23
3.766293957613394e-23
3.762457000003241e-23
3.758269317690259e-23
3.753721848719661e-23
3.748804750519069e-23
3.7435073773775e-23
3.737818255940655e-23
3.731725058889757e-23
3.725214576525534e-23
3.7182726862750515e-23
3.710884320060252e-23
3.7030334293739144e-23
3.6947029479324067e-23
3.685874751929854e-23
3.676529617736843e-23
3.666647176640556e-23
3.656205867045049e-23
3.645182883478602e-23
3.6335541223833745e-23
3.621294124974254e-23
3.608376016072789e-23
3.5947714395508814e-23
3.580450489967062e-23
3.565381639756587e-23
3.549531662442819e-23
3.532865550995346e-23
3.5153464313920054e-23
3.4969354709736714e-23
3.477591781270536e-23
3.4572723152591926e-23
3.4359317578693093e-23
3.4135224105047386e-23
3.389994068064711e-23
3.3652938887739643e-23
3.3393662557775885e-23
3.312152630422389e-23
3.283591396140412e-23
3.253617692962697e-23
3.222163241204615e-23
3.1891561540603354e-23
3.1545207384855415e-23
3.11817728273658e-23
3.08004183040861e-23
3.0400259394530793e-23
2.9980364252432074e-23
2.9539750862357926e-23
2.907738411176899e-23
2.859217266368643e-23
2.808296560747733e-23
2.754854888005767e-23
2.6987641431537046e-23
2.6398891114201245e-23
2.5780870275656556e-23
2.5132071029899472e-23
2.445090017130619e-23
2.373567371657763e-23
2.298461102614702e-23
2.2195828481281104e-23
2.136733267161456e-23
2.0497013062929627e-23
1.958263409528826e-23
1.8621826685326017e-23
1.7612079095351705e-23
1.6550727165435149e-23
1.543494393629633e-23
1.4261728792007398e-23
1.302789642690253e-23
1.1730066427526815e-23
1.036465533244247e-23
8.927876137019411e-24
7.415759677820746e-24
5.824248082468837e-24
4.149587517695929e-24
2.390668860090889e-24
5.984379831474166e-25
1.4929527089926783e-24
3.544213287674678e-24
5.723947007545494e-24
8.02757236193081e-24
1.0460908416799061e-23
1.3031666426290839e-23
1.5748548174315393e-23
1.8621094633030663e-23
2.1659691394126677e-23
2.4875625300927739e-23
2.8281166413003024e-23
3.1889668260139657e-23
3.571568511445015e-23
3.9775107257032737e-23
4.4085316418054635e-23
4.8665364425689746e-23
5.353617884529372e-23
5.872080039368048e-23
6.424465792414939e-23
7.013588793990486e-23
7.642570748271231e-23
8.314885076450494e-23
9.034408311950143e-23
9.805480822476679e-23
1.0632978936140816e-22
1.1522401042992278e-22
1.247997093181548e-22
1.3512762562929812e-22
1.4628851581486556e-22
1.583750065642094e-22
1.7149387593086849e-22
1.857688845600709e-22
2.0134431577337525e-22
2.183894429685787e-22
2.371042193897936e-22
2.577265998908769e-22
2.8054206780750517e-22
3.058961838225626e-22
3.3421133727304234e-22
3.6600943874089985e-22
4.0194316767743275e-22
4.428397886450242e-22
4.89763863694529e-22
5.441090922141871e-22
6.077363988370975e-22
6.831879161103838e-22
7.740304247632852e-22
8.854298662067511e-22
1.0251611179761281e-21
1.2054932452065005e-21
1.4469847299670251e-21
1.7869027109370674e-21
2.3005035159774594e-21
3.1658553636206442e-21
4.929101672913797e-21
1.0428157567547468e-20
4.58660559373549e-20
9.11724023784545e-21
4.921843078598581e-21
3.410207480016676e-21
2.633245877213735e-21
2.1601768517397223e-21
1.841757844016549e-21
1.6126598434110451e-21
1.4397722328147578e-21
1.3045237418639703e-21
1.1956912599037571e-21
1.1060918838272537e-21
1.0309140850248152e-21
9.66812781681749e-22
9.113893234930374e-22
8.628780402318654e-22
8.199495546844526e-22
7.815831057266628e-22
7.469811749984458e-22
7.155109167146195e-22
6.866630775721975e-22
6.600225771303266e-22
6.352470774327702e-22
6.120511074154585e-22
5.901941313445252e-22
5.694714670443673e-22
