6.141302772211545e-22
6.110170694329805e-22
6.093233420240637e-22
6.0904550786297915e-22
6.10182987238645e-22
6.127382067158158e-22
6.167166043792951e-22
6.221266415734845e-22
6.289798210017609e-22
6.372907113992432e-22
6.470769786781891e-22
6.583594237456268e-22
6.711620269849684e-22
6.855119995284417e-22
7.014398414501255e-22
7.189794069885824e-22
7.381679769688744e-22
7.590463384560152e-22
7.816588721056437e-22
8.060536469901189e-22
8.322825235593662e-22
8.604012645438153e-22
8.904696543628341e-22
9.225516270944415e-22
9.567154034817674e-22
9.93033636966016e-22
1.0315835694906333e-21
1.072447197049174e-21
1.1157114455281006e-21
1.1614683572347544e-21
1.2098152884169307e-21
1.2608551182882584e-21
1.3146964701715648e-21
1.3714539448282467e-21
1.431248366973412e-21
1.4942070452980239e-21
1.5604640464357463e-21
1.630160483929431e-21
1.7034448223733304e-21
1.7804731975877312e-21
1.8614097539421873e-21
1.946426998625255e-21
2.035706174880523e-21
2.1294376540199e-21
2.2278213478810282e-21
2.3310671421780764e-21
2.4393953516519263e-21
2.5530371991237076e-21
2.6722353177885165e-21
2.7972442794235673e-21
2.928331149569169e-21
3.0657760697551752e-21
3.2098728698336212e-21
3.3609297106325984e-21
3.519269759027716e-21
3.685231897256077e-21
3.8591714668976544e-21
4.041461051402158e-21
4.232491297609713e-21
4.4326717774403394e-21
4.6424318954300534e-21
4.862221838606497e-21
5.092513579078306e-21
5.333801921570035e-21
5.586605609038895e-21
5.8514684818412965e-21
6.128960695799065e-21
6.4196800047793255e-21
6.72425310508486e-21
7.043337051791887e-21
7.377620746503882e-21
7.72782650496143e-21
8.094711697239809e-21
8.479070483783946e-21
8.881735638811064e-21
9.303580459193311e-21
9.74552079131333e-21
1.0208517147798517e-20
1.0693576946813361e-20
1.120175687168173e-20
1.1734165341849465e-20
1.2291965137744815e-20
1.287637615401113e-20
1.3488678296504077e-20
1.4130214557325316e-20
1.4802394239932118e-20
1.5506696376566216e-20
1.6244673312107395e-20
1.7017954519361423e-20
1.782825062093996e-20
1.8677357602236256e-20
1.9567161308938282e-20
2.0499642212665752e-20
2.1476880371368567e-20
2.2501060802241274e-20
2.3574479038135164e-20
2.4699547099860723e-20
2.587879983156857e-20
2.711490153403706e-20
2.841065309727817e-20
2.976899949051843e-20
3.119303776847015e-20
3.268602553851428e-20
3.4251390001334196e-20
3.589273750746138e-20
3.761386380709114e-20
3.941876486454091e-20
4.131164845196204e-20
4.3296946510671205e-20
4.5379328233014506e-20
4.756371418423659e-20
4.985529127627291e-20
5.2259528763330407e-20
5.478219548834126e-20
5.742937806608474e-20
6.020750077995584e-20
6.312334642578431e-20
6.618407905426759e-20
6.939726823799148e-20
7.277091509597357e-20
7.631348027164443e-20
8.003391428966692e-20
8.394169001577745e-20
8.804683756905576e-20
9.235998250187481e-20
9.68923858359258e-20
1.0165598928157018e-19
1.0666346215616395e-19
1.1192825366413544e-19
1.1746464814388205e-19
1.2328782680284204e-19
1.2941393391189968e-19
1.358601461389686e-19
1.426447546254595e-19
1.4978724730226764e-19
1.5730839945561352e-19
1.6523038119266085e-19
1.735768604171023e-19
1.8237312983636089e-19
1.9164623273194883e-19
2.0142511282529677e-19
2.1174076581792267e-19
2.2262642112310468e-19
2.3411772489892153e-19
2.4625294915972356e-19
2.590732192779518e-19
2.726227897446688e-19
2.869492654396669e-19
3.0210395323805756e-19
3.181422067832085e-19
3.351237196266513e-19
3.531130180494165e-19
3.721798395513116e-19
3.9239962831331664e-19
4.138541133383861e-19
4.366317850492761e-19
4.608286531451862e-19
4.865487568345027e-19
5.139051677221984e-19
5.430203123029021e-19
5.740273006737036e-19
6.070704799706339e-19
6.4230652007074125e-19
6.799047375291805e-19
7.20048944321791e-19
7.629369415460995e-19
8.087820924288554e-19
8.578132561738427e-19
9.102739765632336e-19
9.664226219902825e-19
1.0265304689569606e-18
1.0908789952799757e-18
1.159753469504318e-18
1.2334376189363073e-18
1.3122042766955983e-18
1.3962986077340207e-18
1.4859203438439139e-18
1.5812007874119547e-18
1.6821596242929548e-18
1.788687867175652e-18
1.900473721524031e-18
2.016956700147697e-18
2.1372862084863493e-18
2.260249828322312e-18
2.3842555256753947e-18
2.5073067137875696e-18
2.6270681953167943e-18
2.740939181560767e-18
2.8462096424454517e-18
2.9403214926969314e-18
3.0210298295618235e-18
3.0866679245921025e-18
3.136289900735114e-18
3.1697611038517806e-18
3.187655015143528e-18
3.1912194985753166e-18
3.1820997844750527e-18
3.1622298032050143e-18
3.1335980576685146e-18
3.098117503593521e-18
3.0575473089176245e-18
