7.35128132525834e-24
7.351524140441416e-24
7.351758141476393e-24
7.351983318285426e-24
7.352199686706291e-24
7.352407284590709e-24
7.352606168295818e-24
7.352796409531318e-24
7.352978092529306e-24
7.353151311501952e-24
7.353316168361789e-24
7.353472770675882e-24
7.353621229833002e-24
7.353761659398798e-24
7.353894173642981e-24
7.354018886218821e-24
7.35413590897838e-24
7.354245350910708e-24
7.354347317187568e-24
7.354441908306274e-24
7.354529219318155e-24
7.354609339129837e-24
7.354682349875236e-24
7.35474832634058e-24
7.354807335442813e-24
7.354859435750488e-24
7.35490467704087e-24
7.354943099890109e-24
7.354974735287354e-24
7.35499960427098e-24
7.355017717582009e-24
7.355029075329667e-24
7.355033666666572e-24
7.355031469466305e-24
7.355022450008777e-24
7.355006562658573e-24
7.354983749545983e-24
7.35495394023661e-24
7.354917051395677e-24
7.354872986438979e-24
7.354821635175268e-24
7.354762873426227e-24
7.354696562636058e-24
7.354622549460875e-24
7.354540665330595e-24
7.354450725997625e-24
7.354352531055964e-24
7.354245863431575e-24
7.354130488847826e-24
7.354006155263942e-24
7.353872592272993e-24
7.353729510476691e-24
7.353576600816254e-24
7.353413533869202e-24
7.353239959113227e-24
7.353055504135077e-24
7.352859773808998e-24
7.352652349427599e-24
7.352432787776895e-24
7.352200620181009e-24
7.351955351466035e-24
7.351696458903005e-24
7.351423391066948e-24
7.351135566656327e-24
7.350832373227615e-24
7.35051316590135e-24
7.350177265959734e-24
7.34982395941013e-24
7.349452495434157e-24
7.349062084818329e-24
7.348651898222247e-24
7.348221064472684e-24
7.347768668619879e-24
7.34729375008213e-24
7.346795300527348e-24
7.34627226176874e-24
7.34572352349286e-24
7.345147920884059e-24
7.344544232185341e-24
7.343911176074263e-24
7.343247408930083e-24
7.342551522005708e-24
7.341822038404212e-24
7.341057409949907e-24
7.340256013901583e-24
7.339416149492855e-24
7.338536034360453e-24
7.337613800642216e-24
7.336647491155792e-24
7.335635055147956e-24
7.33457434395399e-24
7.333463106377409e-24
7.332298984075864e-24
7.331079506306512e-24
7.329802084851777e-24
7.328464008469912e-24
7.3270624371123e-24
7.325594395883151e-24
7.324056768747561e-24
7.322446291824736e-24
7.320759546613816e-24
7.318992952435468e-24
7.317142759116652e-24
7.315205038881205e-24
7.313175677961973e-24
7.311050367769373e-24
7.308824596046992e-24
7.306493636871806e-24
7.304052540771032e-24
7.301496124330824e-24
7.298818958760131e-24
7.296015358772589e-24
7.293079370004409e-24
7.290004756912217e-24
7.286784989070062e-24
7.283413226927181e-24
7.279882308165293e-24
7.276184731670377e-24
7.272312641656315e-24
7.268257810982563e-24
7.264011623832799e-24
7.259565056647929e-24
7.254908659719424e-24
7.250032536284068e-24
7.244926321713529e-24
7.239579161498641e-24
7.23397968758472e-24
7.228115994620274e-24
7.221975613876334e-24
7.215545486949155e-24
7.208811938104685e-24
7.201760643832182e-24
7.194376603785392e-24
7.186644107863283e-24
7.178546701580749e-24
7.17006715229694e-24
7.161187411529987e-24
7.151888576672525e-24
7.14215084959268e-24
7.13195349582065e-24
7.12127479694402e-24
7.110092007187683e-24
7.098381303447946e-24
7.086117733280217e-24
7.073275161922537e-24
7.059826216286117e-24
7.045742226296456e-24
7.030993164459709e-24
7.01554757550431e-24
6.999372517764316e-24
6.982433485466487e-24
6.964694337093363e-24
6.946117219952218e-24
6.926662485638229e-24
6.906288605580764e-24
6.884952087285708e-24
6.86260737295219e-24
6.839206750782118e-24
6.814700249277504e-24
6.789035532594256e-24
6.762157790467684e-24
6.734009620958503e-24
6.704530918551407e-24
6.673658738258082e-24
6.641327180821352e-24
6.607467234866568e-24
6.572006675942292e-24
6.534869876259158e-24
6.4959777077473896e-24
6.455247347891625e-24
6.412592149902324e-24
6.367921494727225e-24
6.3211405972648036e-24
6.272150388486283e-24
6.220847352128961e-24
6.167123385091076e-24
6.110865629019251e-24
6.051956386764e-24
5.990273014571557e-24
5.925687838238441e-24
5.8580681429320965e-24
5.787276199648953e-24
5.713169386308737e-24
5.6356003928457156e-24
5.5544175997475445e-24
5.469465622049482e-24
5.3805861766542326e-24
5.287619277279791e-24
5.190404884581672e-24
5.088785365858535e-24
4.982608855131031e-24
4.871733976612049e-24
4.7560365451257824e-24
4.635419037473069e-24
4.509824093570906e-24
4.379254087653196e-24
4.2437995570388975e-24
4.103681070553247e-24
3.9593120964174645e-24
3.811394220861082e-24
3.661063081148286e-24
