7.025600018046628e-23
7.100247458511235e-23
7.171288521333632e-23
7.238873931532569e-23
7.303147071834818e-23
7.364244286985545e-23
7.422295173056722e-23
7.477422852333741e-23
7.52974423437108e-23
7.579370263740022e-23
7.626406155060639e-23
7.670951615740313e-23
7.713101056921734e-23
7.752943793077002e-23
7.790564230690572e-23
7.826042046365238e-23
7.85945235478571e-23
7.890865866842853e-23
7.920349038245483e-23
7.947964208978033e-23
7.973769733779595e-23
7.997820104046341e-23
8.02016606124724e-23
8.040854702182791e-23
8.059929576284572e-23
8.077430775046913e-23
8.093395013851817e-23
8.107855706321427e-23
8.120843031233003e-23
8.132383992220367e-23
8.142502470277964e-23
8.15121926918323e-23
8.158552153757247e-23
8.164515881260444e-23
8.169122225580052e-23
8.172379994533162e-23
8.174295039954486e-23
8.174870260787311e-23
8.174105598829836e-23
8.171998027283499e-23
8.168541531741652e-23
8.163727083655092e-23
8.157542605892531e-23
8.149972930464411e-23
8.140999747709169e-23
8.130601547224334e-23
8.118753549644185e-23
8.105427629419458e-23
8.090592227699642e-23
8.074212255316591e-23
8.056248985064457e-23
8.036659932742474e-23
8.015398726524672e-23
7.992414963711723e-23
7.967654054300117e-23
7.941057050391188e-23
7.912560460607404e-23
7.88209604837972e-23
7.849590613015388e-23
7.814965752369343e-23
7.778137605336627e-23
7.73901657351001e-23
7.697507018835022e-23
7.653506936980217e-23
7.606907603142011e-23
7.557593188365131e-23
7.505440343867125e-23
7.450317750272113e-23
7.392085628502071e-23
7.330595209020524e-23
7.265688154932183e-23
7.197195934815345e-23
7.124939140032138e-23
7.048726740690886e-23
6.968355274266841e-23
6.883607959398226e-23
6.794253726332315e-23
6.700046155911828e-23
6.60072231504801e-23
6.496001478779071e-23
6.385583723272441e-23
6.269148376143934e-23
6.146352305780184e-23
6.016828028958324e-23
5.880181614839256e-23
5.735990357796953e-23
5.583800188223524e-23
5.423122786845705e-23
5.253432360041513e-23
5.074162029149702e-23
4.884699778175413e-23
4.684383894316254e-23
4.47249782671536e-23
4.248264374264115e-23
4.010839101284173e-23
3.7593028632386534e-23
3.4926533101008244e-23
3.209795227193407e-23
2.909529582157265e-23
2.5905412170472315e-23
2.2513853757266664e-23
1.8904741283565595e-23
1.5060671110872518e-23
1.0962873103672319e-23
6.593050176879858e-24
1.9670932888674986e-24
3.168370266079237e-24
8.509097542728906e-24
1.4268168636228492e-23
2.0466429456428382e-23
2.7146709827706155e-23
3.436031035117277e-23
4.216692648198529e-23
5.063597363726394e-23
5.984853108250164e-23
6.989988697342099e-23
8.090282738502297e-23
9.299190797552973e-23
1.0632905782014411e-22
1.2111102188097019e-22
1.3757938490372536e-22
1.5603428442442007e-22
1.7685350074282975e-22
2.005195559970882e-22
2.2765903831112486e-22
2.5910110930582477e-22
2.959670808342332e-22
3.398121787493276e-22
3.9285878104616265e-22
4.5839828342418105e-22
5.415232973269528e-22
6.505571843522691e-22
8.00101678861011e-22
1.0183349678294063e-21
1.3675635591592804e-21
2.0182317223906335e-21
3.661274422733952e-21
1.51757896112338e-20
6.938493484013842e-21
2.975130210510437e-21
1.9152366570214374e-21
1.423380238862112e-21
1.1383346010931414e-21
9.514272496902015e-22
8.186918801058572e-22
7.189508107953251e-22
6.407419653477843e-22
5.773180851956097e-22
5.244460559220108e-22
4.793333883693342e-22
4.40061316329486e-22
4.0526592845765577e-22
3.7394932595945635e-22
3.453628822205198e-22
3.1893240242326498e-22
2.9420862406362643e-22
2.7083357757016507e-22
2.4851717377858293e-22
2.2702056262213425e-22
2.0614407945761994e-22
1.8571836522938258e-22
1.6559772699594683e-22
1.4565510783067641e-22
1.2577824144883844e-22
1.0586671089667536e-22
8.582977347416055e-23
6.558507253121457e-23
4.5059446766973456e-23
2.4202410831278298e-23
3.5776566763562716e-24
1.922369659091947e-23
4.15579403605829e-23
6.457329919888286e-23
8.829348672714496e-23
1.1277410440767594e-22
1.3807557990767242e-22
1.64260011158634e-22
1.9139065206705025e-22
2.1953193523535805e-22
2.48749637677345e-22
2.7911108669410385e-22
3.106853766737251e-22
3.4354358520607703e-22
3.7775898727536042e-22
4.1340726649117996e-22
4.505667242328937e-22
4.89318487568901e-22
5.297467173073569e-22
5.719388169648005e-22
6.159856451036275e-22
6.619817283990357e-22
7.100254820726831e-22
7.602194321079351e-22
8.126704451466139e-22
8.674899649849499e-22
9.247942547306023e-22
9.847046475708307e-22
1.0473478093077075e-21
1.112856003021588e-21
1.1813673728669037e-21
1.2530262294485942e-21
