3.05162447357149e-24
3.0509585263101815e-24
3.050352724558582e-24
3.0497985102809963e-24
3.0492880700064232e-24
3.0488142634560846e-24
3.0483705582031694e-24
3.0479509698622213e-24
3.047550007341201e-24
3.047162622724793e-24
3.0467841653894057e-24
3.0464103399808148e-24
3.0460371679153456e-24
3.045660952090683e-24
3.045278244517669e-24
3.0448858166093333e-24
3.0444806318814756e-24
3.0440598208424025e-24
3.043620657864715e-24
3.0431605398513246e-24
3.0426769665206153e-24
3.0421675221540963e-24
3.0416298586560145e-24
3.0410616797950653e-24
3.040460726501303e-24
3.039824763106106e-24
3.0391515644200857e-24
3.038438903553144e-24
3.037684540387548e-24
3.0368862106220138e-24
3.036041615311895e-24
3.0351484108335505e-24
3.034204199210851e-24
3.033206518739109e-24
3.0321528348554185e-24
3.031040531197372e-24
3.0298669008062422e-24
3.0286291374226414e-24
3.0273243268360987e-24
3.0259494382440373e-24
3.0245013155825228e-24
3.02297666879106e-24
3.0213720649729143e-24
3.0196839194228182e-24
3.0179084864800087e-24
3.016041850179655e-24
3.0140799146732426e-24
3.0120183943799057e-24
3.0098528038395117e-24
3.0075784472440564e-24
3.005190407606688e-24
3.0026835355506627e-24
3.0000524376659517e-24
2.997291464436386e-24
2.9943946976707588e-24
2.991355937431896e-24
2.9881686884170363e-24
2.9848261457706926e-24
2.9813211802759246e-24
2.977646322913076e-24
2.973793748729452e-24
2.9697552600092908e-24
2.965522268664156e-24
2.961085777867513e-24
2.9564363628216674e-24
2.951564150675983e-24
2.9464587995219888e-24
2.941109476423316e-24
2.935504834444234e-24
2.9296329886339792e-24
2.923481490873187e-24
2.91703730361505e-24
2.9102867723757142e-24
2.903215596983426e-24
2.895808801495506e-24
2.888050702750515e-24
2.8799248774684648e-24
2.8714141278365135e-24
2.8625004455673442e-24
2.8531649742628895e-24
2.843387970136801e-24
2.8331487608866124e-24
2.822425702816252e-24
2.8111961359563034e-24
2.7994363372177623e-24
2.78712147152416e-24
2.7742255407395174e-24
2.7607213304253457e-24
2.7465803543077384e-24
2.73177279641717e-24
2.7162674508058073e-24
2.7000316588470845e-24
2.6830312439907974e-24
2.6652304440378183e-24
2.6465918409224162e-24
2.6270762879456903e-24
2.606642834594458e-24
2.5852486490387077e-24
2.5628489385002255e-24
2.539396867519784e-24
2.5148434749452273e-24
2.489137589523694e-24
2.4622257453842267e-24
2.434052097647952e-24
2.404558340102515e-24
2.3736836260078922e-24
2.3413644948876546e-24
2.3075348074089125e-24
2.2721256938514886e-24
2.235065520679944e-24
2.1962798836961677e-24
2.1556916385482216e-24
2.1132209841080624e-24
2.0687856198698297e-24
2.022301009489224e-24
1.9736807947385152e-24
1.9228374271565737e-24
1.8696831166740658e-24
1.814131249042811e-24
1.7560985064214085e-24
1.6955080612173447e-24
1.632294441324656e-24
1.5664110516475568e-24
1.497842022344547e-24
1.4266212838296522e-24
1.3528640571680012e-24
1.2768203214697316e-24
1.1989684095476729e-24
1.1201841320409196e-24
1.0420558603967454e-24
9.674855217728091e-25
9.018398512271807e-25
8.550649259802303e-25
8.450349232071302e-25
9.010261114682351e-25
1.0626349359003814e-24
1.3551319483051913e-24
1.6520927058610004e-24
1.6018032569446762e-24
1.3180260224265027e-24
1.1086333305776286e-24
1.0270676073751633e-24
1.0454897511729285e-24
1.1315528444067368e-24
1.2616834135868007e-24
1.4214869081741637e-24
1.6028959866108915e-24
1.801546570781037e-24
2.015131034624069e-24
2.2424863280787197e-24
2.4831048223035987e-24
2.7368700652033702e-24
3.0039108160127782e-24
3.2845182115109044e-24
3.5790975158553424e-24
3.888139376503768e-24
4.212202422752865e-24
4.551902659001311e-24
4.907907060503989e-24
5.280929810888899e-24
5.671730297042633e-24
6.081112256550669e-24
6.5099237495585565e-24
6.959057699179199e-24
7.429452867317037e-24
7.922095161988704e-24
8.43801922195715e-24
8.978310200557066e-24
9.544105770835193e-24
1.0136598286306647e-23
1.0757037112912377e-23
1.140673111364639e-23
1.2087051282708103e-23
1.2799433538853227e-23
1.3545381649091067e-23
1.4326470342086047e-23
1.514434852154146e-23
1.6000742716989524e-23
1.689746061595863e-23
1.7836394833920348e-23
1.881952683509634e-23
1.9848931043670185e-23
2.092677913642537e-23
2.2055344546709546e-23
2.3237007195186313e-23
2.447425840132352e-23
2.5769706052717447e-23
2.7126080000349796e-23
2.8546237676709935e-23
3.0033170046138584e-23
3.15900077491795e-23
3.3220027540437764e-23
3.4926659087576005e-23
3.671349196709374e-23
3.858428308525727e-23
4.054296436458815e-23
4.2593650842928207e-23
4.474064900643418e-23
4.698846574442224e-23
4.9341817404154444e-23
5.180563950672183e-23
