6.269450920751928e-24
7.40777210130594e-24
8.535599687967792e-24
9.654409773168972e-24
1.0765639925277943e-23
1.1870684755714235e-23
1.2970895201076669e-23
1.406757936549283e-23
1.516200406686103e-23
1.6255396711175107e-23
1.734894731692963e-23
1.844381059969632e-23
1.954110806932733e-23
2.064193011331705e-23
2.174733805148871e-23
2.285836615277725e-23
2.3976023609113843e-23
2.5101296462933738e-23
2.623514948636065e-23
2.737852801079596e-23
2.853235970638571e-23
2.9697556310760276e-23
3.0875015307321646e-23
3.206562155297476e-23
3.3270248855813675e-23
3.44897615031699e-23
3.57250157408918e-23
3.697686120442039e-23
3.8246142302868626e-23
3.9533699556938256e-23
4.0840370892208695e-23
4.216699288879085e-23
4.351440198907785e-23
4.4883435664904175e-23
4.627493354587282e-23
4.768973851060002e-23
4.9128697742219386e-23
5.059266375061661e-23
5.208249536279543e-23
5.359905868319511e-23
5.514322802599178e-23
5.67158868216206e-23
5.831792849855986e-23
5.99502573433723e-23
6.161378933942983e-23
6.330945298793082e-23
6.503819011133464e-23
6.680095664203734e-23
6.85987233974902e-23
7.043247684390988e-23
7.230321984931942e-23
7.421197242871424e-23
7.615977248187645e-23
7.814767652559591e-23
8.017676042186591e-23
8.224812010323337e-23
8.436287229692721e-23
8.652215524828792e-23
8.872712944536595e-23
9.0978978346039e-23
9.327890910775266e-23
9.562815332170132e-23
9.802796775287362e-23
1.0047963508536476e-22
1.0298446467623962e-22
1.0554379331635379e-22
1.0815898600070022e-22
1.1083143670878114e-22
1.1356256919572597e-22
1.163538377943573e-22
1.1920672823001512e-22
1.22122758448528e-22
1.251034794573212e-22
1.2815047618174664e-22
1.3126536833608637e-22
1.344498113105739e-22
1.3770549707523308e-22
1.4103415510073992e-22
1.4443755329671676e-22
1.4791749896997203e-22
1.5147583980021712e-22
1.5511446483722259e-22
1.5883530551760187e-22
1.6264033670268916e-22
1.6653157773938941e-22
1.7051109354226926e-22
1.745809956994573e-22
1.7874344360219917e-22
1.830006455993529e-22
1.8735486017616029e-22
1.9180839716037486e-22
1.963636189533055e-22
2.0102294178931762e-22
2.0578883702299693e-22
2.1066383244497642e-22
2.15650513627068e-22
2.2075152529845595e-22
2.259695727514207e-22
2.3130742328047304e-22
2.367679076523548e-22
2.4235392161103417e-22
2.480684274156421e-22
2.539144554143853e-22
2.5989510565284044e-22
2.660135495206249e-22
2.722730314352423e-22
2.7867687056360954e-22
2.852284625842377e-22
2.9193128148894714e-22
2.9878888142582435e-22
3.0580489858575626e-22
3.1298305313095996e-22
3.203271511687119e-22
3.2784108677089094e-22
3.355288440367155e-22
3.433944992103769e-22
3.5144222283833246e-22
3.596762819841679e-22
3.6810104248909126e-22
3.7672097128950646e-22
3.8554063878308187e-22
3.945647212535678e-22
4.0379800334980976e-22
4.1324538062204724e-22
4.2291186211911257e-22
4.328025730411454e-22
4.429227574576111e-22
4.532777810901509e-22
4.638731341520128e-22
4.747144342619715e-22
4.858074294212369e-22
4.971580010588419e-22
5.087721671497549e-22
5.206560854053431e-22
5.328160565366794e-22
5.452585275925625e-22
5.5799009537787e-22
5.710175099468435e-22
5.843476781852742e-22
5.979876674659691e-22
6.119447093949211e-22
6.262262036417318e-22
6.4083972186797945e-22
6.557930117283436e-22
6.710940009794477e-22
6.86750801682528e-22
7.027717145037976e-22
7.191652331033836e-22
7.359400486332142e-22
7.531050543604637e-22
7.706693503445363e-22
7.886422482951038e-22
8.07033276480475e-22
8.258521847671399e-22
8.451089498070362e-22
8.648137803037734e-22
8.849771224112483e-22
9.056096652966244e-22
9.267223467767783e-22
9.48326359070336e-22
9.70433154818951e-22
9.930544530474603e-22
1.0162022454329708e-21
1.0398888026238584e-21
1.0641266807404706e-21
1.0889287279998845e-21
1.114308091556501e-21
1.140278224403042e-21
1.1668528925559156e-21
1.1940461821823988e-21
1.2218725073323953e-21
1.250346617208456e-21
1.2794836042394708e-21
1.309298912030213e-21
1.3398083432143497e-21
1.3710280682465588e-21
1.4029746337081888e-21
1.4356649709738327e-21
1.4691164054343779e-21
1.5033466652524602e-21
1.5383738911663485e-21
1.5742166455655972e-21
1.610893922685832e-21
1.6484251586508656e-21
1.6868302412741115e-21
1.7261295208315704e-21
1.7663438211193804e-21
1.8074944496184072e-21
1.849603209893165e-21
1.8926924111030198e-21
1.9367848822343877e-21
1.981903982475939e-21
2.0280736137063253e-21
2.0753182329720687e-21
2.1236628659181206e-21
2.173133119371434e-21
2.223755196283988e-21
2.275555905658352e-21
2.328562681517836e-21
2.3828035927760103e-21
2.4383073616706954e-21
