1.47323999079116e-23
1.528033847571265e-23
1.5827629342034193e-23
1.6375141272503682e-23
1.6923705199929232e-23
1.7474117106177078e-23
1.8027140737077533e-23
1.8583510159533532e-23
1.9143932168562004e-23
1.9709088553379884e-23
2.0279638230680796e-23
2.0856219252547108e-23
2.143945069797564e-23
2.202993445392804e-23
2.262825689409218e-23
2.323499046144997e-23
2.3850695161117974e-23
2.447591996913986e-23
2.511120416355352e-23
2.5757078582040786e-23
2.641406681208617e-23
2.708268631760365e-23
2.776344950693296e-23
2.845686474604346e-23
2.9163437320953513e-23
2.988367035310038e-23
3.0618065670945786e-23
3.1367124641082795e-23
3.213134896203686e-23
3.2911241423048816e-23
3.370730663164212e-23
3.4520051710981816e-23
3.5349986970799584e-23
3.61976265530448e-23
3.706348905486331e-23
3.794809813112281e-23
3.885198307715265e-23
3.9775679395464627e-23
4.071972934516676e-23
4.168468247914336e-23
4.2671096167401964e-23
4.367953610944416e-23
4.471057683649852e-23
4.5764802205931874e-23
4.684280588642537e-23
4.7945191837885095e-23
4.907257478582652e-23
5.0225580690019285e-23
5.140484721135262e-23
5.2611024174148913e-23
5.384477402802934e-23
5.510677230787899e-23
5.639770809370416e-23
5.77182844708898e-23
5.9069218991634e-23
6.04512441378259e-23
6.186510778661637e-23
6.331157367868213e-23
6.479142189054233e-23
6.630544931040898e-23
6.785447011921093e-23
6.943931627666201e-23
7.106083801299614e-23
7.271990432713335e-23
7.441740349132077e-23
7.615424356333408e-23
7.793135290596531e-23
7.974968071507248e-23
8.161019755574191e-23
8.351389590750112e-23
8.54617907199322e-23
8.745491997643168e-23
8.949434527017346e-23
9.158115238904483e-23
9.371645191344104e-23
9.59013798240931e-23
9.813709812308695e-23
1.0042479546658505e-22
1.0276568781005393e-22
1.0516101906817274e-22
1.0761206178704386e-22
1.1012011783044658e-22
1.1268651908101578e-22
1.1531262815779523e-22
1.1799983914598843e-22
1.2074957834441202e-22
1.235633050294192e-22
1.264425122352976e-22
1.293887275501587e-22
1.3240351393199841e-22
1.3548847054038927e-22
1.3864523358828133e-22
1.4187547721150595e-22
1.4518091435834622e-22
1.485632976998332e-22
1.520244205574227e-22
1.555661178557186e-22
1.5919026709310107e-22
1.6289878933504728e-22
1.6669365023218939e-22
1.705768610576747e-22
1.7455047977013094e-22
1.7861661210000877e-22
1.8277741266193715e-22
1.8703508608846206e-22
1.9139188819483365e-22
1.9585012716512802e-22
2.00412164766645e-22
2.050804175958764e-22
2.0985735834339943e-22
2.1474551709934294e-22
2.19747482678076e-22
2.2486590397687446e-22
2.301034913670413e-22
2.3546301811068304e-22
2.409473218189542e-22
2.4655930593190787e-22
2.52301941238684e-22
2.5817826742885607e-22
2.6419139468390577e-22
2.703445052936965e-22
2.766408553190182e-22
2.8308377628783554e-22
2.8967667692739286e-22
2.9642304493642292e-22
3.0332644879546506e-22
3.103905396231561e-22
3.1761905305980527e-22
3.250158112097861e-22
3.3258472461259766e-22
3.4032979426210653e-22
3.48255113674602e-22
3.5636487099027756e-22
3.6466335113266e-22
3.7315493800694065e-22
3.8184411674895537e-22
3.9073547601682365e-22
3.9983371034099853e-22
4.091436225171538e-22
4.1867012605131944e-22
4.284182476522543e-22
4.383931297903125e-22
4.48600033287492e-22
4.590443399872002e-22
4.697315554469012e-22
4.806673117192981e-22
4.918573701654721e-22
5.033076243379441e-22
5.150241029107356e-22
5.270129726811984e-22
5.392805416178759e-22
5.518332619677015e-22
5.646777334418567e-22
5.778207064332288e-22
5.912690853235644e-22
6.050299318165818e-22
6.191104683801645e-22
6.335180817050201e-22
6.482603262448524e-22
6.63344927834157e-22
6.787797873226064e-22
6.945729843329402e-22
7.107327810181186e-22
7.272676259277237e-22
7.441861579068886e-22
7.6149721007923955e-22
7.79209813831302e-22
7.9733320297122975e-22
8.1587681779606625e-22
8.348503093536364e-22
8.542635436286231e-22
8.741266058969651e-22
8.94449805071643e-22
9.152436780960808e-22
9.365189943737988e-22
9.582867603174858e-22
9.805582237547598e-22
1.0033448786137894e-21
1.0266584695221437e-21
1.0505109961788135e-21
1.0749147183503603e-21
1.0998821602394436e-21
1.1254261153214116e-21
1.1515596508102083e-21
1.1782961125112648e-21
1.2056491292444797e-21
1.2336326177345198e-21
1.2622607869239148e-21
1.2915481424302654e-21
1.3215094914973949e-21
1.35215994677889e-21
1.3835149310174532e-21
1.4155901811623047e-21
1.4484017525918189e-21
1.4819660225696007e-21
1.5162996950486337e-21
1.551419802688342e-21
1.5873437120744342e-21
1.6240891256148009e-21
1.6616740850185129e-21
1.7001169733106747e-21
