1.0673018352584439e-24
9.849408414387778e-25
9.136438222944028e-25
8.53698053119693e-25
8.053499201524379e-25
7.68707278598741e-25
7.436368863019525e-25
7.296885478303263e-25
7.260777875511256e-25
7.317394647970362e-25
7.45435243630922e-25
7.658782352790647e-25
7.918397806106882e-25
8.222198776744695e-25
8.56080257871405e-25
8.926491172920621e-25
9.313087437381174e-25
9.715752138800553e-25
1.0130761343786418e-24
1.0555296707107453e-24
1.098726274140761e-24
1.142513463406647e-24
1.1867834927807459e-24
1.231463525903135e-24
1.2765078855218965e-24
1.321891976378621e-24
1.367607535615207e-24
1.4136589261582076e-24
1.4600602453311415e-24
1.5068330694622412e-24
1.5540046948214321e-24
1.601606765329418e-24
1.6496742031967837e-24
1.698244376409184e-24
1.7473564526852307e-24
1.797050899926572e-24
1.8473691017133106e-24
1.8983530649544877e-24
1.950045198973618e-24
2.002488152511009e-24
2.0557246957092597e-24
2.1097976383008713e-24
2.1647497763290334e-24
2.2206238613765544e-24
2.2774625878888953e-24
2.3353085944699662e-24
2.394204475882931e-24
2.4541928042539705e-24
2.5153161566637117e-24
2.5776171477894497e-24
2.6411384662578397e-24
2.705922914555788e-24
2.772013450002704e-24
2.839453228176312e-24
2.908285646612323e-24
2.978554389207229e-24
3.0503034711739462e-24
3.1235772836072625e-24
3.1984206384725973e-24
3.2748788127014875e-24
3.352997592181353e-24
3.432823315883921e-24
3.514402918380088e-24
3.5977839732348784e-24
3.683014734920761e-24
3.7701441807899934e-24
3.8592220526081374e-24
3.950298897380693e-24
4.0434261085377654e-24
4.138655965831724e-24
4.2360416760940054e-24
4.335637412542074e-24
4.4374983551243736e-24
4.541680729934664e-24
4.648241848903612e-24
4.757240149925802e-24
4.868735235537775e-24
4.982787913126838e-24
5.099460234867816e-24
5.2188155390656536e-24
5.340918487326704e-24
5.46583510834971e-24
5.593632837104046e-24
5.724380556899739e-24
5.8581486404659685e-24
5.995008992621109e-24
6.1350350925027855e-24
6.278302036887254e-24
6.424886585085492e-24
6.574867201403199e-24
6.728324101584499e-24
6.88533929797783e-24
7.045996646662809e-24
7.210381894176685e-24
7.378582726294159e-24
7.55068881550068e-24
7.726791872159506e-24
7.90698569678016e-24
8.09136622691234e-24
8.280031594922153e-24
8.473082180373798e-24
8.670620662617479e-24
8.872752079572887e-24
9.079583884451995e-24
9.291226001358901e-24
9.507790887356967e-24
9.72939359445098e-24
9.956151828824163e-24
1.018818601416829e-23
1.0425619357543991e-23
1.0668577920639312e-23
1.0917190674238262e-23
1.1171589581546797e-23
1.143190966020288e-23
1.1698289058781605e-23
1.1970869125319216e-23
1.224979449318233e-23
1.2535213142131628e-23
1.2827276495323374e-23
1.3126139487613316e-23
1.3431960647231834e-23
1.3744902192044982e-23
1.406513010935052e-23
1.4392814232840064e-23
1.4728128351281306e-23
1.5071250299128512e-23
1.542236202794385e-23
1.578164973454201e-23
1.614930393185914e-23
1.6525519578156258e-23
1.691049616020998e-23
1.730443779866429e-23
1.7707553370109593e-23
1.8120056607332097e-23
1.8542166212605472e-23
1.8974105963348257e-23
1.9416104898722008e-23
1.9868397308079587e-23
2.0331222970602405e-23
2.0804827284691377e-23
2.128946126611656e-23
2.178538183978157e-23
2.229285192366071e-23
2.2812140481134677e-23
2.3343522799996307e-23
2.3887280522077143e-23
2.4443701886097744e-23
2.501308179574727e-23
2.5595722096742413e-23
2.6191931561871378e-23
2.68020261554945e-23
2.742632930144548e-23
2.806517180639186e-23
2.8718892240045285e-23
2.9387837098251475e-23
3.007236079245157e-23
3.07728261329973e-23
3.148960436293185e-23
3.222307517020008e-23
3.2973627305346843e-23
3.374165841944585e-23
3.4527575447274666e-23
3.533179480451724e-23
3.6154742514013074e-23
3.6996854596649694e-23
3.7858577278127054e-23
3.8740366895365145e-23
3.964269059164457e-23
4.0566026383624833e-23
4.1510863200581106e-23
4.247770161652807e-23
4.346705369622794e-23
4.447944315056378e-23
4.5515406480117713e-23
4.657549157733217e-23
4.7660260457860825e-23
4.877028720009853e-23
4.9906159315728475e-23
5.106847843554689e-23
5.2257859185228116e-23
5.347493164132098e-23
5.472033989951064e-23
5.59947427888502e-23
5.729881465773267e-23
5.863324543291711e-23
5.999874134361398e-23
6.139602421360155e-23
6.282583403337639e-23
6.428892550968733e-23
6.578607296051605e-23
6.731806857720276e-23
6.888572085841711e-23
7.048985925277693e-23
7.213133114663127e-23
7.381100385372581e-23
7.55297650776034e-23
7.728852036006201e-23
7.908820198001864e-23
8.092975724034951e-23
8.281415850845589e-23
8.474240106225293e-23
