3.8213693102304265e-24
3.820719368152802e-24
3.820125222848459e-24
3.8195819181923516e-24
3.819084928740085e-24
3.818630122121157e-24
3.818213724662973e-24
3.817832289973631e-24
3.817482670231933e-24
3.817161989955292e-24
3.816867622033782e-24
3.816597165835822e-24
3.816348427208738e-24
3.816119400210064e-24
3.815908250420861e-24
3.8157132997037374e-24
3.8155330122806e-24
3.8153659820154645e-24
3.8152109207971e-24
3.8150666479256065e-24
3.8149320804157695e-24
3.814806224135533e-24
3.814688165707706e-24
3.8145770651069574e-24
3.8144721488906485e-24
3.814372704007741e-24
3.814278072135498e-24
3.814187644494389e-24
3.8141008571021906e-24
3.814017186424842e-24
3.813936145390067e-24
3.813857279731227e-24
3.813780164630341e-24
3.813704401634178e-24
3.813629615818092e-24
3.8135554531739006e-24
3.81348157820249e-24
3.813407671691602e-24
3.8133334286591634e-24
3.813258556450625e-24
3.813182772970133e-24
3.813105805037872e-24
3.813027386854549e-24
3.812947258570238e-24
3.8128651649378286e-24
3.8127808540485094e-24
3.812694076137588e-24
3.8126045824525074e-24
3.812512124176702e-24
3.8124164514006804e-24
3.8123173121356885e-24
3.812214451362754e-24
3.812107610112511e-24
3.8119965245697944e-24
3.81188092519616e-24
3.811760535875099e-24
3.8116350730578885e-24
3.8115042449281845e-24
3.811367750561664e-24
3.811225279091144e-24
3.8110765088631754e-24
3.810921106595403e-24
3.81075872651261e-24
3.810589009482275e-24
3.810411582125592e-24
3.8102260559089984e-24
3.810032026223531e-24
3.809829071427568e-24
3.8096167518638474e-24
3.809394608855886e-24
3.809162163664044e-24
3.808918916401219e-24
3.8086643449161204e-24
3.808397903635308e-24
3.8081190223558924e-24
3.807827104996159e-24
3.8075215282896594e-24
3.807201640432608e-24
3.8068667596628045e-24
3.806516172799168e-24
3.806149133687924e-24
3.8057648616213924e-24
3.805362539629117e-24
3.8049413127640295e-24
3.8045002862692666e-24
3.8040385236438504e-24
3.803555044675449e-24
3.803048823352782e-24
3.802518785658954e-24
3.8019638073224144e-24
3.8013827114277924e-24
3.8007742659010114e-24
3.800137180919511e-24
3.7994701061815486e-24
3.798771628054142e-24
3.7980402665574555e-24
3.797274472287402e-24
3.7964726231135845e-24
3.79563302074988e-24
3.794753887211605e-24
3.7938333610465284e-24
3.792869493417788e-24
3.7918602439943716e-24
3.790803476665367e-24
3.789696955088165e-24
3.7885383379227175e-24
3.787325173967079e-24
3.786054896990937e-24
3.784724820363281e-24
3.783332131437976e-24
3.78187388567472e-24
3.7803470003877685e-24
3.778748248425642e-24
3.777074251404833e-24
3.7753214725248876e-24
3.773486209382637e-24
3.771564586158181e-24
3.769552545611168e-24
3.767445840535468e-24
3.765240025079532e-24
3.762930445411193e-24
3.760512230130601e-24
3.7579802802634604e-24
3.7553292585345205e-24
3.752553578628347e-24
3.749647393431918e-24
3.74660458336177e-24
3.7434187431845416e-24
3.740083169731467e-24
3.736590847458091e-24
3.732934434795362e-24
3.7291062484447464e-24
3.725098248701485e-24
3.720902022808102e-24
3.7165087672473436e-24
3.7119092714973856e-24
3.707093898482039e-24
3.702052565999928e-24
3.696774726022489e-24
3.6912493444790524e-24
3.685464879147951e-24
3.679409257383117e-24
3.67306985242113e-24
3.666433458411248e-24
3.659486266406654e-24
3.652213836881853e-24
3.644601072811231e-24
3.63663219053085e-24
3.628290692179139e-24
3.6195593339537534e-24
3.610420095407808e-24
3.6008541465454896e-24
3.590841815486723e-24
3.580362552865571e-24
3.5693948982695226e-24
3.557916444591019e-24
3.545903798646915e-24
3.5333325470159506e-24
3.520177216965809e-24
3.506411238710026e-24
3.492006906073324e-24
3.4769353412687994e-24
3.461166452633402e-24
3.44466890557477e-24
3.4274100770795716e-24
3.409356030500733e-24
3.390471481649278e-24
3.370719771784764e-24
3.3500628413944826e-24
3.328461218117404e-24
3.305874001899439e-24
3.2822588654420677e-24
3.2575720639765666e-24
3.2317684540736057e-24
3.204801539580395e-24
3.176623531367032e-24
3.147185424388974e-24
3.116437120299447e-24
3.0843275992718403e-24
3.0508050789085608e-24
3.015817318102552e-24
2.9793119239199525e-24
2.9412367744307673e-24
2.90154053781955e-24
2.8601733379579343e-24
2.8170875730690136e-24
2.772238950745814e-24
2.7255877716559926e-24
2.677100534099027e-24
2.626751942111059e-24
2.574527460276342e-24
2.520426446895913e-24
2.464466141023498e-24
2.4066867114465565e-24
2.3471575709062755e-24
2.285985433702273e-24
2.223324377521526e-24
2.1593887529177668e-24
2.09446929400422e-24
2.028953364506338e-24
1.963350146064979e-24
