9.0954069217454e-24
9.094701091750536e-24
9.094027994020684e-24
9.093386003972162e-24
9.092773580283681e-24
9.092189260113134e-24
9.091631654613143e-24
9.091099444724501e-24
9.090591377228116e-24
9.090106261037168e-24
9.089642963713179e-24
9.089200408190256e-24
9.088777569693509e-24
9.088373472838217e-24
9.087987188897507e-24
9.087617833227383e-24
9.087264562838259e-24
9.086926574103352e-24
9.086603100594953e-24
9.086293411039868e-24
9.085996807386346e-24
9.085712622975121e-24
9.085440220807831e-24
9.085178991906214e-24
9.08492835375656e-24
9.0846877488335e-24
9.084456643198243e-24
9.084234525166253e-24
9.084020904040024e-24
9.083815308902618e-24
9.08361728746795e-24
9.083426404984323e-24
9.083242243187501e-24
9.08306439930017e-24
9.082892485074698e-24
9.082726125876197e-24
9.08256495980332e-24
9.082408636844095e-24
9.082256818064311e-24
9.082109174826324e-24
9.081965388035912e-24
9.081825147415257e-24
9.08168815080001e-24
9.081554103458516e-24
9.081422717431577e-24
9.081293710890911e-24
9.081166807514718e-24
9.081041735878896e-24
9.080918228862267e-24
9.08079602306457e-24
9.080674858235618e-24
9.080554476714631e-24
9.080434622878142e-24
9.08031504259554e-24
9.08019548269085e-24
9.080075690409843e-24
9.079955412891117e-24
9.07983439664038e-24
9.079712387006665e-24
9.07958912765967e-24
9.079464360067044e-24
9.079337822971043e-24
9.079209251863251e-24
9.079078378456786e-24
9.078944930155114e-24
9.078808629516503e-24
9.078669193713589e-24
9.078526333987167e-24
9.078379755093477e-24
9.078229154744554e-24
9.07807422304067e-24
9.07791464189472e-24
9.077750084447664e-24
9.077580214474745e-24
9.077404685782123e-24
9.077223141593478e-24
9.077035213926374e-24
9.076840522958244e-24
9.076638676381868e-24
9.07642926875044e-24
9.076211880812335e-24
9.075986078835788e-24
9.0757514139241e-24
9.07550742132177e-24
9.075253619712452e-24
9.074989510509672e-24
9.07471457714161e-24
9.074428284331293e-24
9.074130077374042e-24
9.073819381414336e-24
9.073495600724423e-24
9.073158117987557e-24
9.072806293589278e-24
9.07243946492038e-24
9.072056945696067e-24
9.071658025296206e-24
9.071241968132321e-24
9.070808013047892e-24
9.070355372759204e-24
9.069883233344878e-24
9.069390753793612e-24
9.068877065620517e-24
9.068341272563796e-24
9.06778245037516e-24
9.067199646718745e-24
9.066591881195239e-24
9.065958145509992e-24
9.065297403805811e-24
9.064608593184045e-24
9.063890624439848e-24
9.063142383040961e-24
9.062362730382435e-24
9.061550505353692e-24
9.060704526258311e-24
9.05982359313186e-24
9.058906490507797e-24
9.057951990687978e-24
9.056958857579548e-24
9.055925851168449e-24
9.054851732706566e-24
9.053735270698885e-24
9.052575247786936e-24
9.051370468635027e-24
9.050119768938787e-24
9.048822025688474e-24
9.047476168834583e-24
9.046081194520541e-24
9.044636180065345e-24
9.043140300900545e-24
9.041592849688621e-24
9.039993257876309e-24
9.038341119965366e-24
9.036636220815407e-24
9.034878566329909e-24
9.0330684179171e-24
9.031206331162415e-24
9.029293199200026e-24
9.027330301327741e-24
9.0253193574727e-24
9.023262589186764e-24
9.021162787929662e-24
9.019023391487343e-24
9.01684856947304e-24
9.014643318970226e-24
9.012413571502793e-24
9.010166312657977e-24
9.007909715846545e-24
9.005653291861145e-24
9.003408056093109e-24
9.001186715491115e-24
8.999003877594971e-24
8.996876284258658e-24
8.994823072991143e-24
8.992866069195714e-24
8.99103011298298e-24
8.989343424674079e-24
8.987838013603841e-24
8.986550135384004e-24
8.985520803400273e-24
8.984796360999911e-24
8.984429121584616e-24
8.984478084662684e-24
8.985009736842408e-24
8.986098947768161e-24
8.987829972118613e-24
8.990297570005851e-24
8.993608259434404e-24
8.997881715901032e-24
9.00325233573225e-24
9.009870981357233e-24
9.01790692838118e-24
9.027550036032843e-24
9.039013164274331e-24
9.052534862531936e-24
9.06838235657253e-24
9.0868548614296e-24
9.10828724938105e-24
9.133054102679504e-24
9.161574180903209e-24
9.194315332281999e-24
9.231799877001951e-24
9.274610488150748e-24
9.323396592494896e-24
9.378881308583767e-24
9.441868933719249e-24
9.513252984180861e-24
9.594024784942396e-24
9.685282596302345e-24
9.788241255873534e-24
9.904242305861353e-24
1.0034764568163975e-23
1.0181435124063678e-23
1.034604065121674e-23
1.0530539067449978e-23
1.0737071426143869e-23
1.0967973996911231e-23
1.12257904395398e-23
1.1513283925561022e-23
1.1833448960685896e-23
1.2189522484685548e-23
1.258499353440491e-23
