3.920659020284484e-23
3.9206208517400054e-23
3.920580892044201e-23
3.920539056107004e-23
3.9204952548877197e-23
3.9204493952034334e-23
3.920401379529206e-23
3.920351105788851e-23
3.9202984671366825e-23
3.920243351728967e-23
3.9201856424852255e-23
3.920125216838254e-23
3.920061946472883e-23
3.919995697052586e-23
3.919926327933383e-23
3.9198536918645387e-23
3.91977763467521e-23
3.919697994946739e-23
3.919614603669243e-23
3.9195272838826716e-23
3.919435850300589e-23
3.919340108916796e-23
3.919239856593079e-23
3.9191348806278194e-23
3.9190249583046504e-23
3.9189098564192356e-23
3.918789330784687e-23
3.918663125712767e-23
3.918530973471695e-23
3.918392593717668e-23
3.918247692899969e-23
3.9180959636382654e-23
3.917937084070179e-23
3.9177707171684467e-23
3.917596510025871e-23
3.9174140931064935e-23
3.917223079461728e-23
3.917023063909358e-23
3.9168136221739074e-23
3.9165943099866987e-23
3.916364662143202e-23
3.9161241915163003e-23
3.915872388022888e-23
3.915608717541701e-23
3.915332620780407e-23
3.9150435120891114e-23
3.9147407782179787e-23
3.914423777016433e-23
3.914091836070889e-23
3.913744251278441e-23
3.913380285353272e-23
3.9129991662625255e-23
3.912600085588892e-23
3.9121821968154287e-23
3.9117446135301126e-23
3.911286407545389e-23
3.910806606929301e-23
3.9103041939437733e-23
3.909778102885543e-23
3.9092272178257574e-23
3.908650370242656e-23
3.9080463365427347e-23
3.9074138354653244e-23
3.906751525364415e-23
3.9060580013629044e-23
3.9053317923721864e-23
3.904571357971629e-23
3.9037750851408356e-23
3.902941284837869e-23
3.9020681884162805e-23
3.9011539438730606e-23
3.900196611920066e-23
3.8991941618699645e-23
3.898144467328408e-23
3.8970453016831154e-23
3.895894333380354e-23
3.894689120978823e-23
3.8934271079701145e-23
3.892105617355536e-23
3.8907218459667675e-23
3.8892728585190836e-23
3.8877555813842694e-23
3.886166796069868e-23
3.884503132391075e-23
3.8827610613209254e-23
3.8809368875031025e-23
3.8790267414120004e-23
3.8770265711434354e-23
3.874932133817679e-23
3.8727389865779054e-23
3.8704424771638964e-23
3.8680377340413663e-23
3.865519656066021e-23
3.862882901660317e-23
3.8601218774798207e-23
3.8572307265454175e-23
3.85420331581565e-23
3.8510332231734735e-23
3.8477137237990376e-23
3.844237775900314e-23
3.840598005770567e-23
3.8367866921412694e-23
3.8327957497974384e-23
3.8286167124198966e-23
3.8242407146188405e-23
3.819658473119831e-23
3.814860267062533e-23
3.80983591737052e-23
3.804574765147814e-23
3.79906564905665e-23
3.793296881628122e-23
3.7872562244556295e-23
3.780930862217675e-23
3.774307375476066e-23
3.7673717121899284e-23
3.760109157887164e-23
3.752504304426676e-23
3.744541017288475e-23
3.736202401320417e-23
3.7274707648668565e-23
3.718327582206627e-23
3.708753454217578e-23
3.6987280671840276e-23
3.688230149662098e-23
3.6772374273069014e-23
3.665726575567817e-23
3.6536731701530406e-23
3.641051635150346e-23
3.627835188705953e-23
3.6139957861344595e-23
3.599504060337301e-23
3.584329259420526e-23
3.5684391813490044e-23
3.5518001055367273e-23
3.534376721182577e-23
3.5161320522404583e-23
3.497027378824862e-23
3.4770221549283566e-23
3.4560739222294916e-23
3.434138219837386e-23
3.411168489776405e-23
3.387115977992144e-23
3.3619296306956214e-23
3.3355559857814683e-23
3.307939059177497e-23
3.279020225733038e-23
3.24873809454102e-23
3.2170283784007703e-23
3.1838237569987674e-23
3.1490537337867014e-23
3.112644485934227e-23
3.0745187074119893e-23
3.034595444430482e-23
2.992789923365459e-23
2.9490133703994246e-23
2.903172822900158e-23
2.855170931687295e-23
2.8049057543505555e-23
2.752270538764555e-23
2.6971534965702725e-23
2.639437566377042e-23
2.5790001659641318e-23
2.515712933421757e-23
2.4494414567333643e-23
2.380044991706237e-23
2.3073761678642214e-23
2.2312806826169056e-23
2.151596984129392e-23
2.068155943557447e-23
1.9807805178931386e-23
1.8892854080114766e-23
1.793476715242964e-23
1.6931516072661563e-23
1.5880980085821722e-23
1.4780943473065594e-23
1.3629094129727654e-23
1.2423024391985893e-23
1.1160236495555454e-23
9.838158066071879e-24
8.454181314617488e-24
7.00576510664119e-24
5.49073447398084e-24
3.908381433694764e-24
2.2656645401527448e-24
6.857742104202289e-25
1.4565899606316511e-24
3.3192987864036696e-24
5.309826703257738e-24
7.402915633265467e-24
9.598162676889211e-24
1.1898774969074295e-23
1.4309075047525602e-23
1.6833939283538495e-23
1.947862874164978e-23
2.2248731775322836e-23
2.5150146182868415e-23
2.8189077760424165e-23
3.13720467422114e-23
3.470589851495176e-23
3.819781703387147e-23
4.185534014515727e-23
