2.189393055807461e-24
2.1166469257409222e-24
2.047953624143513e-24
1.9831572679166747e-24
1.9221095228224166e-24
1.864669280215344e-24
1.8107023572570425e-24
1.7600812210551152e-24
1.712684737200241e-24
1.6683979429333462e-24
1.6271118452001378e-24
1.5887232434526407e-24
1.5531345769320857e-24
1.5202537957111582e-24
1.4899942545174955e-24
1.462274627869908e-24
1.4370188446804354e-24
1.4141560401033759e-24
1.3936205219773927e-24
1.3753517489007158e-24
1.3592943167767957e-24
1.3453979504000823e-24
1.3336174966499909e-24
1.3239129159043724e-24
1.3162492683652273e-24
1.3105966923398303e-24
1.3069303717985861e-24
1.3052304910117295e-24
1.3054821745635746e-24
1.3076754116212122e-24
1.3118049638555256e-24
1.317870257059905e-24
1.325875257017601e-24
1.3358283306331976e-24
1.347742093928934e-24
1.3616332486833326e-24
1.3775224098507271e-24
1.3954339260928633e-24
1.4153956957921006e-24
1.4374389808231411e-24
1.461598220404576e-24
1.487910847045241e-24
1.5164171062834776e-24
1.5471598818881035e-24
1.5801845275722151e-24
1.6155387060589852e-24
1.6532722360528376e-24
1.6934369472518994e-24
1.736086543359444e-24
1.7812764727177017e-24
1.829063806056077e-24
1.8795071206214032e-24
1.932666390059028e-24
1.988602879012158e-24
2.047379041802383e-24
2.1090584243591225e-24
2.1737055685377076e-24
2.2413859185129905e-24
2.3121657284405983e-24
2.386111971318865e-24
2.4632922485301043e-24
2.5437747004163354e-24
2.6276279175820534e-24
2.7149208533848892e-24
2.8057227379695184e-24
2.900102994319362e-24
2.998131156818754e-24
3.0998767932199526e-24
3.2054094306958127e-24
3.314798486646324e-24
3.42811320536579e-24
3.5454226014273715e-24
3.666795410324643e-24
3.792300047687584e-24
3.92200457747384e-24
4.055976690526139e-24
4.194283692779738e-24
4.3369925059184305e-24
4.484169678608225e-24
4.6358814102656366e-24
4.792193587355901e-24
4.95317183152257e-24
5.118881560646867e-24
5.28938806182799e-24
5.464756576410276e-24
5.64505239698072e-24
5.8303409744039844e-24
6.020688036415192e-24
6.216159714567844e-24
6.416822681221427e-24
6.622744292479416e-24
6.833992739382135e-24
7.050637204344677e-24
7.27274802069956e-24
7.500396837771037e-24
7.733656786048154e-24
7.972602644551546e-24
8.217311006121626e-24
8.467860445177477e-24
8.724331677773032e-24
8.986807722636215e-24
9.255374055606882e-24
9.530118758743764e-24
9.811132663011157e-24
1.0098509488186529e-23
1.0392345967185246e-23
1.0692741969581513e-23
1.099980061187566e-23
1.1313628364185575e-23
1.1634335137173515e-23
1.1962034373513485e-23
1.2296843117814833e-23
1.2638882079976104e-23
1.298827569107722e-23
1.334515214453147e-23
1.3709643430480344e-23
1.408188536031565e-23
1.4462017574194338e-23
1.4850183546591705e-23
1.5246530581053732e-23
1.5651209779845077e-23
1.6064376028432082e-23
1.648618794916532e-23
1.6916807853262587e-23
1.7356401673906018e-23
1.7805138904431823e-23
1.8263192514086394e-23
1.873073884481802e-23
1.9207957523806764e-23
1.9695031330667273e-23
2.0192146081625673e-23
2.069949048097331e-23
2.1217255974154737e-23
2.174563657620516e-23
2.2284828694609497e-23
2.2835030931312035e-23
2.3396443884832995e-23
2.396926989950469e-23
2.455371285271229e-23
2.5149977875127226e-23
2.5758271090569622e-23
2.6378799294561838e-23
2.7011769667716306e-23
2.76573894244981e-23
2.831586545402685e-23
2.8987403951623243e-23
2.9672209988034116e-23
3.037048713705689e-23
3.1082436955337634e-23
3.1808258544804797e-23
3.254814805858825e-23
3.3302298130192273e-23
3.407089734315928e-23
3.4854129633509235e-23
3.56521736724569e-23
3.646520221926528e-23
3.729338144796228e-23
3.813687024092776e-23
3.899581944601717e-23
3.987037111953876e-23
4.07606577421099e-23
4.166680138304366e-23
4.258891286599572e-23
4.3527090851589265e-23
4.448142106845427e-23
4.545197523654276e-23
4.643881024164857e-23
4.7441967166920597e-23
4.84614702975205e-23
4.9497326206500517e-23
5.0549522742618065e-23
5.16180280899643e-23
5.270278981036428e-23
5.380373384802231e-23
5.492076368214547e-23
5.605375936924946e-23
5.72025767451852e-23
5.836704648063935e-23
5.954697357414957e-23
6.074213637496785e-23
6.195228605726582e-23
6.317714630698328e-23
6.441641240271274e-23
6.566975139725072e-23
6.693680155474575e-23
6.821717243219995e-23
6.951044482628335e-23
7.081617102099104e-23
7.213387532386747e-23
7.346305433883146e-23
7.480317782427338e-23
7.61536896464903e-23
7.751400893000939e-23
7.888353135606536e-23
8.026163072348411e-23
8.164766073647713e-23
8.304095703044818e-23
8.444083927384117e-23
8.584661412063761e-23
8.725757697474048e-23
8.86730159962012e-23
