4.659344672753734e-23
4.699396859667628e-23
4.7491802501457235e-23
4.808731801229341e-23
4.878103480160044e-23
4.957361936987827e-23
5.046588180196976e-23
5.1458772535035986e-23
5.2553379119891596e-23
5.375092295804893e-23
5.50527559976025e-23
5.646035737095362e-23
5.797532995949068e-23
5.959939687039574e-23
6.133439781233775e-23
6.318228535807124e-23
6.514512107999491e-23
6.722507156126095e-23
6.942440425765316e-23
7.17454832211298e-23
7.419076467527077e-23
7.676279244310655e-23
7.946419323198895e-23
8.229767177880837e-23
8.526600586605396e-23
8.837204121930463e-23
9.161868630074516e-23
9.500890701841706e-23
9.854572137104884e-23
1.0223219405425148e-22
1.0607143105580208e-22
1.100665742711833e-22
1.142207961738652e-22
1.1853729457574687e-22
1.230192875186832e-22
1.2767000833628108e-22
1.3249270093011348e-22
1.3749061530318092e-22
1.4266700339480359e-22
1.4802511526203144e-22
1.535681956503303e-22
1.5929948099558026e-22
1.6522219690037445e-22
1.713395561161692e-22
1.776547570763373e-22
1.8417098299750936e-22
1.9089140159045307e-22
1.9781916538498828e-22
2.0495741270322173e-22
2.1230926927675034e-22
2.1987785051855067e-22
2.276662644475508e-22
2.3567761525746357e-22
2.4391500751314223e-22
2.523815509550752e-22
2.610803658900555e-22
2.7001458912586546e-22
2.7918738042480263e-22
2.8860192942481564e-22
2.982614629912427e-22
3.0816925294030634e-22
3.1832862409544675e-22
3.287429626148369e-22
3.3941572453489094e-22
3.50350444485578e-22
3.6155074451543894e-22
3.730203429711555e-22
3.847630633974738e-22
3.96782843377902e-22
4.0908374331209127e-22
4.216699550500117e-22
4.345458103668755e-22
4.477157892354592e-22
4.61184527871767e-22
4.749568265165265e-22
4.890376569483749e-22
5.034321696953687e-22
5.181457009384924e-22
5.331837791032385e-22
5.485521311205552e-22
5.642566883669631e-22
5.803035922864396e-22
5.966991996847031e-22
6.134500877169439e-22
6.30563058576926e-22
6.48045143883483e-22
6.659036088013919e-22
6.8414595588044245e-22
7.027799286660492e-22
7.218135150507709e-22
7.412549504143848e-22
7.611127205616e-22
7.813955644625416e-22
8.021124768167469e-22
8.232727104446042e-22
8.448857785348216e-22
8.669614567641242e-22
8.895097852328378e-22
9.125410703428216e-22
9.360658864925748e-22
9.600950777204061e-22
9.846397591689352e-22
1.0097113184973527e-21
1.0353214171579734e-21
1.0614819915509648e-21
1.08820525406924e-21
1.1155036940224918e-21
1.1433900784169385e-21
1.1718774525997393e-21
1.2009791407220196e-21
1.2307087460702793e-21
1.261080151145967e-21
1.2921075175917428e-21
1.3238052858548873e-21
1.3561881745867496e-21
1.3892711797893882e-21
1.4230695735785332e-21
1.4575989027323145e-21
1.4928749866750026e-21
1.5289139152289827e-21
1.5657320457837693e-21
1.6033460000204376e-21
1.6417726600639585e-21
1.681029164077675e-21
1.721132901186455e-21
1.762101505679792e-21
1.8039528505283484e-21
1.8467050399582232e-21
1.8903764013143916e-21
1.9349854757645077e-21
1.9805510081376864e-21
2.027091935576926e-21
2.0746273750337526e-21
2.123176609459282e-21
2.172759072665623e-21
2.223394332723485e-21
2.2751020737872292e-21
2.327902076283928e-21
2.381814195280363e-21
2.436858337084124e-21
2.49305443369545e-21
2.5504224153014953e-21
2.608982180371575e-21
2.668753563491502e-21
2.729756300607106e-21
2.7920099917017818e-21
2.8555340605515655e-21
2.9203477117116573e-21
2.9864698842372756e-21
3.0539192022750223e-21
3.12271392226471e-21
3.1928718764189797e-21
3.264410412825744e-21
3.3373463312853326e-21
3.411695815469484e-21
3.487474360705783e-21
3.564696697521654e-21
3.64337671073595e-21
3.723527353943944e-21
3.805160559251933e-21
3.888287142173273e-21
3.972916701719669e-21
4.059057515246903e-21
4.146716428346264e-21
4.23589873957572e-21
4.326608079978777e-21
4.418846287459173e-21
4.5126132760145826e-21
4.607906899752078e-21
4.704722812272283e-21
4.803054320749456e-21
4.9028922357015164e-21
5.004224716127204e-21
5.1070371105574936e-21
5.211311794343895e-21
5.317028003299346e-21
5.4241616645694055e-21
5.532685224845105e-21
5.642567476913594e-21
5.753773384632292e-21
5.866263907517392e-21
5.979995825664608e-21
6.094921565455955e-21
6.210989027563352e-21
6.328141417603665e-21
6.4463170810974715e-21
6.565449343150505e-21
6.685466354729236e-21
6.806290945977722e-21
6.927840488481358e-21
7.050026767038111e-21
7.172755862629488e-21
7.295928047855306e-21
7.419437695611153e-21
7.543173202594778e-21
7.667016928510133e-21
7.79084515214912e-21
7.914528045159646e-21
8.037929664453009e-21
8.160907964051515e-21
8.283314825772923e-21
