7.488237003043275e-12
7.3077965553333e-12
7.109538184547981e-12
6.8807859363532844e-12
6.6744930777404e-12
6.407088995018229e-12
6.2236847174619e-12
6.023638251825558e-12
5.8462829233528904e-12
5.610092769545523e-12
5.447852082110284e-12
5.25797167360696e-12
5.0790153921088865e-12
4.906282417450093e-12
4.71388901451474e-12
4.567122271667411e-12
4.3956344831382125e-12
4.251069432887695e-12
4.0928578227334936e-12
3.956693012392105e-12
3.794645112683762e-12
3.655323371140905e-12
3.535113188233967e-12
3.3839622490104397e-12
3.2727997855718794e-12
3.136538711589888e-12
3.029167008185408e-12
2.8991963763766583e-12
2.7930645016199993e-12
2.687634500679047e-12
2.5803630767117556e-12
2.4734469177504667e-12
2.376159178625472e-12
2.281363996573612e-12
2.1947015263701718e-12
2.1031258628255866e-12
2.021888117501169e-12
1.9387893972985567e-12
1.8568305058043156e-12
1.7864354612749514e-12
1.7106219376061577e-12
1.6378647719125429e-12
1.5720322029194903e-12
1.5066590776638982e-12
1.4418568381249447e-12
1.3828494083051627e-12
1.3246693570531929e-12
1.2690849262927608e-12
1.2152280057879386e-12
1.162463017312459e-12
1.114859129058694e-12
1.0654007185274736e-12
1.021390729539029e-12
9.766144253233133e-13
9.34487061471845e-13
8.934098547829203e-13
8.548783891086065e-13
8.186762005843887e-13
7.823612661473976e-13
7.477695410009563e-13
7.150085500701683e-13
6.837706238476394e-13
6.539070574575467e-13
6.247031685584696e-13
5.973946233099546e-13
5.711471217301959e-13
5.45501280568001e-13
5.211935512995018e-13
4.977166642768547e-13
4.758284107137893e-13
4.5428907414332356e-13
4.3373166731229357e-13
4.1418994515221457e-13
3.9562383279254707e-13
3.7772532413865606e-13
3.6049454226302224e-13
3.4427744731384205e-13
3.2853879041192333e-13
3.135365481137425e-13
2.992556463939477e-13
2.8546112398755554e-13
2.723261767679772e-13
2.5975291946463316e-13
2.4771430487739194e-13
2.362882035374692e-13
2.2533011944499472e-13
2.1476404520313505e-13
2.0476066918130298e-13
1.9516840693962817e-13
1.85965603555495e-13
1.7719689588977305e-13
1.688392029662415e-13
1.6082171517784872e-13
1.531622675720536e-13
1.458363335495721e-13
1.3885510573863303e-13
1.321484477289554e-13
1.25774761851993e-13
1.1966919599715702e-13
1.1383300253435525e-13
1.0825507660525179e-13
1.0293033851382606e-13
9.783722714992514e-14
9.297362329217438e-14
8.83256329835051e-14
8.38884607470522e-14
7.964551161795814e-14
7.559357897947322e-14
7.172123674067347e-14
6.802238380498693e-14
6.448827144782818e-14
6.111853126471108e-14
5.789428109165519e-14
5.482004607045796e-14
5.187734588707238e-14
4.906923866768297e-14
4.6389383849081836e-14
4.382741891408139e-14
4.138136329601159e-14
3.904795099511541e-14
3.681985565002333e-14
3.4690940083561615e-14
3.265832025002625e-14
3.0717061344924666e-14
2.886607551222887e-14
2.7097782653750392e-14
2.5409602988789653e-14
2.3799176835845104e-14
2.2262061813795028e-14
2.079548062539227e-14
1.9396285753568775e-14
1.806103093212696e-14
1.6787838125616467e-14
1.55732220694289e-14
1.4414876362026875e-14
1.3310439509922201e-14
1.22577458912952e-14
1.1254481830842638e-14
1.0298119631213e-14
9.38709084064795e-15
8.51931220961175e-15
7.692901237974738e-15
6.906478829364616e-15
6.1578668739508566e-15
5.445935171812755e-15
4.768984250390963e-15
4.125572621003009e-15
3.514436514530702e-15
2.934181213622223e-15
2.3837666854810043e-15
1.861896081350029e-15
1.3677030495610567e-15
9.003485418247272e-16
4.601731306835263e-16
8.030069384731565e-17
3.659367095546985e-16
7.345031880737256e-16
1.083585665331833e-15
1.4120141583555992e-15
1.7201669170718464e-15
2.0085509026776902e-15
2.277746202635683e-15
2.5282911855165364e-15
2.760686040699445e-15
2.975427054573931e-15
3.1729809390761464e-15
3.3537164845713656e-15
3.518051575116487e-15
3.666305309709103e-15
3.7987926350719006e-15
3.9157950022501346e-15
4.01757847809453e-15
4.1043298923673875e-15
4.176232763354187e-15
4.233417881318468e-15
4.276016681054991e-15
4.304127542947009e-15
4.317804894240889e-15
4.317056201622307e-15
4.301876066062526e-15
4.27221215607469e-15
4.22803383439537e-15
4.169214924367455e-15
4.0956064248453945e-15
4.0070770919757796e-15
3.903398974658886e-15
3.784353759596394e-15
3.649691820479842e-15
3.499096222838693e-15
3.3322400716165857e-15
3.1487488950867924e-15
2.948227518005416e-15
2.7302046199217036e-15
2.4942464236336516e-15
2.23979754356243e-15
1.9663117040764165e-15
1.6732172250931906e-15
1.359899464125409e-15
1.025805299216437e-15
6.706144189095792e-16
2.964065392495625e-16
