4.715471698620919e-11
4.6087031633145255e-11
4.526391199108555e-11
4.4008794719350776e-11
4.30714936072667e-11
4.197057612138932e-11
4.1047811998934204e-11
4.0063814113218155e-11
3.917482388307051e-11
3.805837683140362e-11
3.727912565042967e-11
3.645428053970347e-11
3.558895967300146e-11
3.478368189254313e-11
3.385244762114715e-11
3.313863102036473e-11
3.231953445416082e-11
3.1630872866990254e-11
3.0773579136704274e-11
3.010254831118863e-11
2.9389057490069396e-11
2.863742905209489e-11
2.8010098452550853e-11
2.7278323059941536e-11
2.6673791605481527e-11
2.5971287684279438e-11
2.5418574562725732e-11
2.4724548740197348e-11
2.414102515211396e-11
2.3602916621656104e-11
2.301551394955474e-11
2.2412377795335366e-11
2.185393753936904e-11
2.1308769361870256e-11
2.0803348147822987e-11
2.0259733889433796e-11
1.977269852027274e-11
1.927229148144258e-11
1.876900172466029e-11
1.8340519699115328e-11
1.7862229823084092e-11
1.7374137203794498e-11
1.6946021249420204e-11
1.6509379490085843e-11
1.607038441550331e-11
1.5661707367137808e-11
1.525954136358479e-11
1.4856088514509157e-11
1.4470802116053282e-11
1.4065564884908852e-11
1.3725301294577916e-11
1.3317750669025578e-11
1.298686124375429e-11
1.2611187395005325e-11
1.2276760652572688e-11
1.1920321414377621e-11
1.1596293525187075e-11
1.1292512551628197e-11
1.0953308603349621e-11
1.0637312995799714e-11
1.0333380783978295e-11
1.0045347494759238e-11
9.75673757125754e-12
9.45936513482187e-12
9.193611368348136e-12
8.926835096383822e-12
8.6487757262878e-12
8.38985617580269e-12
8.125544155772086e-12
7.894915595847239e-12
7.642918848782143e-12
7.39569929693325e-12
7.160937085369077e-12
6.941488362676208e-12
6.717726795207176e-12
6.497030702391113e-12
6.293498832354085e-12
6.082953481095797e-12
5.8804884038188215e-12
5.687264203275816e-12
5.49251713300552e-12
5.304205481814397e-12
5.121022269637649e-12
4.940908660878667e-12
4.772042463513603e-12
4.604763227702157e-12
4.435627288830361e-12
4.27772900914123e-12
4.121967702602391e-12
3.96899222340629e-12
3.821472355509563e-12
3.680678399797717e-12
3.5424052996951142e-12
3.406288094384325e-12
3.275108103041713e-12
3.1497972575080965e-12
3.0244952206920966e-12
2.9063828682566573e-12
2.790813739423428e-12
2.6784796198123415e-12
2.5698290453446154e-12
2.4646666458008087e-12
2.362793998710036e-12
2.264279502782317e-12
2.1690174689384202e-12
2.076886954275758e-12
1.987954757787707e-12
1.9018951368189475e-12
1.8188711517105024e-12
1.7383628968416085e-12
1.6608673999733122e-12
1.5868258334176315e-12
1.5148815967992111e-12
1.4459609799468696e-12
1.378799706238038e-12
1.3144146284394005e-12
1.2525652521377617e-12
1.1927601718414328e-12
1.1351742098634833e-12
1.0802388559569828e-12
1.0273433670131902e-12
9.762988791702706e-13
9.272120034711782e-13
8.798654662687767e-13
8.348083127347173e-13
7.913357433265442e-13
7.495251728418806e-13
7.095263270196634e-13
6.711443948469948e-13
6.343543747872289e-13
5.991001607118982e-13
5.652957018616419e-13
5.329512967267852e-13
5.019590004642705e-13
4.72308102977456e-13
4.4390701795665924e-13
4.168040444526735e-13
3.9090211724459706e-13
3.661091222053766e-13
3.4243708354059144e-13
3.1983793523758297e-13
2.9825243185372154e-13
2.777132559449218e-13
2.580971171051246e-13
2.3943730632836107e-13
2.2168806031296165e-13
2.0478496658795509e-13
1.8874289430191513e-13
1.7348537559772726e-13
1.5904661492883715e-13
1.4533645687105773e-13
1.3238403633784733e-13
1.2012834960844476e-13
1.0856349901594915e-13
9.767230548322673e-14
8.742773725784767e-14
7.780659394364796e-14
6.880179626122721e-14
6.038726572356347e-14
5.255311996172247e-14
4.528401472022493e-14
3.8565003983488955e-14
3.238444199964103e-14
2.672938072728446e-14
2.1590391611495645e-14
1.695778795741968e-14
1.282252537697308e-14
9.177065724847225e-15
6.014508175118855e-15
3.3290847622771038e-15
1.1163787904421303e-15
6.325406566720191e-16
1.911737479214217e-15
2.7295205588721905e-15
3.0860959796430705e-15
2.9817885449352185e-15
2.416116551542999e-15
1.3878397942740505e-15
1.189935279071027e-16
2.0702220241161235e-15
4.5051101259040065e-15
7.418184531898801e-15
1.081538105880557e-14
1.4703696975006167e-14
1.9091301266512968e-14
2.3987140429554467e-14
2.940109803745204e-14
3.5344954455274305e-14
4.183039579469138e-14
4.887114391324058e-14
5.648098107675326e-14
6.467647057313645e-14
7.347094947401696e-14
8.288851114564357e-14
9.294274001926923e-14
1.0365410314046108e-13
1.1504753662833128e-13
1.271422266008867e-13
1.399703347320795e-13
1.5354573847784542e-13
1.6790480762413925e-13
