4.595102913204599e-23
4.597188221191903e-23
4.5991737138685965e-23
4.601063604490406e-23
4.602861903372204e-23
4.6045724264081364e-23
4.606198803177624e-23
4.6077444846551845e-23
4.6092127505410354e-23
4.610606716225952e-23
4.611929339409622e-23
4.613183426379828e-23
4.6143716379735754e-23
4.6154964952262215e-23
4.616560384725775e-23
4.617565563679148e-23
4.618514164705279e-23
4.6194082003630424e-23
4.620249567423374e-23
4.6210400508967093e-23
4.621781327821126e-23
4.6224749708236565e-23
4.6231224514574496e-23
4.62372514332432e-23
4.6242843249931414e-23
4.6248011827094764e-23
4.6252768129159455e-23
4.6257122245770035e-23
4.626108341321792e-23
4.626466003401856e-23
4.6267859694745306e-23
4.6270689182122316e-23
4.6273154497425753e-23
4.627526086918814e-23
4.627701276431377e-23
4.6278413897511106e-23
4.627946723918109e-23
4.6280175021709725e-23
4.6280538744159325e-23
4.628055917547705e-23
4.628023635603652e-23
4.627956959776688e-23
4.627855748261231e-23
4.6277197859540234e-23
4.6275487839883144e-23
4.6273423791215047e-23
4.627100132960109e-23
4.626821531022516e-23
4.626505981643192e-23
4.6261528147139154e-23
4.6257612802504803e-23
4.6253305467989934e-23
4.624859699661497e-23
4.624347738951288e-23
4.62379357745317e-23
4.62319603831088e-23
4.622553852524259e-23
4.621865656240402e-23
4.621129987835931e-23
4.620345284818062e-23
4.6195098804831787e-23
4.6186220003582594e-23
4.6176797584259435e-23
4.616681153089765e-23
4.615624062917809e-23
4.614506242097249e-23
4.613325315634525e-23
4.612078774324606e-23
4.61076396933857e-23
4.609378106595992e-23
4.607918240781581e-23
4.606381269054328e-23
4.6047639244058823e-23
4.6030627686636805e-23
4.601274185148292e-23
4.599394370903388e-23
4.5974193285916665e-23
4.595344857859844e-23
4.5931665464204773e-23
4.5908797605069404e-23
4.588479634946907e-23
4.585961062745186e-23
4.583318684069298e-23
4.580546874738418e-23
4.5776397341177994e-23
4.5745910724444014e-23
4.57139439739224e-23
4.568042900170506e-23
4.564529440782743e-23
4.5608465325896294e-23
4.5569863260946305e-23
4.552940592047587e-23
4.5487007034846924e-23
4.544257617077489e-23
4.539601853461235e-23
4.534723476690835e-23
4.529612072428187e-23
4.524256725412809e-23
4.5186459954517147e-23
4.512767892494477e-23
4.506609850352313e-23
4.500158698984308e-23
4.493400635636395e-23
4.486321194334088e-23
4.478905213960522e-23
4.471136804513437e-23
4.462999312154664e-23
4.454475281673464e-23
4.445546417849455e-23
4.436193544247001e-23
4.4263965602796665e-23
4.41613439559395e-23
4.4053849626504023e-23
4.394125106235642e-23
4.382330550704865e-23
4.36997584424386e-23
4.357034299970168e-23
4.3434779342945285e-23
4.3292774014135323e-23
4.314401924347601e-23
4.298819222350271e-23
4.282495433422862e-23
4.265395033719354e-23
4.247480750677898e-23
4.228713472203479e-23
4.2090521496057065e-23
4.1884536948928893e-23
4.1668728719542784e-23
4.144262180006857e-23
4.1205717294479256e-23
4.095749110685377e-23
4.069739251741256e-23
4.042484267467879e-23
4.0139232968847785e-23
3.983992327733022e-23
3.952624009579028e-23
3.919747447966537e-23
3.8852879822042846e-23
3.8491669486685205e-23
3.811301411591359e-23
3.771603877888274e-23
3.7299819771870574e-23
3.686338109164589e-23
3.640569049361919e-23
3.592565511389478e-23
3.542211648100655e-23
3.4893844909692746e-23
3.4339533039251006e-23
3.375778846541949e-23
3.314712509848931e-23
3.2505953066085404e-23
3.1832566825528334e-23
3.1125130855236876e-23
3.038166246046272e-23
2.960001073183124e-23
2.8777830541271325e-23
2.791255004786584e-23
2.70013294036208e-23
2.6041007797042746e-23
2.5028034187869308e-23
2.3958375631457827e-23
2.2827393452710004e-23
2.1629673336131056e-23
2.0358787041037824e-23
1.900695109405805e-23
1.756452613105516e-23
1.6019262562136052e-23
1.435513169478363e-23
1.2550459569796397e-23
1.0574870867344314e-23
8.38428518936092e-24
5.914032457704283e-24
3.0930886296100125e-24
1.3414986252714995e-24
5.592813363211849e-24
1.2790261645733441e-23
2.739782600816605e-23
8.995463215211407e-23
7.760650139590972e-23
2.709183028489762e-23
1.335320513064681e-23
5.940324279322862e-24
1.4494890299295916e-24
4.3916450446270676e-24
8.370160191841216e-24
1.2222316559642158e-23
1.6015876044037377e-23
1.9814685474724212e-23
2.3664476573494709e-23
2.759874709517968e-23
3.164330069942335e-23
3.5819084777392723e-23
4.014394932087581e-23
4.463376446271442e-23
4.930315095066376e-23
5.416597504899607e-23
5.92356925569992e-23
6.452559821585833e-23
7.004900965449929e-23
7.581941010357784e-23
8.185056137462093e-23
