3.999334746792974e-24
3.8473451824191636e-24
3.7051183919034265e-24
3.572236430061667e-24
3.4482993178167746e-24
3.33292430452192e-24
3.225745170964629e-24
3.1264115713415262e-24
3.034588412934061e-24
2.949955271939362e-24
2.872205843921398e-24
2.8010474275393275e-24
2.7362004397346336e-24
2.677397960702311e-24
2.6243853066412234e-24
2.576919628110193e-24
2.5347695317600663e-24
2.497714722789982e-24
2.4655456656548944e-24
2.4380632604992618e-24
2.415078532560007e-24
2.3964123323776935e-24
2.3818950443188628e-24
2.371366301713452e-24
2.3646747069492733e-24
2.361677555168329e-24
2.3622405607259727e-24
2.3662375860668708e-24
2.3735503724223383e-24
2.3840682728990575e-24
2.397687987890616e-24
2.4143133034199685e-24
2.4338548333391785e-24
2.4562297653712554e-24
2.4813616125357394e-24
2.509179970028368e-24
2.5396202784141043e-24
2.5726235938384146e-24
2.60813636539389e-24
2.646110220463752e-24
2.6865017579441854e-24
2.7292723498138102e-24
2.7743879511149218e-24
2.8218189182583988e-24
2.8715398360456556e-24
2.9235293526638815e-24
2.977770023300782e-24
3.0342481616631073e-24
3.0929536994913637e-24
3.1538800538174528e-24
3.217024001742678e-24
3.282385562418914e-24
3.349967886404404e-24
3.419777151351077e-24
3.491822464782069e-24
3.566115773105487e-24
3.6426717764603425e-24
3.721507850023332e-24
3.802643970628527e-24
3.8861026489970975e-24
3.971908867379668e-24
4.060090022094532e-24
4.150675871325689e-24
4.2436984869570484e-24
4.3391922118898596e-24
4.4371936209997765e-24
4.537741486783573e-24
4.640876748496173e-24
4.746642486029032e-24
4.855083896820277e-24
4.966248276781347e-24
5.08018500442344e-24
5.196945528911783e-24
5.316583361034654e-24
5.43915406667847e-24
5.5647152649850365e-24
5.6933266276481e-24
5.8250498821622335e-24
5.9599488176544216e-24
6.098089293264264e-24
6.239539248686717e-24
6.384368718019388e-24
6.5326498459691384e-24
6.684456905416218e-24
6.839866318898858e-24
6.998956680912507e-24
7.161808783177414e-24
7.328505642286259e-24
7.499132528623732e-24
7.673776998134494e-24
7.852528926067112e-24
8.03548054215855e-24
8.222726468670889e-24
8.414363759261004e-24
8.610491941465647e-24
8.811213059540881e-24
9.016631719315059e-24
9.226855136814882e-24
9.441993186146115e-24
9.662158451164994e-24
9.887466278384406e-24
1.0118034831507421e-23
1.0353985148985175e-23
1.059544120129049e-23
1.084252995297027e-23
1.109538142366613e-23
1.1354128753624101e-23
1.1618908270200967e-23
1.1889859554087585e-23
1.2167125512537257e-23
1.245085244901057e-23
1.2741190139532487e-23
1.3038291908360388e-23
1.3342314704773785e-23
1.3653419186296157e-23
1.397176979999121e-23
1.429753486685427e-23
1.4630886670248134e-23
1.4972001543036632e-23
1.53210599625755e-23
1.5678246640175588e-23
1.6043750621162696e-23
1.6417765381945365e-23
1.6800488930033158e-23
1.719212390981879e-23
1.759287770664364e-23
1.8002962557747445e-23
1.842259566231271e-23
1.885199929331788e-23
1.9291400919760176e-23
1.9741033320786556e-23
2.0201134712363438e-23
2.067194886932303e-23
2.1153725256337223e-23
2.1646719157586837e-23
2.2151191811981122e-23
2.2667410552550172e-23
2.3195648947621837e-23
2.373618693716506e-23
2.4289310992359564e-23
2.485531426250449e-23
2.543449672701395e-23
2.6027165350147202e-23
2.6633634262766916e-23
2.725422490021643e-23
2.788926619221787e-23
2.8539094735287517e-23
2.9204054959922815e-23
2.98844993146677e-23
3.058078847678825e-23
3.129329149486185e-23
3.202238603655685e-23
3.27684585441037e-23
3.353190447594739e-23
3.431312848658519e-23
3.511254465629613e-23
3.59305766975437e-23
3.6767658202095113e-23
3.7624232848886036e-23
3.850075463070933e-23
3.9397688129664114e-23
4.031550873233038e-23
4.125470289233153e-23
4.2215768361657087e-23
4.3199214552977905e-23
4.4205562594094127e-23
4.5235345888665486e-23
4.6289110165810667e-23
4.736741387040653e-23
4.8470828468247854e-23
4.9599938651817646e-23
5.075534278881431e-23
5.1937653162234353e-23
5.314749621633379e-23
5.438551309149457e-23
5.565235973850094e-23
5.694870732706362e-23
5.827524288935866e-23
5.963266902994331e-23
6.102170510043007e-23
6.244308686406792e-23
6.38975673903144e-23
6.538591713064972e-23
6.690892442327114e-23
6.846739609027147e-23
7.006215757681907e-23
7.169405350038688e-23
7.336394827505933e-23
7.507272598869339e-23
7.682129160952359e-23
7.861057118906859e-23
8.04415122185067e-23
8.231508369405184e-23
8.423227779055774e-23
8.619410969590535e-23
8.820161711915226e-23
9.025586330967915e-23
9.235793481011792e-23
9.450894512917498e-23
9.671003112805437e-23
9.896235827051066e-23
