2.8116213468689176e-23
2.8189003600945975e-23
2.8258105055492656e-23
2.8323664440717983e-23
2.838582084487085e-23
2.8444706131260895e-23
2.850044521807133e-23
2.855315634340275e-23
2.860295131609008e-23
2.864993575283411e-23
2.869420930215342e-23
2.8735865855608803e-23
2.8774993746779013e-23
2.8811675938375453e-23
2.884599019791332e-23
2.887800926229755e-23
2.8907800991663494e-23
2.893542851281928e-23
2.8960950352550884e-23
2.898442056110455e-23
2.900588882607683e-23
2.902540057696039e-23
2.9042997080550577e-23
2.9058715527410425e-23
2.907258910957661e-23
2.9084647089633254e-23
2.909491486132459e-23
2.9103414001786383e-23
2.9110162315520575e-23
2.911517387016283e-23
2.9118459024125115e-23
2.9120024446134354e-23
2.9119873126691445e-23
2.911800438144352e-23
2.9114413846464716e-23
2.9109093465376593e-23
2.910203146827779e-23
2.909321234236362e-23
2.908261679416907e-23
2.9070221703272695e-23
2.905600006732531e-23
2.903992093823596e-23
2.902194934929251e-23
2.900204623300268e-23
2.8980168329403335e-23
2.8956268084537966e-23
2.893029353879137e-23
2.890218820474275e-23
2.8871890934126975e-23
2.883933577350437e-23
2.88044518081599e-23
2.8767162993720906e-23
2.8727387974953864e-23
2.8685039891111735e-23
2.864002616718525e-23
2.8592248290321323e-23
2.854160157062817e-23
2.8487974885492586e-23
2.84312504064775e-23
2.8371303307752355e-23
2.830800145494157e-23
2.8241205073128403e-23
2.8170766392683174e-23
2.809652927138431e-23
2.8018328791214116e-23
2.793599082798487e-23
2.7849331591799845e-23
2.7758157136113763e-23
2.766226283291161e-23
2.756143281125655e-23
2.745543935612132e-23
2.734404226407184e-23
2.7226988151919525e-23
2.710400971400366e-23
2.697482492318325e-23
2.683913616998187e-23
2.669662933354944e-23
2.654697277723248e-23
2.638981626050899e-23
2.6224789757796172e-23
2.6051502173217044e-23
2.5869539938682408e-23
2.567846548059118e-23
2.5477815538037768e-23
2.5267099312434005e-23
2.5045796424959578e-23
2.481335465392861e-23
2.4569187418962525e-23
2.4312670972452922e-23
2.404314125099088e-23
2.3759890329699506e-23
2.34621624104047e-23
2.3149149259537022e-23
2.2819984992752496e-23
2.247374007941543e-23
2.2109414409667505e-23
2.1725929227942318e-23
2.132211768653444e-23
2.0896713707606763e-23
2.0448338756507378e-23
1.9975486016273446e-23
1.9476501302579705e-23
1.8949559855646767e-23
1.8392637869981647e-23
1.78034772440355e-23
1.71795415053262e-23
1.651796012568397e-23
1.5815457385289386e-23
1.506826041822318e-23
1.4271978835654522e-23
1.3421444996225335e-23
1.2510498974880805e-23
1.1531694619467746e-23
1.0475891322239463e-23
9.331678321489311e-24
8.08455339991184e-24
6.715755248888935e-24
5.200715955636584e-24
3.5080388661846426e-24
1.6147797907412292e-24
8.957190774801174e-25
3.451816324846688e-24
6.749906126291611e-24
1.1054712555588618e-23
1.7092905156200116e-23
2.661414984348452e-23
4.507642564290334e-23
1.0212299832373198e-22
4.272821498238391e-22
8.153740584475503e-23
4.248278729799866e-23
2.71516591476575e-23
1.8396395343686393e-23
1.2344621995950311e-23
7.641549584759558e-24
3.705860936880221e-24
7.639395658722061e-25
3.2905507484769292e-24
6.382683139717215e-24
9.424637679256239e-24
1.2444164263593215e-23
1.5472901694160178e-23
1.8536850654585728e-23
2.165721383095895e-23
2.48517095619026e-23
2.8135593831996247e-23
3.1522395149123525e-23
3.5024439577273165e-23
3.8653230240056264e-23
4.241972647642324e-23
4.633455328596932e-23
5.0408161798010347e-23
5.465095492288297e-23
5.907338797868863e-23
6.368605116314091e-23
6.849973875882069e-23
7.352550859935203e-23
7.877473437736224e-23
8.425915270810109e-23
8.999090638705522e-23
9.598258493693816e-23
1.0224726328977372e-22
1.0879853926609298e-22
1.1565057037705566e-22
1.2281811037362219e-22
1.3031654589037778e-22
1.3816193347378778e-22
1.4637103724090535e-22
1.549613673811625e-22
1.6395121968864218e-22
1.733597162930286e-22
1.8320684774311748e-22
1.9351351658604703e-22
2.0430158257763974e-22
2.1559390965391826e-22
2.2741441479021156e-22
2.3978811887233823e-22
2.527411997035121e-22
2.663010472707684e-22
2.8049632139616405e-22
2.953570118993558e-22
3.10914501401049e-22
3.2720163089978706e-22
3.442527682578167e-22
3.6210387973619514e-22
3.8079260472320836e-22
4.0035833380541313e-22
4.2084229033531233e-22
4.422876156554272e-22
4.647394581441928e-22
4.882450662552256e-22
5.128538857278494e-22
5.386176611537409e-22
5.655905420912283e-22
5.938291939266788e-22
6.233929136893627e-22
6.543437510351406e-22
6.86746634622109e-22
7.206695041102315e-22
7.561834480268268e-22
7.933628477484114e-22
