6.190155161584231e-23
6.190834678576713e-23
6.191482121035899e-23
6.192098862793277e-23
6.19268621251462e-23
6.193245416479135e-23
6.193777661227793e-23
6.194284076081741e-23
6.194765735542377e-23
6.195223661572069e-23
6.195658825765858e-23
6.196072151412832e-23
6.196464515458021e-23
6.196836750363848e-23
6.197189645877702e-23
6.197523950708993e-23
6.197840374117889e-23
6.198139587422376e-23
6.19842222542186e-23
6.198688887746107e-23
6.198940140126934e-23
6.199176515600685e-23
6.199398515637859e-23
6.199606611208458e-23
6.199801243782187e-23
6.199982826263906e-23
6.200151743872035e-23
6.200308354953941e-23
6.20045299174846e-23
6.200585961089493e-23
6.200707545058037e-23
6.200818001580783e-23
6.200917564976917e-23
6.201006446455891e-23
6.201084834565572e-23
6.2011528955919e-23
6.201210773912287e-23
6.201258592301314e-23
6.201296452192073e-23
6.201324433890791e-23
6.201342596746726e-23
6.20135097927908e-23
6.201349599258147e-23
6.201338453742421e-23
6.201317519072995e-23
6.201286750823085e-23
6.201246083703097e-23
6.201195431422448e-23
6.201134686506139e-23
6.201063720066338e-23
6.200982381529179e-23
6.200890498313713e-23
6.200787875467459e-23
6.200674295250039e-23
6.200549516672865e-23
6.200413274986045e-23
6.200265281116803e-23
6.200105221055456e-23
6.199932755187848e-23
6.199747517575439e-23
6.199549115177187e-23
6.199337127014834e-23
6.199111103279114e-23
6.198870564373686e-23
6.198614999897573e-23
6.198343867559541e-23
6.198056592027132e-23
6.197752563703958e-23
6.197431137434732e-23
6.197091631134296e-23
6.196733324338322e-23
6.196355456672788e-23
6.195957226237459e-23
6.195537787901968e-23
6.1950962515094e-23
6.194631679984232e-23
6.194143087340146e-23
6.193629436583655e-23
6.193089637509706e-23
6.192522544382959e-23
6.191926953500821e-23
6.191301600634307e-23
6.190645158337418e-23
6.189956233124348e-23
6.189233362503443e-23
6.188475011865138e-23
6.187679571215902e-23
6.186845351751314e-23
6.185970582259911e-23
6.185053405351632e-23
6.18409187350245e-23
6.183083944904752e-23
6.182027479118018e-23
6.180920232506655e-23
6.179759853458106e-23
6.17854387736886e-23
6.177269721388001e-23
6.175934678909258e-23
6.174535913794547e-23
6.17307045432214e-23
6.171535186841538e-23
6.169926849124776e-23
6.168242023397763e-23
6.166477129036559e-23
6.16462841491331e-23
6.162691951374697e-23
6.160663621835382e-23
6.158539113967732e-23
6.156313910469384e-23
6.153983279386133e-23
6.15154226397272e-23
6.148985672063604e-23
6.146308064936147e-23
6.143503745636494e-23
6.140566746745235e-23
6.137490817554183e-23
6.134269410626406e-23
6.130895667707888e-23
6.127362404962009e-23
6.123662097490192e-23
6.119786863105366e-23
6.115728445322517e-23
6.111478195525935e-23
6.107027054271585e-23
6.102365531686301e-23
6.0974836869114e-23
6.092371106550839e-23
6.087016882069067e-23
6.081409586086849e-23
6.075537247519915e-23
6.069387325503209e-23
6.062946682036109e-23
6.056201553286154e-23
6.049137519481241e-23
6.041739473317894e-23
6.03399158680967e-23
6.025877276494013e-23
6.017379166911633e-23
6.008479052269512e-23
5.999157856190232e-23
5.989395589446037e-23
5.979171305571008e-23
5.968463054237282e-23
5.957247832272524e-23
5.94550153219232e-23
5.933198888109807e-23
5.920313418876123e-23
5.906817368298631e-23
5.89268164226978e-23
5.877875742633038e-23
5.862367697592109e-23
5.846123988470263e-23
5.829109472593917e-23
5.811287302077373e-23
5.792618838253966e-23
5.773063561486569e-23
5.752578976070602e-23
5.731120509913847e-23
5.708641408655118e-23
5.685092623855468e-23
5.660422694861301e-23
5.634577623901482e-23
5.607500743944165e-23
5.579132578786034e-23
5.549410694800429e-23
5.5182695437034e-23
5.485640295634483e-23
5.451450661762895e-23
5.415624705539854e-23
5.37808264160987e-23
5.338740621262106e-23
5.29751050315953e-23
5.2542996078987737e-23
5.209010454744081e-23
5.1615404786214553e-23
5.111781725147758e-23
5.0596205210935375e-23
5.004937117210466e-23
4.9476052997801143e-23
4.887491966526553e-23
4.824456661629448e-23
4.758351063434209e-23
4.6890184169967496e-23
4.616292901714545e-23
4.539998921843969e-23
4.459950304481887e-23
4.375949385301414e-23
4.287785956587807e-23
4.195236044301942e-23
4.0980604701710417e-23
3.99600313985147e-23
3.8887889771166815e-23
3.7761213938105067e-23
3.657679141349232e-23
3.533112324536682e-23
3.402037260451366e-23
3.2640297145418634e-23
3.118615809409216e-23
2.96525952102027e-23
2.8033450482903975e-23
2.6321512731185616e-23
