9.222272414402926e-25
8.671454695739826e-25
8.25099227296446e-25
7.959786383436696e-25
7.793159812140881e-25
7.742547022699337e-25
7.796039243907158e-25
7.939613282475829e-25
8.158605639647734e-25
8.438992406801086e-25
8.76823538009962e-25
9.135676252613574e-25
9.532588734767677e-25
9.952026862298356e-25
1.0388581387544933e-24
1.0838115947509065e-24
1.1297521011529125e-24
1.1764501429542743e-24
1.223740095703683e-24
1.2715061140222268e-24
1.3196709656443463e-24
1.368187280921711e-24
1.4170307326685842e-24
1.466194735460154e-24
1.5156863307841738e-24
1.5655229936009876e-24
1.6157301536964226e-24
1.666339271534405e-24
1.717386344879821e-24
1.7689107506378722e-24
1.820954348190712e-24
1.873560787200258e-24
1.9267749756702433e-24
1.980642673887413e-24
2.035210187445008e-24
2.090524138341192e-24
2.1466312977156842e-24
2.2035784672143574e-24
2.2614123987833878e-24
2.3201797447367526e-24
2.3799270316901704e-24
2.440700653236478e-24
2.5025468772587692e-24
2.565511864679813e-24
2.62964169700266e-24
2.6949824105934325e-24
2.7615800360865022e-24
2.829480641522166e-24
2.8987303782723197e-24
2.9693755288353985e-24
3.0414625559248423e-24
3.115038152292264e-24
3.1901492909175543e-24
3.266843275255434e-24
3.345167789325026e-24
3.425170947436488e-24
3.506901343508931e-24
3.590408099809019e-24
3.6757409151427114e-24
3.76295011243531e-24
3.852086685697214e-24
3.943202346415198e-24
4.036349569352628e-24
4.1315816378487625e-24
4.228952688590319e-24
4.328517755974067e-24
4.430332816054437e-24
4.534454830169245e-24
4.640941788274388e-24
4.749852752045874e-24
4.861247897862556e-24
4.975188559617712e-24
5.09173727151968e-24
5.2109578108929064e-24
5.3329152410474445e-24
5.45767595424216e-24
5.5853077148525235e-24
5.715879702755971e-24
5.849462556975713e-24
5.9861284196711066e-24
6.125950980523452e-24
6.269005521510609e-24
6.4153689621856646e-24
6.565119905461299e-24
6.718338683988069e-24
6.875107407110203e-24
7.035510008504713e-24
7.199632294497712e-24
7.367561993158957e-24
7.539388804134193e-24
7.715204449349747e-24
7.89510272453655e-24
8.079179551712661e-24
8.267533032570704e-24
8.460263502870889e-24
8.657473587862808e-24
8.859268258779873e-24
9.065754890420637e-24
9.277043319877685e-24
9.49324590649001e-24
9.714477592978929e-24
9.940855967849139e-24
1.0172501329113906e-23
1.040953674938157e-23
1.0652088142273744e-23
1.0900284330326616e-23
1.115425711430029e-23
1.1414141344079992e-23
1.1680074991054746e-23
1.1952199222080838e-23
1.2230658475213056e-23
1.2515600536909825e-23
1.2807176621162814e-23
1.31055414502482e-23
1.3410853337436017e-23
1.3723274271373048e-23
1.404297000260382e-23
1.4370110131847475e-23
1.470486820040807e-23
1.5047421782586455e-23
1.5397952580268715e-23
1.5756646519560218e-23
1.6123693849719013e-23
1.64992892443846e-23
1.6883631905024367e-23
1.727692566683712e-23
1.7679379107093824e-23
1.8091205655937199e-23
1.8512623709747853e-23
1.894385674719167e-23
1.9385133447772586e-23
1.9836687813387562e-23
2.0298759292386952e-23
2.0771592906845344e-23
2.12554393824773e-23
2.1750555281626013e-23
2.22572031396224e-23
2.2775651603830213e-23
2.3306175576291063e-23
2.3849056359550814e-23
2.440458180579241e-23
2.4973046469476044e-23
2.5554751763758008e-23
2.6150006120171324e-23
2.675912515201263e-23
2.7382431822190455e-23
2.802025661382744e-23
2.8672937705873924e-23
2.9340821152534396e-23
3.0024261066135343e-23
3.0723619805624135e-23
3.1439268167839096e-23
3.2171585584482134e-23
3.2920960323528976e-23
3.368778969419965e-23
3.447248025830403e-23
3.5275448045165864e-23
3.6097118772458015e-23
3.693792807143087e-23
3.7798321718077956e-23
3.8678755869484304e-23
3.957969730447761e-23
4.0501623672629944e-23
4.144502374551987e-23
4.24103976765142e-23
4.339825726646751e-23
4.440912623291353e-23
4.5443540489877985e-23
4.6502048429211554e-23
4.758521121268619e-23
4.8693603068712335e-23
4.9827811595820295e-23
5.098843807522882e-23
5.217609778728315e-23
5.33914203385109e-23
5.463504999533639e-23
5.590764602285881e-23
5.72098830346012e-23
5.854245135478426e-23
5.990605737161153e-23
6.130142392453094e-23
6.272929067702143e-23
6.419041451057688e-23
6.568556992973756e-23
6.721554946177904e-23
6.878116408698394e-23
7.038324365467114e-23
7.202263733867084e-23
7.370021406562079e-23
7.541686299055677e-23
7.717349396385475e-23
7.897103799589712e-23
8.081044777874138e-23
8.269269815439705e-23
8.461878665241501e-23
8.658973401544496e-23
8.860658472612019e-23
9.067040756243147e-23
9.27822961561899e-23
9.49433695940928e-23
9.715477295747554e-23
