2.9152303536559123e-13
2.6968774924055984e-13
2.498376382570407e-13
2.3196157752576066e-13
2.158166445276987e-13
2.0127559505761622e-13
1.882600875606035e-13
1.7647164306055528e-13
1.6591906226899025e-13
1.564458736378927e-13
1.479880334651889e-13
1.4042837015268714e-13
1.3363824534979237e-13
1.2764732386605919e-13
1.2226092765277505e-13
1.1750801773685283e-13
1.1330304469036599e-13
1.0959883558865059e-13
1.0634321615342478e-13
1.0344324632439674e-13
1.0093504054420006e-13
9.873841110347609e-14
9.685859052510003e-14
9.523075784353198e-14
9.383591771571614e-14
9.264018260348439e-14
9.16449436199335e-14
9.081934668886658e-14
9.013784580605436e-14
8.959307855179384e-14
8.917463111799912e-14
8.884386964546813e-14
8.862014581926961e-14
8.84623457151392e-14
8.83863758552791e-14
8.838095638841657e-14
8.842525258292077e-14
8.85178064596245e-14
8.864541558386438e-14
8.881960290027719e-14
8.90154937518356e-14
8.924340201334862e-14
8.948931677888813e-14
8.975027657073759e-14
9.002658565088601e-14
9.031058842886844e-14
9.061178132574435e-14
9.092589807926805e-14
9.12308277502489e-14
9.154546102077788e-14
9.185348499413922e-14
9.216921150606617e-14
9.24855970267603e-14
9.279438867860628e-14
9.309829760211227e-14
9.340071246457787e-14
9.369748721696049e-14
9.398920554620625e-14
9.427663457724677e-14
9.455827315242967e-14
9.483068753010574e-14
9.509922266813951e-14
9.535689046134321e-14
9.560939813604139e-14
9.58538748436723e-14
9.609176084108805e-14
9.63220547652439e-14
9.654858190983553e-14
9.67647907522291e-14
9.697029250004313e-14
9.717385450098872e-14
9.73730508069736e-14
9.756197139132207e-14
9.774048135456853e-14
9.791442082906227e-14
9.808808161581542e-14
9.824921215837039e-14
9.840672139862825e-14
9.855821466427775e-14
9.870334481713636e-14
9.884434149917726e-14
9.897769791605487e-14
9.910589970637913e-14
9.923051281162946e-14
9.934932083579318e-14
9.946254050449718e-14
9.957163491393738e-14
9.967745128236517e-14
9.97803658203266e-14
9.987676613800382e-14
9.996972565998357e-14
1.0005867218033255e-13
1.0014071076196576e-13
1.002261221824367e-13
1.0030352377961592e-13
1.0037584611954624e-13
1.0044980086430133e-13
1.0051833718324426e-13
1.0058271837603126e-13
1.0064464917247023e-13
1.0070275188551961e-13
1.0076315389907075e-13
1.0081867032667372e-13
1.0087153979011657e-13
1.0091906371371658e-13
1.0096903564487299e-13
1.0101433102479603e-13
1.0105756052825767e-13
1.0109964974042622e-13
1.0113911908603176e-13
1.0117912867241401e-13
1.0121527825547206e-13
1.0124808555605256e-13
1.0128167176684307e-13
1.0131242417979509e-13
1.0134225285703602e-13
1.0137067709381844e-13
1.0139753966047245e-13
1.014260610720183e-13
1.0144916626100295e-13
1.0147175650009992e-13
1.014942454365153e-13
1.0151579519502083e-13
1.0153635213581416e-13
1.015550927884199e-13
1.015726820097359e-13
1.0158938873433838e-13
1.0160626706057502e-13
1.016197558120906e-13
1.0163515850417768e-13
1.016478983389199e-13
1.0166027993451043e-13
1.0167335636046836e-13
1.0168356642612352e-13
1.0169313049620561e-13
1.0170377525103136e-13
1.017120391042617e-13
1.0172101546713848e-13
1.0172723891703406e-13
1.0173471954328362e-13
1.0174027710232365e-13
1.0174570597736449e-13
1.017510660224744e-13
1.0175566562116974e-13
1.017597114134195e-13
1.0176184273215376e-13
1.0176453751138119e-13
1.0176671112982999e-13
1.0176825366938195e-13
1.0176922316590926e-13
1.0176883957522606e-13
1.0176857525707287e-13
1.017679331910325e-13
1.0176612944033438e-13
1.0176383062781698e-13
1.0176183551943659e-13
1.0175714802159916e-13
1.0175382448915066e-13
1.0174906079191698e-13
1.0174453722572694e-13
1.0173811077114658e-13
1.0173225375108351e-13
1.0172502659168501e-13
1.0171717226393266e-13
1.0170880928823813e-13
1.0169990705526616e-13
1.0169033549913137e-13
1.0167917524120931e-13
1.0166833024814266e-13
1.0165584760806661e-13
1.0164291066290104e-13
1.0162853801455663e-13
1.0161429765341874e-13
1.0159865607876119e-13
1.0158209286760416e-13
1.0156441204186044e-13
1.0154617210276887e-13
1.0152623059452754e-13
1.0150561733262126e-13
1.0148414596886719e-13
1.0146116927353147e-13
1.0143666646893143e-13
1.0141094441037086e-13
1.0138422242551317e-13
1.0135586410189818e-13
1.013256760688767e-13
1.0129469006623665e-13
1.0126203203206695e-13
1.012274845184256e-13
1.0119134754760187e-13
1.0115313722733834e-13
1.0111331336150572e-13
1.0107098360345317e-13
1.0102741309069765e-13
1.0098115380189639e-13
1.0093268893799507e-13
1.0088219706132883e-13
1.0082853672705134e-13
1.0077281561442086e-13
1.007142068458743e-13
1.0065301789886395e-13
