7.70835222189836e-22
7.708397376602514e-22
7.708438875254711e-22
7.708476805949699e-22
7.708511249208063e-22
7.708542278146681e-22
7.708569958636479e-22
7.708594349438927e-22
7.708615502334835e-22
7.708633462231115e-22
7.708648267260958e-22
7.708659948859683e-22
7.708668531835433e-22
7.708674034420722e-22
7.708676468311363e-22
7.708675838692381e-22
7.708672144246875e-22
7.7086653771569385e-22
7.708655523083262e-22
7.708642561138421e-22
7.708626463839467e-22
7.708607197053863e-22
7.708584719922131e-22
7.708558984774519e-22
7.708529937030318e-22
7.708497515079401e-22
7.7084616501554215e-22
7.708422266184951e-22
7.708379279631683e-22
7.70833259931462e-22
7.708282126217273e-22
7.708227753277674e-22
7.70816936515953e-22
7.708106838008289e-22
7.708040039190757e-22
7.707968827009142e-22
7.707893050404078e-22
7.707812548631956e-22
7.7077271509269485e-22
7.707636676135392e-22
7.707540932330296e-22
7.707439716410995e-22
7.707332813665148e-22
7.707219997314976e-22
7.707101028037711e-22
7.706975653457991e-22
7.706843607607746e-22
7.706704610368845e-22
7.706558366872712e-22
7.70640456687597e-22
7.706242884105949e-22
7.706072975562646e-22
7.705894480793284e-22
7.705707021129098e-22
7.705510198877446e-22
7.705303596481331e-22
7.705086775634113e-22
7.704859276340668e-22
7.7046206159533675e-22
7.7043702881361645e-22
7.704107761802428e-22
7.703832479969139e-22
7.703543858596706e-22
7.703241285325601e-22
7.702924118199047e-22
7.7025916842824835e-22
7.702243278240861e-22
7.7018781608448875e-22
7.701495557394973e-22
7.701094656083243e-22
7.700674606251401e-22
7.700234516614122e-22
7.699773453332045e-22
7.699290438066077e-22
7.69878444585823e-22
7.698254402971866e-22
7.697699184642497e-22
7.69711761261572e-22
7.696508452712907e-22
7.695870412179029e-22
7.695202136920451e-22
7.694502208658775e-22
7.693769141900198e-22
7.693001380751756e-22
7.692197295674922e-22
7.691355179960701e-22
7.690473246114797e-22
7.689549622102538e-22
7.688582347267863e-22
7.687569368275078e-22
7.686508534670818e-22
7.6853975942981875e-22
7.684234188555984e-22
7.683015847332312e-22
7.68173998377073e-22
7.680403888754369e-22
7.679004725119173e-22
7.677539521595945e-22
7.676005166574303e-22
7.674398401363825e-22
7.672715813288545e-22
7.670953828400021e-22
7.669108703861856e-22
7.6671765199356565e-22
7.665153171695112e-22
7.663034360195626e-22
7.660815583286025e-22
7.658492126003919e-22
7.656059050598756e-22
7.653511185787649e-22
7.650843115823654e-22
7.648049168974322e-22
7.645123405284473e-22
7.642059603670575e-22
7.638851249015634e-22
7.635491517975054e-22
7.63197326433061e-22
7.628289003705317e-22
7.624430897443687e-22
7.620390735882492e-22
7.61615992061602e-22
7.611729446337687e-22
7.60708988074148e-22
7.6022313450825505e-22
7.597143492041276e-22
7.591815484205071e-22
7.586235970527506e-22
7.580393061269751e-22
7.574274302395676e-22
7.567866649855129e-22
7.56115643966649e-22
7.554129359194451e-22
7.546770416079597e-22
7.5390639057228565e-22
7.530993376490135e-22
7.522541594837859e-22
7.513690507693991e-22
7.504421202034526e-22
7.494713864104526e-22
7.484547736554223e-22
7.473901073415171e-22
7.462751090384683e-22
7.4510739160625385e-22
7.4388445394264485e-22
7.426036755817867e-22
7.412623105746904e-22
7.398574815443358e-22
7.383861737231029e-22
7.368452275219423e-22
7.352313319016779e-22
7.33541017297698e-22
7.317706468403864e-22
7.2991640930044785e-22
7.279743099069164e-22
7.259401613872431e-22
7.238095742583119e-22
7.215779480173127e-22
7.192404583445568e-22
7.167920488737162e-22
7.142274171438034e-22
7.115410037918166e-22
7.087269792696212e-22
7.057792300222486e-22
7.026913447269849e-22
6.9945659867428615e-22
6.960679380535767e-22
6.925179633170715e-22
6.887989119174107e-22
6.8490263804814335e-22
6.808205956023417e-22
6.765438139352175e-22
6.72062879804317e-22
6.673679098544244e-22
6.624485294727922e-22
6.572938445828066e-22
6.518924149942623e-22
6.462322246617132e-22
6.4030065048880505e-22
6.340844286762198e-22
6.275696213417067e-22
6.207415763729257e-22
6.135848906914312e-22
6.0608336203243235e-22
5.982199519774264e-22
5.8997672678000485e-22
5.813348139225967e-22
5.722743386858691e-22
5.627743661944933e-22
5.528128385624613e-22
5.423664965213121e-22
5.314108069743599e-22
5.199198702416443e-22
5.078663356834979e-22
4.952212893614875e-22
4.8195413715510835e-22
4.68032474049568e-22
4.534219304228692e-22
4.38085992798302e-22
4.2198579807905544e-22
4.0507987101984346e-22
3.873238143444077e-22
