1.4884638772161159e-22
1.5144990704371814e-22
1.542221172577615e-22
1.571605602552007e-22
1.602629969976169e-22
1.635274040510377e-22
1.6695197029930005e-22
1.7053509379450522e-22
1.74275378723324e-22
1.781716324851063e-22
1.8222286284792374e-22
1.864282751803646e-22
1.9078726975176502e-22
1.9529943908109402e-22
1.999645653445105e-22
2.0478261782411889e-22
2.0975375041299175e-22
2.1487829915522e-22
2.2015677984457574e-22
2.2558988567436787e-22
2.311784849361641e-22
2.369236187888351e-22
2.4282649908996914e-22
2.4888850629583106e-22
2.551111874436804e-22
2.6149625422161836e-22
2.6804558112144482e-22
2.7476120369419446e-22
2.816453169095254e-22
2.887002736176631e-22
2.959285831327362e-22
3.0333290993842237e-22
3.1091607250298107e-22
3.186810422385774e-22
3.2663094258867696e-22
3.347690482493939e-22
3.4309878452938834e-22
3.516237268587345e-22
3.603476004362745e-22
3.6927428001664244e-22
3.7840778986302602e-22
3.8775230383141217e-22
3.97312145613331e-22
4.07091789122923e-22
4.1709585904198434e-22
4.273291315082005e-22
4.37796534963291e-22
4.485031511335108e-22
4.59454216175102e-22
4.706551219771962e-22
4.821114175769003e-22
4.938288107695657e-22
5.058131698233253e-22
5.180705253667546e-22
5.306070724164872e-22
5.43429172539592e-22
5.565433561652646e-22
5.699563250536235e-22
5.836749548751199e-22
5.977062979614951e-22
6.120575861846278e-22
6.267362339777355e-22
6.417498415026128e-22
6.571061979392931e-22
6.7281328493682515e-22
6.88879280208103e-22
7.053125612219016e-22
7.221217090919505e-22
7.393155125745837e-22
7.569029722027035e-22
7.7489330460451365e-22
7.932959468865898e-22
8.121205612447245e-22
8.313770396571663e-22
8.510755087718996e-22
8.712263349016886e-22
8.918401291799162e-22
9.129277528787798e-22
9.34500322868914e-22
9.565692172154525e-22
9.791460809825593e-22
1.0022428321319268e-21
1.0258716675992231e-21
1.0500450695754767e-21
1.0747758118942457e-21
1.1000769666327678e-21
1.1259619108245163e-21
1.1524443334258698e-21
1.1795382423759217e-21
1.2072579718983925e-21
1.2356181899474517e-21
1.26463390585136e-21
1.2943204781377043e-21
1.3246936225725683e-21
1.3557694203904168e-21
1.387564326686785e-21
1.4200951790335508e-21
1.4533792063729788e-21
1.4874340380152855e-21
1.5222777128722887e-21
1.5579286890332238e-21
1.5944058533938467e-21
1.6317285316125193e-21
1.6699164983203023e-21
1.708989987532127e-21
1.7489697032348464e-21
1.7898768304214066e-21
1.831733046187329e-21
1.874560531188226e-21
1.918381981321955e-21
1.9632206197454064e-21
2.0091002090937318e-21
2.0560450640734177e-21
2.1040800642237445e-21
2.153230667143751e-21
2.2035229218870103e-21
2.2549834827348383e-21
2.3076396232322368e-21
2.361519250695985e-21
2.4166509208145848e-21
2.473063852867612e-21
2.530787945084124e-21
2.5898537904388992e-21
2.650292692825367e-21
2.712136683618917e-21
2.7754185385053355e-21
2.8401717948742353e-21
2.906430769520699e-21
2.9742305766797352e-21
3.0436071466625765e-21
3.1145972447713544e-21
3.1872384907131845e-21
3.2615693784284907e-21
3.3376292964242427e-21
3.415458548568139e-21
3.4950983752788895e-21
3.576590975350768e-21
3.6599795281296e-21
3.745308216239824e-21
3.8326222490211395e-21
3.921967886152736e-21
4.013392462161714e-21
4.106944411184945e-21
4.202673292648142e-21
4.300629817125406e-21
4.4008658732031464e-21
4.503434554555646e-21
4.608390188117977e-21
4.715788362280012e-21
4.825685956382963e-21
4.93814117031281e-21
5.053213555235226e-21
5.170964044734914e-21
5.2914549867017885e-21
5.414750175885893e-21
5.5409148876071106e-21
5.670015911645974e-21
5.8021215871643364e-21
5.937301838453785e-21
6.075628211546662e-21
6.217173911221124e-21
6.36201383950281e-21
6.510224634407067e-21
6.661884710289738e-21
6.817074297242331e-21
6.975875485258082e-21
7.138372263952852e-21
7.304650568525882e-21
7.47479832224888e-21
7.648905483623129e-21
7.827064091509766e-21
8.00936831358598e-21
8.19591449479487e-21
8.386801204968056e-21
8.58212929267445e-21
8.782001935131646e-21
8.986524691203715e-21
9.195805553416123e-21
9.409955008023626e-21
9.629086085801722e-21
9.853314423548865e-21
1.008275831994234e-20
1.0317538797108114e-20
1.0557779661774458e-20
1.0803607564305027e-20
1.1055152068460538e-20
1.1312545708923279e-20
1.1575924068327358e-20
1.1845425828069871e-20
1.2121192853259692e-20
1.2403370255819306e-20
1.2692106465800036e-20
1.2987553307619174e-20
1.3289866060415063e-20
1.3599203560190098e-20
1.3915728249019173e-20
1.423960628308473e-20
1.4571007572112708e-20
1.491010589868317e-20
1.5257078977647178e-20
1.5612108561820858e-20
