1.089929050362323e-24
1.3027768657501563e-24
1.5121717602093646e-24
1.717190622784952e-24
1.917592742802167e-24
2.1134514300277557e-24
2.30499261108363e-24
2.492517490524375e-24
2.6763628763721674e-24
2.856879776229974e-24
3.034421448163029e-24
3.2093366098430975e-24
3.381965585958305e-24
3.5526381886643484e-24
3.721672648517028e-24
3.8893751951362866e-24
4.056040044795525e-24
4.221949643983074e-24
4.387375072816416e-24
4.552576546083205e-24
4.717803970889214e-24
4.883297533707665e-24
5.0492882985305744e-24
5.215998803904999e-24
5.383643650667399e-24
5.5524300749672915e-24
5.722558503178888e-24
5.894223086519327e-24
6.067612214291018e-24
6.242909005222873e-24
6.42029177689403e-24
6.599934493580237e-24
6.782007193039072e-24
6.966676392968402e-24
7.154105477899596e-24
7.344455067438532e-24
7.537883366725209e-24
7.734546500047668e-24
7.934598828527745e-24
8.138193252773822e-24
8.345481501415174e-24
8.556614406362912e-24
8.771742165612176e-24
8.991014594456568e-24
9.21458136581625e-24
9.442592240454667e-24
9.675197287804064e-24
9.91254709802115e-24
1.0154792985982549e-23
1.0402087187778155e-23
1.0654583050300246e-23
1.091243521447213e-23
1.1175799792682387e-23
1.1444834540823124e-23
1.1719699025522436e-23
1.2000554786901852e-23
1.2287565497360663e-23
1.2580897116807647e-23
1.2880718044565748e-23
1.318719926852612e-23
1.350051451173483e-23
1.3820840376781986e-23
1.414835648834858e-23
1.4483245634101236e-23
1.4825693904361992e-23
1.5175890830627066e-23
1.5534029523388816e-23
1.590030680935656e-23
1.6274923368363038e-23
1.6658083870171494e-23
1.7049997111404932e-23
1.7450876152769153e-23
1.7860938456792518e-23
1.8280406026246455e-23
1.8709505543481612e-23
1.9148468510724446e-23
1.959753139169247e-23
2.0056935754472867e-23
2.0526928416046238e-23
2.1007761588390082e-23
2.1499693026479062e-23
2.200298617824324e-23
2.2517910336651298e-23
2.3044740794035042e-23
2.358375899880217e-23
2.4135252714699922e-23
2.4699516182745193e-23
2.527685028586471e-23
2.5867562716537282e-23
2.647196814743211e-23
2.709038840523451e-23
2.772315264769664e-23
2.837059754422445e-23
2.903306745990808e-23
2.971091464324116e-23
3.0404499417596394e-23
3.111419037669623e-23
3.184036458405003e-23
3.2583407776534616e-23
3.334371457230118e-23
3.412168868312428e-23
3.4917743131178426e-23
3.57323004705843e-23
3.6565793013703774e-23
3.7418663062393336e-23
3.8291363144210144e-23
3.9184356254002287e-23
4.0098116100637794e-23
4.103312735926856e-23
4.1989885929268627e-23
4.29688991977753e-23
4.397068630921937e-23
4.499577844087051e-23
4.6044719084518847e-23
4.7118064334535297e-23
4.821638318235584e-23
4.934025781775232e-23
5.0490283936569406e-23
5.1667071055873777e-23
5.2871242835723526e-23
5.410343740863171e-23
5.536430771628111e-23
5.665452185378348e-23
5.797476342193029e-23
5.932573188728909e-23
6.070814295043393e-23
6.21227289225513e-23
6.357023911058036e-23
6.505144021104975e-23
6.656711671268794e-23
6.811807130836843e-23
6.970512531607045e-23
7.132911910963239e-23
7.299091255890346e-23
7.469138547999005e-23
7.643143809557395e-23
7.821199150556974e-23
8.003398816826861e-23
8.189839239230496e-23
8.380619083965926e-23
8.575839303982735e-23
8.775603191531392e-23
8.980016431908618e-23
9.189187158367874e-23
9.40322600825822e-23
9.622246180405315e-23
9.846363493737093e-23
1.0075696447227477e-22
1.0310366281106696e-22
1.0550497039468237e-22
1.079621563418111e-22
1.1047651910225349e-22
1.1304938712422109e-22
1.1568211953603682e-22
1.183761068424845e-22
1.211327716359962e-22
1.2395356932304835e-22
1.2683998886561262e-22
1.2979355353875576e-22
1.328158217034274e-22
1.3590838759602503e-22
1.39072882133653e-22
1.4231097373646856e-22
1.4562436916632735e-22
1.4901481438290793e-22
1.5248409541652912e-22
1.5603403925889965e-22
1.5966651477099208e-22
1.633834336089952e-22
1.6718675116798976e-22
1.7107846754395068e-22
1.7506062851352354e-22
1.791353265328014e-22
1.83304701753541e-22
1.8757094305890735e-22
1.9193628911695798e-22
1.96403029452839e-22
2.009735055395978e-22
2.0565011190703602e-22
2.104352972698573e-22
2.1533156567216067e-22
2.203414776517277e-22
2.25467651420929e-22
2.3071276406530183e-22
2.3607955275901965e-22
2.4157081599690253e-22
2.47189414842282e-22
2.5293827419032112e-22
2.5882038404574267e-22
2.648388008141335e-22
2.7099664860608356e-22
2.7729712055296576e-22
2.837434801323125e-22
2.903390625031627e-22
2.970872758471841e-22
3.0399160271567377e-22
3.110556013797736e-22
3.182829071810498e-22
3.256772338800594e-22
3.332423749996338e-22
3.4098220516047077e-22
