7.753214509251148e-24
7.778771928787412e-24
7.803123748077391e-24
7.826321194824303e-24
7.848413090731203e-24
7.869445950575783e-24
7.889464076873489e-24
7.908509650321322e-24
7.926622816095384e-24
7.943841766204919e-24
7.960202817983323e-24
7.97574048888078e-24
7.990487567676643e-24
8.004475182237639e-24
8.017732863930516e-24
8.030288608813708e-24
8.042168935748258e-24
8.053398941463323e-24
8.064002352748298e-24
8.074001575841241e-24
8.083417743108853e-24
8.092270757091484e-24
8.100579332041974e-24
8.108361032979862e-24
8.115632312390343e-24
8.122408544606448e-24
8.128704057942037e-24
8.134532164658341e-24
8.139905188830905e-24
8.144834492093584e-24
8.14933049743598e-24
8.153402711029117e-24
8.157059742045657e-24
8.160309320731853e-24
8.163158314506397e-24
8.165612742337372e-24
8.167677787255051e-24
8.169357807187667e-24
8.170656343952185e-24
8.171576130630916e-24
8.172119097142131e-24
8.172286374165341e-24
8.172078295384592e-24
8.171494397950213e-24
8.17053342139999e-24
8.169193304731594e-24
8.167471181877408e-24
8.165363375409985e-24
8.16286538857069e-24
8.159971895480424e-24
8.156676729626919e-24
8.152972870579474e-24
8.148852428803006e-24
8.144306628712589e-24
8.139325789718424e-24
8.133899305404507e-24
8.128015620716462e-24
8.121662207099099e-24
8.114825535524484e-24
8.107491047411245e-24
8.099643123288856e-24
8.091265049110317e-24
8.082338980495427e-24
8.072845904119002e-24
8.062765596823711e-24
8.052076582171728e-24
8.040756084123619e-24
8.0287799778679e-24
8.016122738076615e-24
8.002757383661137e-24
7.988655419761735e-24
7.973786776128479e-24
7.958119742477155e-24
7.941620899760239e-24
7.92425504843582e-24
7.905985132070738e-24
7.886772157676587e-24
7.866575111296438e-24
7.845350869464325e-24
7.823054106267583e-24
7.799637195164408e-24
7.77505010658258e-24
7.749240299479717e-24
7.722152608407384e-24
7.693729124449571e-24
7.66390907040128e-24
7.632628670151105e-24
7.599821011464629e-24
7.565415902870031e-24
7.529339722948483e-24
7.491515263151435e-24
7.451861564075092e-24
7.41029374280287e-24
7.36672281475325e-24
7.321055505906394e-24
7.273194058882725e-24
7.223036029982852e-24
7.170474079412786e-24
7.115395753734824e-24
7.057683259979036e-24
6.997213234250467e-24
6.933856503678318e-24
6.867477842038056e-24
6.79793572279846e-24
6.725082068527204e-24
6.648762001566897e-24
6.568813596543818e-24
6.4850676408854816e-24
6.397347407602075e-24
6.305468448304364e-24
6.209238414446062e-24
6.108456921139924e-24
6.0029154674765265e-24
5.892397437991759e-24
5.776678212747834e-24
5.655525424740923e-24
5.528699419858138e-24
5.395953990868061e-24
5.257037486104377e-24
5.111694433781181e-24
4.9596678778399674e-24
4.800702709974279e-24
4.634550405969054e-24
4.460975768951586e-24
4.2797665779524044e-24
4.0907475175578266e-24
3.8938005148907506e-24
3.6888948620021705e-24
3.476132598218424e-24
3.255818227410216e-24
3.0285681517287976e-24
2.7954864222873946e-24
2.5584533749465628e-24
2.3206083120818103e-24
2.0871610885396632e-24
1.8667207921083057e-24
1.6732432483959834e-24
1.5279553278005452e-24
1.4583398321646616e-24
1.4893836498247471e-24
1.6299585690865956e-24
1.869735330379673e-24
2.1900140527653954e-24
2.5740318721530476e-24
3.0101635692816865e-24
3.491265842271477e-24
4.013299288960339e-24
4.574241640003336e-24
5.1733831182850465e-24
5.810895794365273e-24
6.4875741757070866e-24
7.204679055949725e-24
7.963843782909692e-24
8.76701907561071e-24
9.616442302144923e-24
1.0514622989495766e-23
1.1464339566698151e-23
1.2468644397588739e-23
1.35308753508789e-23
1.4654672861574726e-23
1.5844002036594862e-23
1.710317967034951e-23
1.8436906206780547e-23
1.9850303036857953e-23
2.134895567223639e-23
2.2938963380033817e-23
2.4626996270776156e-23
2.6420360943591127e-23
2.832707597925466e-23
3.035595903788143e-23
3.2516727389090227e-23
3.482011464461834e-23
3.7278006291303735e-23
3.990359793100103e-23
4.2711580663884136e-23
4.571835918247864e-23
4.8942309297941607e-23
5.240408378715805e-23
5.612697686083602e-23
6.013736184093474e-23
6.446521793596518e-23
6.914477003145016e-23
7.421526909096385e-23
7.97219509570944e-23
8.571722377047071e-23
9.226214679455029e-23
9.942829216728565e-23
1.073001045064479e-22
1.1597792254403104e-22
1.2558188886192846e-22
1.3625706008642084e-22
1.481801730617313e-22
1.6156871572454914e-22
1.7669325657749917e-22
1.9389446814211284e-22
2.136070119555413e-22
2.363936736340653e-22
2.629950808362169e-22
2.944036453829189e-22
3.3197594175608282e-22
3.7760712959695995e-22
