5.771574403973726e-22
5.831112493694535e-22
5.88718691683475e-22
5.939916687686623e-22
5.989413718868291e-22
6.035783059263144e-22
6.079123117345046e-22
6.119525870363333e-22
6.157077059841297e-22
6.191856373799275e-22
6.223937616099358e-22
6.253388863264815e-22
6.280272609118547e-22
6.3046458975412695e-22
6.326560443638551e-22
6.34606274357272e-22
6.363194173291919e-22
6.377991076371648e-22
6.390484841149609e-22
6.400701967324163e-22
6.40866412215104e-22
6.4143881863663595e-22
6.417886289921754e-22
6.419165837614906e-22
6.418229524670928e-22
6.415075342294895e-22
6.409696573222212e-22
6.40208177723757e-22
6.392214766649294e-22
6.380074571646112e-22
6.3656353954752495e-22
6.348866559335072e-22
6.329732436863847e-22
6.308192378084757e-22
6.284200622639693e-22
6.2577062021199415e-22
6.228652831289774e-22
6.196978787957752e-22
6.1626167812390675e-22
6.125493807925231e-22
6.085530996638078e-22
6.042643439445641e-22
5.996740010557912e-22
5.947723171716692e-22
5.8954887638517535e-22
5.839925784552884e-22
5.7809161508670675e-22
5.718334446906334e-22
5.652047655715514e-22
5.581914874810057e-22
5.507787014763707e-22
5.429506480183684e-22
5.346906832375389e-22
5.2598124329520505e-22
5.168038067611013e-22
5.07138854924126e-22
4.969658299492202e-22
4.862630907881015e-22
4.750078667456372e-22
4.631762086003423e-22
4.507429371697589e-22
4.376815892073146e-22
4.239643605108164e-22
4.0956204611662496e-22
3.9444397744766374e-22
3.785779562768496e-22
3.619301853626356e-22
3.444651956075152e-22
3.2614576958724696e-22
3.069328612991331e-22
2.867855119842373e-22
2.6566076190094266e-22
2.4351355798090086e-22
2.202966574281679e-22
1.959605276385281e-22
1.7045324365103298e-22
1.4372038679995215e-22
1.157049567035893e-22
8.6347345504234e-23
5.558565523633389e-23
2.335986794267986e-23
1.046901937688453e-23
4.582847981509462e-23
8.29008239350348e-23
1.2174302671690316e-22
1.6243672649971544e-22
2.0506876548309635e-22
2.49730432971614e-22
2.965174983437581e-22
3.455303767132282e-22
3.9687433563901403e-22
4.50659722836684e-22
5.070022094625351e-22
5.66023047495072e-22
6.278493410418564e-22
6.92614331911347e-22
7.604577000232248e-22
8.315258793643598e-22
9.05972390287056e-22
9.839581890193857e-22
1.0656520353238184e-21
1.1512308793078138e-21
1.240880268454151e-21
1.3347947760142622e-21
1.4331784519774136e-21
1.5362452979122618e-21
1.6442197670605018e-21
1.757337291157313e-21
1.87584483554505e-21
2.0000014842627164e-21
2.1300790568978414e-21
2.266362759122531e-21
2.4091518689531493e-21
2.5587604609375033e-21
2.7155181706103317e-21
2.8797710017396515e-21
3.0518821790660738e-21
3.232233049432514e-21
3.421224034427421e-21
3.619275637885089e-21
3.826829511858997e-21
4.0443495849466606e-21
4.2723232571616675e-21
4.511262665867246e-21
4.761706027656223e-21
5.024219061451631e-21
5.299396498544989e-21
5.587863685743544e-21
5.890278288335784e-21
6.2073321001501345e-21
6.539752968598568e-21
6.888306843300443e-21
7.253799957632943e-21
7.637081153380094e-21
8.039044359613711e-21
8.460631237895884e-21
8.902834007094181e-21
9.366698462300866e-21
9.853327203726651e-21
1.036388309304434e-20
1.0899592956271465e-20
1.146175155427592e-20
1.205172584403534e-20
1.2670959556213745e-20
1.3320978117208427e-20
1.4003393946815005e-20
1.471991216598045e-20
1.5472336752802728e-20
1.6262577189154308e-20
1.7092655645025754e-20
1.7964714752980653e-20
1.8881026031114356e-20
1.9843999019705683e-20
2.085619120448922e-20
2.1920318808146088e-20
2.3039268541581772e-20
2.421611041794414e-20
2.545411174514827e-20
2.6756752427602652e-20
2.812774172470254e-20
2.957103663317668e-20
3.109086208289527e-20
3.269173316135379e-20
3.4378479612564303e-20
3.615627288998714e-20
3.803065608449267e-20
4.000757709427581e-20
4.2093425459786674e-20
4.429507334999693e-20
4.661992126279256e-20
4.907594909115831e-20
5.167177331218846e-20
5.441671118086877e-20
5.732085295981143e-20
6.039514339294024e-20
6.365147384458697e-20
6.710278678091672e-20
7.07631945800501e-20
7.464811503127304e-20
7.877442634040304e-20
8.316064501574593e-20
8.782713069441778e-20
9.27963228144184e-20
9.809301508785632e-20
1.0374467504026289e-19
1.0978181752087645e-19
1.1623844316664942e-19
1.231525554270144e-19
1.3056677312598633e-19
1.3852905986360342e-19
1.470935971680582e-19
1.5632183564530047e-19
1.6628376802483225e-19
1.77059480836573e-19
1.8874105866791682e-19
2.014349382683174e-19
2.1526484171440753e-19
2.303754620784926e-19
2.4693713710157983e-19
2.65151834541146e-19
2.8526090002851905e-19
