2.53176038728105e-22
2.5317901877678255e-22
2.531818279739864e-22
2.531844722821949e-22
2.5318695731380236e-22
2.5318928834304707e-22
2.5319147031722443e-22
2.531935078672054e-22
2.53195405317268e-22
2.5319716669433967e-22
2.5319879573646346e-22
2.5320029590085518e-22
2.532016703711728e-22
2.5320292206432004e-22
2.5320405363662767e-22
2.5320506748946717e-22
2.532059657744814e-22
2.532067503979938e-22
2.532074230251559e-22
2.5320798508346e-22
2.5320843776582144e-22
2.5320878203299256e-22
2.532090186157783e-22
2.532091480164195e-22
2.5320917050980575e-22
2.5320908614394086e-22
2.532088947401289e-22
2.532085958925863e-22
2.5320818896754517e-22
2.532076731019442e-22
2.5320704720159493e-22
2.532063099388131e-22
2.5320545974971995e-22
2.532044948307839e-22
2.532034131350695e-22
2.5320221236786494e-22
2.532008899819165e-22
2.531994431718005e-22
2.5319786886821966e-22
2.5319616373129944e-22
2.5319432414360747e-22
2.531923462024626e-22
2.5319022571156245e-22
2.5318795817218663e-22
2.5318553877358133e-22
2.531829623828378e-22
2.531802235338049e-22
2.5317731641573633e-22
2.531742348606798e-22
2.5317097233064136e-22
2.5316752190353435e-22
2.531638762585353e-22
2.531600276605775e-22
2.531559679437861e-22
2.5315168849434266e-22
2.531471802320962e-22
2.5314243359101563e-22
2.53137438499559e-22
2.5313218435833047e-22
2.531266600186734e-22
2.5312085375772267e-22
2.5311475325462367e-22
2.5310834556398308e-22
2.531016170878439e-22
2.530945535473709e-22
2.5308713995262557e-22
2.5307936057032826e-22
2.5307119889007183e-22
2.5306263759026118e-22
2.530536585007675e-22
2.5304424256356656e-22
2.530343697936331e-22
2.5302401923499037e-22
2.5301316891753153e-22
2.530017958091994e-22
2.5298987576719907e-22
2.5297738348733115e-22
2.529642924491314e-22
2.529505748606484e-22
2.5293620159729214e-22
2.5292114214252395e-22
2.5290536452037528e-22
2.528888352288557e-22
2.5287151916865954e-22
2.528533795661856e-22
2.528343778990159e-22
2.528144738101463e-22
2.5279362502388324e-22
2.5277178725622916e-22
2.5274891411653414e-22
2.527249570153481e-22
2.5269986505353074e-22
2.526735849194473e-22
2.5264606076944025e-22
2.526172341146819e-22
2.5258704369244814e-22
2.525554253345322e-22
2.525223118315206e-22
2.5248763279126774e-22
2.524513144811325e-22
2.524132796829722e-22
2.5237344750998855e-22
2.523317332474872e-22
2.5228804817013417e-22
2.5224229934328183e-22
2.5219438942920214e-22
2.521442164792534e-22
2.520916737142059e-22
2.5203664928693925e-22
2.5197902605881914e-22
2.519186813268784e-22
2.5185548657963965e-22
2.5178930719832944e-22
2.5172000218908898e-22
2.516474238635814e-22
2.515714175203279e-22
2.5149182112116253e-22
2.5140846492815784e-22
2.513211711425377e-22
2.512297535187593e-22
2.5113401695133976e-22
2.5103375707241645e-22
2.509287597744342e-22
2.5081880077376e-22
2.5070364510835045e-22
2.5058304662672224e-22
2.5045674744268596e-22
2.503244773702925e-22
2.501859533560983e-22
2.5004087881220163e-22
2.4988894302189738e-22
2.4972982038403857e-22
2.4956316974256533e-22
2.493886336407302e-22
2.492058374773222e-22
2.490143887094922e-22
2.4881387597590447e-22
2.486038681838167e-22
2.483839135046568e-22
2.481535384165134e-22
2.479122466040637e-22
2.476595178060354e-22
2.4739480674347957e-22
2.4711754172096997e-22
2.468271235213391e-22
2.465229238330182e-22
2.4620428396468045e-22
2.458705132101389e-22
2.4552088735336832e-22
2.451546469701289e-22
2.447709954764071e-22
2.4436909758079826e-22
2.4394807699546027e-22
2.435070146092351e-22
2.4304494615060153e-22
2.4256085990516925e-22
2.4205369437495274e-22
2.415223354954034e-22
2.4096561415480275e-22
2.4038230311937705e-22
2.3977111419444274e-22
2.391306947519408e-22
2.3845962458593367e-22
2.377564120846329e-22
2.370194905828393e-22
2.3624721428911797e-22
2.354378537590571e-22
2.345895915899555e-22
2.3370051769282807e-22
2.3276862332565563e-22
2.3179179670097167e-22
2.3076781657686525e-22
2.2969434552601213e-22
2.285689242850793e-22
2.273889636357763e-22
2.2615173745566974e-22
2.2485437404974545e-22
2.2349384761076015e-22
2.2206696834479343e-22
2.205703734031214e-22
2.190005134484435e-22
2.17353643717052e-22
2.1562580896381324e-22
2.138128306020642e-22
2.119102893360921e-22
2.0991351190254902e-22
2.0781754978907088e-22
2.0561716021244552e-22
2.0330678294460415e-22
2.0088051780007183e-22
1.9833209471625054e-22
1.9565484352451113e-22
1.9284166108731432e-22
1.8988496934756598e-22
1.8677667332755353e-22
1.8350810882939867e-22
1.800699815900943e-22
1.7645230101524076e-22
1.7264429529813453e-22
1.6863431890341226e-22
1.6440973012438442e-22
