4.414524313575244e-23
4.875495382099966e-23
5.31170165546618e-23
5.724068833175493e-23
6.113472007056971e-23
6.480737514658093e-23
6.826644691672284e-23
7.151927525597298e-23
7.457276213851569e-23
7.74333862882798e-23
8.010721693301453e-23
8.259992668596792e-23
8.491680358637406e-23
8.706276231943507e-23
8.904235464169659e-23
9.085977903557606e-23
9.251888960912739e-23
9.402320426299602e-23
9.537591214199864e-23
9.657988038394174e-23
9.763766018349282e-23
9.85514921817328e-23
9.932331119190446e-23
9.995475027417332e-23
1.0044714416507779e-22
1.0080153206825584e-22
1.0101865981494417e-22
1.0109898139700698e-22
1.0104265987248047e-22
1.0084956765169152e-22
1.0051928615556211e-22
1.0005110485328614e-22
9.944401966946764e-23
9.869673076270548e-23
9.780763966469584e-23
9.677484577787327e-23
9.55961422202086e-23
9.426901100633065e-23
9.27906175587688e-23
9.115780453010888e-23
8.93670849287829e-23
8.741463452318646e-23
8.529628352070142e-23
8.300750748393151e-23
8.054341748542496e-23
7.789874945994982e-23
7.506785274313781e-23
7.204467777183144e-23
6.882276291507971e-23
6.539522042374054e-23
6.175472147620399e-23
5.789348030490801e-23
5.380323743293083e-23
4.947524205393966e-23
4.490023372156557e-23
4.006842372042267e-23
3.4969477092342527e-23
2.9592498004953593e-23
2.39260270344074e-23
1.7958084158375293e-23
1.1676447489924488e-23
5.071427897431928e-24
1.924160730901499e-24
9.21120343024989e-24
1.6892436641727486e-23
2.496496375439187e-23
3.3444942594127325e-23
4.235035466322945e-23
5.1700300688559026e-23
6.151491393939889e-23
7.181537033187295e-23
8.262392410033519e-23
9.396395342044569e-23
1.0586001152997542e-22
1.1833788194523384e-22
1.3142463725252555e-22
1.4514870140446592e-22
1.595399155534675e-22
1.7462960752865718e-22
1.9045066517814968e-22
2.0703761369244732e-22
2.2442669721966193e-22
2.426559649478424e-22
2.61765361933983e-22
2.8179682496543888e-22
3.0279438378362797e-22
3.2480426791961344e-22
3.478750195760627e-22
3.720576128463502e-22
3.9740557977338638e-22
4.239751435381638e-22
4.518253594980528e-22
4.810182640038874e-22
5.116190324948371e-22
5.436961463667743e-22
5.773215701445684e-22
6.125709388866415e-22
6.495237571327222e-22
6.882636099427112e-22
7.288783867830477e-22
7.714605193095282e-22
8.161072340787484e-22
8.629208210213992e-22
9.120089195181375e-22
9.634848218945103e-22
1.017467798228104e-21
1.0740834406050712e-21
1.133464032211085e-21
1.1957489396533367e-21
1.261085032741946e-21
1.3296271333448725e-21
1.4015384951201394e-21
1.4769913168059794e-21
1.556167292877134e-21
1.6392582036314475e-21
1.726466548251404e-21
1.8180062254906763e-21
1.9141032654566585e-21
2.0149966158280037e-21
2.1209389902192372e-21
2.2321977847943705e-21
2.3490560628516375e-21
2.4718136236129794e-21
2.600788156765248e-21
2.736316491663277e-21
2.8787559546490614e-21
3.0284858407809263e-21
3.1859090139238332e-21
3.351453649426802e-21
3.525575132363093e-21
3.708758130740075e-21
3.9015188556434895e-21
4.104407547232235e-21
4.3180111850720256e-21
4.5429564707091934e-21
4.7799131103520765e-21
5.0295974229515676e-21
5.292776320334988e-21
5.570271719235374e-21
5.8629653966057534e-21
6.171804405539303e-21
6.497807073725357e-21
6.842069686589823e-21
7.205773945560943e-21
7.590195297490069e-21
7.996712268709244e-21
8.426816964948143e-21
8.882126851240416e-21
9.364398068515132e-21
9.87554049943024e-21
1.0417634848422719e-20
1.0992952034435189e-20
1.1603975346801894e-20
1.2253425798639502e-20
1.2944291167141037e-20
1.3679859424451717e-20
1.4463757446549193e-20
1.5299995763691873e-20
1.619302069130718e-20
1.7147775248015867e-20
1.8169770514340263e-20
1.9265169959976085e-20
2.0440888849509976e-20
2.1704712940929552e-20
2.3065440013426622e-20
2.4533050382300098e-20
2.611891281496875e-20
2.783603531783522e-20
2.9699372051558456e-20
3.172620297442066e-20
3.393660390175874e-20
3.6354038302409707e-20
3.9006103825348224e-20
4.1925486264814015e-20
4.5151190487337e-20
4.8730148207880323e-20
5.271933901078038e-20
5.718863697715536e-20
6.222467636833394e-20
6.793620262687353e-20
7.446160755327543e-20
8.197977152159702e-20
9.07260386195033e-20
1.0101639155001964e-19
1.1328520707811713e-19
1.2814637856570628e-19
1.4649660969307411e-19
1.6969915192259587e-19
1.9993177143131352e-19
2.4089944362783977e-19
2.9944942147395363e-19
3.8976334037858136e-19
5.465531810261707e-19
8.808815779739775e-19
1.947450973104228e-18
2.6300566204462547e-18
1.10656472441381e-18
6.777374645175869e-19
4.9184809574788945e-19
3.8913052908691936e-19
3.2419557544959244e-19
