4.334634691406919e-24
4.3214200350691926e-24
4.308874450559783e-24
4.296969298054871e-24
4.28567745193014e-24
4.274973232085156e-24
4.264832339013188e-24
4.255231792449963e-24
4.246149873442698e-24
4.237566069686828e-24
4.2294610239850385e-24
4.221816485689838e-24
4.2146152649976996e-24
4.207841189969091e-24
4.201479066155582e-24
4.195514638720969e-24
4.189934556949778e-24
4.184726341042795e-24
4.179878351104075e-24
4.175379758230783e-24
4.1712205176216826e-24
4.167391343625606e-24
4.1638836866567466e-24
4.16068971190784e-24
4.1578022797975196e-24
4.155214928092398e-24
4.152921855649168e-24
4.150917907725648e-24
4.149198562814431e-24
4.14775992095602e-24
4.146598693492735e-24
4.145712194227655e-24
4.145098331956853e-24
4.1447556043461414e-24
4.144683093126689e-24
4.144880460587411e-24
4.1453479473443325e-24
4.1460863713704976e-24
4.147097128272022e-24
4.148382192799275e-24
4.149944121584057e-24
4.151786057095803e-24
4.153911732813056e-24
4.156325479606944e-24
4.159032233337262e-24
4.1620375436619e-24
4.165347584062982e-24
4.168969163094919e-24
4.1729097368596825e-24
4.177177422717733e-24
4.181781014242372e-24
4.186729997427867e-24
4.192034568160447e-24
4.197705650963965e-24
4.203754919031022e-24
4.2101948155502434e-24
4.2170385763410055e-24
4.22430025380584e-24
4.231994742210339e-24
4.240137804297955e-24
4.2487460992479876e-24
4.257837211979411e-24
4.26742968380546e-24
4.277543044435262e-24
4.2881978453214445e-24
4.2994156943425206e-24
4.311219291809914e-24
4.323632467779164e-24
4.3366802206424646e-24
4.3503887569708194e-24
4.3647855325672426e-24
4.379899294684148e-24
4.395760125347901e-24
4.412399485725916e-24
4.429850261456416e-24
4.4481468088517626e-24
4.4673250018754625e-24
4.4874222797747554e-24
4.5084776952308064e-24
4.530531962897524e-24
4.553627508146437e-24
4.57780851584714e-24
4.603120978983393e-24
4.629612746893026e-24
4.657333572886257e-24
4.6863351609940594e-24
4.71667121158146e-24
4.748397465521739e-24
4.781571746628244e-24
4.816254002029497e-24
4.852506340123262e-24
4.890393065783741e-24
4.929980712423578e-24
4.971338070577122e-24
5.014536212585541e-24
5.05964851301863e-24
5.106750664455861e-24
5.155920688252289e-24
5.207238939919599e-24
5.260788108758998e-24
5.316653211481717e-24
5.374921579455523e-24
5.435682839341573e-24
5.499028886931655e-24
5.565053853990283e-24
5.633854067967242e-24
5.705528004601642e-24
5.780176233288766e-24
5.857901355593555e-24
5.9388079366433966e-24
6.023002430069141e-24
6.110593096584351e-24
6.2016899167838026e-24
6.2964044984982014e-24
6.394849979487296e-24
6.497140926173983e-24
6.603393229032483e-24
6.713723995740239e-24
6.828251442780316e-24
6.947094786894059e-24
7.070374136942719e-24
7.198210387824045e-24
7.330725117422584e-24
7.468040487513588e-24
7.61027915035502e-24
7.757564161818448e-24
7.910018902289632e-24
8.067767006801562e-24
8.230932304934571e-24
8.39963877214885e-24
8.574010493070985e-24
8.754171638227943e-24
8.940246453774387e-24
9.132359266460393e-24
9.330634503223086e-24
9.535196726316365e-24
9.746170683674155e-24
9.963681375424496e-24
1.0187854136155302e-23
1.0418814732198602e-23
1.0656689474581337e-23
1.090160534619634e-23
1.1153690143825258e-23
1.141307263232287e-23
1.1679882712664203e-23
1.1954251600642882e-23
1.223631201679014e-23
1.2526198385162123e-23
1.2824047041087744e-23
1.3129996446488799e-23
1.3444187409793785e-23
1.3766763312866953e-23
1.4097870339441468e-23
1.443765770851887e-23
1.4786277907931203e-23
1.5143886927461842e-23
1.5510644495653897e-23
1.5886714308777172e-23
1.6272264264912558e-23
1.666746669060786e-23
1.7072498564701385e-23
1.748754173962122e-23
1.7912783158634268e-23
1.8348415067108376e-23
1.8794635218186362e-23
1.9251647077678024e-23
1.9719660016822978e-23
2.019888950869729e-23
2.0689557309121713e-23
2.119189164667643e-23
2.170612739430665e-23
2.2232506240341173e-23
2.277127686202744e-23
2.3322695090699713e-23
2.3887024067647898e-23
2.4464534407253872e-23
2.5055504352542836e-23
2.566021992369035e-23
2.627897507027284e-23
2.6912071833831307e-23
2.7559820465891404e-23
2.822253960869335e-23
2.8900556420608213e-23
2.959420672556379e-23
3.0303835167323606e-23
3.1029795341572105e-23
3.177244996370075e-23
3.253217098397245e-23
3.3309339756845436e-23
3.4104347200426016e-23
3.491759390519641e-23
3.574949032796222e-23
3.660045690488895e-23
3.747092421588786e-23
3.836133313195644e-23
3.9272134998308024e-23
4.0203791701838754e-23
4.115677588594751e-23
4.2131571103152644e-23
4.312867187485801e-23
4.4148583922049675e-23
