2.7710639372025003e-23
2.768185507412715e-23
2.7653810884472614e-23
2.762644728484984e-23
2.759970620332926e-23
2.757353089110427e-23
2.7547865801726296e-23
2.752265647328764e-23
2.7497849412558865e-23
2.747339198116744e-23
2.7449232284200816e-23
2.7425319059862317e-23
2.740160156996714e-23
2.7378029493334496e-23
2.735455281826313e-23
2.7331121735971957e-23
2.730768653572386e-23
2.7284197498790246e-23
2.72606047931613e-23
2.7236858367041575e-23
2.721290784369925e-23
2.718870241429388e-23
2.7164190728736475e-23
2.7139320788924424e-23
2.711403983651696e-23
2.708829424210322e-23
2.7062029390819724e-23
2.703518956674951e-23
2.7007717834264547e-23
2.6979555918169263e-23
2.695064407914978e-23
2.6920920987226815e-23
2.689032359185567e-23
2.6858786988467154e-23
2.6826244279324823e-23
2.67926264340447e-23
2.675786214069105e-23
2.6721877656250953e-23
2.668459664855073e-23
2.664594003635463e-23
2.6605825820760896e-23
2.65641689097197e-23
2.652088093980215e-23
2.6475870088290367e-23
2.642904087667861e-23
2.6380293970493398e-23
2.6329525967717595e-23
2.6276629178335857e-23
2.6221491398753152e-23
2.6163995670283914e-23
2.6104020034089392e-23
2.6041437271047362e-23
2.5976114632103657e-23
2.5907913557873034e-23
2.5836689383295325e-23
2.576229103376457e-23
2.5684560699814407e-23
2.560333350894602e-23
2.5518437171862408e-23
2.5429691618548532e-23
2.5336908619428202e-23
2.52398913796021e-23
2.5138434131992764e-23
2.503232169522303e-23
2.4921329019500245e-23
2.4805220711019154e-23
2.4683750532579863e-23
2.455666088634085e-23
2.4423682268940482e-23
2.4284532699497995e-23
2.4138917127154117e-23
2.398652680939735e-23
2.3827038656393249e-23
2.3660114561775054e-23
2.34854006831256e-23
2.3302526694765634e-23
2.3111105027234192e-23
2.2910730045571954e-23
2.270097719465407e-23
2.2481402139431125e-23
2.2251539809941733e-23
2.2010903465334858e-23
2.1758983679915532e-23
2.1495247289807742e-23
2.1219136318239742e-23
2.0930066842116128e-23
2.0627427805153962e-23
2.0310579816561922e-23
1.9978853886439155e-23
1.9631550134292855e-23
1.9267936459119058e-23
1.888724717151839e-23
1.8488681631190362e-23
1.8071402860122323e-23
1.763453617443174e-23
1.717716785194631e-23
1.66983439091229e-23
1.6197068975828625e-23
1.5672305401339407e-23
1.5122972758530413e-23
1.4547947828889342e-23
1.394606541626181e-23
1.331612043473534e-23
1.265687200603146e-23
1.196705065642427e-23
1.1245370620190263e-23
1.0490550754138842e-23
9.70135036044611e-24
8.876631971099361e-24
8.015476185487787e-24
7.117402464418263e-24
6.182825179416002e-24
5.21408705818619e-24
4.218105453611997e-24
3.2143476745134406e-24
2.2643103003732235e-24
1.5927124981597338e-24
1.7209175772827035e-24
2.61688474328005e-24
3.833211804466765e-24
5.201057770359804e-24
6.673492873399877e-24
8.235908100046182e-24
9.883999139444978e-24
1.1617517478467624e-23
1.3438117827191464e-23
1.534849611765532e-23
1.7352003548180688e-23
1.9452459837347356e-23
2.1654058329433332e-23
2.39613165467339e-23
2.637905231057537e-23
2.891237248196183e-23
3.1566671342001484e-23
3.434763354933171e-23
3.7261241177538515e-23
4.031378285114426e-23
4.351186599131513e-23
4.6862428995441646e-23
5.0372756808776323e-23
5.405049540664281e-23
5.790367007598794e-23
6.194070238772346e-23
6.617043074277601e-23
7.060212988701691e-23
7.524553190911105e-23
8.011085126905148e-23
8.52088071380223e-23
9.055064863112869e-23
9.614818294920828e-23
1.0201380241050714e-22
1.0816051572673616e-22
1.146019764418468e-22
1.2135251921167796e-22
1.2842719203537954e-22
1.3584179464503428e-22
1.4361291473725594e-22
1.5175797047631853e-22
1.6029525036183213e-22
1.6924395872414403e-22
1.7862426572495214e-22
1.884573486146049e-22
1.987654479314278e-22
2.0957192371310683e-22
2.2090130470802227e-22
2.3277934993638237e-22
2.4523311083563985e-22
2.5829099081452223e-22
2.7198281555547267e-22
2.863398946791752e-22
3.0139509748533924e-22
3.171829183291055e-22
3.3373954833811197e-22
3.511029742359422e-22
3.6931300357518265e-22
3.884113896893573e-22
4.084418858979308e-22
4.294503060679618e-22
4.514846144613153e-22
4.7459497418419695e-22
4.988338254542535e-22
5.24255909763882e-22
5.509183348310422e-22
5.788805564164896e-22
6.082044856563821e-22
6.389543073897681e-22
6.71196605887743e-22
7.050001766834255e-22
7.404359504644462e-22
7.775767978801597e-22
8.164972368678491e-22
8.572733400542606e-22
8.999820670163733e-22
9.44700911265211e-22
9.915073343237782e-22
1.0404777690148248e-21
1.0916870959360822e-21
1.1452069669833104e-21
1.2011050836000834e-21
1.259443221315149e-21
1.3202753685334982e-21
