2.956702580979434e-23
2.958101300514913e-23
2.959431522213475e-23
2.960696066756254e-23
2.961897615595589e-23
2.963038716634361e-23
2.9641217896240014e-23
2.965149131289685e-23
2.9661229201971974e-23
2.967045221367109e-23
2.9679179906526363e-23
2.968743078880593e-23
2.969522235775443e-23
2.970257113666745e-23
2.9709492709895004e-23
2.971600175588637e-23
2.9722112078268786e-23
2.9727836635124753e-23
2.973318756643749e-23
2.97381762198316e-23
2.974281317461031e-23
2.974710826417534e-23
2.975107059687266e-23
2.9754708575288654e-23
2.975802991405331e-23
2.9761041656193086e-23
2.976375018804216e-23
2.976616125278633e-23
2.976827996261222e-23
2.9770110809549966e-23
2.977165767495667e-23
2.9772923837771115e-23
2.977391198140316e-23
2.9774624199452896e-23
2.9775062000092095e-23
2.9775226309268964e-23
2.9775117472638236e-23
2.9774735256247005e-23
2.977407884607172e-23
2.977314684618737e-23
2.9771937275845354e-23
2.977044756516898e-23
2.976867454975621e-23
2.9766614463841155e-23
2.976426293230126e-23
2.9761614961340806e-23
2.975866492784073e-23
2.975540656731555e-23
2.9751832960699094e-23
2.974793651950085e-23
2.9743708969632586e-23
2.973914133382227e-23
2.973422391244117e-23
2.9728946262907646e-23
2.972329717734522e-23
2.9717264658753907e-23
2.971083589540035e-23
2.970399723354621e-23
2.9696734148303886e-23
2.96890312126166e-23
2.968087206437346e-23
2.9672239371742394e-23
2.9663114795672347e-23
2.965347895126096e-23
2.964331136603702e-23
2.96325904364053e-23
2.962129338147734e-23
2.9609396194312955e-23
2.959687359066883e-23
2.9583698954962655e-23
2.956984428321795e-23
2.9555280123456e-23
2.9539975511991974e-23
2.9523897908092736e-23
2.9507013123261006e-23
2.9489285248634086e-23
2.9470676577619095e-23
2.9451147525504526e-23
2.943065654321444e-23
2.9409160029738095e-23
2.938661223705771e-23
2.936296517247639e-23
2.9338168494725884e-23
2.931216940628433e-23
2.9284912538254985e-23
2.9256339833050536e-23
2.9226390416174986e-23
2.9195000466522544e-23
2.916210307815017e-23
2.912762811403164e-23
2.9091502055870115e-23
2.9053647842253654e-23
2.9013984702575377e-23
2.8972427980457943e-23
2.892888894925994e-23
2.888327461815188e-23
2.8835487528161534e-23
2.878542553991305e-23
2.873298160699673e-23
2.8678043542318624e-23
2.862049376813427e-23
2.8560209059698665e-23
2.849706026860959e-23
2.8430912036599897e-23
2.836162249303375e-23
2.8289042940288684e-23
2.8213017514219344e-23
2.8133382839459015e-23
2.80499676551229e-23
2.796259242650947e-23
2.7871068933122184e-23
2.777519984342876e-23
2.7674778250343646e-23
2.7569587198754133e-23
2.7459399170472017e-23
2.734397555663562e-23
2.722306608363282e-23
2.709640822193346e-23
2.6963726547943813e-23
2.6824732073898706e-23
2.667912152856189e-23
2.652657661024571e-23
2.636676317687046e-23
2.6199330390763872e-23
2.6023909796506606e-23
2.5840114352385935e-23
2.5647537383890058e-23
2.5445751435535945e-23
2.5234307109991868e-23
2.501273170932793e-23
2.478052785818767e-23
2.4537171947038518e-23
2.4282112492196735e-23
2.4014768262497132e-23
2.373452629453991e-23
2.344073965966103e-23
2.3132724983496067e-23
2.280975968288821e-23
2.2471078865163287e-23
2.211587175816417e-23
2.174327771717596e-23
2.1352381539299564e-23
2.0942208056892896e-23
2.0511715769735273e-23
2.005978930347963e-23
1.958523035625309e-23
1.9086746669971443e-23
1.856293852560938e-23
1.8012281869990988e-23
1.7433107113643e-23
1.6823571796447476e-23
1.6181625241020606e-23
1.5504961705917627e-23
1.4790957412023503e-23
1.4036584512408793e-23
1.3238290829767252e-23
1.2391828847824256e-23
1.1492006979739931e-23
1.0532320370274196e-23
9.5043925272371e-24
8.397123025699169e-24
7.195417153255904e-24
5.878584879489677e-24
4.420581137331586e-24
2.8149850180192456e-24
1.4879284094660537e-24
2.993404872743132e-24
7.17732582159536e-24
1.6425527186333068e-23
4.823887205594453e-23
2.3355743713255506e-23
1.0054559410095399e-23
4.609032486679641e-24
1.8726312810638976e-24
2.875926041161619e-24
5.1407469612255845e-24
7.450210364380862e-24
9.752526535703185e-24
1.2070580204766341e-23
1.4427762517669995e-23
1.68427039408792e-23
1.9330194519680477e-23
2.190240997372429e-23
2.4569812525435598e-23
2.734176286308503e-23
3.022693203779972e-23
3.323358100869363e-23
3.636975993366647e-23
3.964344885031983e-23
4.306266281640213e-23
4.6635532814317695e-23
5.037037138567028e-23
5.427572192218247e-23
5.836040604461624e-23
6.263356273895704e-23
6.710468254348969e-23
7.178363975902495e-23
7.668072706715155e-23
8.180668408318828e-23
8.717272852245086e-23
9.279058484530491e-23
