2.2312562001529227e-24
2.2292310325870277e-24
2.2274310224597444e-24
2.2258343927781362e-24
2.224421308384549e-24
2.2231737137198073e-24
2.22207518271953e-24
2.2211107801576938e-24
2.2202669337527665e-24
2.219531316358288e-24
2.218892737571572e-24
2.218341044119489e-24
2.2178670284013794e-24
2.2174623445981264e-24
2.217119431785002e-24
2.2168314435192765e-24
2.2165921833998816e-24
2.216396046132499e-24
2.216237963660645e-24
2.2161133559539318e-24
2.216018086073986e-24
2.215948419163725e-24
2.215900985036002e-24
2.215872744055821e-24
2.2158609560419443e-24
2.2158631519257944e-24
2.215877107936286e-24
2.2159008220888497e-24
2.215932492781496e-24
2.215970499313446e-24
2.2160133841596575e-24
2.216059836845421e-24
2.2161086792806934e-24
2.2161588524274424e-24
2.2162094041789324e-24
2.2162594783456253e-24
2.2163083046492874e-24
2.2163551896326116e-24
2.216399508411146e-24
2.2164406971789092e-24
2.2164782464160986e-24
2.2165116947265675e-24
2.2165406232500797e-24
2.2165646506042345e-24
2.216583428303996e-24
2.2165966366222476e-24
2.216603980848182e-24
2.2166051879137256e-24
2.2166000033563124e-24
2.216588188595237e-24
2.2165695184837943e-24
2.2165437791323242e-24
2.2165107659735973e-24
2.2164702820520033e-24
2.216422136533518e-24
2.216366143407141e-24
2.216302120384475e-24
2.2162298879804273e-24
2.2161492687636325e-24
2.216060086789933e-24
2.2159621671923203e-24
2.2158553359478653e-24
2.2157394198095754e-24
2.2156142464112594e-24
2.2154796445430744e-24
2.2153354446211555e-24
2.2151814793368897e-24
2.2150175845126e-24
2.2148436001711483e-24
2.214659371833232e-24
2.214464752064454e-24
2.2142596022898614e-24
2.214043794887794e-24
2.213817215612392e-24
2.2135797663530914e-24
2.21333136828392e-24
2.2130719653965786e-24
2.2128015285315195e-24
2.2125200598799287e-24
2.2122275980436774e-24
2.211924223710965e-24
2.211610066006638e-24
2.2112853095637964e-24
2.2109502024207024e-24
2.210605064850979e-24
2.2102502991291572e-24
2.2098864004617447e-24
2.209513969079122e-24
2.2091337236959637e-24
2.2087465164571237e-24
2.2083533495039586e-24
2.2079553933492298e-24
2.2075540072266942e-24
2.207150761695968e-24
2.2067474635747122e-24
2.206346183656539e-24
2.2059492872687273e-24
2.205559468177168e-24
2.2051797859424355e-24
2.2048137074251458e-24
2.2044651523731647e-24
2.2041385440101502e-24
2.2038388647538337e-24
2.203571717745908e-24
2.2033433947203694e-24
2.2031609508702413e-24
2.2030322872473076e-24
2.2029662416930673e-24
2.2029726887606265e-24
2.203062649798389e-24
2.2032484137658386e-24
2.2035436701798037e-24
2.2039636549204822e-24
2.2045253099810775e-24
2.2052474586784962e-24
2.2061509973189558e-24
2.207259104226276e-24
2.208597468606482e-24
2.210194538876043e-24
2.2120817936128078e-24
2.2142940348109868e-24
2.2168697062279534e-24
2.2198512363493444e-24
2.22328540851063e-24
2.2272237581588693e-24
2.231722997585266e-24
2.236845469566508e-24
2.2426596277116935e-24
2.2492405452312712e-24
2.25667044843033e-24
2.2650392743747922e-24
2.2744452497879342e-24
2.2849954862919197e-24
2.2968065896518146e-24
2.3100052741916177e-24
2.3247289794192146e-24
2.341126479847093e-24
2.3593584779470747e-24
2.3795981766157786e-24
2.402031818259393e-24
2.4268591849746114e-24
2.4542940517912144e-24
2.4845645869702716e-24
2.5179136969329453e-24
2.5545993168288538e-24
2.5948946454900497e-24
2.6390883403040103e-24
2.6874846774686952e-24
2.7404036958114227e-24
2.7981813528396254e-24
2.861169711762107e-24
2.9297371914409292e-24
3.004268914356341e-24
3.085167182985406e-24
3.172852117066601e-24
3.267762484914616e-24
3.370356754898017e-24
3.481114386474354e-24
3.600537386843939e-24
3.7291521384305266e-24
3.867511492680273e-24
4.0161971507236275e-24
4.175822303414413e-24
4.3470345041980414e-24
4.53051878874534e-24
4.7270009708828865e-24
4.937251085246071e-24
5.1620869255008364e-24
5.4023776168113606e-24
5.659047104227361e-24
5.933077466639317e-24
6.22551191675095e-24
6.537457249755103e-24
6.870085540573592e-24
7.224634743137949e-24
7.60240781291655e-24
8.004769775149924e-24
8.433142171283253e-24
8.888993955216423e-24
9.373827919763337e-24
9.889161434589246e-24
1.0436499752947071e-23
1.1017300626171071e-23
1.1632927590381769e-23
1.2284590207546915e-23
1.2973268719897319e-23
1.3699620776207866e-23
1.446386859012734e-23
1.5265665360998564e-23
1.6103942019600397e-23
1.697673706099571e-23
1.788101631174128e-23
1.8812494794827437e-23
1.976547744033516e-23
2.0732741743262558e-23
2.1705492494321804e-23
2.2673418477342152e-23
2.3624880660329192e-23
2.4547252806925983e-23
2.542741578150896e-23
2.6252384093539075e-23
