6.714998107356442e-24
6.4886867329866964e-24
6.282620391014276e-24
6.096367653551868e-24
5.9295397669199034e-24
5.7817898964303055e-24
5.652812468910039e-24
5.54234261190092e-24
5.450155688555937e-24
5.376066927301872e-24
5.319931145418651e-24
5.2816425657165914e-24
5.261134726337199e-24
5.258380482823156e-24
5.2733921036505566e-24
5.3062214597322325e-24
5.3569603097794e-24
5.4257406838793035e-24
5.51273536834182e-24
5.618158495680275e-24
5.74226624398179e-24
5.885357650936186e-24
6.0477755472722876e-24
6.2299076163093806e-24
6.432187584963694e-24
6.655096553654738e-24
6.899164471784775e-24
7.164971766648735e-24
7.453151134191882e-24
7.764389500846954e-24
8.099430166342955e-24
8.459075138644413e-24
8.844187673418241e-24
9.255695031351792e-24
9.694591468585368e-24
1.016194147622645e-23
1.0658883288617675e-23
1.118663267873352e-23
1.1746487065080564e-23
1.2339829953629946e-23
1.296813574250353e-23
1.3632974920290204e-23
1.4336019690771014e-23
1.507905006346746e-23
1.586396044609881e-23
1.6692766792858905e-23
1.7567614351794804e-23
1.8490786073681884e-23
1.9464711740386448e-23
2.049197789002238e-23
2.157533861012455e-23
2.2717727291395038e-23
2.3922269442607155e-23
2.519229666938622e-23
2.6531361951584286e-23
2.794325634998253e-23
2.9432027305464656e-23
3.100199870900613e-23
3.2657792938299366e-23
3.440435509863512e-23
3.6246979717552846e-23
3.8191340196870225e-23
4.0243521353143605e-23
4.241005543441465e-23
4.46979620499529e-23
4.7114792520075817e-23
4.966867923770684e-23
5.236839068954079e-23
5.522339293149975e-23
5.824391841197962e-23
6.144104318933277e-23
6.48267737480454e-23
6.841414486783887e-23
7.221733017257627e-23
7.625176735801919e-23
8.053430039331899e-23
8.50833414777407e-23
8.991905594466327e-23
9.506357404239709e-23
1.0054123431963819e-22
1.0637886402569585e-22
1.126061035050355e-22
1.1925578260958078e-22
1.2636435923153726e-22
1.3397243202725192e-22
1.4212534259829041e-22
1.508738853761932e-22
1.6027514873929558e-22
1.7039351580722643e-22
1.8130186166223235e-22
1.9308299281340713e-22
2.058313877126775e-22
2.196553137700769e-22
2.3467941806433353e-22
2.510479193263388e-22
2.6892856788279055e-22
2.8851759540221363e-22
3.100459504460933e-22
3.3378722065447625e-22
3.6006778755869607e-22
3.8927996624610775e-22
4.2189917942535604e-22
4.585066406286385e-22
4.998196456796977e-22
5.46732490013605e-22
6.003723730336015e-22
6.621766484165991e-22
7.340006458747985e-22
8.182692948716722e-22
9.181907233051447e-22
1.0380541040789638e-21
1.183629667027246e-21
1.3626496590596075e-21
1.5851900317740855e-21
1.8632375296406384e-21
2.2071484758833718e-21
2.6130863593493944e-21
3.033020453152577e-21
3.343381063239687e-21
3.40202028031548e-21
3.203251355607522e-21
2.8775606848764056e-21
2.542732070401003e-21
2.249213031988372e-21
2.006252956763669e-21
1.8083239660006787e-21
1.6468796700589964e-21
1.5141223895104277e-21
1.4038033169464263e-21
1.3111243468089302e-21
1.2324436687692305e-21
1.164992763007233e-21
1.106651339270427e-21
1.0557793601678732e-21
1.0110944505614527e-21
9.715828907648164e-22
9.364347746567407e-22
9.04996452765348e-22
8.767353253756966e-22
8.51213523827147e-22
8.280680326888496e-22
8.069955311483429e-22
7.877407158665834e-22
7.7008722414712755e-22
7.538505151954918e-22
7.388722364301864e-22
7.250157362851569e-22
7.12162454858229e-22
7.002090064867551e-22
6.890648026035138e-22
6.786501009661283e-22
6.688943984961054e-22
6.5973509813394575e-22
6.511163941147861e-22
6.429883398394434e-22
6.353060629065541e-22
6.28029095569247e-22
6.21120811462206e-22
6.145479398379974e-22
6.082801512626839e-22
6.022896986565729e-22
5.965511084662402e-22
5.910409113864351e-22
5.857374089552419e-22
5.806204669045848e-22
5.756713365466222e-22
5.708724950959808e-22
5.66207505401737e-22
5.616608917471146e-22
5.572180282392776e-22
5.528650389595569e-22
5.485887093145894e-22
5.4437640490569345e-22
5.402159991661693e-22
5.360958063711601e-22
5.320045221367745e-22
5.279311660795605e-22
5.238650328794502e-22
5.197956434817517e-22
5.157127009578004e-22
5.116060508684136e-22
5.074656411314802e-22
5.03281485540218e-22
4.990436301074846e-22
4.947421197334657e-22
4.90366965526712e-22
4.8590811589329e-22
4.813554256145355e-22
4.766986269693671e-22
4.719273032609435e-22
4.670308584594836e-22
4.619984918257952e-22
4.56819170376738e-22
4.514816005743003e-22
4.459742030859458e-22
4.402850840729742e-22
4.344020091804338e-22
4.283123748136806e-22
4.2200318152386868e-22
4.154610045396872e-22
4.086719667533344e-22
