1.1584034363060023e-22
1.1525374263243954e-22
1.1493497698012282e-22
1.1488337553230044e-22
1.1509883499855395e-22
1.155818197738726e-22
1.1633336298760214e-22
1.1735506876949394e-22
1.1864911573837044e-22
1.2021826172143306e-22
1.2206584971507817e-22
1.2419581510081265e-22
1.2661269413258163e-22
1.2932163371458478e-22
1.3232840249295024e-22
1.3563940328227263e-22
1.3926168686180212e-22
1.432029671653203e-22
1.4747163790382382e-22
1.5207679065605498e-22
1.5702823446876392e-22
1.6233651701055078e-22
1.6801294732735102e-22
1.7406962025094768e-22
1.8051944251601005e-22
1.873761606448867e-22
1.9465439066375728e-22
2.023696497179001e-22
2.1053838965829733e-22
2.191780326766606e-22
2.283070090708248e-22
2.3794479722731382e-22
2.481119659137932e-22
2.588302189791856e-22
2.701224425656675e-22
2.820127549426549e-22
2.9452655907934994e-22
3.076905980798576e-22
3.2153301361140805e-22
3.3608340746435494e-22
3.513729063908346e-22
3.6743423037643655e-22
3.8430176450988145e-22
4.0201163462382257e-22
4.206017868907946e-22
4.401120715682296e-22
4.60584331098665e-22
4.820624927827669e-22
5.045926662548544e-22
5.282232460062065e-22
5.530050192120426e-22
5.789912791394647e-22
6.0623794441998405e-22
6.348036845017836e-22
6.647500515977102e-22
6.961416194824978e-22
7.290461294997139e-22
7.635346441678495e-22
7.996817087989817e-22
8.375655215674051e-22
8.772681124898072e-22
9.188755318171824e-22
9.624780483572633e-22
1.008170358292468e-21
1.0560518050827076e-21
1.1062266110911672e-21
1.1588041216071707e-21
1.2138990619819293e-21
1.2716318086511103e-21
1.3321286748585853e-21
1.3955222119583702e-21
1.4619515272306613e-21
1.5315626192104342e-21
1.6045087315976394e-21
1.68095072689785e-21
1.761057481015078e-21
1.8450063001178427e-21
1.932983361185991e-21
2.0251841777551196e-21
2.1218140924852282e-21
2.2230887983061012e-21
2.329234890016825e-21
2.440490448376961e-21
2.5571056588584607e-21
2.6793434674317443e-21
2.807480275912758e-21
2.9418066796264216e-21
3.0826282503480155e-21
3.230266367735189e-21
3.3850591027269185e-21
3.547362156675746e-21
3.7175498602861875e-21
3.8960162368084175e-21
4.083176134284158e-21
4.279466432085623e-21
4.485347327446127e-21
4.7013037081637865e-21
4.927846618251887e-21
5.1655148239148736e-21
5.414876487853962e-21
5.676530960766522e-21
5.951110699588022e-21
6.239283323040792e-21
6.541753816038887e-21
6.859266895558748e-21
7.192609551890082e-21
7.542613780515484e-21
7.910159521396356e-21
8.296177824090828e-21
8.70165425911192e-21
9.127632597828936e-21
9.575218785759423e-21
1.0045585236510265e-20
1.0539975476587823e-20
1.1059709174422122e-20
1.1606187590718173e-20
1.2180899491011334e-20
1.2785427565933798e-20
1.3421455409605553e-20
1.4090775112295476e-20
1.4795295529436057e-20
1.553705129644168e-20
1.631821266628368e-20
1.7141096255679278e-20
1.8008176795428538e-20
1.8922099991333453e-20
1.988569661432527e-20
2.090199795232715e-20
2.197425277035524e-20
2.3105945943691422e-20
2.4300818946492385e-20
2.5562892398281464e-20
2.6896490894574685e-20
2.8306270370763865e-20
2.9797248275860807e-20
3.137483685973768e-20
3.304487990889597e-20
3.4813693293244565e-20
3.6688109719438974e-20
3.8675528112424063e-20
4.0783968072747863e-20
4.302212987260666e-20
4.5399460459211694e-20
4.7926225919341725e-20
5.061359081539456e-20
5.3473704716939225e-20
5.651979610547151e-20
5.976627359387643e-20
6.322883404163996e-20
6.692457661620155e-20
7.087212106702927e-20
7.50917273754246e-20
7.960541236135405e-20
8.443705662943601e-20
8.961249218246713e-20
9.515955684562874e-20
1.011080959434626e-19
1.0748988405422186e-19
1.1433842954225211e-19
1.2168861148037837e-19
1.2957608194565274e-19
1.3803634644098853e-19
1.4710341166196216e-19
1.5680786504014081e-19
1.6717422846612632e-19
1.7821741772766997e-19
1.8993815338316146e-19
2.0231723030223227e-19
2.153086920633336e-19
2.2883220836633677e-19
2.427653468172686e-19
2.569369610049477e-19
2.7112350817161563e-19
2.8505056996338875e-19
2.9840185901883775e-19
3.108371827608326e-19
3.220189934812723e-19
3.3164452263253215e-19
3.394779373856177e-19
3.4537571739974734e-19
3.4929947421731737e-19
3.513136294261342e-19
3.515694590730831e-19
3.502802628199669e-19
3.4769366700196123e-19
3.4406628404215797e-19
3.396439675099322e-19
3.3464875973094148e-19
3.292720268087702e-19
3.2367243198974127e-19
3.1797718862717643e-19
3.1228521091242757e-19
3.066711165199099e-19
3.01189382485951e-19
2.9587824292376484e-19
2.9076312453937887e-19
2.8585955077305244e-19
2.811755243793622e-19
2.767134387241847e-19
2.724715845140771e-19
2.6844532073404094e-19
