1.5232684052704177e-12
1.500598004382026e-12
1.4775385025781723e-12
1.4545755711740089e-12
1.4309909058196299e-12
1.4073148706614762e-12
1.383718878979845e-12
1.3594045548350472e-12
1.3356029076215922e-12
1.3114902585156045e-12
1.2879064254642732e-12
1.2635824133977668e-12
1.2398817104914758e-12
1.2159869729695824e-12
1.192555941555931e-12
1.1689500662588927e-12
1.145719201378582e-12
1.1226993162056444e-12
1.0998852287550394e-12
1.0771590326151993e-12
1.054810411999343e-12
1.0325587964896304e-12
1.0106682142099606e-12
9.89109759448841e-13
9.67682272134252e-13
9.466177748585343e-13
9.258554994067943e-13
9.05312141981892e-13
8.85048391452783e-13
8.65163748498984e-13
8.455770332629983e-13
8.261714450323142e-13
8.071525980281474e-13
7.883131628023819e-13
7.69816526440482e-13
7.517502707485155e-13
7.338101655139751e-13
7.162584511369662e-13
6.989407818755727e-13
6.819211067567111e-13
6.652195232363802e-13
6.488229175308563e-13
6.326223029295558e-13
6.167638917047672e-13
6.011406045654901e-13
5.858638841453174e-13
5.707225723459258e-13
5.559519817831729e-13
5.414384524116179e-13
5.271059078070832e-13
5.130898547970565e-13
4.992806241481731e-13
4.85806132566663e-13
4.724955034560977e-13
4.594420784563259e-13
4.465907734060419e-13
4.340133339745231e-13
4.2165415663270897e-13
4.0949521971526897e-13
3.9759595179333386e-13
3.8589663079394553e-13
3.7439163752520156e-13
3.6314089136551054e-13
3.520425699418392e-13
3.411886584481359e-13
3.3052700306738397e-13
3.2004721383249466e-13
3.097746502062792e-13
2.996876279463656e-13
2.898110788057047e-13
2.800942765899591e-13
2.705829634538634e-13
2.612285861266774e-13
2.520698613275728e-13
2.4309143796978785e-13
2.342994430565633e-13
2.2567002434393233e-13
2.1719965665334764e-13
2.0890850583202278e-13
2.0078164268911847e-13
1.9282865238938615e-13
1.850301509779759e-13
1.7739840894441896e-13
1.6992345247769416e-13
1.6261031111627048e-13
1.554572394070958e-13
1.4844949705201872e-13
1.4160462365056466e-13
1.3491268542830724e-13
1.2836827430229908e-13
1.2197717805345646e-13
1.1573609605750692e-13
1.0963560254749138e-13
1.0368588844366471e-13
9.787882327275901e-14
9.221805982088216e-14
8.669294423011302e-14
8.131054049162424e-14
7.606611409808056e-14
7.095768859847747e-14
6.598454761530475e-14
6.114526912045073e-14
5.643798603118573e-14
5.1860620558903504e-14
4.7409874834778385e-14
4.3086873762862654e-14
3.888811028654836e-14
3.481232083810697e-14
3.0856869698012007e-14
2.702047491190733e-14
2.33005030466303e-14
1.969584456091487e-14
1.6203182301883536e-14
1.2821368993968764e-14
9.547705402172042e-15
6.380728792123158e-15
3.3195453246618435e-15
4.012075637624847e-16
2.5188221036309546e-15
5.280648882311793e-15
7.95039244180715e-15
1.0528202674685056e-14
1.301564230189047e-14
1.541520534278971e-14
1.7729088413953697e-14
1.9959418170239467e-14
2.2108329382920415e-14
2.4178264095329727e-14
2.6171505583175087e-14
2.808982796849302e-14
2.9936005796620586e-14
3.1711144765815754e-14
3.3418706272699696e-14
3.5060003718157003e-14
3.6636801512943914e-14
3.8152018007518277e-14
3.960646821875961e-14
4.100341043931628e-14
4.234350986208989e-14
4.3629104679749934e-14
4.486229490928438e-14
4.604398185849264e-14
4.7177099700248506e-14
4.826224457190429e-14
4.930190971055646e-14
5.029649403805356e-14
5.124901137736639e-14
5.215998204536946e-14
5.303081695770845e-14
5.386382171315245e-14
5.465864547693881e-14
5.541851058222207e-14
5.614329611474166e-14
5.6835044457999663e-14
5.749421302399795e-14
5.812277385033942e-14
5.87207571625315e-14
5.929026507316116e-14
5.983129233420211e-14
6.034589893979628e-14
6.083380068695676e-14
6.129705843804801e-14
6.173562769039869e-14
6.21504438521382e-14
6.254218609224769e-14
6.291228473869602e-14
6.32605713256684e-14
6.358789812362063e-14
6.389506920730089e-14
6.418255143154267e-14
6.445066342453176e-14
6.470054448657237e-14
6.493190655975842e-14
6.514599775993609e-14
6.53419521697026e-14
6.552133757607163e-14
6.568403927630464e-14
6.583045639801371e-14
6.596085331795534e-14
6.607551265900089e-14
6.617429178068527e-14
6.625770964097829e-14
6.632583693998969e-14
6.63786446495533e-14
6.641677048880652e-14
6.643944324078516e-14
6.644740394359918e-14
6.644035010931352e-14
6.641838954112886e-14
6.638113015400419e-14
6.632896771678167e-14
6.6261506894839e-14
6.617829569807408e-14
6.607992292287831e-14
6.596546155962088e-14
6.583487891379146e-14
6.56882897986213e-14
6.552462834988998e-14
6.534409383631679e-14
6.514606727197165e-14
6.493045293883166e-14
