1.5428870017508258e-24
1.46366727368764e-24
1.3915868367173765e-24
1.326349391117243e-24
1.2676721342920062e-24
1.2152815247579241e-24
1.1689091145857585e-24
1.12828769781405e-24
1.093148054380229e-24
1.0632165644127895e-24
1.0382139175969135e-24
1.017855046670011e-24
1.0018502856880166e-24
9.89907614938364e-25
9.817357334508488e-25
9.770476201754255e-25
9.755642189806677e-25
9.770179127365538e-25
9.811555205626012e-25
9.87740646626793e-25
9.965553032752756e-25
1.0074008138688405e-24
1.020098062678055e-24
1.0344871950589952e-24
1.0504268890494313e-24
1.0677933176550657e-24
1.0864789106365426e-24
1.1063910082075469e-24
1.1274504790228793e-24
1.1495903575789675e-24
1.172754539498483e-24
1.1968965596634015e-24
1.2219784677429776e-24
1.2479698075694612e-24
1.274846701046719e-24
1.3025910332552644e-24
1.331189733213615e-24
1.3606341428570424e-24
1.3909194663226198e-24
1.4220442917836616e-24
1.4540101774020703e-24
1.486821294600188e-24
1.5204841211884698e-24
1.5550071786197952e-24
1.590400807248213e-24
1.6266769748735087e-24
1.663849114007397e-24
1.7019319842117094e-24
1.7409415556033833e-24
1.780894911119787e-24
1.821810164574233e-24
1.8637063927026995e-24
1.906603578493355e-24
1.950522565394731e-24
1.9954850195039874e-24
2.0415134000057842e-24
2.0886309355315133e-24
2.1368616064366202e-24
2.1862301317658335e-24
2.2367619603628917e-24
2.2884832657460863e-24
2.3414209438941086e-24
2.3956026141635236e-24
2.4510566219903203e-24
2.507812044298121e-24
2.5658986964414388e-24
2.6253471406840212e-24
2.686188696418164e-24
2.7484554516042878e-24
2.8121802750946578e-24
2.8773968306810022e-24
2.944139591167613e-24
3.012443854515088e-24
3.082345759641759e-24
3.153882304062063e-24
3.2270913615401347e-24
3.302011700522005e-24
3.378683004187186e-24
3.4571458895921156e-24
3.5374419284918996e-24
3.619613669411334e-24
3.7037046585645674e-24
3.789759462755214e-24
3.8778236921253966e-24
3.96794402557283e-24
4.060168232492916e-24
4.154545200023704e-24
4.251124957716209e-24
4.349958704063416e-24
4.4510988333822436e-24
4.5545989637099565e-24
4.660513964372024e-24
4.768899985501543e-24
4.8798144886535764e-24
4.993316274350547e-24
5.10946551653174e-24
5.228323791950256e-24
5.349954113734094e-24
5.4744209652718315e-24
5.6017903324502564e-24
5.7321297408909745e-24
5.865508290266836e-24
6.0019966908588414e-24
6.141667301677565e-24
6.284594168577373e-24
6.430853062681803e-24
6.580521522800892e-24
6.733678892414478e-24
6.890406366148404e-24
7.050787028495269e-24
7.214905903396542e-24
7.38284999280028e-24
7.554708326782402e-24
7.730572009864997e-24
7.910534268997522e-24
8.094690504095163e-24
8.283138333494123e-24
8.475977653998784e-24
8.673310688004656e-24
8.875242036718446e-24
9.081878739604398e-24
9.293330327746692e-24
9.509708884149131e-24
9.731129102317296e-24
9.957708344305652e-24
1.0189566706541148e-23
1.0426827080659043e-23
1.0669615221565755e-23
1.0918059809281418e-23
1.117229252059668e-23
1.1432448097478962e-23
1.1698664420964362e-23
1.1971082574894285e-23
1.2249846927083938e-23
1.2535105218497971e-23
1.2827008613711067e-23
1.3125711796843597e-23
1.343137305749716e-23
1.3744154361179206e-23
1.4064221449266506e-23
1.439174390876427e-23
1.4726895282007622e-23
1.506985314034402e-23
1.5420799189633552e-23
1.5779919355886953e-23
1.6147403890701432e-23
1.6523447481069244e-23
1.6908249315190708e-23
1.7302013234894574e-23
1.7704947797713795e-23
1.8117266447230826e-23
1.8539187533319632e-23
1.8970934510940499e-23
1.9412736064889762e-23
1.9864826074273898e-23
2.0327444009756685e-23
2.080083473851409e-23
2.1285248941702884e-23
2.1780943091837068e-23
2.2288179539197304e-23
2.280722678833861e-23
2.3338359642324645e-23
2.3881859082558737e-23
2.4438012737078098e-23
2.5007115002318416e-23
2.55894668777783e-23
2.618537643346176e-23
2.679515904423552e-23
2.741913701420651e-23
2.805764059485075e-23
2.871100740609102e-23
2.9379582400767516e-23
3.0063719522904447e-23
3.0763780538734626e-23
3.148013475429188e-23
3.221316125677875e-23
3.2963247230422283e-23
3.3730788620866047e-23
3.451619114404016e-23
3.531986944231151e-23
3.614224706160102e-23
3.698375886039644e-23
3.7844849484289246e-23
3.8725971801825814e-23
3.9627590270031354e-23
4.0550182652930934e-23
4.1494232632543125e-23
4.2460238702765993e-23
4.344870984711847e-23
4.446016642458643e-23
4.549514201165308e-23
4.655417961965866e-23
4.7637837950756345e-23
4.874668379440952e-23
4.9881304184673555e-23
5.104229149550442e-23
5.2230256502288713e-23
5.344582028972144e-23
5.468962803605181e-23
5.596232469173816e-23
5.726457606992283e-23
