2.0151037849119884e-23
2.0149209955506424e-23
2.0147296729832608e-23
2.0145294078992538e-23
2.014319772327332e-23
2.014100318700615e-23
2.013870578882793e-23
2.0136300631524736e-23
2.0133782591440522e-23
2.0131146307421093e-23
2.0128386169274672e-23
2.0125496305712895e-23
2.0122470571758596e-23
2.0119302535580675e-23
2.0115985464734294e-23
2.0112512311774266e-23
2.0108875699206731e-23
2.0105067903753698e-23
2.0101080839888225e-23
2.0096906042611692e-23
2.0092534649429997e-23
2.0087957381495485e-23
2.0083164523868214e-23
2.007814590485925e-23
2.007289087441012e-23
2.006738828145986e-23
2.0061626450256448e-23
2.0055593155553e-23
2.0049275596651138e-23
2.0042660370215406e-23
2.0035733441822288e-23
2.002848011616689e-23
2.0020885005873275e-23
2.001293199883628e-23
2.0004604224031343e-23
1.99958840157144e-23
1.9986752875939112e-23
1.9977191435309154e-23
1.9967179411883866e-23
1.995669556815341e-23
1.9945717665980163e-23
1.993422241943087e-23
1.9922185445376667e-23
1.9909581211772766e-23
1.9896382983503196e-23
1.988256276567235e-23
1.9868091244225772e-23
1.985293772377725e-23
1.983707006250414e-23
1.982045460397782e-23
1.9803056105783383e-23
1.9784837664773895e-23
1.976576063880973e-23
1.9745784564802393e-23
1.9724867072908278e-23
1.9702963796670277e-23
1.968002827893413e-23
1.9656011873326176e-23
1.9630863641096346e-23
1.960453024309733e-23
1.9576955826676294e-23
1.954808190723912e-23
1.9517847244237013e-23
1.9486187711306448e-23
1.945303616029979e-23
1.9418322278904885e-23
1.938197244156015e-23
1.934390955335223e-23
1.9304052886553317e-23
1.9262317909466644e-23
1.9218616107206376e-23
1.917285479404254e-23
1.912493691690301e-23
1.9074760849626607e-23
1.9022220177524632e-23
1.8967203471801083e-23
1.890959405334985e-23
1.8849269745429284e-23
1.8786102614698828e-23
1.871995870005649e-23
1.8650697728718946e-23
1.8578172818933192e-23
1.8502230168697953e-23
1.8422708729835213e-23
1.8339439866723642e-23
1.8252246998974277e-23
1.816094522729653e-23
1.8065340941762118e-23
1.7965231411642493e-23
1.7860404355958368e-23
1.7750637493834377e-23
1.763569807371487e-23
1.751534238044772e-23
1.7389315219208282e-23
1.7257349375173153e-23
1.7119165047815944e-23
1.6974469258637952e-23
1.6822955231105882e-23
1.6664301741486523e-23
1.6498172439248037e-23
1.632421513559992e-23
1.6142061058714876e-23
1.5951324074088565e-23
1.575159986844312e-23
1.554246509551224e-23
1.532347648197302e-23
1.5094169891743427e-23
1.4854059346781295e-23
1.4602636002480604e-23
1.4339367075696127e-23
1.406369472340164e-23
1.377503486997382e-23
1.347277598105098e-23
1.3156277782067894e-23
1.282486991951858e-23
1.2477850563401458e-23
1.2114484949463412e-23
1.1734003860506224e-23
1.1335602047000104e-23
1.0918436588561475e-23
1.0481625200459695e-23
1.0024244492922671e-23
9.545328197900949e-24
9.043865388969103e-24
8.518798739810373e-24
7.969022903295287e-24
7.393383162369516e-24
6.790674643985971e-24
6.15964268638146e-24
5.498985638365555e-24
4.8073631059708855e-24
4.083417574903113e-24
3.325833526646145e-24
2.533524149784305e-24
1.70640895883224e-24
8.51159649430695e-25
2.4927673871734023e-25
1.0737765859368818e-24
2.062101115710726e-24
3.1053081192620445e-24
4.199967464247163e-24
5.347154321361797e-24
6.548866760817154e-24
7.807459485708684e-24
9.125499750681657e-24
1.050572183798896e-23
1.1951012104593972e-23
1.3464405525500046e-23
1.5049087258626034e-23
1.670839671446961e-23
1.8445833048027266e-23
2.02650615705461e-23
2.216992083695873e-23
2.4164430284802618e-23
2.625279836396607e-23
2.8439431129239715e-23
3.072894128375697e-23
3.3126157677980314e-23
3.563613526760299e-23
3.826416554833197e-23
4.1015787475820595e-23
4.389679889712074e-23
4.691326850425133e-23
5.0071548341033685e-23
5.337828687275269e-23
5.684044265846539e-23
6.046529863292145e-23
6.426047704131748e-23
6.823395504299117e-23
7.23940810110774e-23
7.674959156793913e-23
8.130962937863198e-23
8.608376172920406e-23
9.108199994188886e-23
9.631481962563445e-23
1.0179318185835716e-22
1.075285552376791e-22
1.1353293896337897e-22
1.19818886893784e-22
1.263995325917816e-22
1.332886156035662e-22
1.4050050865065873e-22
1.480502461929497e-22
1.5595355411634583e-22
1.6422688060911328e-22
1.7288742849122916e-22
1.8195318878973455e-22
1.914429756288828e-22
2.0137646293700934e-22
2.1177422205968115e-22
2.226577616534791e-22
2.34049568124735e-22
2.459731492096848e-22
2.5845307755970437e-22
2.715150376371845e-22
2.851858733528072e-22
2.9949363751351602e-22
3.144676443430859e-22
3.3013852245165654e-22
3.4653827116244144e-22
3.6370031808376333e-22
