4.5263527386621444e-24
4.520426335061986e-24
4.514791373045554e-24
4.509434330818573e-24
4.504342407015306e-24
4.499503482932086e-24
4.494906087030309e-24
4.4905393615753235e-24
4.486393031285306e-24
4.482457373872331e-24
4.478723192364534e-24
4.475181789105636e-24
4.4718249413342775e-24
4.468644878252094e-24
4.4656342594950164e-24
4.462786154928047e-24
4.460094025688829e-24
4.4575517064103196e-24
4.455153388557482e-24
4.452893604817282e-24
4.450767214485462e-24
4.448769389797209e-24
4.446895603152856e-24
4.445141615192845e-24
4.443503463679513e-24
4.441977453146438e-24
4.440560145278802e-24
4.439248349990966e-24
4.438039117169904e-24
4.436929729055895e-24
4.435917693233641e-24
4.435000736209491e-24
4.434176797552325e-24
4.433444024577727e-24
4.432800767556631e-24
4.432245575431584e-24
4.431777192025485e-24
4.431394552728873e-24
4.431096781653851e-24
4.430883189243644e-24
4.430753270328737e-24
4.430706702621277e-24
4.4307433456413005e-24
4.430863240069124e-24
4.431066607519717e-24
4.431353850735987e-24
4.431725554199028e-24
4.4321824851545765e-24
4.432725595055917e-24
4.433356021424762e-24
4.434075090132465e-24
4.43488431810531e-24
4.435785416458244e-24
4.4367802940631344e-24
4.43787106155787e-24
4.439060035804474e-24
4.440349744805028e-24
4.441742933085275e-24
4.443242567557112e-24
4.444851843872118e-24
4.446574193279305e-24
4.448413290001568e-24
4.450373059146396e-24
4.4524576851675204e-24
4.454671620895394e-24
4.457019597155589e-24
4.459506632995374e-24
4.462138046540033e-24
4.464919466501653e-24
4.467856844364509e-24
4.470956467272059e-24
4.474224971642422e-24
4.4776693575400255e-24
4.481297003832569e-24
4.485115684163576e-24
4.4891335837724426e-24
4.493359317194461e-24
4.4978019468753244e-24
4.502471002734803e-24
4.507376502716401e-24
4.512528974359847e-24
4.517939477434789e-24
4.5236196276747586e-24
4.5295816216507986e-24
4.535838262825097e-24
4.542402988824592e-24
4.549289899975587e-24
4.556513789138782e-24
4.5640901728847486e-24
4.5720353240485376e-24
4.580366305700357e-24
4.589101006568208e-24
4.598258177945432e-24
4.607857472113232e-24
4.6179194823049935e-24
4.628465784234265e-24
4.639518979203637e-24
4.651102738805051e-24
4.6632418512155695e-24
4.675962269083792e-24
4.689291158993372e-24
4.7032569524785286e-24
4.7178893985556224e-24
4.733219617720136e-24
4.7492801573443016e-24
4.766105048393704e-24
4.783729863362808e-24
4.802191775309667e-24
4.821529617848387e-24
4.8417839459347775e-24
4.862997097254882e-24
4.885213254000948e-24
4.908478504789996e-24
4.932840906451603e-24
4.958350545381148e-24
4.98505959812354e-24
5.013022390820735e-24
5.0422954571249864e-24
5.072937594148555e-24
5.105009915990739e-24
5.138575904354145e-24
5.173701455736637e-24
5.210454924662273e-24
5.2489071623952275e-24
5.289131550567484e-24
5.3312040291419175e-24
5.375203118131004e-24
5.4212099324981154e-24
5.4693081896813034e-24
5.5195842092051946e-24
5.572126903879013e-24
5.627027762123907e-24
5.6843808210285816e-24
5.744282629798941e-24
5.8068322033459034e-24
5.872130965845352e-24
5.940282684203906e-24
6.011393391475285e-24
6.085571300388986e-24
6.162926707281743e-24
6.24357188685096e-24
6.327620978287764e-24
6.415189863481638e-24
6.5063960381260114e-24
6.6013584766857235e-24
6.700197492314206e-24
6.80303459292478e-24
6.909992334726475e-24
7.021194174627602e-24
7.136764322985121e-24
7.256827598236102e-24
7.381509284984808e-24
7.510934997136453e-24
7.645230547661888e-24
7.784521826550058e-24
7.928934688454801e-24
8.078594851468518e-24
8.233627808363e-24
8.394158751521596e-24
8.560312512657591e-24
8.732213518263233e-24
8.909985761573058e-24
9.093752791652807e-24
9.283637720042441e-24
9.479763245196818e-24
9.682251694777857e-24
9.891225085662102e-24
1.0106805201345545e-23
1.0329113686246026e-23
1.0558272156233062e-23
1.0794402324558996e-23
1.1037626142214997e-23
1.1288065951608008e-23
1.1545844652337678e-23
1.1811085877756092e-23
1.2083914180912597e-23
1.2364455228426452e-23
1.2652836000784877e-23
1.2949184997541171e-23
1.3253632445877202e-23
1.3566310511002885e-23
1.3887353506887066e-23
1.421689810584703e-23
1.4555083545570997e-23
1.4902051832198088e-23
1.5257947938143685e-23
1.5622919993417373e-23
1.599711946924966e-23
1.6380701352905948e-23
1.677382431262632e-23
1.7176650851687644e-23
1.7589347450628856e-23
1.8012084696719305e-23
1.8445037399772043e-23
1.8888384693415912e-23
1.934231012092839e-23
1.980700170470776e-23
2.0282651998409614e-23
2.0769458120701647e-23
2.126762176948659e-23
2.1777349215313028e-23
