3.524551003127174e-24
3.4519027407368554e-24
3.388851077888183e-24
3.3352362933547286e-24
3.2909169660248898e-24
3.2557695903125356e-24
3.229688211378734e-24
3.2125840742241853e-24
3.204385281007502e-24
3.2050364516012763e-24
3.214498383162985e-24
3.232747706103376e-24
3.2597765347132002e-24
3.2955921119709748e-24
3.340216449648547e-24
3.393685964842655e-24
3.4560511153182166e-24
3.527376035630497e-24
3.607738176207665e-24
3.697227947067714e-24
3.7959483667600855e-24
3.904014717609767e-24
4.021554205742723e-24
4.1487056262482925e-24
4.2856190306681e-24
4.432455395697831e-24
4.589386290459762e-24
4.756593540264882e-24
4.9342688847304006e-24
5.122613627931588e-24
5.321838278500235e-24
5.532162179140325e-24
5.7538131225181514e-24
5.987026954377471e-24
6.232047162483501e-24
6.489124451129312e-24
6.758516302405638e-24
7.040486523350307e-24
7.335304781620976e-24
7.64324613056467e-24
7.96459052451112e-24
8.299622327848877e-24
8.648629819987613e-24
9.011904697915871e-24
9.389741581054827e-24
9.782437521607808e-24
1.0190291521097284e-23
1.0613604063180251e-23
1.1052676659110674e-23
1.150781141669211e-23
1.197931063266908e-23
1.2467476415030874e-23
1.297261033809193e-23
1.3495013135928314e-23
1.4034984438256654e-23
1.45928225482131e-23
1.5168824276790938e-23
1.5763284819590042e-23
1.6376497697922567e-23
1.700875475356256e-23
1.7660346203544714e-23
1.8331560755965996e-23
1.9022685788495705e-23
1.9734007590634542e-23
2.0465811665283633e-23
2.1218383093417168e-23
2.1992006959090154e-23
2.2786968830942477e-23
2.3603555297549656e-23
2.4442054563135687e-23
2.5302757077496354e-23
2.6185956224036278e-23
2.7091949042527435e-23
2.802103698350345e-23
2.8973526704218716e-23
2.9949730878804707e-23
3.094996903543292e-23
3.1974568411537823e-23
3.3023864812994866e-23
3.409820348187553e-23
3.519793997105889e-23
3.6323441007868636e-23
3.747508534861126e-23
3.865326464001237e-23
3.9858384233838026e-23
4.109086402534923e-23
4.235113922631e-23
4.3639661159344606e-23
4.49568979949971e-23
4.6303335477773707e-23
4.767947762577286e-23
4.908584740407314e-23
5.052298736569995e-23
5.1991460269838433e-23
5.349184967552754e-23
5.502476050101652e-23
5.659081957830135e-23
5.81906761600658e-23
5.982500242007174e-23
6.149449393247329e-23
6.319987012769244e-23
6.494187474840832e-23
6.672127626959687e-23
6.853886830441078e-23
7.039547003118964e-23
7.229192659885143e-23
7.422910948788022e-23
7.620791693548768e-23
7.822927431146062e-23
8.029413449165364e-23
8.240347827644809e-23
8.4558314749296e-23
8.675968172598128e-23
8.90086460929766e-23
9.130630428259433e-23
9.365378266741619e-23
9.60522379843863e-23
9.85028578306079e-23
1.0100686103336042e-22
1.0356549823784175e-22
1.0618005228370773e-22
1.0885183879161669e-22
1.1158220663355394e-22
1.14372538528301e-22
1.1722425149773166e-22
1.2013879759022703e-22
1.231176642886572e-22
1.2616237530886252e-22
1.2927449108873081e-22
1.3245560952736293e-22
1.357073666169883e-22
1.3903143717884501e-22
1.424295354390708e-22
1.459034159752077e-22
1.4945487439092914e-22
1.5308574791472e-22
1.5679791644996257e-22
1.6059330333030583e-22
1.6447387602215854e-22
1.68441647049286e-22
1.7249867507495732e-22
1.7664706544072602e-22
1.8088897134277694e-22
1.8522659473925943e-22
1.8966218725422464e-22
1.9419805110475876e-22
1.9883654021392342e-22
2.035800611624108e-22
2.0843107446926897e-22
2.1339209500386705e-22
2.1846569389569e-22
2.2365449882134736e-22
2.2896119578900804e-22
2.343885298616272e-22
2.3993930637166436e-22
2.456163920086483e-22
2.514227163041921e-22
2.573612723050525e-22
2.634351180458033e-22
2.6964737781424947e-22
2.760012433342379e-22
2.8249997456792225e-22
2.8914690146136095e-22
2.959454250734788e-22
3.028990182091336e-22
3.100112278571601e-22
3.1728567515271816e-22
3.2472605668532977e-22
3.323361471508946e-22
3.4011979838640587e-22
3.4808094221129357e-22
3.5622359131491143e-22
3.645518393237279e-22
3.7306986304259873e-22
3.817819235809566e-22
3.906923664469483e-22
3.9980562358663654e-22
4.0912621326806563e-22
4.1865874180916503e-22
4.284079049872846e-22
4.383784863841251e-22
4.485753612919612e-22
4.590034951156736e-22
4.6966794494248985e-22
4.805738595551618e-22
4.917264789010474e-22
5.031311360159027e-22
5.147932584615019e-22
5.2671836172622705e-22
5.389120575002711e-22
5.513800459420401e-22
5.641281198817303e-22
5.771621626534238e-22
5.904881480124647e-22
6.041121323648774e-22
6.180402658341597e-22
6.32278778574626e-22
6.468339805971909e-22
6.617122677162595e-22
6.769201103787985e-22
6.924640477164012e-22
