1.565002965625687e-24
1.5161723272526518e-24
1.4700357951027377e-24
1.4264739193450144e-24
1.3853715445753118e-24
1.3466175921395434e-24
1.3101048643959172e-24
1.2757298708066406e-24
1.243392675487261e-24
1.2129967655550916e-24
1.1844489393185442e-24
1.1576592130520691e-24
1.1325407448205031e-24
1.1090097735680821e-24
1.0869855714828885e-24
1.0663904074997742e-24
1.0471495197209747e-24
1.029191094517868e-24
1.0124462501306442e-24
9.968490227005967e-25
9.823363528462644e-25
9.688480711185475e-25
9.56326880930763e-25
9.447183378429788e-25
9.339708243742108e-25
9.24035519807191e-25
9.148663647290602e-25
9.06420020307069e-25
8.98655822525053e-25
8.915357317992227e-25
8.850242785479956e-25
8.79088505410142e-25
8.73697906889384e-25
8.68824367254031e-25
8.644420975413349e-25
8.605275725111395e-25
8.570594683670935e-25
8.540186020198437e-25
8.513878726094533e-25
8.491522059375092e-25
8.472985023857338e-25
8.458155888205162e-25
8.446941749032575e-25
8.439268141466748e-25
8.435078699781321e-25
8.434334869934311e-25
8.43701567508808e-25
8.443117534447468e-25
8.452654135032891e-25
8.465656355296908e-25
8.482172238800706e-25
8.502267015481856e-25
8.526023167367799e-25
8.553540534921803e-25
8.584936459546138e-25
8.620345957118587e-25
8.65992191680941e-25
8.70383531882346e-25
8.752275464152203e-25
8.805450208919308e-25
8.863586195475176e-25
8.92692907207103e-25
8.995743692739884e-25
9.070314288950946e-25
9.150944604726022e-25
9.237957987207596e-25
9.331697425197691e-25
9.432525528922565e-25
9.540824445263978e-25
9.65699570388162e-25
9.781459991062846e-25
9.914656849706522e-25
1.0057044305558916e-24
1.0209098421601648e-24
1.0371312784290311e-24
1.0544197927070053e-24
1.0728280698187162e-24
1.092410358118089e-24
1.1132223977523153e-24
1.1353213461591192e-24
1.1587657018475357e-24
1.1836152275035076e-24
1.2099308734042596e-24
1.2377747020326646e-24
1.2672098146458243e-24
1.2983002803888953e-24
1.3311110683519527e-24
1.3657079827653484e-24
1.4021576013126135e-24
1.4405272163342715e-24
1.4808847784926723e-24
1.5232988422963152e-24
1.5678385127199047e-24
1.6145733920396472e-24
1.663573525909573e-24
1.7149093476478503e-24
1.7686516196867235e-24
1.824871371139253e-24
1.883639830488315e-24
1.9450283524697062e-24
2.0091083383025084e-24
2.0759511485459343e-24
2.145628007974633e-24
2.218209902005693e-24
2.2937674643555396e-24
2.372370855746982e-24
2.4540896336369215e-24
2.538992613086755e-24
2.6271477190293483e-24
2.7186218303247312e-24
2.813480616128237e-24
2.9117883652115137e-24
3.013607808975061e-24
3.1189999389937936e-24
3.228023820017559e-24
3.3407363994187436e-24
3.457192314104983e-24
3.5774436960196954e-24
3.7015399772772716e-24
3.829527696080522e-24
3.961450304494157e-24
4.097347979169618e-24
4.237257436008266e-24
4.381211749795228e-24
4.5292401796790206e-24
4.681368001335454e-24
4.837616346567804e-24
4.9980020509796625e-24
5.162537510274449e-24
5.331230545627417e-24
5.504084278455409e-24
5.6810970148376554e-24
5.862262139735449e-24
6.047568021000114e-24
6.236997923316103e-24
6.430529931731038e-24
6.62813688497442e-24
6.829786318071975e-24
7.035440414443973e-24
7.245055966999344e-24
7.458584348384385e-24
7.675971490220698e-24
7.897157871353614e-24
8.122078515213097e-24
8.350662996670119e-24
8.582835458560377e-24
8.818514638551804e-24
9.057613906916957e-24
9.300041316146208e-24
9.545699663350359e-24
9.794486566619757e-24
1.0046294556563483e-23
1.0301011184784877e-23
1.0558519150531951e-23
1.0818696447448703e-23
1.1081416532191898e-23
1.1346548516851482e-23
1.1613957386751413e-23
1.188350424603025e-23
1.2155046592254083e-23
1.2428438623043312e-23
1.2703531574089007e-23
1.2980174093107747e-23
1.3258212648646762e-23
1.3537491976219837e-23
1.3817855562588202e-23
1.409914616741113e-23
1.4381206385395762e-23
1.4663879246397298e-23
1.4947008854149494e-23
1.5230441064179174e-23
1.5514024198186786e-23
1.5797609794170693e-23
1.6081053392984065e-23
1.6364215355867546e-23
1.664696171399299e-23
1.6929165048385154e-23
1.721070539380402e-23
1.749147117131222e-23
1.7771360138634157e-23
1.805028036455844e-23
1.832815122124124e-23
1.860490439221459e-23
1.8880484893251995e-23
1.9154852114462246e-23
1.942798086701071e-23
1.9699862447481857e-23
1.9970505716686877e-23
2.023993818803615e-23
2.0508207137694074e-23
2.077538072343322e-23
2.1041549136267937e-23
2.1306825760550782e-23
2.1571348375254525e-23
2.1835280375585056e-23
2.2098812043617597e-23
2.2362161843078892e-23
2.2625577778452916e-23
2.2889338809854735e-23
2.3153756299727425e-23
2.341917555948065e-23
