3.7446102522015155e-24
3.74750818346409e-24
3.750300733780907e-24
3.7529898435354135e-24
3.755577594521465e-24
3.758066181353998e-24
3.7604578861712164e-24
3.762755056288979e-24
3.764960084502185e-24
3.767075391757154e-24
3.769103411946268e-24
3.771046578600961e-24
3.772907313279737e-24
3.774688015470409e-24
3.776391053840708e-24
3.778018758690586e-24
3.779573415471694e-24
3.7810572592555654e-24
3.782472470040403e-24
3.783821168801126e-24
3.7851054141939156e-24
3.786327199836992e-24
3.7874884520966874e-24
3.788591028315009e-24
3.789636715421687e-24
3.79062722887867e-24
3.791564211911568e-24
3.7924492349856894e-24
3.79328379548958e-24
3.7940693175924965e-24
3.79480715224593e-24
3.795498577301064e-24
3.796144797719013e-24
3.796746945850952e-24
3.797306081769039e-24
3.7978231936297664e-24
3.798299198054428e-24
3.798734940511766e-24
3.799131195689842e-24
3.799488667845618e-24
3.7998079911211765e-24
3.80008972981726e-24
3.800334378614835e-24
3.8005423627368494e-24
3.800714038043157e-24
3.800849691050494e-24
3.800949538872457e-24
3.8010137290728224e-24
3.801042339426748e-24
3.80103537758435e-24
3.800992780632158e-24
3.800914414546734e-24
3.800800073536379e-24
3.80064947926608e-24
3.8004622799611385e-24
3.8002380493846605e-24
3.799976285684906e-24
3.7996764101076416e-24
3.799337765568533e-24
3.798959615081606e-24
3.798541140038248e-24
3.798081438331971e-24
3.7975795223242165e-24
3.797034316645231e-24
3.796444655824922e-24
3.795809281748042e-24
3.7951268409274284e-24
3.794395881589484e-24
3.7936148505650265e-24
3.792782089979475e-24
3.791895833734326e-24
3.7909542037736705e-24
3.789955206127571e-24
3.788896726724404e-24
3.7877765269639844e-24
3.786592239043007e-24
3.785341361023643e-24
3.784021251636223e-24
3.782629124806064e-24
3.781162043895356e-24
3.7796169156483175e-24
3.777990483830887e-24
3.776279322552196e-24
3.774479829258185e-24
3.772588217384768e-24
3.770600508659287e-24
3.768512525038418e-24
3.766319880270285e-24
3.764017971068627e-24
3.761601967886705e-24
3.759066805279147e-24
3.756407171839491e-24
3.7536174997016295e-24
3.7506919535943115e-24
3.7476244194375526e-24
3.744408492471622e-24
3.741037464909275e-24
3.737504313104502e-24
3.733801684231227e-24
3.72992188246935e-24
3.725856854696174e-24
3.7215981756859665e-24
3.7171370328233025e-24
3.712464210341302e-24
3.707570073099711e-24
3.702444549927303e-24
3.697077116557884e-24
3.6914567782010925e-24
3.6855720517989366e-24
3.679410948033849e-24
3.672960953168755e-24
3.666209010819632e-24
3.659141503783592e-24
3.651744236072197e-24
3.644002415331983e-24
3.635900635872544e-24
3.6274228625679255e-24
3.618552415950513e-24
3.6092719588830086e-24
3.599563485269115e-24
3.58940831135713e-24
3.578787070300659e-24
3.5676797107724494e-24
3.55606550058675e-24
3.5439230364751886e-24
3.5312302613918906e-24
3.5179644909990904e-24
3.5041024513203706e-24
3.489620329951672e-24
3.474493843712016e-24
3.458698326212724e-24
3.442208839547729e-24
3.425000315195946e-24
3.407047730306828e-24
3.3883263268673176e-24
3.368811882875666e-24
3.348481046647533e-24
3.327311747845879e-24
3.305283701866451e-24
3.282379027969915e-24
3.2585830062031423e-24
3.2338850039114565e-24
3.2082796097835383e-24
3.1817680222143966e-24
3.1543597497246692e-24
3.126074694709402e-24
3.0969457084690114e-24
3.0670217259323724e-24
3.0363716133929604e-24
3.005088892612735e-24
2.9732975403207606e-24
2.9411591036039914e-24
2.9088814183679737e-24
2.876729267993046e-24
2.8450373682910843e-24
2.8142261050006833e-24
2.784820468032104e-24
2.7574726016942013e-24
2.7329882922804842e-24
2.7123575049030263e-24
2.6967887180901263e-24
2.6877462570185692e-24
2.6869891074564205e-24
2.6966089110443e-24
2.719064267189154e-24
2.757208572229929e-24
2.8143100533735397e-24
2.894066004722877e-24
3.0006186833010867e-24
3.138587233470996e-24
3.31313689010015e-24
3.5301119000926415e-24
3.796261473046459e-24
4.119589983625163e-24
4.509866729934092e-24
4.979340181185274e-24
5.543718098635009e-24
6.22349372325187e-24
7.045700210171864e-24
8.046099729325734e-24
9.271477800535928e-24
1.0780592557195425e-23
1.2639014878673218e-23
1.4894471425494357e-23
1.7502584556818674e-23
2.0169410221136582e-23
2.2204339837135047e-23
2.2798243827918745e-23
2.1802052443600643e-23
1.9864942003868748e-23
1.7712087344319833e-23
1.5729597651521612e-23
1.4034292451704383e-23
1.2623107993741712e-23
1.1456702442403519e-23
1.0492191891027359e-23
9.693103748303341e-24
9.031036756804474e-24
8.484769325650919e-24
8.038824530236366e-24
7.682109108184756e-24
