4.4023854956684105e-23
4.4133146193178386e-23
4.4237055828488026e-23
4.433580436893206e-23
4.4429601360679346e-23
4.451864583494621e-23
4.4603126730796285e-23
4.46832232964245e-23
4.4759105469807466e-23
4.4830934239511166e-23
4.489886198643659e-23
4.496303280720557e-23
4.502358281991871e-23
4.5080640452891303e-23
4.5134326717003174e-23
4.5184755462225565e-23
4.5232033618885595e-23
4.527626142415533e-23
4.5317532634271736e-23
4.5355934722898603e-23
4.5391549066055814e-23
4.5424451114075056e-23
4.5454710550773797e-23
4.548239144037255e-23
4.550755236233018e-23
4.553024653440694e-23
4.5550521924202185e-23
4.5568421349419976e-23
4.5583982567067055e-23
4.5597238351628587e-23
4.560821656259324e-23
4.561694020120721e-23
4.562342745686446e-23
4.562769174280345e-23
4.5629741721509976e-23
4.562958131969864e-23
4.562720973297804e-23
4.562262141984994e-23
4.561580608556026e-23
4.560674865511423e-23
4.559542923582821e-23
4.5581823068998556e-23
4.5565900470630275e-23
4.554762676103252e-23
4.5526962183115006e-23
4.5503861808859926e-23
4.5478275434273514e-23
4.5450147461618834e-23
4.5419416769506816e-23
4.5386016569778516e-23
4.53498742509619e-23
4.5310911207909284e-23
4.5269042656984045e-23
4.5224177436172004e-23
4.517621778962231e-23
4.512505913584477e-23
4.507058981872438e-23
4.501269084072277e-23
4.4951235577374803e-23
4.488608947170067e-23
4.4817109708268027e-23
4.4744144864679547e-23
4.466703454048082e-23
4.458560896104754e-23
4.449968855547441e-23
4.4409083506835094e-23
4.431359327311184e-23
4.421300607613712e-23
4.410709835778153e-23
4.3995634199475615e-23
4.387836470394141e-23
4.375502733493015e-23
4.3625345212774216e-23
4.3489026362814707e-23
4.3345762910029483e-23
4.319523022019081e-23
4.303708597799459e-23
4.287096920033072e-23
4.269649917732764e-23
4.251327433390114e-23
4.232087100578709e-23
4.211884212037205e-23
4.190671577310966e-23
4.168399368876246e-23
4.145014955414359e-23
4.120462720982373e-23
4.0946838681951287e-23
4.067616203760196e-23
4.0391939041329946e-23
4.0093472585690423e-23
3.9780023869823557e-23
3.9450809288191655e-23
3.9104996991766644e-23
3.8741703072323746e-23
3.835998731411306e-23
3.7958848447919556e-23
3.7537218819850304e-23
3.709395839371675e-23
3.6627847952632385e-23
3.613758137461896e-23
3.5621756803847144e-23
3.5078866507735645e-23
3.450728516430114e-23
3.39052562574399e-23
3.3270876178597084e-23
3.260207553396362e-23
3.189659701989703e-23
3.115196905335086e-23
3.0365474118061325e-23
2.953411046718321e-23
2.865454542589946e-23
2.772305794844336e-23
2.6735467331102564e-23
2.5687043879566587e-23
2.457239581290901e-23
2.3385324518634213e-23
2.211863709464404e-23
2.0763900500601002e-23
1.931111469103961e-23
1.7748271590143317e-23
1.6060750513724834e-23
1.4230475417068438e-23
1.2234720339195179e-23
1.0044394092483858e-23
7.621596056549525e-24
4.9166357065669216e-24
1.8754099120277687e-24
1.7423151788920817e-24
5.852081512689016e-24
1.0844022179058605e-23
1.709844470171939e-23
2.534245979662775e-23
3.704898321184739e-23
5.571531625199308e-23
9.216806741624985e-23
2.047870248882126e-22
1.4594438655950696e-21
1.7533572628622375e-22
9.066453544856481e-23
5.895252243356292e-23
4.14218424531884e-23
2.966399190942353e-23
2.0777222807557405e-23
1.3491553393680613e-23
7.16536267535127e-24
1.5150906240008793e-24
4.046782790219048e-24
9.19255827080086e-24
1.4240101627747286e-23
1.9246794671918014e-23
2.4264599339441266e-23
2.933526150483372e-23
3.4492911587679665e-23
3.976627546845632e-23
4.5180256989283164e-23
5.0757056441373317e-23
5.65169707364207e-23
6.247897655714554e-23
6.866116340372858e-23
7.508106218114752e-23
8.175589911035585e-23
8.87027968580837e-23
9.593893616735519e-23
1.0348168969215539e-22
1.1134873463574292e-22
1.195581495265825e-22
1.281284998339934e-22
1.3707891467660202e-22
1.4642915741920183e-22
1.561996913204419e-22
1.6641174244025601e-22
1.770873596972264e-22
1.8824947403399358e-22
1.9992195687958593e-22
2.121296781814424e-22
2.2489856469705855e-22
2.382556600483896e-22
2.5222918393895454e-22
2.6684859456895663e-22
2.8214465148385186e-22
2.9814948051845306e-22
3.1489664112512104e-22
3.3242119500285437e-22
3.507597786169037e-22
3.6995067614615827e-22
3.900338972039417e-22
4.1105125651287886e-22
4.3304645613658275e-22
4.560651709857363e-22
4.801551395961784e-22
5.053662545584072e-22
5.317506594683644e-22
5.593628502043978e-22
5.88259775381984e-22
6.185009471971918e-22
6.501485513616247e-22
6.83267561517535e-22
7.179258637722972e-22
7.541943774349627e-22
7.921471849259688e-22
8.318616667801388e-22
