2.062413519366123e-23
2.0624015755485627e-23
2.0623890288206478e-23
2.0623758508830712e-23
2.0623620122460804e-23
2.062347482153824e-23
2.062332228507234e-23
2.0623162177850567e-23
2.0622994149628398e-23
2.062281783429614e-23
2.0622632849019988e-23
2.0622438793354672e-23
2.0622235248325717e-23
2.0622021775478154e-23
2.0621797915889553e-23
2.0621563189144663e-23
2.062131709226883e-23
2.0621059098618153e-23
2.0620788656722757e-23
2.0620505189081301e-23
2.0620208090903154e-23
2.0619896728795735e-23
2.061957043939375e-23
2.0619228527927152e-23
2.0618870266725068e-23
2.0618494893651324e-23
2.0618101610469357e-23
2.0617689581131655e-23
2.0617257929990836e-23
2.0616805739928174e-23
2.0616332050394932e-23
2.0615835855363545e-23
2.0615316101182553e-23
2.061477168433195e-23
2.061420144907372e-23
2.061360418499197e-23
2.061297862441831e-23
2.0612323439736006e-23
2.0611637240558162e-23
2.0610918570772634e-23
2.0610165905448522e-23
2.060937764759719e-23
2.0608552124780553e-23
2.060768758555983e-23
2.060678219577742e-23
2.060583403466316e-23
2.0604841090757575e-23
2.0603801257642836e-23
2.0602712329472606e-23
2.0601571996291324e-23
2.0600377839132927e-23
2.0599127324888223e-23
2.059781780093093e-23
2.0596446489489935e-23
2.0595010481756447e-23
2.0593506731713484e-23
2.0591932049674383e-23
2.0590283095516793e-23
2.0588556371597715e-23
2.05867482153347e-23
2.0584854791437152e-23
2.0582872083771744e-23
2.058079588684425e-23
2.057862179687974e-23
2.057634520248295e-23
2.057396127485787e-23
2.0571464957566548e-23
2.0568850955805653e-23
2.056611372517708e-23
2.0563247459929903e-23
2.0560246080647845e-23
2.0557103221356807e-23
2.055381221602491e-23
2.0550366084426098e-23
2.0546757517338132e-23
2.0542978861042707e-23
2.0539022101095684e-23
2.053487884533232e-23
2.0530540306072e-23
2.0525997281484688e-23
2.0521240136079216e-23
2.0516258780272884e-23
2.0511042648998194e-23
2.050558067930212e-23
2.0499861286889933e-23
2.0493872341564643e-23
2.048760114150902e-23
2.0481034386356902e-23
2.0474158148995738e-23
2.046695784604145e-23
2.045941820692279e-23
2.0451523241509795e-23
2.0443256206217853e-23
2.0434599568515667e-23
2.0425534969762345e-23
2.0416043186294404e-23
2.040610408868078e-23
2.0395696599060095e-23
2.0384798646468903e-23
2.0373387120067747e-23
2.036143782016529e-23
2.0348925406937446e-23
2.033582334673306e-23
2.0322103855853103e-23
2.030773784168388e-23
2.0292694841060967e-23
2.0276942955733135e-23
2.0260448784790477e-23
2.0243177353914e-23
2.0225092041297682e-23
2.0206154500087057e-23
2.0186324577170347e-23
2.0165560228151987e-23
2.01438174283287e-23
2.0121050079481495e-23
2.0097209912287425e-23
2.0072246384145566e-23
2.0046106572203337e-23
2.0018735061358034e-23
1.999007382699888e-23
1.996006211224357e-23
1.992863629941264e-23
1.9895729775471863e-23
1.986127279116219e-23
1.9825192313522226e-23
1.978741187149589e-23
1.9747851394303236e-23
1.9706427042238132e-23
1.966305102954096e-23
1.9617631438978356e-23
1.9570072027746292e-23
1.9520272024294567e-23
1.946812591565322e-23
1.941352322482312e-23
1.935634827777295e-23
1.9296479959565126e-23
1.9233791459112694e-23
1.9168150002046766e-23
1.9099416571153557e-23
1.9027445613815535e-23
1.8952084735868694e-23
1.8873174381264232e-23
1.879054749689777e-23
1.8704029181944615e-23
1.861343632101503e-23
1.851857720041789e-23
1.841925110679634e-23
1.831524790737533e-23
1.8206347611036272e-23
1.8092319909414274e-23
1.7972923697190924e-23
1.7847906570741295e-23
1.7717004304279976e-23
1.7579940302643566e-23
1.7436425029847784e-23
1.7286155412566923e-23
1.712881421770659e-23
1.696406940327888e-23
1.679157344185213e-23
1.6610962615937352e-23
1.6421856284803074e-23
1.6223856122389092e-23
1.6016545326239296e-23
1.579948779770931e-23
1.557222729416613e-23
1.5334286554519075e-23
1.508516640027187e-23
1.4824344815441784e-23
1.4551276010280433e-23
1.4265389475922235e-23
1.3966089040134905e-23
1.365275193862947e-23
1.3324727922468135e-23
1.2981338430849003e-23
1.262187587128812e-23
1.2245603068077723e-23
1.1851752968303655e-23
1.1439528738308042e-23
1.1008104451874639e-23
1.0556626681278309e-23
1.0084217483623315e-23
9.589979583201361e-24
9.073005093173408e-24
8.532390112700854e-24
7.96725943557143e-24
7.37680943580928e-24
6.760385397271945e-24
6.117628425449274e-24
5.448774383336356e-24
4.755318746912905e-24
4.0416748958207605e-24
3.319957996900286e-24
2.626319171088266e-24
2.081568121860015e-24
1.9669228483872206e-24
2.009386780734663e-24
2.2303894353728624e-24
2.950454329917067e-24
3.905877551286861e-24
4.978261661128252e-24
6.1321704000303366e-24
