1.3333721357139656e-24
1.303798755182027e-24
1.2762345880673074e-24
1.2505707459032458e-24
1.2267017502572867e-24
1.2045255702273293e-24
1.183943669535363e-24
1.1648610581568724e-24
1.147186343707385e-24
1.1308317781877539e-24
1.1157132963038295e-24
1.1017505422026846e-24
1.0888668821916285e-24
1.0769894017625412e-24
1.0660488859546167e-24
1.0559797827555413e-24
1.0467201498615196e-24
1.0382115855868229e-24
1.0303991451611516e-24
1.0232312439365613e-24
1.0166595492451163e-24
1.0106388627490165e-24
1.0051269951958474e-24
1.0000846354411373e-24
9.954752155256663e-25
9.912647734701365e-25
9.874218153168421e-25
9.83917177774559e-25
9.80723892629397e-25
9.778170539373642e-25
9.751736888419737e-25
9.727726326583856e-25
9.70594408786473e-25
9.686211138151626e-25
9.668363080863846e-25
9.65224911906204e-25
9.637731074440218e-25
9.624682463485374e-25
9.612987629971973e-25
9.602540932585567e-25
9.593245986439708e-25
9.58501495610789e-25
9.57776789854743e-25
9.571432153438842e-25
9.565941778394733e-25
9.561237027186232e-25
9.557263867772087e-25
9.553973538581937e-25
9.55132213994887e-25
9.549270258883814e-25
9.547782624812783e-25
9.546827794167042e-25
9.546377861857207e-25
9.546408197575803e-25
9.546897205366381e-25
9.54782610469345e-25
9.5491787311173e-25
9.550941355611892e-25
9.553102520733463e-25
9.555652892564808e-25
9.558585127072106e-25
9.561893750035051e-25
9.56557504914247e-25
9.569626977748632e-25
9.5740490690566e-25
9.578842360148452e-25
9.584009324977052e-25
9.589553815807724e-25
9.595481012271511e-25
9.601797377744421e-25
9.608510622250864e-25
9.615629671480664e-25
9.623164641735145e-25
9.631126820002362e-25
9.639528648948238e-25
9.648383716803075e-25
9.65770675124614e-25
9.66751361741994e-25
9.67782131971312e-25
9.688648007068772e-25
9.700012981519677e-25
9.711936709772092e-25
9.724440837918397e-25
9.737548208472337e-25
9.751282880130877e-25
9.76567015018112e-25
9.780736578700613e-25
9.796510014791972e-25
9.8130196256186e-25
9.830295925764156e-25
9.84837080988754e-25
9.867277585778202e-25
9.88705100928786e-25
9.907727320503367e-25
9.929344281010974e-25
9.951941212596082e-25
9.975559035929855e-25
1.0000240311379619e-24
1.0026029279076118e-24
1.0052971900999284e-24
1.0081115901626563e-24
1.0110510810484396e-24
1.0141208004163653e-24
1.0173260748212812e-24
1.0206724238541862e-24
1.0241655643758937e-24
1.027811414531574e-24
1.0316160978299302e-24
1.0355859471080973e-24
1.0397275084258025e-24
1.0440475447612793e-24
1.0485530397179285e-24
1.053251201076351e-24
1.058149464168362e-24
1.0632554949421795e-24
1.0685771932905804e-24
1.0741226957942385e-24
1.0799003784170615e-24
1.0859188591762589e-24
1.0921870003092848e-24
1.0987139105685533e-24
1.1055089472145465e-24
1.1125817176977559e-24
1.1199420814502437e-24
1.1276001512359956e-24
1.1355662945125175e-24
1.1438511346225369e-24
1.1524655518105889e-24
1.1614206843936903e-24
1.1707279292837162e-24
1.1803989435192368e-24
1.1904456445487431e-24
1.200880211642263e-24
1.2117150863643364e-24
1.222962974372711e-24
1.2346368463871011e-24
1.2467499395829864e-24
1.2593157597918735e-24
1.2723480832447374e-24
1.2858609594639355e-24
1.2998687140045718e-24
1.314385951866868e-24
1.3294275617172016e-24
1.3450087207324526e-24
1.3611448990146515e-24
1.3778518668657856e-24
1.395145701102834e-24
1.4130427927453638e-24
1.4315598562014758e-24
1.4507139380686797e-24
1.470522428645184e-24
1.49100307386824e-24
1.5121739876293039e-24
1.5340536670531677e-24
1.5566610068300167e-24
1.5800153178180861e-24
1.6041363429490103e-24
1.6290442801450898e-24
1.6547598009170024e-24
1.6813040743579276e-24
1.7086987924437963e-24
1.7369661950089055e-24
1.766129098479954e-24
1.796210927026483e-24
1.8272357427582497e-24
1.859228279752362e-24
1.8922139821098678e-24
1.9262190403055728e-24
1.9612704318689137e-24
1.9973959670189693e-24
2.0346243317796578e-24
2.072985136295989e-24
2.1125089682299218e-24
2.153227443442595e-24
2.1951732691974483e-24
2.2383802981717127e-24
2.2828835977887257e-24
2.328719513920569e-24
2.3759257490137212e-24
2.4245414306474565e-24
2.4746071986518985e-24
2.5261652886336706e-24
2.579259618225454e-24
2.633935893014002e-24
2.6902416977063725e-24
2.7482266098791453e-24
2.8079423183273183e-24
2.8694427336690908e-24
2.9327841288823876e-24
2.9980252708201612e-24
3.065227568411496e-24
3.1344552280591635e-24
3.2057754188672794e-24
3.2792584471627576e-24
3.3549779479910774e-24
3.4330110831950664e-24
3.513438751243685e-24
3.5963458287249024e-24
3.6818213924256424e-24
3.769959000691326e-24
3.860856956673979e-24
