3.727141114830466e-24
3.3107579250248386e-24
2.897828689643595e-24
2.4876185851906417e-24
2.0794673557769437e-24
1.6728659336209117e-24
1.2676829681011337e-24
8.650305748552647e-25
4.7253719652751105e-25
1.888218958799496e-25
4.376327698594397e-25
8.36447962525168e-25
1.2535553034169882e-24
1.6795406582410387e-24
2.1130170169242934e-24
2.554022176046275e-24
3.003006591042237e-24
3.460577020187373e-24
3.927411056475508e-24
4.404223171515805e-24
4.891749488462486e-24
5.390740321029297e-24
5.901956263828328e-24
6.426166024152744e-24
6.964145151618036e-24
7.51667524368852e-24
8.084543404339401e-24
8.668541832045231e-24
9.269467466076546e-24
9.88812164887851e-24
1.0525309777594174e-23
1.1181840933192338e-23
1.1858527473845782e-23
1.2556184590310115e-23
1.3275629822324084e-23
1.4017682532387937e-23
1.4783163344687718e-23
1.5572893545848786e-23
1.6387694457955905e-23
1.722838678531309e-23
1.8095789940269776e-23
1.899072135854205e-23
1.9913995812174023e-23
2.0866424720196676e-23
2.1848815475337063e-23
2.286197079183024e-23
2.3906688080658192e-23
2.4983758868812598e-23
2.60939682636204e-23
2.723809447983579e-23
2.841690843179292e-23
2.963117340725901e-23
3.0881644823216715e-23
3.216907007923531e-23
3.3494188510950736e-23
3.4857731450706524e-23
3.6260422406375534e-23
3.7702977354753916e-23
3.918610515722812e-23
4.071050810120628e-23
4.22768825704259e-23
4.38859198348184e-23
4.5538306959745453e-23
4.7234727854113047e-23
4.897586441204847e-23
5.076239779057749e-23
5.2595009762254564e-23
5.447438420270441e-23
5.640120863652189e-23
5.837617587010387e-23
6.03999857190871e-23
6.247334675882082e-23
6.459697815582316e-23
6.677161151325339e-23
6.899799278894254e-23
7.127688415693389e-23
7.360906595897677e-23
7.599533859472917e-23
7.843652442495272e-23
8.093346965874716e-23
8.348704619288192e-23
8.609815342410764e-23
8.876772003591346e-23
9.149670570745269e-23
9.428610277933456e-23
9.713693788610321e-23
1.0005027348029484e-22
1.0302720935963252e-22
1.0606888402523762e-22
1.091764761600086e-22
1.1235120578855114e-22
1.1559433560517858e-22
1.1890717215915287e-22
1.222910668568953e-22
1.2574741714244145e-22
1.2927766742407724e-22
1.3288331007580786e-22
1.3656588626117983e-22
1.4032698688104206e-22
1.4416825331374455e-22
1.4809137826061083e-22
1.5209810641089196e-22
1.5619023525730463e-22
1.603696156652666e-22
1.6463815264169426e-22
1.6899780589365778e-22
1.7345059058394e-22
1.7799857777005695e-22
1.826438951783413e-22
1.8738872761740193e-22
1.9223531780781987e-22
1.9718596672007213e-22
2.0224303424714841e-22
2.0740893985988324e-22
2.126861630398054e-22
2.1807724397044398e-22
2.2358478397670334e-22
2.292114462362426e-22
2.349599563378563e-22
2.4083310250828007e-22
2.4683373678315696e-22
2.5296477507507906e-22
2.592291977732924e-22
2.656300503646986e-22
2.7217044407586538e-22
2.7885355624399304e-22
2.8568263069020266e-22
2.926609784319591e-22
2.9979197788018306e-22
3.0707907538547305e-22
3.145257856087556e-22
3.22135691795661e-22
3.2991244608335748e-22
3.3785976941707154e-22
3.4598145268147427e-22
3.5428135538686913e-22
3.627634069301664e-22
3.714316056925596e-22
3.802900194761609e-22
3.8934278483971874e-22
3.9859410686542208e-22
4.0804825839214994e-22
4.177095801878327e-22
4.27582479508488e-22
4.376714286509853e-22
4.479809650368034e-22
4.585156891143045e-22
4.692802626191852e-22
4.802794082938308e-22
4.915179050859564e-22
5.030005891096465e-22
5.1473234900952905e-22
5.267181226821103e-22
5.389628970318033e-22
5.514717000660083e-22
5.642496011605807e-22
5.773017030837143e-22
5.906331409700657e-22
6.042490727707729e-22
6.181546765414326e-22
6.323551433095111e-22
6.468556699569139e-22
6.616614500693684e-22
6.767776690477674e-22
6.922094925800979e-22
7.079620566313107e-22
7.240404584949752e-22
7.404497454645257e-22
7.571948983574448e-22
7.742808263658604e-22
7.917123416528324e-22
8.094941517336309e-22
8.276308433893078e-22
8.461268593385096e-22
8.649864783802615e-22
8.842138010432936e-22
9.038127267420707e-22
9.237869171139592e-22
9.441397907167334e-22
9.648744765562195e-22
9.859937974978725e-22
1.0075002354705935e-21
1.029395896169396e-21
1.051682471179156e-21
1.0743612127820379e-21
1.0974328765367353e-21
1.120897691640309e-21
1.1447553135613122e-21
1.1690047618881085e-21
1.1936443981690263e-21
1.2186718434338692e-21
1.2440839426278311e-21
1.269876681534284e-21
1.2960451503352836e-21
1.3225834620329366e-21
1.3494846762205778e-21
1.3767407448435717e-21
1.4043424116263673e-21
1.4322791538263604e-21
1.4605390857441636e-21
1.4891088574371307e-21
