1.1104638622900437e-24
1.0689104646266273e-24
1.0358475144939956e-24
1.0108531715348111e-24
9.93434097789273e-25
9.830329275391049e-25
9.790442519713701e-25
9.808362821276737e-25
9.877744633130323e-25
9.99243493947106e-25
1.0146652002294063e-24
1.0335110381940404e-24
1.0553091778642173e-24
1.079646918077339e-24
1.1061695490730863e-24
1.1345768196230588e-24
1.1646180120039734e-24
1.1960863971843834e-24
1.2288136095408002e-24
1.262664282915479e-24
1.2975311397282591e-24
1.3333306198416984e-24
1.3699990675902698e-24
1.4074894544415968e-24
1.445768592766052e-24
1.4848147865395573e-24
1.5246158628182559e-24
1.5651675302634864e-24
1.6064720155827032e-24
1.6485369343986054e-24
1.691374358739544e-24
1.7350000488082112e-24
1.7794328216140037e-24
1.8246940333955524e-24
1.870807156521714e-24
1.9177974347575642e-24
1.9656916034867727e-24
2.014517663766704e-24
2.064304700950465e-24
2.1150827402369642e-24
2.1668826327848996e-24
2.2197359671353203e-24
2.273675001538936e-24
2.328732613640526e-24
2.3849422644494787e-24
2.4423379741491053e-24
2.500954307680239e-24
2.5608263683856663e-24
2.621989798293348e-24
2.6844807838819552e-24
2.7483360663515917e-24
2.813592955584103e-24
2.8802893471693527e-24
2.9484637419211835e-24
3.0181552674362017e-24
3.0894037013513673e-24
3.1622494959811117e-24
3.236733804097279e-24
3.312898505671972e-24
3.390786235381854e-24
3.4704404108106316e-24
3.551905261207501e-24
3.635225856717937e-24
3.720448138098856e-24
3.807618946778308e-24
3.896786055316737e-24
3.98799819820909e-24
4.081305103009442e-24
4.176757521833589e-24
4.274407263153669e-24
4.37430722399041e-24
4.476511422435027e-24
4.581075030567084e-24
4.6880544077662274e-24
4.797507134467976e-24
4.909492046286861e-24
5.0240692687077924e-24
5.141300252182918e-24
5.261247807778226e-24
5.383976143374179e-24
5.5095509003962665e-24
5.638039191183373e-24
5.769509636947596e-24
5.904032406376451e-24
6.041679254982159e-24
6.182523565058684e-24
6.326640386460066e-24
6.47410647806375e-24
6.625000350093861e-24
6.779402307231212e-24
6.93739449259148e-24
7.099060932518258e-24
7.26448758237837e-24
7.433762373231244e-24
7.606975259467318e-24
7.784218267482027e-24
7.965585545335717e-24
8.151173413420318e-24
8.341080416304434e-24
8.535407375774954e-24
8.734257444636424e-24
8.93773616224782e-24
9.145951510858725e-24
9.35901397320263e-24
9.577036591730245e-24
9.800135028713872e-24
1.002842762775898e-23
1.0262035477095116e-23
1.0501082473850682e-23
1.0745695390018613e-23
1.0996003939289355e-23
1.1252140846819974e-23
1.1514241918610805e-23
1.1782446114470036e-23
1.2056895620824651e-23
1.2337735926877427e-23
1.2625115900764187e-23
1.2919187868223489e-23
1.3220107694492338e-23
1.352803486559381e-23
1.384313257242431e-23
1.416556779613761e-23
1.4495511400443892e-23
1.4833138215664365e-23
1.5178627136224054e-23
1.553216120940778e-23
1.5893927739157226e-23
1.626411837693487e-23
1.6642929228400538e-23
1.703056095320117e-23
1.7427218872400572e-23
1.7833113075260022e-23
1.8248458528165678e-23
1.867347519090796e-23
1.9108388131202463e-23
1.9553427636248507e-23
2.0008829348862643e-23
2.0474834369407607e-23
2.0951689402898698e-23
2.1439646870051584e-23
2.1938965055598004e-23
2.2449908224445e-23
2.2972746785457146e-23
2.3507757401187668e-23
2.405522315527124e-23
2.461543370872952e-23
2.5188685394157962e-23
2.5775281433924378e-23
2.6375532088244696e-23
2.6989754776925475e-23
2.7618274298308055e-23
2.826142286629993e-23
2.891954054568935e-23
2.9592975133484075e-23
3.028208253389527e-23
3.098722678165799e-23
3.170878053052952e-23
3.2447124825668894e-23
3.320264955095646e-23
3.3975753681951875e-23
3.476684527576545e-23
3.557634191876136e-23
3.640467078185058e-23
3.725226876155384e-23
3.811958293764007e-23
3.90070706653694e-23
3.9915199687455304e-23
4.084444864630471e-23
4.179530715860487e-23
4.27682761284223e-23
4.3763867587068185e-23
4.478260561079597e-23
4.5825026722488894e-23
4.6891678341712893e-23
4.7983122074503477e-23
4.909993113532231e-23
5.0242692053450347e-23
5.141200570735511e-23
5.260848513123312e-23
5.383275715125421e-23
5.508546560636525e-23
5.636726582540199e-23
5.767883011578577e-23
5.902084436218958e-23
6.039400909632847e-23
6.1799045640469e-23
6.323668502748941e-23
6.470767882785445e-23
6.62127954842669e-23
6.775281843815098e-23
6.932854863131322e-23
7.094080809931793e-23
7.259043608725023e-23
7.42782878636756e-23
7.600523761437274e-23
7.777218126848537e-23
7.958003574632258e-23
8.142973822026688e-23
8.332223457482485e-23
8.525851490694677e-23
8.723956562064303e-23
