3.3516817998777656e-22
3.3517014164889923e-22
3.35171944418386e-22
3.3517359212321476e-22
3.3517508826117505e-22
3.3517643600829843e-22
3.3517763822566798e-22
3.3517869746542074e-22
3.351796159762619e-22
3.3518039570818936e-22
3.351810383167115e-22
3.351815451662903e-22
3.35181917333316e-22
3.35182155608363e-22
3.35182260497893e-22
3.3518223222534678e-22
3.351820707315759e-22
3.3518177567480697e-22
3.351813464298527e-22
3.3518078208680283e-22
3.3518008144915417e-22
3.3517924303120408e-22
3.3517826505493806e-22
3.3517714544626095e-22
3.3517588183061586e-22
3.3517447152789874e-22
3.3517291154683227e-22
3.3517119857857854e-22
3.3516932898978405e-22
3.3516729881476343e-22
3.351651037471945e-22
3.3516273913095e-22
3.3516019995020926e-22
3.351574808188071e-22
3.351545759688179e-22
3.3515147923836133e-22
3.351481840584519e-22
3.351446834390912e-22
3.3514096995449977e-22
3.3513703572727312e-22
3.3513287241172385e-22
3.3512847117612654e-22
3.351238226840126e-22
3.3511891707438006e-22
3.3511374394068667e-22
3.351082923088779e-22
3.351025506140086e-22
3.3509650667575e-22
3.350901476725257e-22
3.350834601142315e-22
3.350764298138302e-22
3.350690418569543e-22
3.3506128057048033e-22
3.3505312948909414e-22
3.3504457132042997e-22
3.3503558790842603e-22
3.350261601947389e-22
3.3501626817815887e-22
3.350058908722892e-22
3.349950062610529e-22
3.34983591251835e-22
3.3497162162643326e-22
3.3495907198987357e-22
3.349459157161514e-22
3.349321248919523e-22
3.349176702572804e-22
3.349025211434682e-22
3.3488664540778666e-22
3.3487000936545424e-22
3.348525777178523e-22
3.348343134779142e-22
3.3481517789102877e-22
3.347951303533702e-22
3.3477412832490085e-22
3.347521272400369e-22
3.347290804115692e-22
3.3470493893280877e-22
3.346796515728034e-22
3.3465316466785527e-22
3.3462542200760817e-22
3.34596364714805e-22
3.3456593112107407e-22
3.3453405663549435e-22
3.3450067360715137e-22
3.344657111814175e-22
3.344290951477352e-22
3.343907477865405e-22
3.343505876975973e-22
3.3430852963127264e-22
3.342644843057688e-22
3.3421835821709156e-22
3.341700534396486e-22
3.34119467419077e-22
3.340664927527297e-22
3.340110169606633e-22
3.3395292224845656e-22
3.3389208525370914e-22
3.3382837678321576e-22
3.3376166154026683e-22
3.3369179783358484e-22
3.3361863727766766e-22
3.335420244725268e-22
3.334617966765336e-22
3.333777834576294e-22
3.33289806327492e-22
3.331976783634682e-22
3.331012038099996e-22
3.330001776556173e-22
3.328943851989643e-22
3.3278360159216426e-22
3.3266759135299377e-22
3.3254610786429934e-22
3.324188928530494e-22
3.322856758226654e-22
3.3214617349366954e-22
3.3200008917334465e-22
3.3184711213909163e-22
3.31686916963733e-22
3.3151916281427658e-22
3.3134349273093053e-22
3.311595328463108e-22
3.309668915929055e-22
3.3076515885479962e-22
3.30553905087882e-22
3.303326803882369e-22
3.301010135342774e-22
3.298584109608479e-22
3.296043556944865e-22
3.2933830623999596e-22
3.2905969540931117e-22
3.2876792908601645e-22
3.2846238494886474e-22
3.2814241110871526e-22
3.278073247209287e-22
3.2745641044568257e-22
3.27088918962089e-22
3.2670406530277523e-22
3.2630102709412143e-22
3.258789428526911e-22
3.254369100178068e-22
3.2497398302136564e-22
3.244891712159709e-22
3.2398143664794947e-22
3.234496918232888e-22
3.228927972941e-22
3.223095591252419e-22
3.216987262635276e-22
3.2105898777046706e-22
3.2038896987468583e-22
3.19687232932479e-22
3.1895226824575366e-22
3.181824946005275e-22
3.1737625478776942e-22
3.165318117990796e-22
3.15647344988782e-22
3.1472094590990805e-22
3.1375061398058077e-22
3.1273425183124283e-22
3.1166966062548305e-22
3.105545349927833e-22
3.0938645762752765e-22
3.0816289378280463e-22
3.068811852650159e-22
3.0553854434710456e-22
3.0413204702638184e-22
3.026586264008345e-22
3.01115065055387e-22
2.9949798759220692e-22
2.978038524915464e-22
2.9602894347523423e-22
2.9416936045505035e-22
2.922210099937259e-22
2.901795950139832e-22
2.8804060461843035e-22
2.857993020041258e-22
2.8345071280550208e-22
2.8098961235066768e-22
2.7841051204465363e-22
2.757076450893943e-22
2.7287495089201655e-22
2.699060585494721e-22
2.6679427074342084e-22
2.635325434932859e-22
2.6011346707567787e-22
2.5652924507623145e-22
2.527716707870019e-22
2.488321034249464e-22
2.447014404365361e-22
2.403700904840846e-22
2.3582794139162266e-22
2.310643249448794e-22
2.2606798176353253e-22
2.2082701933503406e-22
2.1532886589720455e-22
2.0956022041279505e-22
2.0350699277760524e-22
1.9715424046481853e-22
1.9048608836081457e-22
1.8348563967106414e-22
1.7613486358170153e-22
1.6841445765542535e-22
