2.322341700549859e-24
2.329163155197025e-24
2.3357699503968448e-24
2.3421592493306664e-24
2.3483294021478423e-24
2.354279777655846e-24
2.360010613982212e-24
2.36552288618759e-24
2.3708181890093262e-24
2.375898633095564e-24
2.380766753260018e-24
2.3854254274354944e-24
2.389877805149377e-24
2.394127244457022e-24
2.3981772563935805e-24
2.402031456097758e-24
2.4056935198535506e-24
2.4091671473773693e-24
2.4124560287504726e-24
2.4155638154628232e-24
2.4184940950903062e-24
2.4212503691810804e-24
2.423836033971015e-24
2.4262543635964625e-24
2.428508495495748e-24
2.4306014177433365e-24
2.432535958071687e-24
2.4343147743728297e-24
2.4359403464982093e-24
2.437414969180133e-24
2.4387407459452493e-24
2.4399195838753435e-24
2.4409531891158924e-24
2.441843063023591e-24
2.4425904988781213e-24
2.443196579068455e-24
2.4436621727137177e-24
2.4439879336404895e-24
2.4441742986943853e-24
2.4442214863372902e-24
2.444129495513504e-24
2.4438981047624923e-24
2.443526871568433e-24
2.4430151319412006e-24
2.4423620002459454e-24
2.4415663692878655e-24
2.44062691066587e-24
2.4395420754412484e-24
2.4383100951589233e-24
2.4369289832467762e-24
2.435396536894911e-24
2.4337103394444587e-24
2.4318677634000477e-24
2.429865974132637e-24
2.4277019344155187e-24
2.4253724099007033e-24
2.4228739756831046e-24
2.4202030241202594e-24
2.4173557741010343e-24
2.4143282819812413e-24
2.4111164544136923e-24
2.407716063342679e-24
2.404122763530131e-24
2.400332112864911e-24
2.3963395959671943e-24
2.3921406514232104e-24
2.3877307032692794e-24
2.383105197214075e-24
2.3782596422654266e-24
2.3731896585180963e-24
2.36789103193454e-24
2.3623597769624327e-24
2.3565922081588658e-24
2.350585021910421e-24
2.344335389658715e-24
2.337841064029387e-24
2.3311004996694125e-24
2.3241129906363737e-24
2.3168788264516267e-24
2.3093994692655766e-24
2.3016777547677472e-24
2.29371811984737e-24
2.2855268603369335e-24
2.2771124225118863e-24
2.2684857324555586e-24
2.2596605677333917e-24
2.2506539763085396e-24
2.241486747927724e-24
2.2321839437818656e-24
2.222775490353121e-24
2.2132968436933496e-24
2.2037897306196423e-24
2.194302972994041e-24
2.1848934010354892e-24
2.1756268608915556e-24
2.1665793202192966e-24
2.1578380739697254e-24
2.1495030494766704e-24
2.141688206372419e-24
2.134523021947354e-24
2.1281540460553103e-24
2.122746501813925e-24
2.118485899131295e-24
2.1155796168725717e-24
2.1142583978591712e-24
2.114777688489768e-24
2.1174187431247635e-24
2.1224894042772308e-24
2.130324464785186e-24
2.1412855199681944e-24
2.155760228944944e-24
2.174160927144187e-24
2.196922566800921e-24
2.2245000098294063e-24
2.2573647543762732e-24
2.2960012367477203e-24
2.3409029092563537e-24
2.3925683398752616e-24
2.451497605629883e-24
2.518189251841045e-24
2.5931380595167707e-24
2.6768338095621796e-24
2.7697611590772214e-24
2.8724006634802206e-24
2.9852309016779473e-24
3.108731596209166e-24
3.2433875768718743e-24
3.38969341372419e-24
3.548158547357781e-24
3.719312758238387e-24
3.903711850979476e-24
4.1019434603255396e-24
4.314632927012646e-24
4.54244922116609e-24
4.786110931602894e-24
5.04639235073805e-24
5.324129718246197e-24
5.620227695946589e-24
5.935666156547843e-24
6.271507383599107e-24
6.628903787172956e-24
7.00910623929333e-24
7.41347315291853e-24
7.843480425172031e-24
8.300732382662563e-24
8.786973867813474e-24
9.304103625173674e-24
9.85418915232049e-24
1.0439483216931989e-23
1.1062442187781193e-23
1.1725746454624336e-23
1.2432323103560787e-23
1.3185371116066879e-23
1.3988389310016442e-23
1.4845207263006143e-23
1.5760019407688302e-23
1.6737422491122393e-23
1.778245645292479e-23
1.8900648665452017e-23
2.0098061316097506e-23
2.1381341281727007e-23
2.2757771524312884e-23
2.4235322117444915e-23
2.5822698368215474e-23
2.7529381625972524e-23
2.936565653882062e-23
3.1342616026676667e-23
3.347213040311974e-23
3.576676289520338e-23
3.8239605685289264e-23
4.0904002102332106e-23
4.3773108676597907e-23
4.685923767087675e-23
5.017290655952355e-23
5.372150889853314e-23
5.75075191854028e-23
6.15261589260037e-23
6.576250645665656e-23
7.018814355136964e-23
7.475762336107776e-23
7.940532994275285e-23
8.404363647615333e-23
8.856355466429738e-23
9.28391002261235e-23
9.673611771036825e-23
1.0012521163981714e-22
1.0289684506047774e-22
1.049753353297535e-22
1.0632813434672163e-22
1.069679380517019e-22
1.0694740541153333e-22
1.0634848725833598e-22
1.0526954133739582e-22
1.0381326219222953e-22
1.0207734498390855e-22
1.0014855512424178e-22
9.80998978164771e-23
9.599011071237613e-23
9.386463670889525e-23
9.17573465409734e-23
8.969251941055538e-23
