8.771746268163386e-24
8.665011263190535e-24
8.577041514760615e-24
8.50727031927047e-24
8.455157247075908e-24
8.420187080224542e-24
8.401868826317858e-24
8.399734805383166e-24
8.413339805085202e-24
8.442260301444453e-24
8.486093739802978e-24
8.544457873687585e-24
8.616990156484541e-24
8.703347182445653e-24
8.803204173956223e-24
8.916254510107136e-24
9.042209293702302e-24
9.180796953299383e-24
9.331762876301216e-24
9.494869069910823e-24
9.669893847404261e-24
9.85663153583237e-24
1.00548922031893e-23
1.0264501401951772e-23
1.0485299926687723e-23
1.0717143584138855e-23
1.095990297286074e-23
1.1213463271855174e-23
1.147772403578312e-23
1.1752598996095005e-23
1.2038015867107748e-23
1.2333916155703411e-23
1.2640254974451324e-23
1.295700085772402e-23
1.3284135580220074e-23
1.3621653977946815e-23
1.396956377182121e-23
1.4327885393694757e-23
1.4696651814889873e-23
1.5075908378321594e-23
1.5465712633604042e-23
1.5866134175843737e-23
1.6277254489087314e-23
1.6699166794144752e-23
1.7131975901646198e-23
1.757579807081412e-23
1.8030760874402254e-23
1.8497003070226608e-23
1.897467447976373e-23
1.9463935874436546e-23
1.9964958869424784e-23
2.0477925826350912e-23
2.1003029764191166e-23
2.154047427964922e-23
2.2090473476032444e-23
2.2653251902418987e-23
2.3229044502445876e-23
2.3818096572603726e-23
2.4420663731235636e-23
2.5037011896775632e-23
2.5667417278143553e-23
2.6312166373355603e-23
2.697155597971745e-23
2.764589321555873e-23
2.833549554955813e-23
2.904069084374574e-23
2.976181740505824e-23
3.0499224048194714e-23
3.1253270167441035e-23
3.202432582133144e-23
3.281277182515183e-23
3.3618999855641623e-23
3.444341256399837e-23
3.5286423700288017e-23
3.6148458247290235e-23
3.702995256507398e-23
3.7931354543446564e-23
3.88531237672848e-23
3.979573168829071e-23
4.0759661809362274e-23
4.174540987590698e-23
4.275348407866593e-23
4.3784405265741843e-23
4.483870716151403e-23
4.5916936603634256e-23
4.7019653773353963e-23
4.8147432453571566e-23
4.9300860281965647e-23
5.048053902362728e-23
5.1687084845928224e-23
5.2921128604357803e-23
5.418331614248221e-23
5.547430859514428e-23
5.679478270334785e-23
5.814543114642558e-23
5.952696286278543e-23
6.094010340362938e-23
6.238559528856915e-23
6.386419836093833e-23
6.537669016615148e-23
6.692386633599735e-23
6.850654097472548e-23
7.012554707308876e-23
7.178173691345619e-23
7.347598249216435e-23
7.520917596631825e-23
7.698223007814598e-23
7.879607862488632e-23
8.065167692617254e-23
8.25500022885436e-23
8.449205449577105e-23
8.647885632273419e-23
8.851145402246521e-23
9.059091786545394e-23
9.27183426450174e-23
9.489484826011128e-23
9.712158025834422e-23
9.939971035400349e-23
1.01730437111488e-22
1.0411498639839852e-22
1.065546121294364e-22
1.0905059677715665e-22
1.1160425204734663e-22
1.1421691950824825e-22
1.1688997127454895e-22
1.1962481056884627e-22
1.224228725015156e-22
1.2528562482979651e-22
1.2821456842023585e-22
1.3121123807983676e-22
1.342772035248327e-22
1.3741406968159605e-22
1.4062347771213324e-22
1.4390710581942892e-22
1.4726666986261943e-22
1.507039242076388e-22
1.542206625329994e-22
1.57818718751504e-22
1.614999675082452e-22
1.6526632557335844e-22
1.6911975202446268e-22
1.730622497422835e-22
1.770958655677915e-22
1.8122269216724662e-22
1.8544486762799243e-22
1.8976457802617617e-22
1.94184056423117e-22
1.987055850216564e-22
2.0333149574871306e-22
2.0806417229220198e-22
2.1290604813173805e-22
2.1785961022648886e-22
2.229273997659167e-22
2.2811201092008755e-22
2.3341609420175713e-22
2.388423557095542e-22
2.443935592344245e-22
2.50072527906598e-22
2.5588214046131537e-22
2.6182533938035627e-22
2.6790512683060075e-22
2.7412456510956306e-22
2.804867807397007e-22
2.8699496256847723e-22
2.9365236625501263e-22
3.0046230895587413e-22
3.074281768588237e-22
3.145534177500313e-22
3.2184155546851047e-22
3.2929616925044997e-22
3.3692091931708703e-22
3.447195275523703e-22
3.5269578254452793e-22
3.6085354996840206e-22
3.691967614700095e-22
3.777294243177547e-22
3.864556025355422e-22
3.953794398914869e-22
4.0450515611255956e-22
4.138370356841789e-22
4.2337941396449845e-22
4.331367270911232e-22
4.4311347483233375e-22
4.533141966182658e-22
4.6374350941826555e-22
4.744061219709473e-22
4.853067780555268e-22
4.964502865632823e-22
5.078415240725008e-22
5.194854102342734e-22
5.313869156149504e-22
5.435511376757929e-22
5.559830794929188e-22
5.686879167131672e-22
5.816708284790161e-22
5.949369604661327e-22
6.0849158426297555e-22
6.2233995405653085e-22
6.364872912862162e-22
6.509389090757592e-22
6.657000899968817e-22
