4.78726549831834e-24
4.8032909194936255e-24
4.818511135515543e-24
4.832957150519624e-24
4.8466584771662184e-24
4.859643185579195e-24
4.8719379509645005e-24
4.883568099823682e-24
4.894557654692148e-24
4.904929377366447e-24
4.914704810582803e-24
4.923904318139498e-24
4.9325471234597075e-24
4.940651346601297e-24
4.9482340397321954e-24
4.95531122109413e-24
4.9618979074862966e-24
4.968008145303289e-24
4.97365504016897e-24
4.978850785210693e-24
4.9836066880217484e-24
4.987933196364583e-24
4.9918399226696216e-24
4.995335667386545e-24
4.998428441250294e-24
5.001125486524537e-24
5.003433297288653e-24
5.0053576388382e-24
5.006903566270801e-24
5.008075442332232e-24
5.008876954602112e-24
5.009311132100811e-24
5.0093803614027804e-24
5.0090864023470376e-24
5.008430403437324e-24
5.007412917031062e-24
5.006033914419496e-24
5.004292800907088e-24
5.002188431003294e-24
4.999719123845076e-24
4.9968826789754455e-24
4.993676392607117e-24
4.990097074510017e-24
4.986141065663596e-24
4.981804256825995e-24
4.9770821081745664e-24
4.971969670183041e-24
4.966461605903968e-24
4.960552214833678e-24
4.954235458543793e-24
4.947504988267333e-24
4.94035417463699e-24
4.9327761397744035e-24
4.924763791937203e-24
4.916309862934354e-24
4.907406948519952e-24
4.8980475519839834e-24
4.888224131152969e-24
4.877929149016631e-24
4.867155128193848e-24
4.8558947094454735e-24
4.844140714438018e-24
4.831886212951432e-24
4.819124594715191e-24
4.805849646042198e-24
4.792055631414969e-24
4.7777373801586765e-24
4.762890378312283e-24
4.7475108657861215e-24
4.7315959388610195e-24
4.715143658054794e-24
4.698153161343581e-24
4.6806247826859146e-24
4.66256017575278e-24
4.643962442720825e-24
4.624836267931926e-24
4.605188056169177e-24
4.5850260752394465e-24
4.564360602489592e-24
4.5432040748178635e-24
4.5215712416706795e-24
4.499479320442639e-24
4.476948153618367e-24
4.454000366913753e-24
4.430661527588877e-24
4.4069603020118474e-24
4.382928611462111e-24
4.358601785055575e-24
4.3340187085717225e-24
4.309221967849422e-24
4.284257985296513e-24
4.259177147936756e-24
4.234033925280932e-24
4.208886975171907e-24
4.1837992356088116e-24
4.158838000406893e-24
4.134074976401e-24
4.109586319753527e-24
4.085452648791786e-24
4.0617590306759964e-24
4.038594939101494e-24
4.016054180178389e-24
3.994234783616981e-24
3.973238856398401e-24
3.953172396243861e-24
3.934145062422924e-24
3.916269901792113e-24
3.899663028436046e-24
3.884443255913519e-24
3.8707316819039304e-24
3.858651226002399e-24
3.8483261225296015e-24
3.8398813714784115e-24
3.8334421521045266e-24
3.829133205117022e-24
3.827078190913409e-24
3.827399032738179e-24
3.830215254967304e-24
3.83564332783979e-24
3.843796030797886e-24
3.854781847069091e-24
3.8687044021781695e-24
3.8856619586544765e-24
3.905746978294287e-24
3.929045761947942e-24
3.9556381749800316e-24
3.985597464362256e-24
4.018990170909153e-24
4.055876137565501e-24
4.096308612042029e-24
4.140334439585965e-24
4.187994339400719e-24
4.2393232562818474e-24
4.2943507774962616e-24
4.3531016038460124e-24
4.415596063238002e-24
4.4818506549191344e-24
4.5518786127913345e-24
4.625690476839927e-24
4.7032946626184695e-24
4.784698019862361e-24
4.8699063725699385e-24
4.958925034229133e-24
5.051759293209254e-24
5.1484148646328e-24
5.2488983062489805e-24
5.353217396917686e-24
5.461381477264759e-24
5.5734017528737875e-24
5.6892915610395664e-24
5.809066602627516e-24
5.932745140969915e-24
6.0603481700027986e-24
6.191899554014532e-24
6.3274261414594105e-24
6.466957855299234e-24
6.6105277622881095e-24
6.758172123523193e-24
6.90993042845932e-24
7.065845414435718e-24
7.225963073599818e-24
7.390332648942067e-24
7.559006620979775e-24
7.732040686456e-24
7.909493730251012e-24
8.091427791541585e-24
8.277908025091073e-24
8.469002658408506e-24
8.664782945381738e-24
8.86532311686324e-24
9.070700328573686e-24
9.280994606580964e-24
9.496288790515252e-24
9.716668474588215e-24
9.942221946403693e-24
1.0173040123466574e-23
1.04092164872252e-23
1.0650847014414443e-23
1.0898030105400288e-23
1.11508665091656e-23
1.1409459244515251e-23
1.1673913517019207e-23
1.1944336631154426e-23
1.2220837897043781e-23
1.2503528531133395e-23
1.279252155008353e-23
1.3087931657085389e-23
1.3389875119747166e-23
1.3698469638619976e-23
1.401383420535811e-23
1.4336088949423848e-23
1.466535497215984e-23
1.5001754166953737e-23
1.534540902411652e-23
1.569644241898056e-23
1.60549773815982e-23
1.6421136846287023e-23
1.6795043379113385e-23
1.7176818881243937e-23
1.756658426590976e-23
1.7964459106525948e-23
