1.0085772477021851e-22
1.0091933584892548e-22
1.0097801768598509e-22
1.0103389482342179e-22
1.0108708584765756e-22
1.0113770364158826e-22
1.0118585562451649e-22
1.0123164398044108e-22
1.0127516587520562e-22
1.013165136629622e-22
1.0135577508239365e-22
1.0139303344310776e-22
1.0142836780261463e-22
1.0146185313425075e-22
1.0149356048641296e-22
1.0152355713344849e-22
1.0155190671850559e-22
1.0157866938867657e-22
1.0160390192268389e-22
1.0162765785142355e-22
1.0164998757158283e-22
1.0167093845260505e-22
1.0169055493720436e-22
1.0170887863566247e-22
1.0172594841410592e-22
1.0174180047692299e-22
1.0175646844355314e-22
1.0176998341973538e-22
1.0178237406344933e-22
1.0179366664560693e-22
1.0180388510569232e-22
1.0181305110241898e-22
1.0182118405953883e-22
1.0182830120688034e-22
1.0183441761671757e-22
1.0183954623553158e-22
1.018436979112468e-22
1.0184688141596935e-22
1.0184910346431543e-22
1.0185036872732492e-22
1.018506798420039e-22
1.0185003741653218e-22
1.018484400311027e-22
1.0184588423442807e-22
1.0184236453588175e-22
1.0183787339326087e-22
1.0183240119613667e-22
1.0182593624475355e-22
1.0181846472442267e-22
1.0180997067535385e-22
1.0180043595785295e-22
1.0178984021279065e-22
1.0177816081728273e-22
1.0176537283542923e-22
1.0175144896404676e-22
1.0173635947322929e-22
1.0172007214162075e-22
1.0170255218623775e-22
1.0168376218667545e-22
1.016636620035373e-22
1.0164220869086608e-22
1.0161935640239644e-22
1.0159505629139453e-22
1.0156925640384606e-22
1.0154190156475123e-22
1.015129332572345e-22
1.0148228949419709e-22
1.014499046822008e-22
1.0141570947724162e-22
1.0137963063208061e-22
1.0134159083474393e-22
1.0130150853781046e-22
1.0125929777805486e-22
1.0121486798600755e-22
1.0116812378494834e-22
1.0111896477884039e-22
1.0106728532866238e-22
1.0101297431656637e-22
1.0095591489727419e-22
1.0089598423605203e-22
1.0083305323259797e-22
1.0076698623011679e-22
1.0069764070879368e-22
1.0062486696289802e-22
1.0054850776059588e-22
1.0046839798558038e-22
1.003843642595421e-22
1.0029622454441433e-22
1.0020378772330854e-22
1.0010685315890108e-22
1.0000521022812372e-22
9.989863783166568e-23
9.978690387695913e-23
9.966976473310855e-23
9.954696465607364e-23
9.941823518239526e-23
9.928329448959965e-23
9.914184672130804e-23
9.899358127481732e-23
9.883817204898595e-23
9.867527664984024e-23
9.850453555143475e-23
9.832557120888483e-23
9.813798712075536e-23
9.794136683746179e-23
9.773527291208832e-23
9.751924578990043e-23
9.729280263240638e-23
9.705543607162199e-23
9.680661288966854e-23
9.654577261857612e-23
9.627232605468677e-23
9.598565368162026e-23
9.56851039951942e-23
9.536999172323758e-23
9.50395959322298e-23
9.46931580128972e-23
9.432987953487788e-23
9.394891996090399e-23
9.354939420926867e-23
9.313037005288728e-23
9.269086534126494e-23
9.222984503159172e-23
9.174621801277888e-23
9.123883370520425e-23
9.070647841717638e-23
9.014787143656218e-23
8.956166083547749e-23
8.894641896056321e-23
8.830063758259281e-23
8.762272267223226e-23
8.691098876779934e-23
8.616365289587658e-23
8.537882800207673e-23
8.455451584338416e-23
8.368859928726096e-23
8.277883395962664e-23
8.182283917204875e-23
8.081808805182211e-23
7.976189679334553e-23
7.865141292934373e-23
7.748360251742347e-23
7.625523611759548e-23
7.496287342044457e-23
7.360284636937292e-23
7.217124059676976e-23
7.066387496368806e-23
6.907627898158006e-23
6.740366782123105e-23
6.564091463184634e-23
6.378251978859096e-23
6.182257667139178e-23
5.975473349265329e-23
5.757215064191538e-23
5.526745288579516e-23
5.2832675725457207e-23
5.025920503293444e-23
4.753770901527485e-23
4.465806141277526e-23
4.1609254707051763e-23
3.8379302158069044e-23
3.4955127586190994e-23
3.1322442883377735e-23
2.746561584024893e-23
2.3367540157815573e-23
1.9009551692929006e-23
1.437157557355047e-23
9.433558288180967e-24
4.1905201324876216e-24
1.6814459312998003e-24
7.580955898745876e-24
1.4025857715375695e-23
2.095107575690672e-23
2.839617782712625e-23
3.641249949017298e-23
4.5060066998925984e-23
5.440830562717601e-23
6.453763742813379e-23
7.554166327213741e-23
8.752997756444477e-23
1.0063177878600131e-22
1.1500052857714061e-22
1.3082002333995844e-22
1.4831240024520452e-22
1.6774883527843886e-22
1.8946405155474544e-22
2.138763214941743e-22
2.4151555429979267e-22
2.730635580084784e-22
3.094131164886072e-22
3.5175700264675467e-22
4.0172626919585783e-22
4.616128754032844e-22
5.347434508109195e-22
6.26139168955267e-22
7.437546146322945e-22
9.0098978298949e-22
1.1223168708798002e-21
1.4577001816827998e-21
2.027476800871699e-21
3.2134342076882657e-21
