3.655403453435998e-24
3.662982288531295e-24
3.6702448636515096e-24
3.677202219100306e-24
3.683865162439405e-24
3.690244250862165e-24
3.696349777148972e-24
3.70219175873728e-24
3.707779929498908e-24
3.7131237338620855e-24
3.718232322958049e-24
3.72311455251342e-24
3.727778982238497e-24
3.732233876492849e-24
3.736487206037467e-24
3.740546650699961e-24
3.74441960280744e-24
3.748113171253648e-24
3.751634186081252e-24
3.7549892034875494e-24
3.7581845111519255e-24
3.7612261338143355e-24
3.7641198390386295e-24
3.766871143090926e-24
3.7694853168912696e-24
3.771967391987406e-24
3.77432216650916e-24
3.7765542110775576e-24
3.7786678746249076e-24
3.780667290116741e-24
3.782556380138172e-24
3.784338862332769e-24
3.786018254680765e-24
3.7875978805951986e-24
3.789080873825357e-24
3.790470183167268e-24
3.791768576954487e-24
3.7929786473414084e-24
3.7941028143608955e-24
3.795143329755758e-24
3.79610228057393e-24
3.796981592538716e-24
3.7977830331749e-24
3.798508214694541e-24
3.799158596650612e-24
3.7997354883324565e-24
3.800240050932277e-24
3.8006732994642676e-24
3.801036104423201e-24
3.8013291932160716e-24
3.801553151336379e-24
3.801708423289053e-24
3.801795313266308e-24
3.8018139855782735e-24
3.801764464832664e-24
3.801646635852593e-24
3.801460243346918e-24
3.8012048913293415e-24
3.800880042278825e-24
3.800485016032813e-24
3.800018988434559e-24
3.79948098971381e-24
3.798869902585851e-24
3.798184460120284e-24
3.797423243302633e-24
3.796584678348321e-24
3.795667033734262e-24
3.794668416953969e-24
3.79358677099783e-24
3.792419870527451e-24
3.791165317816376e-24
3.789820538351164e-24
3.788382776155794e-24
3.7868490888621276e-24
3.7852163424198e-24
3.783481205571643e-24
3.781640144006035e-24
3.779689414220807e-24
3.7776250570714404e-24
3.7754428911016165e-24
3.77313850542582e-24
3.770707252556563e-24
3.768144240729886e-24
3.765444326095738e-24
3.76260210461528e-24
3.7596119037043975e-24
3.7564677735966065e-24
3.7531634786575515e-24
3.749692488258919e-24
3.746047967775368e-24
3.742222769201304e-24
3.738209421878222e-24
3.734000123078165e-24
3.729586728607833e-24
3.724960743646548e-24
3.7201133133728205e-24
3.7150352144004876e-24
3.709716846022032e-24
3.7041482223156744e-24
3.6983189645689106e-24
3.692218294748524e-24
3.685835029724183e-24
3.679157576721312e-24
3.672173930313105e-24
3.664871670815434e-24
3.657237965127985e-24
3.649259569693702e-24
3.640922836180741e-24
3.632213721063261e-24
3.623117798466763e-24
3.613620278215451e-24
3.603706028635281e-24
3.593359606117524e-24
3.582565291823503e-24
3.5713071366501795e-24
3.5595690163337666e-24
3.547334697730034e-24
3.534587918320243e-24
3.521312481206742e-24
3.50749236772521e-24
3.4931118709059366e-24
3.478155752218286e-24
3.462609426747333e-24
3.446459179554842e-24
3.429692419925556e-24
3.412297977821122e-24
3.3942664505676404e-24
3.3755906069685926e-24
3.356265858295352e-24
3.3362908063560425e-24
3.315667881369517e-24
3.2944040817112374e-24
3.272511835499166e-24
3.2500099975528934e-24
3.2269250059865357e-24
3.203292220194966e-24
3.179157467504675e-24
3.1545788279185213e-24
3.1296286864122532e-24
3.1043960907869943e-24
3.078989447580382e-24
3.053539591018559e-24
3.028203262332345e-24
3.0031670187020244e-24
2.9786515986310922e-24
2.9549167312775404e-24
2.932266374742988e-24
2.911054309048416e-24
2.8916899780915086e-24
2.8746443958331032e-24
2.8604558623307762e-24
2.8497351383067237e-24
2.843169639423331e-24
2.841526120878079e-24
2.845651280577143e-24
2.8564697103601577e-24
2.87497872957984e-24
2.902239851131371e-24
2.939366968213889e-24
2.9875117992158227e-24
3.047847618136185e-24
3.1215527390365867e-24
3.2097955076795027e-24
3.313722583291854e-24
3.434452040175313e-24
3.573072307465539e-24
3.730647311317184e-24
3.908227542320455e-24
4.1068662493668755e-24
4.327639676010573e-24
4.571670196955292e-24
4.8401513685477605e-24
5.134374187030443e-24
5.4557541843949765e-24
5.805859339840703e-24
6.186439075055308e-24
6.599454901160346e-24
7.047113390879254e-24
7.531902536837774e-24
8.056632431527177e-24
8.624481742227999e-24
9.239051370231798e-24
9.904427102195033e-24
1.0625253420737659e-23
1.1406820931662606e-23
1.2255170535203017e-23
1.317721818492996e-23
1.4180904746058955e-23
1.527537659087222e-23
1.6471204380148072e-23
1.7780647419435813e-23
1.9217975294418208e-23
2.0799857555367668e-23
2.2545835617576277e-23
2.4478891576874002e-23
2.662612656570619e-23
2.901955524145254e-23
3.1697006822588906e-23
3.470308772350698e-23
3.8090080762792003e-23
4.1918513733231796e-23
