8.644679621809036e-11
9.080991115474978e-11
8.960288605712479e-11
8.648678344343911e-11
8.377655823533408e-11
7.528655114143676e-11
7.605958498776856e-11
7.249334308902637e-11
7.047739896074493e-11
6.662905217165899e-11
6.582543091007435e-11
6.350835262164377e-11
6.068560033339416e-11
5.94435750799433e-11
5.447756526141844e-11
5.481802664596342e-11
5.2740233330890704e-11
5.06269308175827e-11
4.9400826159326034e-11
4.898308573164668e-11
4.49084885179056e-11
4.247324870008758e-11
4.356106973349353e-11
3.9315854970712777e-11
4.0151767172386195e-11
3.6448617135427073e-11
3.7076647709865024e-11
3.387005962755861e-11
3.427980583689191e-11
3.233618684455942e-11
3.07211517148489e-11
2.9408108900876407e-11
2.7881923359930945e-11
2.6708242352863123e-11
2.6195119918612324e-11
2.485749387491824e-11
2.4679572062043225e-11
2.3164997883475006e-11
2.1886002886687563e-11
2.15181018399372e-11
2.0427092977401955e-11
1.9313099520417872e-11
1.881356137440457e-11
1.8054493628903078e-11
1.704230242181047e-11
1.6551993612724608e-11
1.5894245001444423e-11
1.5218064500246284e-11
1.4563627721781652e-11
1.380833268331844e-11
1.352203233141722e-11
1.2757964073908545e-11
1.234229992706856e-11
1.1725847150428906e-11
1.123746125025763e-11
1.0652635330230499e-11
1.019777701791085e-11
9.905424112440862e-12
9.430930285668051e-12
8.949634563210244e-12
8.560429067485318e-12
8.193614599404397e-12
7.898493835742412e-12
7.520023558329243e-12
7.220638710832232e-12
6.952085356471285e-12
6.605061518922493e-12
6.317332054625032e-12
6.0098890692023955e-12
5.79323581290659e-12
5.5202190634446515e-12
5.271360238688987e-12
5.0384657998199235e-12
4.823584386595057e-12
4.610681861426473e-12
4.389921654030842e-12
4.226898452093299e-12
4.024428467959886e-12
3.846200851281986e-12
3.687859704060171e-12
3.5113783598947048e-12
3.355406381196478e-12
3.1968560551523605e-12
3.0604310662852822e-12
2.9269199940697037e-12
2.803239749070232e-12
2.6648297114238533e-12
2.5515551857745107e-12
2.4375416615691333e-12
2.3248042158520044e-12
2.2192510688441886e-12
2.124269795285766e-12
2.028319475502982e-12
1.93403516701521e-12
1.8470925897114204e-12
1.7686435524978587e-12
1.6846672902716257e-12
1.6111334840997065e-12
1.5363148159754037e-12
1.4688523543206718e-12
1.4024200528956651e-12
1.3389989608274245e-12
1.2783369682182895e-12
1.220420569183063e-12
1.1650382359953488e-12
1.1121458779766412e-12
1.061553737944208e-12
1.0129599089126079e-12
9.671010586879672e-13
9.222685935893174e-13
8.80440233606368e-13
8.406736528171112e-13
8.022126792255191e-13
7.660058603848858e-13
7.30374594479813e-13
6.96856094009657e-13
6.652321709345709e-13
6.342473579445616e-13
6.049308215298443e-13
5.771178880898454e-13
5.507306717641229e-13
5.252369130525408e-13
5.007229257976755e-13
4.772140561973209e-13
4.55340788525228e-13
4.3418357443979634e-13
4.1376211650598073e-13
3.9442057801489267e-13
3.76076321274259e-13
3.5830086976811105e-13
3.4144526269331774e-13
3.2534750195160214e-13
3.0997244526508215e-13
2.9529010870402703e-13
2.8126328228440973e-13
2.6785107284283154e-13
2.55078888268331e-13
2.4291963303533917e-13
2.312449013291572e-13
2.20099416942442e-13
2.0942733813550266e-13
1.9925295986130655e-13
1.8958292090174119e-13
1.8028327614580361e-13
1.7143499771035085e-13
1.6298440941759028e-13
1.5491607209024012e-13
1.4721832173679596e-13
1.3984343079678353e-13
1.3283651190944997e-13
1.261090963864977e-13
1.1973487604007213e-13
1.1359621822599368e-13
1.077603389267432e-13
1.0219974227270551e-13
9.689003056138371e-14
9.180312889014786e-14
8.695923933898222e-14
8.233053668199083e-14
7.791001901651383e-14
7.370196444171087e-14
6.968124374114865e-14
6.584889128160793e-14
6.218754377542774e-14
5.869088630259513e-14
5.535911872407663e-14
5.2181022406068717e-14
4.9150022465861946e-14
4.6257513546615084e-14
4.3502105547905687e-14
4.087673333613037e-14
3.8372904554373326e-14
3.598549714762455e-14
3.3713637021078885e-14
3.154935028859281e-14
2.9487090645899653e-14
2.7523132658535076e-14
2.5656658362018058e-14
2.387910009117206e-14
2.218888772652024e-14
2.0583598227865677e-14
1.9057938083865307e-14
1.7609314642879248e-14
1.6234741820731118e-14
1.493130029161705e-14
1.3696230240440784e-14
1.2527152128557654e-14
1.1421266352342306e-14
1.0376447249500745e-14
9.390293791565167e-15
8.461149816899915e-15
7.58680195820578e-15
6.765783479668826e-15
5.995916321073441e-15
5.275939581229489e-15
4.604433001309171e-15
3.979911834890759e-15
3.4012000865384824e-15
2.8671080813554947e-15
2.3767159815365192e-15
1.929063177792141e-15
