5.768932536908752e-22
5.828356433753204e-22
5.884311139685371e-22
5.936915394896344e-22
5.98628082365715e-22
6.032512171459216e-22
6.075707527488749e-22
6.115958532909591e-22
6.153350575400388e-22
6.187962970355556e-22
6.21986912914106e-22
6.249136714755369e-22
6.275827785231064e-22
6.2999989250764705e-22
6.321701365037273e-22
6.34098109042713e-22
6.357878938256079e-22
6.372430683359311e-22
6.384667113702422e-22
6.394614095022601e-22
6.402292624929989e-22
6.407718876588791e-22
6.410904232048064e-22
6.411855305297572e-22
6.410573955085391e-22
6.407057287507784e-22
6.40129764837385e-22
6.393282605308732e-22
6.382994919550245e-22
6.370412507354885e-22
6.355508390924712e-22
6.338250638720263e-22
6.318602295021618e-22
6.296521298558252e-22
6.271960390014827e-22
6.2448670081829555e-22
6.215183174514406e-22
6.182845365790072e-22
6.147784374602156e-22
6.109925157313303e-22
6.0691866691160705e-22
6.025481685809403e-22
5.978716611842811e-22
5.928791274173531e-22
5.875598701427395e-22
5.819024887826839e-22
5.758948541302634e-22
5.695240815171115e-22
5.62776502271208e-22
5.556376333935766e-22
5.480921453781994e-22
5.401238280943594e-22
5.317155546449991e-22
5.22849243109287e-22
5.135058160718908e-22
5.036651578341127e-22
4.933060691968112e-22
4.824062196965887e-22
4.7094209716996665e-22
4.588889545122834e-22
4.462207534889268e-22
4.329101054486661e-22
4.189282087779759e-22
4.0424478292699062e-22
3.88827998825781e-22
3.7264440549984504e-22
3.5565885268317704e-22
3.3783440921672863e-22
3.191322770114772e-22
2.9951170035190484e-22
2.789298703187756e-22
2.5734182413501028e-22
2.3470033930635813e-22
2.1095582260498724e-22
1.8605619440209515e-22
1.5994677013404526e-22
1.3257014470892073e-22
1.0386610083576593e-22
7.37716377543382e-23
4.222182827563109e-23
9.173287093898674e-24
2.5566254274747505e-23
6.19184349224454e-23
1.000366333858643e-22
1.4000093150838858e-22
1.8190014436007228e-22
2.258282278754005e-22
2.7188410986331673e-22
3.201718590662088e-22
3.708009343930029e-22
4.238864693752842e-22
4.795495813482185e-22
5.379177029635879e-22
5.991249361041146e-22
6.633124292006033e-22
7.306287794106107e-22
8.012304614017712e-22
8.75282284716964e-22
9.52957881914387e-22
1.0344402298976544e-21
1.1199222070894014e-21
1.2096071893582234e-21
1.3037096878919574e-21
1.4024560325261837e-21
1.5060851043790214e-21
1.614849122034078e-21
1.7290144859416086e-21
1.848862686187729e-21
1.974691279313791e-21
2.106814940477645e-21
2.245566597905918e-21
2.391298657356793e-21
2.5443843251429803e-21
2.7052190392355494e-21
2.874222019031354e-21
3.051837945589663e-21
3.2385387855113915e-21
3.434825773197502e-21
3.641231567984605e-21
3.8583226046635396e-21
4.086701658181592e-21
4.32701064593102e-21
4.579933694023515e-21
4.846200497363867e-21
5.126590007260769e-21
5.421934484853328e-21
5.733123963822704e-21
6.061111171897498e-21
6.4069169676379884e-21
6.771636357102174e-21
7.156445164425623e-21
7.562607441386387e-21
7.991483713920539e-21
8.444540178687171e-21
8.923358980672943e-21
9.429649723791963e-21
9.965262391477379e-21
1.0532201883857872e-20
1.1132644413449291e-20
1.176895604367517e-20
1.2443713705216759e-20
1.3159729086601732e-20
1.3920075869463426e-20
1.4728120869104452e-20
1.558755975103785e-20
1.6502458129046022e-20
1.7477299016665705e-20
1.851703780979523e-20
1.9627166234418635e-20
2.081378701436754e-20
2.208370141763333e-20
2.3444512351412474e-20
2.4904746327852896e-20
2.6473998459407893e-20
2.8163105723871826e-20
2.998435514772155e-20
3.195173540567904e-20
3.4081242782819213e-20
3.639125571722953e-20
3.890299655662357e-20
4.164110518074897e-20
4.463435744109079e-20
4.791657294803568e-20
5.1527773104433366e-20
5.551567374531845e-20
5.993763088984435e-20
6.486320863025324e-20
7.037761429923297e-20
7.658636302557594e-20
8.36217175336829e-20
9.165174477164036e-20
1.0089332001443769e-19
1.1163124290216931e-19
1.2424710139081236e-19
1.3926422100397212e-19
1.5742022703079142e-19
1.7978926438889578e-19
2.0799861889863e-19
2.4463735480003635e-19
2.940898940692196e-19
3.6441789513479783e-19
4.722349673661413e-19
6.581198987416796e-19
1.0539862770198967e-18
2.4608332220787124e-18
7.040182429046077e-18
1.6002278256250338e-18
9.09386113873246e-19
6.432971996704739e-19
5.025966249616018e-19
4.156371727108138e-19
3.5661091201249185e-19
3.1395074125111665e-19
2.8169972492590223e-19
2.5647795451935676e-19
2.362250588271577e-19
2.1961351567897885e-19
2.057494017699816e-19
1.940086956036141e-19
1.8394252924107656e-19
1.7521973122805583e-19
