1.4589612859414791e-24
1.4094922791332817e-24
1.3627989800175164e-24
1.3187616405537804e-24
1.2772645690208707e-24
1.2381958641168659e-24
1.2014471739631399e-24
1.1669134812218637e-24
1.134492915300586e-24
1.1040865921705472e-24
1.0755984818677746e-24
1.0489353032337026e-24
1.0240064448020887e-24
1.0007239102255625e-24
9.790022860041793e-25
9.587587288139742e-25
9.399129692803002e-25
9.223873287433512e-25
9.061067453994707e-25
8.909988061313975e-25
8.76993780474829e-25
8.640246533689552e-25
8.52027153717794e-25
8.409397761711724e-25
8.307037940636327e-25
8.212632619570052e-25
8.125650067466916e-25
8.045586068059124e-25
7.971963591178162e-25
7.904332347049939e-25
7.842268230766479e-25
7.785372666076845e-25
7.733271860034586e-25
7.685615981465569e-25
7.6420782763511225e-25
7.602354133698182e-25
7.566160115617524e-25
7.533232963488306e-25
7.503328592448054e-25
7.476221084408267e-25
7.451701689425696e-25
7.4295778429736095e-25
7.40967220648997e-25
7.391821736690321e-25
7.375876788138708e-25
7.361700252884996e-25
7.349166739374029e-25
7.338161792668603e-25
7.328581157115633e-25
7.320330081319973e-25
7.313322666177576e-25
7.3074812546809e-25
7.302735863005431e-25
7.299023651808869e-25
7.296288435947466e-25
7.2944802319640875e-25
7.293554840512417e-25
7.2934734633675855e-25
7.294202352399443e-25
7.295712489054852e-25
7.297979293244424e-25
7.300982358618091e-25
7.3047052146501475e-25
7.309135111935207e-25
7.314262830670344e-25
7.320082510466021e-25
7.3265915001044385e-25
7.333790225898034e-25
7.341682078022692e-25
7.350273313179031e-25
7.35957297275223e-25
7.3695928153538e-25
7.380347263756287e-25
7.391853363371759e-25
7.404130753741981e-25
7.417201650920797e-25
7.431090840274253e-25
7.445825679262968e-25
7.4614361090196485e-25
7.477954674818362e-25
7.495416554455981e-25
7.513859593224316e-25
7.53332434594403e-25
7.553854124768922e-25
7.575495052286635e-25
7.598296119302323e-25
7.622309245926214e-25
7.64758934605716e-25
7.674194394900245e-25
7.702185496195334e-25
7.731626952153784e-25
7.7625863316408445e-25
7.7951345373511045e-25
7.8293458716459425e-25
7.865298097732304e-25
7.90307249839066e-25
7.942753926407267e-25
7.984430851839754e-25
8.028195399479439e-25
8.074143377854969e-25
8.122374299541808e-25
8.172991388433441e-25
8.226101577282994e-25
8.281815491716397e-25
8.340247421690764e-25
8.401515274637533e-25
8.46574051887315e-25
8.533048113333473e-25
8.603566412768985e-25
8.677427068823495e-25
8.754764912544793e-25
8.83571781835562e-25
8.920426566992318e-25
9.009034680582848e-25
9.101688267578593e-25
9.198535840505915e-25
9.299728142640793e-25
9.405417962873839e-25
9.515759957524772e-25
9.630910468441014e-25
9.751027352239214e-25
9.876269816062727e-25
1.0006798273648136e-24
1.0142774206069441e-24
1.0284360060317678e-24
1.0431719152101687e-24
1.058501561528065e-24
1.0744414384974348e-24
1.0910081190067879e-24
1.1082182620916742e-24
1.1260886208542648e-24
1.1446360566491547e-24
1.1638775574646421e-24
1.1838302618668884e-24
1.2045114861583592e-24
1.2259387603761885e-24
1.2481298658920036e-24
1.2711028829549214e-24
1.2948762393831759e-24
1.3194687697932003e-24
1.3448997782616351e-24
1.3711891058729639e-24
1.398357210200767e-24
1.4264252443279387e-24
1.4554151468406639e-24
1.4853497365547826e-24
1.516252815665836e-24
1.5481492803395206e-24
1.5810652314266745e-24
1.6150281051985083e-24
1.6500667994402717e-24
1.6862118138286034e-24
1.723495400440135e-24
1.761951713256068e-24
1.801616972769485e-24
1.8425296443716847e-24
1.884730612432482e-24
1.9282633746116566e-24
1.9731742387067736e-24
2.0195125332146898e-24
2.0673308326707e-24
2.116685177548912e-24
2.1676353154187694e-24
2.2202449614123742e-24
2.2745820377185613e-24
2.330718963129834e-24
2.388732921451388e-24
2.448706154502907e-24
2.510726260756436e-24
2.5748865121225643e-24
2.641286153950549e-24
2.7100307620134426e-24
2.7812325560311476e-24
2.8550107652752605e-24
2.9314919419795928e-24
3.010810395727161e-24
3.093108489336813e-24
3.178537067310671e-24
3.2672558201928728e-24
3.3594336945374405e-24
3.455249266150522e-24
3.554891188297498e-24
3.658558582122339e-24
3.7664614846766244e-24
3.87882124861847e-24
3.995871061860556e-24
4.117856332146583e-24
4.245035202362534e-24
4.377679056703639e-24
4.516072957145209e-24
4.660516245143005e-24
4.8113230644105006e-24
4.968822884852006e-24
5.13336116833348e-24
5.305299920518361e-24
5.485018421157753e-24
5.672913853543603e-24
5.8694020573763846e-24
6.0749182794002896e-24
6.289918032725613e-24
6.5148778959248644e-24
