3.711420292703931e-24
3.573407432801767e-24
3.443297056278914e-24
3.320775123066607e-24
3.2055417553290832e-24
3.0973105515359146e-24
2.9958079338423035e-24
2.900772528212667e-24
2.8119545769260443e-24
2.72911538283236e-24
2.652026785171554e-24
2.5804706664090942e-24
2.514238489688688e-24
2.4531308664461357e-24
2.3969571533737733e-24
2.3455350779727314e-24
2.2986903918198493e-24
2.256256549897655e-24
2.2180744150155263e-24
2.1839919852543778e-24
2.1538641427896462e-24
2.1275524219026928e-24
2.1049247942383563e-24
2.085855469015133e-24
2.070224706113519e-24
2.0579186399704083e-24
2.0488291125096326e-24
2.042853513151551e-24
2.0398946249110058e-24
2.0398604747851606e-24
2.042664188140016e-24
2.0482238458469704e-24
2.0564623443270025e-24
2.0673072575842135e-24
2.0806907019404237e-24
2.096549202846393e-24
2.1148235644458693e-24
2.135458741883343e-24
2.1584037165940495e-24
2.1836113749859945e-24
2.211038390587572e-24
2.2406451099678964e-24
2.2723954424104525e-24
2.3062567538084326e-24
2.3421997643845722e-24
2.380198450509099e-24
2.420229950745897e-24
2.4622744756771564e-24
2.5063152217076436e-24
2.5523382888873938e-24
2.600332602072419e-24
2.6502898361404497e-24
2.702204344408483e-24
2.7560730905609495e-24
2.811895583845485e-24
2.8696738175680918e-24
2.9294122104126606e-24
2.991117551243162e-24
3.054798946329472e-24
3.1204677698438716e-24
3.188137617125785e-24
3.2578242603910162e-24
3.3295456078230355e-24
3.403321664607319e-24
3.47917449712019e-24
3.5571281996157415e-24
3.637208863329309e-24
3.719444548531493e-24
3.803865258462161e-24
3.890502916422606e-24
3.9793913449557586e-24
4.070566247400085e-24
4.164065192416671e-24
4.259927599761418e-24
4.358194729937356e-24
4.458909674528347e-24
4.5621173502409794e-24
4.667864493962869e-24
4.776199661283877e-24
4.887173225937853e-24
5.0008373822084385e-24
5.117246149393166e-24
5.236455377819723e-24
5.358522757450503e-24
5.483507828366188e-24
5.611471993008757e-24
5.742478530873666e-24
5.87659261417696e-24
6.0138813267685354e-24
6.154413683165729e-24
6.298260651964813e-24
6.445495177856831e-24
6.5961922083433854e-24
6.750428720571794e-24
6.90828375028827e-24
7.069838422565902e-24
7.235175984768237e-24
7.404381840149087e-24
7.57754358417074e-24
7.754751041960389e-24
7.936096307620475e-24
8.121673785317986e-24
8.311580231226303e-24
8.505914798877785e-24
8.704779084824271e-24
8.908277175436073e-24
9.116515697738366e-24
9.329603868291419e-24
9.547653548271234e-24
9.770779296289942e-24
9.999098424763864e-24
1.0232731057884057e-23
1.0471800191667312e-23
1.0716431754041431e-23
1.0966754669141576e-23
1.1222900920663721e-23
1.1485005620610028e-23
1.1753207075701465e-23
1.20276468590408e-23
1.2308469881114013e-23
1.2595824465897968e-23
1.2889862424550445e-23
1.3190739133831772e-23
1.349861361830596e-23
1.3813648629514192e-23
1.4136010731480338e-23
1.4465870386077507e-23
1.480340204318699e-23
1.5148784227071467e-23
1.5502199634625063e-23
1.586383522448333e-23
1.6233882318574023e-23
1.6612536697910632e-23
1.6999998708885868e-23
1.7396473364217285e-23
1.7802170447559003e-23
1.821730462998822e-23
1.86420955737273e-23
1.9076768050612013e-23
1.9521552061813834e-23
1.997668294945572e-23
2.0442401527526367e-23
2.0918954201195623e-23
2.1406593099383986e-23
2.1905576201593324e-23
2.241616747429756e-23
2.2938637011714345e-23
2.3473261168145736e-23
2.4020322704756284e-23
2.458011093873252e-23
2.5152921891737246e-23
2.5739058441879736e-23
2.6338830483531183e-23
2.695255507537233e-23
2.758055662545593e-23
2.822316704064975e-23
2.8880725901488756e-23
2.955358063980475e-23
3.0242086716744226e-23
3.0946607813649804e-23
3.166751598832491e-23
3.240519190874363e-23
3.3160024993442286e-23
3.393241367982522e-23
3.4722765563263157e-23
3.5531497615988e-23
3.635903645664439e-23
3.7205818466135323e-23
3.8072290087399256e-23
3.895890805007367e-23
3.986613953268728e-23
4.079446242173033e-23
4.1744365628453565e-23
4.2716349249907434e-23
4.37109247985004e-23
4.472861551747378e-23
4.576995661701317e-23
4.683549553531959e-23
4.792579219305677e-23
4.904141929151981e-23
5.0182962519493654e-23
5.135102103518499e-23
5.254620750782066e-23
5.376914851633327e-23
5.502048479887338e-23
5.630087164322422e-23
5.761097924809142e-23
5.895149290480922e-23
6.032311330216579e-23
6.172655674937069e-23
6.316255609361995e-23
6.463185981726739e-23
6.613523430155501e-23
6.767346222494296e-23
6.924734365669771e-23
7.085769703526088e-23
7.250535831379153e-23
7.41911827772136e-23
7.591604379743682e-23
7.768083407189403e-23
7.948646674816286e-23
