5.794507547466049e-22
5.7945064921367185e-22
5.794504799681367e-22
5.7945024665178945e-22
5.794499487702239e-22
5.794495856921292e-22
5.794491566480005e-22
5.794486607280138e-22
5.794480968809161e-22
5.794474639107081e-22
5.794467604753386e-22
5.794459850829595e-22
5.794451360890456e-22
5.794442116928075e-22
5.794432099335461e-22
5.794421286870119e-22
5.794409656594211e-22
5.794397183839343e-22
5.794383842156392e-22
5.794369603228791e-22
5.794354436863157e-22
5.794338310888384e-22
5.794321191103685e-22
5.7943030411868e-22
5.794283822637098e-22
5.794263494690712e-22
5.794242014225674e-22
5.794219335679994e-22
5.794195410938025e-22
5.794170189232965e-22
5.79414361711533e-22
5.79411563816361e-22
5.794086193023556e-22
5.794055219274767e-22
5.794022651179637e-22
5.793988419658699e-22
5.793952452104333e-22
5.793914672193788e-22
5.793874999785194e-22
5.793833350723611e-22
5.793789636644266e-22
5.793743764820711e-22
5.793695637929945e-22
5.793645153877916e-22
5.793592205552122e-22
5.793536680638228e-22
5.793478461311806e-22
5.793417424078031e-22
5.793353439439713e-22
5.793286371641808e-22
5.793216078395323e-22
5.793142410562796e-22
5.79306521184809e-22
5.792984318453701e-22
5.792899558750176e-22
5.792810752906611e-22
5.792717712477713e-22
5.7926202400666555e-22
5.792518128852621e-22
5.792411162164132e-22
5.792299113032095e-22
5.792181743694508e-22
5.792058805093713e-22
5.791930036360669e-22
5.791795164231319e-22
5.791653902504843e-22
5.79150595139757e-22
5.791350996926939e-22
5.791188710252201e-22
5.791018746949871e-22
5.790840746290309e-22
5.790654330499842e-22
5.790459103911874e-22
5.790254652150645e-22
5.790040541255621e-22
5.789816316740495e-22
5.789581502635958e-22
5.789335600481062e-22
5.789078088250038e-22
5.788808419259163e-22
5.788526020989716e-22
5.788230293869153e-22
5.787920610001301e-22
5.787596311821664e-22
5.787256710703036e-22
5.786901085487679e-22
5.786528680960167e-22
5.786138706195667e-22
5.785730332952887e-22
5.7853026938024675e-22
5.784854880385771e-22
5.784385941410717e-22
5.783894880631661e-22
5.783380654731318e-22
5.782842171096641e-22
5.782278285450502e-22
5.781687799494334e-22
5.781069458221647e-22
5.780421947362762e-22
5.779743890483371e-22
5.779033846038648e-22
5.77829030439891e-22
5.77751168444253e-22
5.7766963303505595e-22
5.775842507892122e-22
5.774948400892405e-22
5.774012107068878e-22
5.773031634258417e-22
5.77200489588757e-22
5.770929706626725e-22
5.769803777634244e-22
5.76862471173197e-22
5.7673899980307585e-22
5.7660970067613515e-22
5.764742983361603e-22
5.763325042842339e-22
5.761840163223836e-22
5.7602851792359e-22
5.758656775365436e-22
5.75695147867174e-22
5.755165651521288e-22
5.753295482943404e-22
5.751336981466435e-22
5.749285965478436e-22
5.747138054735976e-22
5.744888660184944e-22
5.742532974783498e-22
5.740065962169334e-22
5.73748234646335e-22
5.734776599672685e-22
5.731942930752816e-22
5.728975271803899e-22
5.725867265052808e-22
5.722612249653636e-22
5.719203245659597e-22
5.7156329396327595e-22
5.7118936671585545e-22
5.707977397164028e-22
5.703875714028369e-22
5.699579796977717e-22
5.6950804018761345e-22
5.690367841466112e-22
5.685431960472214e-22
5.680262115414826e-22
5.674847149605469e-22
5.669175368310354e-22
5.663234509785805e-22
5.657011721353732e-22
5.650493526658559e-22
5.643665794421795e-22
5.636513709171399e-22
5.629021734659843e-22
5.62117357808098e-22
5.612952148199606e-22
5.604339522829549e-22
5.595316900897663e-22
5.5858645590314145e-22
5.575961806343444e-22
5.565586930088097e-22
5.554717154661615e-22
5.543328568001879e-22
5.5313960799138465e-22
5.518893353321275e-22
5.505792739181039e-22
5.492065208713809e-22
5.477680285442456e-22
5.462605955022272e-22
5.446808596671311e-22
5.430252895479365e-22
5.412901735628013e-22
5.39471613138119e-22
5.375655102709732e-22
5.355675563829506e-22
5.334732231550704e-22
5.312777464274316e-22
5.289761180761285e-22
5.265630663604004e-22
5.24033046279153e-22
5.213802202006491e-22
5.185984429039981e-22
5.156812423925169e-22
5.126218016178495e-22
5.094129377168533e-22
5.06047079979287e-22
5.025162450000368e-22
4.988120140310183e-22
4.949255036597865e-22
4.908473372143263e-22
4.865676154107843e-22
4.820758780385855e-22
4.773610717744005e-22
4.724115107192885e-22
4.672148320230738e-22
4.617579497602143e-22
4.560270066654835e-22
4.500073207864674e-22
4.436833254227894e-22
4.370385039879325e-22
4.300553204335979e-22
4.2271514577279483e-22
4.1499817568595844e-22
