8.756270791041327e-24
8.64886175816472e-24
8.560204945032826e-24
8.489733632013378e-24
8.436907367244991e-24
8.401210902577703e-24
8.382153206449041e-24
8.379266548940237e-24
8.39210565590123e-24
8.420246928065231e-24
8.46328772102121e-24
8.520845682668155e-24
8.59255814377839e-24
8.678081558280792e-24
8.777090989140552e-24
8.889279636282889e-24
9.014358403082765e-24
9.152055497470126e-24
9.302116064486664e-24
9.464301847143987e-24
9.638390871997681e-24
9.824177156998868e-24
1.0021470438259316e-23
1.0230095913718846e-23
1.0449894000908536e-23
1.0680720106930578e-23
1.0922444408740556e-23
1.1174951641562956e-23
1.1438140894835747e-23
1.1711925413711632e-23
1.199623240532897e-23
1.2291002849267036e-23
1.2596191310985894e-23
1.2911765758380714e-23
1.3237707380981858e-23
1.3574010411498152e-23
1.3920681949709e-23
1.4277741789062673e-23
1.4645222245861995e-23
1.5023167991650025e-23
1.5411635888785882e-23
1.5810694829856996e-23
1.6220425581276645e-23
1.6640920631626662e-23
1.7072284045191084e-23
1.7514631320584448e-23
1.7968089256575542e-23
1.8432795823650924e-23
1.8908900042708683e-23
1.9396561871664167e-23
1.989595209992434e-23
2.0407252250537906e-23
2.0930654491820926e-23
2.146636155779057e-23
2.2014586677079738e-23
2.2575553512810953e-23
2.3149496110688338e-23
2.37366588582855e-23
2.4337296453927996e-23
2.495167388522766e-23
2.558006641936246e-23
2.6222759602696115e-23
2.6880049270949834e-23
2.755224157036289e-23
2.8239652989379483e-23
2.8942610400291565e-23
2.966145111157144e-23
3.039652293216529e-23
3.114818424347619e-23
3.19168040838472e-23
3.2702762243598354e-23
3.350644936869034e-23
3.4328267075562236e-23
3.516862807669256e-23
3.602795631621229e-23
3.690668711397577e-23
3.7805267320459454e-23
3.872415548470764e-23
3.9663822025055294e-23
4.062474941813471e-23
4.160743239092826e-23
4.2612378126342215e-23
4.364010647622179e-23
4.4691150187329433e-23
4.576605513204919e-23
4.686538055325232e-23
4.798969931862087e-23
4.9139598179449563e-23
5.031567804686711e-23
5.15185542700236e-23
5.274885693313763e-23
5.40072311497724e-23
5.529433738215363e-23
5.661085175543443e-23
5.795746639624332e-23
5.933488976706777e-23
6.074384702683721e-23
6.218508037936776e-23
6.36593494583951e-23
6.516743170975534e-23
6.671012277489338e-23
6.828823690309494e-23
6.990260736854519e-23
7.155408689132755e-23
7.324354807560755e-23
7.49718838596044e-23
7.674000798663128e-23
7.854885545530346e-23
8.039938302316182e-23
8.22925696993818e-23
8.422941724067545e-23
8.621095070735102e-23
8.823821894397594e-23
9.031229519527637e-23
9.243427758479215e-23
9.460528979236627e-23
9.682648153248696e-23
9.909902923651963e-23
1.0142413666879905e-22
1.0380303549116194e-22
1.0623698599591797e-22
1.0872727769969996e-22
1.112752300754635e-22
1.1388219321873072e-22
1.165495485347694e-22
1.1927870957440304e-22
1.2207112260900749e-22
1.2492826756650552e-22
1.278516587261633e-22
1.3084284540799456e-22
1.3390341315150142e-22
1.370349840491575e-22
1.4023921807260157e-22
1.4351781352781008e-22
1.4687250841530943e-22
1.5030508107172777e-22
1.5381735085571233e-22
1.5741117977700314e-22
1.6108847280925838e-22
1.6485117953529175e-22
1.687012943973794e-22
1.7264085852263207e-22
1.766719602272936e-22
1.80796736648289e-22
1.8501737459291635e-22
1.893361110712968e-22
1.9375523598333875e-22
1.9827709209370432e-22
2.0290407659573318e-22
2.0763864171109266e-22
2.124832987343788e-22
2.1744061488819336e-22
2.2251321860517486e-22
2.2770379939481454e-22
2.330151084696062e-22
2.3844996175016543e-22
2.4401124047909343e-22
2.497018932805045e-22
2.5552493529376077e-22
2.6148345533042823e-22
2.675806104819758e-22
2.7381963568663525e-22
2.8020383550436945e-22
2.867365954374847e-22
2.934213789921039e-22
3.002617298959655e-22
3.072612735526497e-22
3.1442371971815745e-22
3.217528666523885e-22
3.292525983143797e-22
3.3692689066380664e-22
3.4477981649895413e-22
3.528155285025713e-22
3.610382922816656e-22
3.694524694254401e-22
3.780625064794482e-22
3.868729855076984e-22
3.9588855846427655e-22
4.05114027620784e-22
4.1455425068566457e-22
4.242142608565863e-22
4.340991647517878e-22
4.442141965857985e-22
4.545647239283315e-22
4.65156231832608e-22
4.759943297463819e-22
4.870847695758709e-22
4.984333984617995e-22
5.100462966071126e-22
5.219295519336529e-22
5.340894923342916e-22
5.46532537810149e-22
5.592653107204533e-22
5.722945057274757e-22
5.856270986417153e-22
5.992701226504707e-22
6.132307925781876e-22
6.275164825094708e-22
6.421347824150724e-22
6.570935914428662e-22
6.724004127253505e-22
