7.890727973605616e-24
7.939593666248159e-24
7.98618249937363e-24
8.030592857763535e-24
8.072918553679031e-24
8.113249019994953e-24
8.151669494790794e-24
8.1882611977089e-24
8.223101498351615e-24
8.256264076987148e-24
8.287819077856242e-24
8.317833255332771e-24
8.346370113211916e-24
8.37349003735699e-24
8.399250421990876e-24
8.423705789822585e-24
8.446907906270665e-24
8.468905887991628e-24
8.489746305921715e-24
8.509473283026352e-24
8.52812858697073e-24
8.545751717879983e-24
8.562379991352962e-24
8.578048616920905e-24
8.592790772086469e-24
8.606637672096118e-24
8.619618635603119e-24
8.631761146340133e-24
8.643090910886294e-24
8.653631912758203e-24
8.663406462793832e-24
8.672435246030991e-24
8.680737365149179e-24
8.688330380518998e-24
8.695230347034999e-24
8.701451847677042e-24
8.707008023997489e-24
8.711910603524567e-24
8.716169924074683e-24
8.719794955207361e-24
8.722793316654543e-24
8.725171293887128e-24
8.726933850805295e-24
8.728084639582636e-24
8.728626007680993e-24
8.728559001989438e-24
8.72788337024017e-24
8.726597559468004e-24
8.72469871173024e-24
8.722182656911682e-24
8.719043902690823e-24
8.715275621542973e-24
8.710869634795528e-24
8.705816393747836e-24
8.700104957628692e-24
8.693722968537414e-24
8.686656623139739e-24
8.678890641122772e-24
8.67040823031799e-24
8.66119104831103e-24
8.651219160623005e-24
8.640470995078982e-24
8.628923292515123e-24
8.61655105356387e-24
8.60332748116909e-24
8.589223919178716e-24
8.574209786341965e-24
8.558252505687815e-24
8.541317429340691e-24
8.523367758098364e-24
8.504364455931298e-24
8.48426615900305e-24
8.463029078904694e-24
8.440606899890172e-24
8.416950669950233e-24
8.392008684981913e-24
8.36572636616066e-24
8.338046130025153e-24
8.308907250648231e-24
8.278245713607049e-24
8.245994061739781e-24
8.212081231209347e-24
8.176432378508906e-24
8.138968696857012e-24
8.099607222218512e-24
8.058260627606907e-24
8.014837005702631e-24
7.969239638310432e-24
7.921366752654759e-24
7.87111126322341e-24
7.818360498185385e-24
7.762995910295969e-24
7.70489277027127e-24
7.643919842068966e-24
7.57993903957863e-24
7.512805062542669e-24
7.442365011562369e-24
7.368457980119117e-24
7.29091462342312e-24
7.209556702161673e-24
7.124196600160556e-24
7.034636815387274e-24
6.940669422686561e-24
6.842075508631177e-24
6.73862457720088e-24
6.630073927773806e-24
6.5161680055883655e-24
6.396637728295591e-24
6.271199791858678e-24
6.139555963495159e-24
6.00139237156614e-24
5.8563788096325494e-24
5.704168076812423e-24
5.5443953929881655e-24
5.376677939568228e-24
5.200614609648456e-24
5.015786087147807e-24
4.8217554448584964e-24
4.6180695552432685e-24
4.4042617816650295e-24
4.179856713969861e-24
3.9443782316575e-24
3.697363107006603e-24
3.438384136307438e-24
3.16709026730812e-24
2.883278472774878e-24
2.5870282524128353e-24
2.2789681063275848e-24
1.9608428287753403e-24
1.6368320716352574e-24
1.3169335218392062e-24
1.0263213746957062e-24
8.28057899492315e-25
8.293881552787211e-25
1.060500106680581e-24
1.4387775165008674e-24
1.8997264418182714e-24
2.4162896269167734e-24
2.9782413267354093e-24
3.582049797831403e-24
4.227121386704205e-24
4.9143495076609164e-24
5.645506430567377e-24
6.422972581108742e-24
7.249615106477496e-24
8.128739353029088e-24
9.064079920320175e-24
1.0059815988473389e-23
1.1120603807056222e-23
1.2251623238908592e-23
1.3458637470479737e-23
1.4748066368432587e-23
1.6127074876455648e-23
1.7603678827246732e-23
1.9186871256677377e-23
2.0886773533999937e-23
2.2714816526356793e-23
2.468395898003941e-23
2.680895177485767e-23
2.910665988406578e-23
3.159645690372603e-23
3.4300711994442183e-23
3.724539543799371e-23
4.0460837890771413e-23
4.3982690622893243e-23
4.7853151870021733e-23
5.2122549648190366e-23
5.685140658859568e-23
6.211316917820983e-23
6.799786286642804e-23
7.46170616940332e-23
8.211075822467817e-23
9.06570371012579e-23
1.0048598213872688e-22
1.119001423507047e-22
1.2530546041379897e-22
1.4125946196977102e-22
1.6054903597055533e-22
1.843212896086818e-22
2.1431478153134415e-22
2.532930935064486e-22
3.059190086976583e-22
3.806841921685869e-22
4.946844753321698e-22
6.872253083401555e-22
1.063771415676268e-21
1.8561682312775323e-21
1.9819804334607665e-21
1.1907994023317094e-21
7.9545038262322305e-22
5.947617415479828e-22
4.767881704086801e-22
3.997635537716239e-22
3.456698928760044e-22
3.0562245261974745e-22
2.747705239642466e-22
2.5025194543712967e-22
2.3027237900284123e-22
2.1365106076497547e-22
1.9957963287656275e-22
1.8748613952258222e-22
