4.471579636285381e-24
4.474461525938024e-24
4.477226044710966e-24
4.4798765453572655e-24
4.482416365311535e-24
4.484848813140033e-24
4.487177156830762e-24
4.489404613721806e-24
4.491534341880271e-24
4.493569432779714e-24
4.495512905115653e-24
4.497367699633339e-24
4.499136674852495e-24
4.5008226035704884e-24
4.502428170061005e-24
4.5039559678711436e-24
4.5054084981477405e-24
4.5067881684141346e-24
4.5080972917470555e-24
4.5093380862862465e-24
4.510512675030736e-24
4.5116230858796324e-24
4.51267125187192e-24
4.5136590115922766e-24
4.514588109711672e-24
4.515460197625532e-24
4.516276834176971e-24
4.517039486425449e-24
4.517749530456507e-24
4.5184082521987866e-24
4.51901684824153e-24
4.5195764266336056e-24
4.520088007646887e-24
4.520552524497707e-24
4.5209708240191576e-24
4.521343667245994e-24
4.521671729958411e-24
4.521955603107408e-24
4.522195793166901e-24
4.522392722386114e-24
4.5225467289373056e-24
4.522658066934593e-24
4.5227269063709066e-24
4.522753332891282e-24
4.522737347461464e-24
4.522678865899303e-24
4.5225777182723376e-24
4.522433648109111e-24
4.522246311556661e-24
4.522015276265706e-24
4.521740020195201e-24
4.5214199302499155e-24
4.5210543006991815e-24
4.5206423314654075e-24
4.520183126235886e-24
4.519675690306499e-24
4.519118928391307e-24
4.5185116420663834e-24
4.517852527085865e-24
4.5171401705107e-24
4.51637304755482e-24
4.515549518253875e-24
4.51466782386631e-24
4.513726083055378e-24
4.5127222877736624e-24
4.511654298958109e-24
4.510519841903147e-24
4.509316501305423e-24
4.5080417161241776e-24
4.506692774070552e-24
4.50526680577849e-24
4.503760778610184e-24
4.502171490263764e-24
4.5004955617905536e-24
4.498729430501665e-24
4.496869342197783e-24
4.494911343265838e-24
4.4928512721926015e-24
4.490684750740032e-24
4.488407174355508e-24
4.486013702705007e-24
4.483499249045994e-24
4.4808584694800394e-24
4.478085751590815e-24
4.475175202410569e-24
4.4721206357860734e-24
4.4689155594021026e-24
4.4655531605828065e-24
4.4620262921010205e-24
4.458327456784955e-24
4.4544487914715415e-24
4.450382050323355e-24
4.446118587322641e-24
4.441649337598724e-24
4.436964798389754e-24
4.432055008875155e-24
4.426909528390221e-24
4.421517414653142e-24
4.415867200991714e-24
4.409946870827981e-24
4.4037438330661606e-24
4.397244895106266e-24
4.390436234943391e-24
4.383303371815426e-24
4.375831135926927e-24
4.368003635686368e-24
4.359804225331745e-24
4.3512154697901744e-24
4.342219107663501e-24
4.33279601351738e-24
4.322926158093312e-24
4.312588567400155e-24
4.301761279217008e-24
4.2904212977266636e-24
4.278544549511166e-24
4.2661058306153824e-24
4.2530787615629895e-24
4.239435732045692e-24
4.225147849754504e-24
4.2101848831025946e-24
4.1945152069840025e-24
4.1781057457682805e-24
4.160921910932022e-24
4.142927548037369e-24
4.124084871655084e-24
4.1043544104192286e-24
4.0836949480712586e-24
4.062063469574904e-24
4.039415108611032e-24
4.015703100705117e-24
3.990878745688155e-24
3.9648913761936206e-24
3.9376883425809636e-24
3.909215014553757e-24
3.87941480157654e-24
3.848229213033115e-24
3.815597947599451e-24
3.781459029382673e-24
3.745749032079108e-24
3.70840334842477e-24
3.669356614733295e-24
3.628543235759535e-24
3.5858981243341015e-24
3.541357662663474e-24
3.494860990906088e-24
3.446351718804433e-24
3.395780156393614e-24
3.343106311329819e-24
3.288303852368615e-24
3.2313653541042863e-24
3.1723093491810146e-24
3.1111897142078392e-24
3.0481083748362753e-24
2.983232390636672e-24
2.9168171694389657e-24
2.849238041493384e-24
2.7810332975035862e-24
2.712962855051738e-24
2.6460880208709868e-24
2.5818790313349254e-24
2.522358065557008e-24
2.4702845871543863e-24
2.4293859881657415e-24
2.404626809147032e-24
2.4024928775654743e-24
2.4312487052507275e-24
2.501126049783707e-24
2.6244557759720114e-24
2.8158903656722506e-24
3.093051339485666e-24
3.478071915906822e-24
4.0004996526055526e-24
4.7018019725602074e-24
5.640735571952155e-24
6.894231273563765e-24
8.529409210627398e-24
1.0465821911188019e-23
1.2135790609537449e-23
1.2505720854579732e-23
1.140245913808748e-23
9.759334808320784e-24
8.254973177296599e-24
7.059171373743566e-24
6.147774672105736e-24
5.464597327103476e-24
4.963036615765286e-24
4.610485788049728e-24
4.384721568573237e-24
4.2697254921510495e-24
4.252610012979213e-24
4.3219102871968396e-24
4.46701034957428e-24
4.6782358348914565e-24
4.947143613273416e-24
5.266720797266843e-24
5.6314081986153276e-24
6.036987157948831e-24
6.4803933421139035e-24
6.959518022396637e-24
7.473021982261047e-24
8.020180553050427e-24
