2.0562621211598734e-24
2.032981123702513e-24
2.0109546141164957e-24
1.9901185208936754e-24
1.9704120794542417e-24
1.9517776991142416e-24
1.934160832953874e-24
1.917509850822823e-24
1.901775915453903e-24
1.886912861971335e-24
1.8728770807160518e-24
1.8596274036606715e-24
1.8471249944308826e-24
1.8353332420166493e-24
1.8242176583155827e-24
1.813745779501369e-24
1.8038870712888774e-24
1.794612838124833e-24
1.785896136328369e-24
1.7777116911109146e-24
1.770035817539027e-24
1.762846345356477e-24
1.756122547639774e-24
1.749845073147591e-24
1.743995882501007e-24
1.7385581878351633e-24
1.7335163960283743e-24
1.7288560554264644e-24
1.7245638058269018e-24
1.720627331779785e-24
1.717035318908243e-24
1.7137774135144762e-24
1.7108441847938762e-24
1.7082270901809087e-24
1.7059184433223693e-24
1.70391138454991e-24
1.7021998542032797e-24
1.7007785680822962e-24
1.6996429955186886e-24
1.6987893395508825e-24
1.6982145193257573e-24
1.6979161546705254e-24
1.697892552605629e-24
1.6981426959639497e-24
1.6986662335980578e-24
1.6994634728694914e-24
1.7005353733301054e-24
1.7018835425667513e-24
1.7035102335374463e-24
1.705418343212012e-24
1.707611413188e-24
1.7100936314186212e-24
1.7128698354402713e-24
1.7159455169141696e-24
1.719326827537492e-24
1.7230205861474007e-24
1.727034286865614e-24
1.731376108540868e-24
1.7360549251401944e-24
1.741080316790413e-24
1.7464625824869307e-24
1.752212752543318e-24
1.7583426028602377e-24
1.7648646687521742e-24
1.7717922601761514e-24
1.7791394767154325e-24
1.7869212232141344e-24
1.7951532252782817e-24
1.8038520452944064e-24
1.8130350976181425e-24
1.8227206637542156e-24
1.8329279075394865e-24
1.8436768888034575e-24
1.8549885767746496e-24
1.8668848628259183e-24
1.8793885703835514e-24
1.8925234655873197e-24
1.9063142647278845e-24
1.9207866407388675e-24
1.9359672266116974e-24
1.9518836176382677e-24
1.9685643704354323e-24
1.9860390000393954e-24
2.0043379725495827e-24
2.0234926974488986e-24
2.043535514281792e-24
2.0644996769431264e-24
2.0864193353305044e-24
2.1093295127025377e-24
2.1332660794559685e-24
2.1582657248271905e-24
2.1843659238954742e-24
2.211604902321052e-24
2.240021596950255e-24
2.269655615236131e-24
2.3005471895632214e-24
2.332737133478544e-24
2.3662667895312015e-24
2.4011779837005915e-24
2.4375129702017208e-24
2.4753143834073465e-24
2.5146251832333506e-24
2.555488605779242e-24
2.597948111858196e-24
2.6420473372974295e-24
2.6878300479389668e-24
2.7353400933620642e-24
2.784621365983396e-24
2.8357177655533623e-24
2.888673160841149e-24
2.9435313664755893e-24
3.0003361153148274e-24
3.0591310418911905e-24
3.1199596682489712e-24
3.1828653955120222e-24
3.247891509030039e-24
3.315081178071534e-24
3.38447747060224e-24
3.456123370107937e-24
3.5300618006401985e-24
3.606335659728447e-24
3.684987848954489e-24
3.766061322920147e-24
3.8495991331179195e-24
3.9356444822608024e-24
4.024240778279983e-24
4.1154317038706184e-24
4.209261270382782e-24
4.305773897501856e-24
4.405014477063281e-24
4.507028451958794e-24
4.611861888338328e-24
4.719561558602437e-24
4.830175009658794e-24
4.943750645686196e-24
5.060337811014474e-24
5.1799868641563264e-24
5.302749253929836e-24
5.4286775919916865e-24
5.5578257354960784e-24
5.6902488484451284e-24
5.8260034891918666e-24
5.9651476518554655e-24
6.107740853495075e-24
6.2538441857329696e-24
6.403520379533368e-24
6.556833862281246e-24
6.713850798533613e-24
6.874639154579182e-24
7.039268741624465e-24
7.207811254625248e-24
7.380340324969348e-24
7.556931531529383e-24
7.737662477004249e-24
7.922612773881733e-24
8.111864111021694e-24
8.30550024699613e-24
8.503607067764543e-24
8.706272565216799e-24
8.913586887977417e-24
9.125642335020124e-24
9.342533374234152e-24
9.564356664245348e-24
9.791211018625046e-24
1.0023197458530778e-23
1.0260419187772023e-23
1.0502981570367056e-23
1.0750992178597035e-23
1.1004560725593463e-23
1.1263799092697722e-23
1.1528821290034093e-23
1.179974347790186e-23
1.2076683894941014e-23
1.2359762842523832e-23
1.2649102733225179e-23
1.2944827944024709e-23
1.3247064814026632e-23
1.3555941726752928e-23
1.387158886543651e-23
1.4194138337822645e-23
1.452372403154618e-23
1.4860481581034772e-23
1.5204548339797204e-23
1.5556063252155526e-23
1.591516684766582e-23
1.6282001204826978e-23
1.6656709691551473e-23
1.7039437129347672e-23
1.7430329524004148e-23
1.782953404504576e-23
1.8237199010155172e-23
1.8653473585870067e-23
1.9078507938684443e-23
1.9512453011377594e-23
1.9955460167636313e-23
2.040768166074254e-23
2.086927016863778e-23
2.1340378465199827e-23
2.1821159865116785e-23
2.2311767659117243e-23
2.2812355348483825e-23
