2.5628201584063543e-23
2.564474070267172e-23
2.566051121285537e-23
2.5675546572328598e-23
2.5689878678880103e-23
2.5703537938086945e-23
2.571655332783831e-23
2.5728952459842606e-23
2.574076163822429e-23
2.575200591535469e-23
2.5762709145010483e-23
2.57728940329939e-23
2.578258218532827e-23
2.5791794154093253e-23
2.5800549481040368e-23
2.5808866739065397e-23
2.5816763571602084e-23
2.582425673006707e-23
2.5831362109408026e-23
2.583809478179859e-23
2.584446902865391e-23
2.585049837089325e-23
2.5856195597634912e-23
2.5861572793318573e-23
2.586664136336014e-23
2.5871412058294077e-23
2.587589499661803e-23
2.5880099686214092e-23
2.5884035044547203e-23
2.5887709417512278e-23
2.5891130597174327e-23
2.5894305838273423e-23
2.5897241873560762e-23
2.5899944928106164e-23
2.590242073242464e-23
2.5904674534686028e-23
2.5906711111720004e-23
2.5908534779209693e-23
2.591014940074778e-23
2.5911558396013845e-23
2.5912764747972148e-23
2.5913771009177477e-23
2.5914579307101256e-23
2.5915191348618228e-23
2.5915608423552787e-23
2.5915831407307233e-23
2.5915860762693533e-23
2.5915696540788988e-23
2.5915338380962404e-23
2.5914785510045814e-23
2.59140367404828e-23
2.5913090467778046e-23
2.591194466688407e-23
2.5910596887852122e-23
2.5909044250333764e-23
2.590728343737362e-23
2.5905310688188697e-23
2.5903121789897446e-23
2.5900712068426508e-23
2.589807637822863e-23
2.5895209091164877e-23
2.5892104084201273e-23
2.5888754726151125e-23
2.5885153863044496e-23
2.5881293802724538e-23
2.5877166297899928e-23
2.5872762528364e-23
2.5868073081385262e-23
2.586308793159765e-23
2.5857796418501918e-23
2.5852187223641067e-23
2.584624834541933e-23
2.5839967072940872e-23
2.583332995801726e-23
2.5826322785532198e-23
2.581893054211009e-23
2.581113738316456e-23
2.5802926597551553e-23
2.5794280570861206e-23
2.5785180746180172e-23
2.577560758296562e-23
2.576554051320965e-23
2.575495789627573e-23
2.5743836969555826e-23
2.5732153798301534e-23
2.5719883221349514e-23
2.57069987947346e-23
2.5693472731657143e-23
2.5679275840135328e-23
2.5664377456221186e-23
2.5648745373959084e-23
2.56323457728173e-23
2.5615143139090394e-23
2.559710018494018e-23
2.5578177761889093e-23
2.555833476993021e-23
2.5537528062852752e-23
2.551571234610909e-23
2.5492840072148784e-23
2.5468861326111086e-23
2.5443723710020337e-23
2.5417372216154543e-23
2.5389749096744142e-23
2.5360793723938497e-23
2.533044244463729e-23
2.5298628422847098e-23
2.52652814792269e-23
2.5230327915251687e-23
2.519369033238138e-23
2.5155287437058526e-23
2.5115033836655266e-23
2.5072839822348744e-23
2.502861113961534e-23
2.4982248745941914e-23
2.4933648551516501e-23
2.4882701144940762e-23
2.4829291506629587e-23
2.4773298696031023e-23
2.471459552710857e-23
2.4653048219207658e-23
2.458851602539525e-23
2.4520850840652693e-23
2.4449896778956426e-23
2.437548972802133e-23
2.4297456866618696e-23
2.421561616073022e-23
2.4129775812974e-23
2.403973367983824e-23
2.3945276648729505e-23
2.384617996727948e-23
2.3742206524300456e-23
2.3633106081479046e-23
2.3518614438425473e-23
2.33984525513241e-23
2.32723255575321e-23
2.3139921750733113e-23
2.3000911456817048e-23
2.2854945824059288e-23
2.2701655507453135e-23
2.2540649258921305e-23
2.2371512376139282e-23
2.2193805025093023e-23
2.2007060420958095e-23
2.1810782823542156e-23
2.160444537651381e-23
2.138748772030046e-23
2.1159313379683717e-23
2.091928690943208e-23
2.0666730743751393e-23
2.040092172402365e-23
2.0121087281864946e-23
1.9826401198115228e-23
1.9515978935789386e-23
1.9188872431393516e-23
1.8844064327473823e-23
1.8480461555998438e-23
1.8096888181570874e-23
1.7692077410640778e-23
1.726466269717422e-23
1.6813167803037214e-23
1.6335995668828946e-23
1.5831416142916868e-23
1.5297552228995122e-23
1.4732365103411798e-23
1.4133637805691457e-23
1.3498957979049042e-23
1.2825700441529856e-23
1.2111011245397174e-23
1.1351796494577502e-23
1.0544723041260692e-23
9.686245477207053e-24
8.772691680853325e-24
7.8004818350357e-24
6.76667247496328e-24
5.670373614264111e-24
4.516872882898118e-24
3.332028619091538e-24
2.2268317161533637e-24
1.688385674126846e-24
2.4251516151021475e-24
3.929906075157172e-24
5.7716034979697584e-24
7.858551152495447e-24
1.018456822337741e-23
1.277001641758612e-23
1.5649664675667016e-23
1.8870935644934015e-23
2.2495706361011769e-23
2.6604378291934954e-23
3.130244317614697e-23
3.6730622067322846e-23
4.3080681961576695e-23
5.062082801162894e-23
5.973806975292543e-23
7.101237837412219e-23
8.535436248149778e-23
1.0428035852031873e-22
1.3051644267912618e-22
1.6950241831902887e-22
2.338643962597488e-22
3.609017742198243e-22
