1.2593194538137311e-24
1.279559700085571e-24
1.303839009368724e-24
1.3316055632300095e-24
1.362378875190289e-24
1.3957473946299984e-24
1.4313636723331064e-24
1.4689381804393506e-24
1.508232607352771e-24
1.5490531884466975e-24
1.591244420053172e-24
1.6346833449377832e-24
1.6792744876739338e-24
1.724945447777073e-24
1.771643116872118e-24
1.8193304642554927e-24
1.8679838264302824e-24
1.917590634938432e-24
1.9681475204009418e-24
2.0196587362966792e-24
2.072134852477586e-24
2.1255916752430344e-24
2.1800493567970253e-24
2.235531662721902e-24
2.2920653710206102e-24
2.349679780449325e-24
2.4084063097537465e-24
2.46827817222913e-24
2.5293301128643447e-24
2.5915981973572513e-24
2.655119644130338e-24
2.7199326920037354e-24
2.7860764974098356e-24
2.8535910561225155e-24
2.922517145185995e-24
2.9928962817216855e-24
3.064770695522318e-24
3.138183313210305e-24
3.2131777518256063e-24
3.2897983202706508e-24
3.368090027239195e-24
3.448098594421264e-24
3.529870474132295e-24
3.613452870594503e-24
3.6988937641083125e-24
3.786241937761711e-24
3.875547006120962e-24
3.96685944563792e-24
4.0602306263353445e-24
4.155712844839028e-24
4.253359358195216e-24
4.353224418629493e-24
4.45536330900519e-24
4.559832378872223e-24
4.666689081092377e-24
4.775992009036685e-24
4.8878009341230604e-24
5.002176843997266e-24
5.119181980974555e-24
5.238879881103544e-24
5.361335413540883e-24
5.486614820478376e-24
5.614785757528464e-24
5.745917334643698e-24
5.880080157418481e-24
6.0173463691669745e-24
6.157789693358167e-24
6.301485476848731e-24
6.4485107335779286e-24
6.598944189028989e-24
6.75286632539772e-24
6.910359427465603e-24
7.071507629200955e-24
7.236396961222374e-24
7.4051153991024e-24
7.57775291246671e-24
7.754401515018019e-24
7.935155315641066e-24
8.120110570159908e-24
8.309365734482891e-24
8.503021518596576e-24
8.701180941496542e-24
8.903949387547787e-24
9.111434663852997e-24
9.323747058634079e-24
9.540999401214645e-24
9.763307122854271e-24
9.990788319307213e-24
1.0223563814272819e-23
1.0461757224603779e-23
1.070549502670862e-23
1.0954906624502395e-23
1.1210124418790575e-23
1.1471283878267455e-23
1.1738523612035496e-23
1.2011985443733604e-23
1.2291814487317658e-23
1.2578159224766716e-23
1.2871171584987297e-23
1.3171007025325982e-23
1.3477824613963922e-23
1.3791787115111286e-23
1.4113061075526524e-23
1.444181691315088e-23
1.4778229007986272e-23
1.512247579464051e-23
1.5474739857569948e-23
1.5835208027842295e-23
1.6204071482760733e-23
1.6581525847110505e-23
1.6967771297540604e-23
1.7363012668655827e-23
1.7767459561835226e-23
1.8181326456632837e-23
1.860483282461304e-23
1.9038203245840237e-23
1.948166752833303e-23
1.9935460829703392e-23
2.039982378223448e-23
2.0875002620394526e-23
2.136124931186642e-23
2.1858821690633068e-23
2.236798359439968e-23
2.2889005004225593e-23
2.342216218777883e-23
2.3967737845976025e-23
2.4526021263026664e-23
2.509730845943443e-23
2.56819023496051e-23
2.6280112902213829e-23
2.689225730451785e-23
2.751866013057626e-23
2.815965351374596e-23
2.881557732216833e-23
2.948677933970422e-23
3.017361544975065e-23
3.0876449824418535e-23
3.159565511719324e-23
3.2331612660910617e-23
3.308471266979487e-23
3.385535444633366e-23
3.4643946593005425e-23
3.545090722873652e-23
3.627666421104599e-23
3.712165536252085e-23
3.798632870284464e-23
3.8871142686667923e-23
3.977656644631583e-23
4.070308004093457e-23
4.165117471018325e-23
4.262135313566248e-23
4.3614129706500073e-23
4.4630030792607984e-23
4.5669595023469783e-23
4.673337357375158e-23
4.7821930455302497e-23
4.893584281624183e-23
5.0075701246798415e-23
5.1242110092596147e-23
5.2435687774595314e-23
5.365706711716803e-23
5.490689568331422e-23
5.618583611794651e-23
5.749456649911443e-23
5.883378069740898e-23
6.020418874336237e-23
6.160651720440894e-23
6.304150956890994e-23
6.450992664129113e-23
6.60125469442368e-23
6.755016713166438e-23
6.912360241092642e-23
7.073368697462262e-23
7.238127444226873e-23
7.406723831307477e-23
7.579247242856848e-23
7.755789144601611e-23
7.93644313230488e-23
8.121304981305818e-23
8.31047269734197e-23
8.504046568342056e-23
8.70212921767895e-23
8.904825658411949e-23
9.112243348895416e-23
9.32449224980975e-23
9.541684882207742e-23
9.763936387243186e-23
9.99136458708662e-23
1.022409004723064e-22
1.0462236140383623e-22
1.0705929111775523e-22
1.0955298145945257e-22
1.1210475435058078e-22
1.1471596248960294e-22
1.1738799006646318e-22
1.2012225349590878e-22
1.2292020216558528e-22
1.257833192031334e-22
1.2871312226015012e-22
1.3171116431523268e-22
1.347790344935626e-22
