7.042685361396069e-23
7.118010840666426e-23
7.18976221162883e-23
7.258091750395115e-23
7.323144466812135e-23
7.385058412664453e-23
7.443964975058088e-23
7.499989155604584e-23
7.55324983601363e-23
7.603860030648599e-23
7.651927126596061e-23
7.697553111747802e-23
7.740834791395132e-23
7.781863993787784e-23
7.820727765099211e-23
7.857508554212218e-23
7.892284387717638e-23
7.925129035500445e-23
7.956112167262445e-23
7.985299500315085e-23
8.012752938956083e-23
8.038530705725997e-23
8.062687464821552e-23
8.085274437923612e-23
8.106339512697166e-23
8.125927344169281e-23
8.144079449227402e-23
8.160834294406624e-23
8.176227377176684e-23
8.190291300875295e-23
8.203055843464388e-23
8.214548020234319e-23
8.224792140596559e-23
8.233809859075486e-23
8.241620220603045e-23
8.248239700211309e-23
8.253682237195052e-23
8.257959263810652e-23
8.261079728572833e-23
8.263050114178762e-23
8.263874450096179e-23
8.263554319831436e-23
8.262088862878472e-23
8.25947477134382e-23
8.255706281226912e-23
8.250775158322417e-23
8.244670678694114e-23
8.237379603670128e-23
8.22888614927931e-23
8.219171950044927e-23
8.208216017038016e-23
8.19599469006708e-23
8.18248158389026e-23
8.167647528283616e-23
8.151460501824198e-23
8.133885559194519e-23
8.114884751823141e-23
8.094417041641316e-23
8.072438207723073e-23
8.048900745563563e-23
8.023753758709567e-23
7.996942842453088e-23
7.96840995927038e-23
7.938093305653763e-23
7.905927169977231e-23
7.871841780983559e-23
7.83576314647717e-23
7.797612881757806e-23
7.757308027300461e-23
7.714760855159048e-23
7.669878663519486e-23
7.622563558803738e-23
7.572712224664895e-23
7.520215677181375e-23
7.464959005502293e-23
7.406821097138177e-23
7.345674347041883e-23
7.281384349552229e-23
7.213809572221405e-23
7.142801010448574e-23
7.068201821798648e-23
6.989846938763381e-23
6.907562658668088e-23
6.8211662092947e-23
6.730465288712133e-23
6.635257577673475e-23
6.535330222823524e-23
6.430459288824224e-23
6.320409177353419e-23
6.204932010796157e-23
6.083766978249833e-23
5.956639641323377e-23
5.823261196981162e-23
5.683327694520694e-23
5.536519203539563e-23
5.382498929560643e-23
5.2209122737760677e-23
5.051385833221851e-23
4.873526337560591e-23
4.6869195186888866e-23
4.491128909575722e-23
4.2856945693582495e-23
4.070131733023442e-23
3.8439293866451657e-23
3.6065487743600946e-23
3.35742185360686e-23
3.095949736372479e-23
2.82150119957532e-23
2.533411451254318e-23
2.2309815951788743e-23
1.9134799400045432e-23
1.5801485232584704e-23
1.2302267580615341e-23
8.6304798120938e-24
4.7864314048250974e-24
9.564583291581205e-25
3.653014409912402e-24
8.103146886074318e-24
1.2807006528264528e-23
1.775820381605156e-23
2.296679344165702e-23
2.844596362282759e-23
3.42104308606218e-23
4.0276116666303387e-23
4.666009760298133e-23
5.338063977154537e-23
6.04572688066409e-23
6.791086017628212e-23
7.576374477415558e-23
8.403982846699203e-23
9.276472581882644e-23
1.0196590901896071e-22
1.1167287354892826e-22
1.2191732255006376e-22
1.3273337222910132e-22
1.4415778107951198e-22
1.5623020614921429e-22
1.6899349013082742e-22
1.824939836842527e-22
1.9678190816274807e-22
2.1191176475352534e-22
2.2794279719971654e-22
2.449395164423425e-22
2.6297229712434086e-22
2.821180577925017e-22
3.02461038754763e-22
3.240936945389786e-22
3.471177211363196e-22
3.7164524235625925e-22
3.978001850962015e-22
4.257198793265258e-22
4.555569273659039e-22
4.874813962302468e-22
5.216834011439095e-22
5.583761633574213e-22
5.977996472632805e-22
6.4022491036080895e-22
6.859593331729192e-22
7.353529435825633e-22
7.888061166929338e-22
8.46779005222952e-22
9.098031820070272e-22
9.784961112259309e-22
1.0535793015304418e-21
1.135901265595434e-21
1.2264668450152383e-21
1.326475081340071e-21
1.4373686270549689e-21
1.5608990897973367e-21
1.6992146209425047e-21
1.854979056680846e-21
2.0315368040387646e-21
2.233145299721593e-21
2.4653097409224125e-21
2.7352765411321284e-21
3.05278130473824e-21
3.431217875469059e-21
3.889534516649997e-21
4.455443958408317e-21
5.171147578207387e-21
6.1042102153577826e-21
7.369929187188787e-21
9.182334661763649e-21
1.1987817959577348e-20
1.6892646163254837e-20
2.753561052705532e-20
6.402591623099749e-20
8.475147044809324e-20
3.369850572948783e-20
2.059199277968935e-20
1.4947926061742107e-20
1.182909094247211e-20
9.855010553000975e-21
8.494436127613145e-21
7.500284953958307e-21
6.742250862316023e-21
6.1451609934921026e-21
5.662622747151441e-21
5.2644587329931415e-21
4.930192298293273e-21
4.645438527251849e-21
