1.7268673508704535e-24
1.7200392678009637e-24
1.7138148501790392e-24
1.708143684358228e-24
1.702979198855985e-24
1.698278422626363e-24
1.6940017505840036e-24
1.690112717528005e-24
1.6865777813364068e-24
1.6833661160571832e-24
1.680449415300948e-24
1.677801706153772e-24
1.675399173670553e-24
1.673219995874289e-24
1.671244189081261e-24
1.669453463286054e-24
1.6678310872693546e-24
1.666361763049756e-24
1.6650315092545115e-24
1.6638275529728962e-24
1.6627382296308198e-24
1.6617528904326252e-24
1.6608618169056866e-24
1.6600561421032465e-24
1.6593277780220316e-24
1.6586693488147983e-24
1.6580741293869123e-24
1.6575359889930797e-24
1.657049339465359e-24
1.65660908772158e-24
1.6562105922317845e-24
1.6558496231335582e-24
1.655522325708182e-24
1.655225186953752e-24
1.654955005002759e-24
1.6547088611553415e-24
1.65448409431285e-24
1.65427827761587e-24
1.6540891971021763e-24
1.6539148322152321e-24
1.6537533380109363e-24
1.6536030289187438e-24
1.6534623639229092e-24
1.653329933050784e-24
1.653204445049706e-24
1.653084716157499e-24
1.6529696598735654e-24
1.652858277641605e-24
1.6527496503757416e-24
1.6526429307522133e-24
1.6525373362057665e-24
1.6524321425793559e-24
1.6523266783602039e-24
1.6522203194739391e-24
1.6521124845767043e-24
1.6520026308218982e-24
1.6518902500603676e-24
1.6517748654385438e-24
1.6516560283850413e-24
1.6515333159450219e-24
1.65140632845024e-24
1.6512746875153889e-24
1.6511380343299805e-24
1.6509960282519195e-24
1.6508483456846705e-24
1.6506946792374137e-24
1.650534737167322e-24
1.650368243084311e-24
1.6501949359740278e-24
1.6500145704701762e-24
1.6498269174476242e-24
1.6496317649277522e-24
1.6494289192861065e-24
1.649218206831822e-24
1.6489994757316603e-24
1.6487725983247723e-24
1.6485374738832573e-24
1.6482940317944842e-24
1.6480422352541226e-24
1.6477820855045374e-24
1.64751362664247e-24
1.6472369510857248e-24
1.6469522057236122e-24
1.646659598892621e-24
1.6463594081218228e-24
1.6460519889080975e-24
1.645737784456143e-24
1.645417336616452e-24
1.6450912980255277e-24
1.6447604457061758e-24
1.6444256961274091e-24
1.6440881220312516e-24
1.6437489711287902e-24
1.6434096867880381e-24
1.6430719311741737e-24
1.6427376107309402e-24
1.6424089046069749e-24
1.6420882961341139e-24
1.641778607689301e-24
1.6414830393787288e-24
1.6412052118309223e-24
1.6409492136067075e-24
1.640719653745596e-24
1.64052171976444e-24
1.6403612419134597e-24
1.6402447641918045e-24
1.640179622814964e-24
1.640174032684918e-24
1.6402371832887863e-24
1.64037934393579e-24
1.6406119801354758e-24
1.6409478815360795e-24
1.6414013029401598e-24
1.6419881189290345e-24
1.642725994168306e-24
1.6436345696645689e-24
1.6447356669791162e-24
1.646053511552454e-24
1.6476149760933411e-24
1.6494498463179512e-24
1.6515911086715932e-24
1.6540752634603534e-24
1.6569426620793307e-24
1.6602378713850385e-24
1.6640100639377277e-24
1.668313435467744e-24
1.6732076498342426e-24
1.6787583091083374e-24
1.6850374494152202e-24
1.6921240587203474e-24
1.7001046149323134e-24
1.7090736401551028e-24
1.719134266928149e-24
1.730398807993911e-24
1.7429893269111327e-24
1.7570381995202866e-24
1.7726886563764263e-24
1.7900953014172115e-24
1.8094245941039545e-24
1.8308552876490647e-24
1.854578817341696e-24
1.8807996289204247e-24
1.909735446546815e-24
1.941617476987998e-24
1.976690548343185e-24
2.0152131977463325e-24
2.0574576995537313e-24
2.103710064428663e-24
2.1542699950594627e-24
2.2094508423506748e-24
2.269579539639488e-24
2.3349965471391346e-24
2.4060557876695264e-24
2.4831245763206308e-24
2.5665835092725115e-24
2.6568262881946015e-24
2.754259400365576e-24
2.8593015942523622e-24
2.9723830440718584e-24
3.0939440311429286e-24
3.2244330348653197e-24
3.3643039678755836e-24
3.51401234990754e-24
3.674010096412009e-24
3.844738621073639e-24
4.026619867748954e-24
4.2200447925625095e-24
4.425358973888629e-24
4.642844782252691e-24
4.87269983437724e-24
5.1150112556973644e-24
5.369725799883987e-24
5.63661588953662e-24
5.915242232550641e-24
6.204914105869864e-24
6.504649539794916e-24
6.813138010785396e-24
7.128709795126517e-24
7.44931671647271e-24
7.772529970294922e-24
8.095560320130356e-24
8.41530603616821e-24
8.72843115261054e-24
9.03147423289905e-24
9.320983295908122e-24
9.593668634894613e-24
9.846560499598959e-24
1.0077157130065483e-23
1.0283546738922905e-23
1.0464492366074656e-23
1.0619468979342809e-23
1.0748654215554055e-23
1.0852873684629262e-23
1.0933513376532406e-23
1.0992408587977191e-23
1.1031725040446335e-23
1.1053841748454761e-23
1.1061244648832102e-23
1.1056438151128702e-23
1.1041874676073172e-23
1.1019905920202901e-23
