6.063694414313424e-24
5.8985776741751715e-24
5.735077999160539e-24
5.572853583311942e-24
5.411565972297574e-24
5.250879431602931e-24
5.090460336547831e-24
4.9299765868487075e-24
4.769097049805583e-24
4.6074910380727245e-24
4.444827830625693e-24
4.28077624932545e-24
4.115004308995371e-24
3.947178967085285e-24
3.776966011304104e-24
3.604030142545668e-24
3.428035340247328e-24
3.2486456454165877e-24
3.0655265762676343e-24
2.8783475275935693e-24
2.686785745742698e-24
2.4905329134533064e-24
2.2893062285735686e-24
2.082867578765226e-24
1.8710581019395625e-24
1.653863916593207e-24
1.4315500956795059e-24
1.2049590282164122e-24
9.762545222217768e-25
7.510603126338987e-25
5.456123892835322e-25
4.1000759581099613e-25
4.372825738985446e-25
6.202499627745549e-25
8.764934087734538e-25
1.167733464894411e-24
1.4815254418387287e-24
1.8135198657940423e-24
2.1621381613236874e-24
2.5269186883354026e-24
2.90791963744242e-24
3.305472551775221e-24
3.72006913903208e-24
4.152304762270499e-24
4.602848317287485e-24
5.072425333654808e-24
5.5618081162029484e-24
6.071809826913744e-24
6.603280864604106e-24
7.157106629497513e-24
7.734206143629534e-24
8.335531208738569e-24
8.962065903385168e-24
9.614826291740217e-24
1.0294860259365029e-23
1.100324741800088e-23
1.1741099038382789e-23
1.250955798122116e-23
1.3309798603870415e-23
1.414302662527045e-23
1.5010478935288203e-23
1.5913423337145473e-23
1.6853158213557685e-23
1.7831012108674935e-23
1.8848343219268358e-23
1.9906538789590433e-23
2.1007014405490014e-23
2.215121318425214e-23
2.3340604857724515e-23
2.457668474726046e-23
2.586097263012474e-23
2.7195011498241563e-23
2.858036621120869e-23
3.0018622046780345e-23
3.151138315385226e-23
3.3060270913411455e-23
3.466692221546334e-23
3.633298766070065e-23
3.806012969731035e-23
3.985002070516362e-23
4.170434104087166e-23
4.362477705820545e-23
4.561301912113478e-23
4.767075962587369e-23
4.979969105197335e-23
5.200150406104945e-23
5.427788566462676e-23
5.663051748240312e-23
5.906107411053014e-23
6.157122162522537e-23
6.41626162398262e-23
6.683690313815977e-23
6.959571550501116e-23
7.244067376931625e-23
7.537338508566077e-23
7.839544306212065e-23
8.15084277532551e-23
8.471390592952415e-23
8.801343163366663e-23
9.14085470308249e-23
9.490078355467027e-23
9.849166335567346e-23
1.0218270104374602e-22
1.05975405726034e-22
1.0987128334034583e-22
1.138718392429304e-22
1.1797858107878903e-22
1.2219302190255328e-22
1.2651668350131904e-22
1.3095109996906886e-22
1.3549782143459446e-22
1.401584179904522e-22
1.4493448372290522e-22
1.4982764090066145e-22
1.5483954422571115e-22
1.599718851796581e-22
1.6522639641978603e-22
1.7060485612642971e-22
1.761090925049619e-22
1.8174098801144555e-22
1.8750248382122494e-22
1.9339558407960558e-22
1.994223599996606e-22
2.0558495411179398e-22
2.1188558418153267e-22
2.183265470886605e-22
2.2491022261442244e-22
2.3163907712255945e-22
2.3851566693450844e-22
2.455426418398418e-22
2.527227482481303e-22
2.600588324545277e-22
2.6755384322426967e-22
2.7521083520365407e-22
2.8303297098347455e-22
2.910235244940034e-22
2.991858823423576e-22
3.075235482969391e-22
3.1604014227584675e-22
3.247394064824643e-22
3.336252050262043e-22
3.427015268280623e-22
3.519724867225288e-22
3.614423288856366e-22
3.711154297051498e-22
3.809962954155886e-22
3.9108956987615194e-22
4.014000320416562e-22
4.1193259993955133e-22
4.2269233145708777e-22
4.336844312571071e-22
4.449142431277561e-22
4.563872601557761e-22
4.681091272826399e-22
4.8008563782224295e-22
4.923227353511555e-22
5.0482652946923405e-22
5.17603281336113e-22
5.306594098266213e-22
5.440015034423266e-22
5.576363125873797e-22
5.71570764401715e-22
5.858119503446487e-22
6.003671263089042e-22
6.152437533167437e-22
6.304494511493811e-22
6.459920284849906e-22
6.6187947861586805e-22
6.781199964641276e-22
6.947219646675576e-22
7.116939563842417e-22
7.2904475997248835e-22
7.467833641135015e-22
7.649189450568938e-22
7.834609346749802e-22
8.024189642890679e-22
8.218028552419744e-22
8.416227013494422e-22
8.61888804049974e-22
8.826117091328289e-22
9.038022083988167e-22
9.254713185237991e-22
9.476302012070089e-22
9.702905611090572e-22
9.934641077549956e-22
1.017162934750302e-21
1.0413992588170532e-21
1.0661858191953838e-21
1.091535212454169e-21
1.1174609435449245e-21
1.1439762617900736e-21
1.171095033163841e-21
1.198831104846596e-21
1.2271990579622655e-21
1.2562132553157935e-21
1.2858891504237059e-21
1.3162415923849285e-21
1.3472863834298604e-21
1.3790396789942414e-21
1.411517159563306e-21
1.4447363064489343e-21
