8.806589774983092e-24
8.806541679959062e-24
8.8064963495401e-24
8.806453471278523e-24
8.806412756962757e-24
8.806373940330902e-24
8.806336774978307e-24
8.806301032441583e-24
8.806266500443415e-24
8.8062329812834e-24
8.80620029036191e-24
8.806168254824605e-24
8.806136712316825e-24
8.806105509837494e-24
8.806074502683535e-24
8.806043553476129e-24
8.806012531261204e-24
8.805981310677156e-24
8.805949771183118e-24
8.805917796342071e-24
8.805885273153186e-24
8.805852091428517e-24
8.805818143209417e-24
8.805783322218448e-24
8.805747523343003e-24
8.805710642146884e-24
8.805672574406948e-24
8.805633215671085e-24
8.805592460835566e-24
8.805550203738477e-24
8.805506336767065e-24
8.805460750476933e-24
8.805413333220585e-24
8.805363970783695e-24
8.805312546027031e-24
8.805258938532426e-24
8.80520302425106e-24
8.805144675152576e-24
8.805083758873412e-24
8.805020138363083e-24
8.804953671526912e-24
8.804884210863937e-24
8.804811603098726e-24
8.804735688805851e-24
8.804656302025702e-24
8.804573269870631e-24
8.804486412119986e-24
8.804395540803074e-24
8.80430045976878e-24
8.804200964240554e-24
8.80409684035586e-24
8.803987864688497e-24
8.803873803753031e-24
8.803754413489622e-24
8.803629438728378e-24
8.803498612631752e-24
8.803361656113675e-24
8.803218277234155e-24
8.803068170567766e-24
8.802911016544804e-24
8.802746480763509e-24
8.802574213271745e-24
8.802393847816626e-24
8.802205001060509e-24
8.802007271761373e-24
8.801800239916048e-24
8.801583465864306e-24
8.801356489351956e-24
8.801118828550643e-24
8.800869979032761e-24
8.800609412698739e-24
8.80033657665469e-24
8.800050892038028e-24
8.799751752788448e-24
8.799438524361634e-24
8.799110542383139e-24
8.798767111239336e-24
8.798407502602702e-24
8.798030953888079e-24
8.79763666663683e-24
8.797223804825353e-24
8.796791493094518e-24
8.796338814896089e-24
8.795864810552564e-24
8.795368475225836e-24
8.79484875679102e-24
8.794304553610461e-24
8.793734712203595e-24
8.793138024807575e-24
8.792513226823577e-24
8.791858994143657e-24
8.791173940352258e-24
8.790456613796696e-24
8.789705494520472e-24
8.788918991053133e-24
8.788095437049709e-24
8.78723308777305e-24
8.786330116411606e-24
8.785384610224925e-24
8.784394566509067e-24
8.783357888373445e-24
8.782272380320413e-24
8.781135743618401e-24
8.779945571459193e-24
8.778699343889254e-24
8.777394422504744e-24
8.776028044899336e-24
8.774597318853428e-24
8.773099216252924e-24
8.771530566725226e-24
8.769888050979273e-24
8.768168193836457e-24
8.766367356937918e-24
8.764481731113803e-24
8.762507328399027e-24
8.760439973679406e-24
8.75827529595154e-24
8.756008719179122e-24
8.753635452727299e-24
8.751150481356302e-24
8.748548554754689e-24
8.745824176591508e-24
8.742971593066187e-24
8.739984780933902e-24
8.736857434983275e-24
8.733582954942492e-24
8.730154431788826e-24
8.726564633435764e-24
8.722805989770967e-24
8.718870577017043e-24
8.714750101386674e-24
8.710435882001973e-24
8.70591883304764e-24
8.701189445125802e-24
8.696237765780141e-24
8.69105337915543e-24
8.685625384757812e-24
8.67994237528045e-24
8.673992413458223e-24
8.667763007914141e-24
8.661241087960056e-24
8.65441297731297e-24
8.647264366688532e-24
8.639780285232505e-24
8.631945070751175e-24
8.623742338701934e-24
8.615154949905492e-24
8.6061649769424e-24
8.596753669197264e-24
8.586901416516268e-24
8.576587711445604e-24
8.565791110021536e-24
8.554489191086437e-24
8.542658514110057e-24
8.530274575500845e-24
8.51731176339948e-24
8.50374331095525e-24
8.489541248096238e-24
8.474676351817029e-24
8.459118095022381e-24
8.442834593983214e-24
8.42579255448243e-24
8.407957216753566e-24
8.389292299344824e-24
8.369759942076629e-24
8.349320648303124e-24
8.327933226737055e-24
8.305554733156805e-24
8.282140412383501e-24
8.257643640998627e-24
8.23201587136935e-24
8.205206577664843e-24
8.177163204682497e-24
8.147831120465859e-24
8.117153573887473e-24
8.085071658599225e-24
8.051524285024193e-24
8.01644816238815e-24
7.979777793175832e-24
7.941445482858878e-24
7.901381368295622e-24
7.859513468866163e-24
7.815767765202947e-24
7.77006831133545e-24
7.722337387223696e-24
7.67249570005139e-24
7.620462644338964e-24
7.56615663298669e-24
7.509495513846808e-24
7.450397089455455e-24
7.388779761251365e-24
7.324563324124143e-24
7.25766994266148e-24
7.188025347234873e-24
7.115560296369257e-24
7.04021236203461e-24
6.961928107011323e-24
6.880665738832093e-24
6.796398343608008e-24
6.70911782601891e-24
6.61883970968339e-24
