2.4880498372039457e-24
2.4649860708589228e-24
2.4434698844807954e-24
2.4234427653508016e-24
2.404849849052398e-24
2.38763979073973e-24
2.3717646410489123e-24
2.357179726606928e-24
2.3438435350194394e-24
2.331717604322791e-24
2.320766416774145e-24
2.310957296937899e-24
2.3022603139702743e-24
2.2946481880209313e-24
2.288096200669671e-24
2.2825821092352023e-24
2.278086064909509e-24
2.2745905345303196e-24
2.2720802258766644e-24
2.2705420163374482e-24
2.269964884772838e-24
2.27033984641622e-24
2.2716598906198324e-24
2.273919921270496e-24
2.277116699675539e-24
2.281248789720287e-24
2.286316505076868e-24
2.2923218583262195e-24
2.299268511685122e-24
2.3071617292420026e-24
2.3160083304415184e-24
2.325816644639322e-24
2.3365964665750122e-24
2.3483590125094834e-24
2.3611168769932363e-24
2.3748839900017174e-24
2.389675574369275e-24
2.405508103383153e-24
2.4223992584866772e-24
2.440367886968109e-24
2.4594339596369594e-24
2.4796185284231168e-24
2.5009436839799918e-24
2.5234325131960454e-24
2.547109056858231e-24
2.5719982673301226e-24
2.598125966589101e-24
2.6255188045480786e-24
2.6542042180671188e-24
2.684210390528115e-24
2.715566212509092e-24
2.748301243548514e-24
2.7824456753695852e-24
2.8180302966603694e-24
2.8550864599299485e-24
2.893646050402756e-24
2.933741457413933e-24
2.9754055484663165e-24
3.0186716461495144e-24
3.0635735083939453e-24
3.1101453117788524e-24
3.158421638696183e-24
3.208437467963032e-24
3.260228169337969e-24
3.3138295019819054e-24
3.36927761693408e-24
3.426609063394958e-24
3.485860799271155e-24
3.5470702055661014e-24
3.610275104527016e-24
3.675513781803686e-24
3.7428250121935564e-24
3.812248088623063e-24
3.8838228548826584e-24
3.9575897411211565e-24
4.0335898019488116e-24
4.1118647579880214e-24
4.192457038810953e-24
4.275409828820107e-24
4.360767114326357e-24
4.4485737325770015e-24
4.5388754223311216e-24
4.631718874791136e-24
4.727151786281158e-24
4.825222911116745e-24
4.9259821146669274e-24
5.02948042757445e-24
5.1357700989689524e-24
5.2449046505602485e-24
5.3569389301019896e-24
5.471929164230596e-24
5.589933012230172e-24
5.711009617662556e-24
5.8352196608340925e-24
5.9626254100489604e-24
6.0932907724640825e-24
6.2272813452193504e-24
6.364664464448042e-24
6.5055092553550264e-24
6.649886680475473e-24
6.797869589540254e-24
6.949532766521967e-24
7.10495297828617e-24
7.264209022338601e-24
7.427381774439436e-24
7.594554236129907e-24
7.765811583070525e-24
7.941241211738689e-24
8.120932788235351e-24
8.304978296156418e-24
8.493472086003844e-24
8.68651092325991e-24
8.884194037898158e-24
9.086623176080694e-24
9.293902648934109e-24
9.50613938544403e-24
9.723442984445998e-24
9.945925767591089e-24
1.0173702833641521e-23
1.040689211273431e-23
1.0645614425149033e-23
1.0889993532978791e-23
1.1140156204290538e-23
1.1396232269041886e-23
1.1658354679506383e-23
1.1926659573455193e-23
1.2201286335615417e-23
1.2482377663243034e-23
1.2770079628798662e-23
1.3064541750358602e-23
1.336591705632317e-23
1.3674362156428502e-23
1.3990037312696487e-23
1.4313106508438538e-23
1.4643737524552295e-23
1.4982102013707557e-23
1.5328375575088482e-23
1.5682737830647174e-23
1.6045372507992543e-23
1.6416467511567e-23
1.6796215014094458e-23
1.7184811531003784e-23
1.7582458009306363e-23
1.7989359905874522e-23
1.8405727279593826e-23
1.8831774875573218e-23
1.9267722212065107e-23
1.97137936700865e-23
2.0170218589740768e-23
2.0637231346943732e-23
2.1115071460241967e-23
2.160398367633786e-23
2.2104218067430953e-23
2.2616030117242966e-23
2.313968082849198e-23
2.3675436807486608e-23
2.4223570364739457e-23
2.4784359616207003e-23
2.5358088573383594e-23
2.5945047237750871e-23
2.654553171532542e-23
2.7159844296969384e-23
2.7788293553681385e-23
2.843119445949543e-23
2.908886845947232e-23
2.976164358661866e-23
3.044985455569868e-23
3.115384283660159e-23
3.187395682085655e-23
3.2610551808701984e-23
3.3363990223349135e-23
3.413464160945332e-23
3.492288280322654e-23
3.572909796590432e-23
3.6553678728401945e-23
3.739702426128619e-23
3.8259541366102147e-23
3.9141644600544854e-23
4.004375633337597e-23
4.0966306894787984e-23
4.190973460034444e-23
4.2874485967569923e-23
4.386101567408086e-23
4.48697867555321e-23
4.590127073911189e-23
4.695594766175143e-23
4.803430630120038e-23
4.9136844221962105e-23
5.026406791446763e-23
5.1416493048034925e-23
5.259464444401216e-23
5.37990564878022e-23
5.503027306448049e-23
5.628884777888036e-23
5.757534471965104e-23
5.889033777880444e-23
6.023441178095656e-23
6.16081622498687e-23
6.301219616739034e-23
6.444713190569277e-23
6.591360018881167e-23
