1.356400832531423e-24
1.3332188889419492e-24
1.3117270008696381e-24
1.2918216815147157e-24
1.2734035640999725e-24
1.2563774470257928e-24
1.2406523255834742e-24
1.2261414074668641e-24
1.2127621101731364e-24
1.2004360392123465e-24
1.1890889468159665e-24
1.178650671519044e-24
1.1690550595704946e-24
1.1602398695910372e-24
1.1521466622464581e-24
1.1447206769391483e-24
1.1379106976531206e-24
1.131668910129196e-24
1.125950752512698e-24
1.1207147615210587e-24
1.1159224160383077e-24
1.111537979871043e-24
1.1075283452087339e-24
1.103862878130625e-24
1.1005132672996775e-24
1.0974533767892625e-24
1.094659103803099e-24
1.0921082418794746e-24
1.089780350016187e-24
1.0876566280164724e-24
1.0857197982366735e-24
1.0839539938144872e-24
1.0823446533702559e-24
1.0808784221031167e-24
1.0795430591456287e-24
1.0783273509956019e-24
1.077221030808491e-24
1.0762147033086277e-24
1.075299775059432e-24
1.0744683898220689e-24
1.0737133687260595e-24
1.073028154975156e-24
1.0724067628137383e-24
1.0718437304851912e-24
1.0713340769216044e-24
1.0708732619132525e-24
1.0704571495179481e-24
1.070081974481386e-24
1.0697443114519373e-24
1.0694410467861452e-24
1.0691693527531554e-24
1.0689266639590274e-24
1.0687106558239068e-24
1.068519224956758e-24
1.068350471283767e-24
1.0682026817975667e-24
1.0680743158045274e-24
1.0679639915576716e-24
1.067870474171977e-24
1.0677926647276222e-24
1.0677295904756467e-24
1.0676803960677358e-24
1.0676443357401406e-24
1.0676207663883583e-24
1.0676091414758381e-24
1.0676090057270603e-24
1.0676199905603373e-24
1.0676418102223865e-24
1.0676742585915733e-24
1.0677172066224676e-24
1.0677706004088151e-24
1.0678344598477582e-24
1.067908877892181e-24
1.0679940203830026e-24
1.0680901264580708e-24
1.0681975095385095e-24
1.0683165588981927e-24
1.0684477418264594e-24
1.0685916063989241e-24
1.0687487848760835e-24
1.068919997753696e-24
1.0691060584948565e-24
1.069307878977672e-24
1.069526475698817e-24
1.0697629767781728e-24
1.0700186298155127e-24
1.0702948106567166e-24
1.070593033132909e-24
1.0709149598424259e-24
1.0712624140528571e-24
1.0716373928072272e-24
1.0720420813258801e-24
1.0724788688036378e-24
1.0729503657093854e-24
1.0734594227039221e-24
1.0740091512996446e-24
1.0746029463944467e-24
1.0752445108206258e-24
1.0759378820566558e-24
1.0766874612589453e-24
1.0774980447763259e-24
1.0783748583168582e-24
1.0793235939413415e-24
1.080350450060855e-24
1.0814621746166721e-24
1.0826661116194815e-24
1.0839702512187644e-24
1.085383283464161e-24
1.0869146559053937e-24
1.0885746351558223e-24
1.0903743725158827e-24
1.0923259737141753e-24
1.0944425727753644e-24
1.096738409962301e-24
1.0992289136643957e-24
1.1019307860121961e-24
1.1048620918873774e-24
1.1080423508664628e-24
1.1114926314832001e-24
1.115235647016227e-24
1.119295851805162e-24
1.1236995368673747e-24
1.1284749233301562e-24
1.1336522519087425e-24
1.139263866352215e-24
1.1453442884497239e-24
1.151930281845371e-24
1.1590609015562253e-24
1.1667775257380049e-24
1.1751238659060595e-24
1.1841459515123343e-24
1.1938920845191271e-24
1.2044127594167285e-24
1.2157605440271802e-24
1.227989916442201e-24
1.2411570535813164e-24
1.2553195671526237e-24
1.2705361832648306e-24
1.2868663626046391e-24
1.3043698589571978e-24
1.3231062149314871e-24
1.343134195051925e-24
1.3645111579006257e-24
1.3872923707332546e-24
1.4115302719458139e-24
1.4372736889286942e-24
1.4645670212034508e-24
1.493449401281671e-24
1.523953848396199e-24
1.5561064331027458e-24
1.5899254736846003e-24
1.6254207882424327e-24
1.6625930291918282e-24
1.7014331294839803e-24
1.741921891983343e-24
1.7840297548394923e-24
1.8277167660753888e-24
1.872932799651211e-24
1.919618042642513e-24
1.9677037786117806e-24
2.017113485549311e-24
2.0677642578781315e-24
2.1195685510660683e-24
2.172436234724775e-24
2.2262769262657687e-24
2.2810025630410283e-24
2.3365301573618882e-24
2.392784666955557e-24
2.4497019043046082e-24
2.5072314028417474e-24
2.5653391568128728e-24
2.6240101550445237e-24
2.683250636816693e-24
2.7430900099765404e-24
2.803582386507144e-24
2.864807707816041e-24
2.926872449776357e-24
2.9899099147476487e-24
3.0540801333480928e-24
3.1195694117181414e-24
3.1865895699170313e-24
3.2553769236605624e-24
3.326191064981507e-24
3.399313497859271e-24
3.475046182999911e-24
3.553710042288328e-24
3.6356434686295075e-24
3.72120088145778e-24
3.8107513626037596e-24
3.904677401745093e-24
4.003373775595108e-24
4.10724658034357e-24
4.216712432710652e-24
4.332197851252813e-24
4.454138826208402e-24
4.582980583112646e-24
4.719177542622152e-24
4.8631934764026314e-24
5.0155018565817856e-24
5.1765863941668395e-24
5.346941760005528e-24
