1.0418247657541735e-22
1.0804287209149894e-22
1.116721228394886e-22
1.1507793087748023e-22
1.1826752375658138e-22
1.2124766987948317e-22
1.240246928808626e-22
1.2660448506018827e-22
1.289925198956481e-22
1.3119386366572527e-22
1.3321318620329482e-22
1.3505477080495262e-22
1.3672252331675752e-22
1.3821998041555862e-22
1.3955031710349507e-22
1.4071635343146202e-22
1.4172056046573685e-22
1.425650655102831e-22
1.4325165659561965e-22
1.4378178624362695e-22
1.4415657451598376e-22
1.4437681135247694e-22
1.4444295820377738e-22
1.443551489618116e-22
1.4411319018929895e-22
1.4371656064843559e-22
1.4316441012728855e-22
1.4245555756072047e-22
1.4158848844137374e-22
1.4056135151432856e-22
1.3937195474786433e-22
1.3801776057070121e-22
1.3649588036481732e-22
1.3480306820108027e-22
1.3293571380326024e-22
1.3088983472426517e-22
1.2866106771665645e-22
1.2624465927765425e-22
1.2363545534702187e-22
1.208278901342516e-22
1.1781597404951276e-22
1.1459328071091849e-22
1.111529329985561e-22
1.074875881237184e-22
1.0358942167996592e-22
9.945011064063507e-23
9.5060815266121e-23
9.041215988324211e-23
8.549421249953262e-23
8.02964632180391e-23
7.480780142612208e-23
6.901649175028828e-23
6.29101488116516e-23
5.647571091725125e-23
4.9699413076546796e-23
4.2566760440811326e-23
3.5062505533058384e-23
2.7170641495454505e-23
1.887447032136304e-23
1.0157232108993883e-23
1.0395841525917988e-24
8.635345441088554e-24
1.8735389475207823e-23
2.9340797372499335e-23
4.047277115259395e-23
5.2154977967581096e-23
6.44124857521564e-23
7.727167469314358e-23
9.076026202985504e-23
1.0490735350931761e-22
1.197435050335911e-22
1.3530079025844602e-22
1.5161287288600417e-22
1.687150833036454e-22
1.8664449955055271e-22
2.0544003273226197e-22
2.251425170725347e-22
2.457948048332579e-22
2.674418663625108e-22
2.9013089555602143e-22
3.139114210404045e-22
3.3883542341002056e-22
3.64957458873173e-22
3.9233478968902957e-22
4.21027521803275e-22
4.510987501201936e-22
4.826147118797025e-22
5.15644948641866e-22
5.502624774177905e-22
5.865439715257242e-22
6.2456995179410315e-22
6.644249887794116e-22
7.061979167180559e-22
7.499820599866328e-22
7.958754729040282e-22
8.439811937757556e-22
8.94407514151312e-22
9.472682643431824e-22
1.0026831163426285e-21
1.0607779053592398e-21
1.1216849713142507e-21
1.1855435217296633e-21
1.252500017577591e-21
1.322708583790139e-21
1.3963314462779849e-21
1.4735393974696094e-21
1.5545122925636996e-21
1.6394395788858879e-21
1.72852086095941e-21
1.821966504145826e-21
1.9199982799747803e-21
2.0228500565867896e-21
2.1307685380380214e-21
2.244014056586565e-21
2.3628614224853913e-21
2.4876008362695187e-21
2.618538869020467e-21
2.7559995166690894e-21
2.900325335030003e-21
3.0518786629597776e-21
3.211042941845879e-21
3.3782241405100588e-21
3.553852295624204e-21
3.7383831788689304e-21
3.932300103339562e-21
4.136115883153151e-21
4.3503749618384494e-21
4.575655726950236e-21
4.812573030451096e-21
5.0617809368056364e-21
5.323975723443838e-21
5.599899161411217e-21
5.890342107537959e-21
6.1961484436052964e-21
6.5182194026725634e-21
6.857518328136815e-21
7.215075917378302e-21
7.591996009088696e-21
7.989461981732225e-21
8.408743840428848e-21
8.851206080850182e-21
9.318316432105314e-21
9.811655596102383e-21
1.0332928119275489e-20
1.0883974554126057e-20
1.1466785093576532e-20
1.2083514891474295e-20
1.2736501318590317e-20
1.342828344660486e-20
1.416162410411235e-20
1.493953491090177e-20
1.5765304771612498e-20
1.664253240098411e-20
1.7575163563557467e-20
1.8567533846225275e-20
1.9624417948452865e-20
2.0751086680575155e-20
2.1953373115664685e-20
2.323774965877038e-20
2.4611418196717907e-20
2.608241599566268e-20
2.765974065379477e-20
2.935349823489526e-20
3.1175079761800624e-20
3.313737261472577e-20
3.525501516420687e-20
3.754470532040231e-20
4.002557680636665e-20
4.271966115738761e-20
4.565245913214188e-20
4.885365300806956e-20
5.23580020205791e-20
5.620647834030273e-20
6.044772249947325e-20
6.513992821296379e-20
7.035331201668206e-20
7.617339093059164e-20
8.270539431154701e-20
9.008029569914505e-20
9.846320370187366e-20
1.0806526303494952e-19
1.1916090662282814e-19
1.3211349197049854e-19
1.4741449210242062e-19
1.657454049439637e-19
1.88079377011894e-19
2.15855792972089e-19
2.5129718196851546e-19
2.980248252102927e-19
3.6236190564549846e-19
4.564213422483219e-19
6.066525186649433e-19
8.83625410777882e-19
1.5544535056075442e-18
4.604076901967931e-18
2.9055319005975997e-18
1.3224276038524264e-18
8.583828524518313e-19
6.415381852041422e-19
5.164447560270293e-19
4.351859992296286e-19
