2.3938457566156848e-24
2.4837108145088954e-24
2.5690827963149825e-24
2.6501199225605133e-24
2.7269758680056735e-24
2.7997989894194992e-24
2.868731834646363e-24
2.933910845329043e-24
2.9954661941164135e-24
3.0535217155486354e-24
3.108194902258262e-24
3.159596946352943e-24
3.2078328115735936e-24
3.2530013258230962e-24
3.2951952865151556e-24
3.3345015730361965e-24
3.3710012622890706e-24
3.404769744140716e-24
3.435876834489502e-24
3.464386884230946e-24
3.4903588827203325e-24
3.513846554841519e-24
3.534898450778455e-24
3.553558028065473e-24
3.5698637253256166e-24
3.583849027446213e-24
3.5955425218179814e-24
3.604967945537014e-24
3.6121442233002186e-24
3.61708549581258e-24
3.619801138728672e-24
3.620295771771021e-24
3.6185692581645764e-24
3.614616693986063e-24
3.6084283876673424e-24
3.599989829128062e-24
3.589281648833697e-24
3.5762795663027844e-24
3.560954328279554e-24
3.543271636177665e-24
3.523192062941084e-24
3.500670959154024e-24
3.475658348336427e-24
3.448098811579128e-24
3.4179313615552666e-24
3.3850893060832186e-24
3.34950010172592e-24
3.311085197834833e-24
3.2697598721499695e-24
3.2254330588756284e-24
3.1780071712772705e-24
3.127377921236677e-24
3.0734341392036303e-24
3.0160575996202707e-24
2.9551228586035368e-24
2.8904971136593746e-24
2.8220400991333113e-24
2.749604036910822e-24
2.6730336700361417e-24
2.5921664202843837e-24
2.5068327287097047e-24
2.4168566685547962e-24
2.3220569652413686e-24
2.2222486331174127e-24
2.1172455607268873e-24
2.006864584832904e-24
1.8909319588297885e-24
1.7692937842094e-24
1.6418332312665458e-24
1.5084998653687292e-24
1.3693615999319334e-24
1.2247013340897349e-24
1.075207660385108e-24
9.223784720982928e-25
7.694441223673009e-25
6.236281675774105e-25
5.015968774430699e-25
4.377449909990627e-25
4.711142728223841e-25
5.976554198684532e-25
7.83450484558331e-25
1.0051171475133726e-24
1.2519609218608206e-24
1.51942306855918e-24
1.8056345839320198e-24
2.1099843969593486e-24
2.4325118814351597e-24
2.773631369423424e-24
3.133998935842046e-24
3.5144448459802625e-24
3.915938564808516e-24
4.339571047822093e-24
4.786546834812413e-24
5.258182105828685e-24
5.7559066561841774e-24
6.281268676069042e-24
6.835941737047254e-24
7.421733677994648e-24
8.040597269808005e-24
8.694642650246874e-24
9.386151608402164e-24
1.0117593875964331e-23
1.0891645625856785e-23
1.171121045629384e-23
1.2579443191449662e-23
1.349977690266986e-23
1.4475953643229566e-23
1.551205946498762e-23
1.661256442592588e-23
1.7782368414335802e-23
1.9026853791105844e-23
2.0351946046681452e-23
2.1764183959152658e-23
2.3270800982484215e-23
2.487982003086721e-23
2.660016436070647e-23
2.8441787715069695e-23
3.0415827860812565e-23
3.2534788477269645e-23
3.48127557958747e-23
3.726565787164378e-23
3.991157669772682e-23
4.277112607889606e-23
4.5867912094962557e-23
4.9229097828130683e-23
5.2886101099220643e-23
5.687546315158492e-23
6.12399389534988e-23
6.60298782661109e-23
7.130499137276172e-23
7.713663087351656e-23
8.361077324819031e-23
9.083196379460921e-23
9.892860700100141e-23
1.0806016733841912e-22
1.184271334122775e-22
1.302850580515551e-22
1.4396474990218246e-22
1.599019787015505e-22
1.7868231853115124e-22
2.01110843014653e-22
2.283241139915022e-22
2.619771316865486e-22
3.04569403623736e-22
3.600429052562634e-22
4.349416709675462e-22
5.407922833136509e-22
6.991689350705801e-22
9.514136757531975e-22
1.3572311645162171e-21
1.789064998067308e-21
1.6413116555134108e-21
1.2110685811554532e-21
9.086700466207627e-22
7.198384257214037e-22
5.963118808163446e-22
5.106128105125275e-22
4.481340056462918e-22
4.007452285552563e-22
3.6364877694835752e-22
3.338580081359988e-22
3.0942644828772176e-22
2.8903529572976887e-22
2.7176106991289076e-22
2.5693864125671357e-22
2.4407717255333416e-22
2.3280670634290556e-22
2.2284318383880494e-22
2.139648772291126e-22
2.0599616752241267e-22
1.9879610531053267e-22
1.9225020901842255e-22
1.8626447605306301e-22
1.8076094107807956e-22
1.756743366892015e-22
1.7094955192655887e-22
1.665396660946588e-22
1.624044285511935e-22
1.5850905041223337e-22
1.548232527111854e-22
1.513205015402678e-22
1.4797738503260645e-22
1.4477311727952237e-22
1.416891179743748e-22
1.387086769919485e-22
1.3581666767101524e-22
1.329993118574917e-22
1.3024397917336697e-22
1.275390188132251e-22
1.2487361590591706e-22
1.2223766809069197e-22
1.1962168037933612e-22
1.1701667252219392e-22
1.1441410060105508e-22
1.1180578773588235e-22
1.0918385996052457e-22
1.0654069822920332e-22
1.0386888656422768e-22
1.0116117056494753e-22
9.84104256459142e-23
9.560961811386679e-23
