1.4910222388053656e-22
1.517141032075154e-22
1.5449497960280925e-22
1.5744239749014897e-22
1.6055412020159596e-22
1.6382812653633396e-22
1.672626074900278e-22
1.7085596312505833e-22
1.7460679956071198e-22
1.7851392607070004e-22
1.825763522562351e-22
1.8679328530636254e-22
1.9116412730861965e-22
1.956884726240267e-22
2.0036610531062665e-22
2.0519699659307306e-22
2.1018130237573e-22
2.1531936080959895e-22
2.2061168989894686e-22
2.2605898516454e-22
2.316621173537975e-22
2.3742213022577335e-22
2.4334023838428115e-22
2.4941782519098853e-22
2.5565644075133364e-22
2.620577999903192e-22
2.6862378080971424e-22
2.753564223443796e-22
2.822579233197652e-22
2.8933064052378993e-22
2.965770873757109e-22
3.0399993263254087e-22
3.116019992045516e-22
3.193862631012101e-22
3.2735585251984466e-22
3.355140470458518e-22
3.4386427702115907e-22
3.5241012302171e-22
3.6115531550326076e-22
3.7010373457844215e-22
3.792594099424191e-22
3.8862652095096795e-22
3.9820939683614435e-22
4.0801251708909957e-22
4.180405119558552e-22
4.28298163132907e-22
4.387904045688009e-22
4.495223234314063e-22
4.6049916122217075e-22
4.717263150217801e-22
4.832093389265855e-22
4.949539455590421e-22
5.069660078171449e-22
5.192515606351526e-22
5.318168030487226e-22
5.446681002276496e-22
5.578119858294751e-22
5.712551643394876e-22
5.850045136356257e-22
5.990670876252452e-22
6.134501191243114e-22
6.281610227250885e-22
6.432073980330139e-22
6.585970326239113e-22
6.743379056828297e-22
6.90438191261727e-22
7.069062621432826e-22
7.237506931852088e-22
7.409802657263045e-22
7.5860397123472125e-22
7.766310155371477e-22
7.950708231670175e-22
8.139330416065942e-22
8.332275463491203e-22
8.529644448663573e-22
8.731540816334383e-22
8.938070433775029e-22
9.14934164209685e-22
9.365465301691511e-22
9.58655485331969e-22
9.812726367286206e-22
1.0044098605784008e-21
1.0280793069270857e-21
1.0522934077873865e-21
1.077064880465148e-21
1.1024067343628071e-21
1.1283322799185928e-21
1.1548551314333487e-21
1.181989215920732e-21
1.2097487803810574e-21
1.2381483944021732e-21
1.2672029630329107e-21
1.296927730836933e-21
1.3273382887799945e-21
1.3584505832425158e-21
1.3902809240126376e-21
1.4228459876204861e-21
1.4561628330390818e-21
1.4902488993833876e-21
1.5251220288320323e-21
1.5608004568932196e-21
1.5973028346649642e-21
1.6346482350299866e-21
1.6728561517205595e-21
1.7119465261729546e-21
1.7519397404092785e-21
1.7928566283245606e-21
1.8347184977021646e-21
1.8775471210842523e-21
1.921364764137347e-21
1.966194185013593e-21
2.0120586307889575e-21
2.0589818782563705e-21
2.106988227410103e-21
2.15610250279043e-21
2.206350073496614e-21
2.2577568673183164e-21
2.310349375271686e-21
2.3641546671719925e-21
2.41920038032076e-21
2.4755147705757586e-21
2.533126690256861e-21
2.59206559866563e-21
2.652361603613784e-21
2.714045438108694e-21
2.7771484754538454e-21
2.8417027646846957e-21
2.907741010596876e-21
2.9752966079236643e-21
3.0444036341405718e-21
3.1150968718340235e-21
3.1874118039497602e-21
3.261384625763617e-21
3.3370522925312923e-21
3.414452464606971e-21
3.493623558456963e-21
3.5746047376857926e-21
3.6574359437185586e-21
3.7421578693586324e-21
3.828811988969198e-21
3.917440554068091e-21
4.0080866060253886e-21
4.100793981626326e-21
4.1956073159729255e-21
4.29257199053282e-21
4.391734275425817e-21
4.4931411882426026e-21
4.596840538573603e-21
4.7028809367130694e-21
4.811311823292047e-21
4.9221833681867445e-21
5.0355466024080094e-21
5.151453160502336e-21
5.269955743787126e-21
5.3911075319246674e-21
5.5149625322958996e-21
5.641575523112056e-21
5.771002033439842e-21
5.903297876342907e-21
6.038520117577314e-21
6.176726163696164e-21
6.317973639436609e-21
6.462321314511613e-21
6.609827932665808e-21
6.760553910581306e-21
6.914557783669812e-21
7.071901254183828e-21
7.232643938123287e-21
7.396846755587592e-21
7.564571558147046e-21
7.735878362691108e-21
7.91082851796016e-21
8.089483369625397e-21
8.271903736649791e-21
8.458149382317462e-21
8.648280913178017e-21
8.842359187231904e-21
9.04044115968778e-21
9.242586162163202e-21
9.448850284599293e-21
9.659287928628918e-21
9.873958364335004e-21
1.0092910914835023e-20
1.0316197047224705e-20
1.0543868990718461e-20
1.0775970718874487e-20
1.1012550585349739e-20
1.1253648486480952e-20
1.1499301375202593e-20
1.174955336539783e-20
1.2004427539435641e-20
1.2263960011406828e-20
1.2528173877248107e-20
1.2797079843808062e-20
1.3070696736861839e-20
1.3349051426667958e-20
1.3632120908803923e-20
1.3919898735274692e-20
1.4212421478659017e-20
1.4509627513365596e-20
1.481151024456319e-20
