1.7735927632987068e-11
1.7764865211045516e-11
1.7167088427915733e-11
1.653796864845398e-11
1.5823961360675865e-11
1.4515042869361017e-11
1.4174003642501613e-11
1.3530080899046458e-11
1.2962213308564174e-11
1.2263932967569851e-11
1.1893824640821736e-11
1.1377006968201329e-11
1.0880452985275253e-11
1.0414164240268e-11
9.787514520464443e-12
9.526667482627552e-12
9.11173314583593e-12
8.707435493334387e-12
8.337283258589939e-12
8.085686510446941e-12
7.584407681596082e-12
7.195776987484204e-12
7.0568070305740935e-12
6.587343782042055e-12
6.442110681773755e-12
6.029323235322262e-12
5.883027479014345e-12
5.51367035831067e-12
5.368742271016387e-12
5.099422800557657e-12
4.858331297008078e-12
4.634131508513645e-12
4.40587581544301e-12
4.210106149540953e-12
4.052391010907157e-12
3.855645864681363e-12
3.723369523608101e-12
3.5350759961211337e-12
3.3582077894196968e-12
3.2326823927200223e-12
3.082696815573322e-12
2.930537703680427e-12
2.813570846231048e-12
2.687128876603455e-12
2.5554309637827143e-12
2.451359315098146e-12
2.3418743182832224e-12
2.236601285781672e-12
2.1362082050658136e-12
2.0329308323082174e-12
1.954512357150255e-12
1.8583576064373853e-12
1.7801236879426166e-12
1.6962905280907025e-12
1.6197908445298704e-12
1.5423266216817383e-12
1.4729059267769062e-12
1.4121118721740812e-12
1.3459829384988462e-12
1.2820727775528072e-12
1.2240241508924574e-12
1.1685714360949632e-12
1.1178089011376977e-12
1.065572077029705e-12
1.0184090780497575e-12
9.736073854562878e-13
9.275781844664427e-13
8.852712020259824e-13
8.435492563175345e-13
8.068885140424024e-13
7.692034750761756e-13
7.336942507577871e-13
7.000185115082501e-13
6.680879645178872e-13
6.373563119708511e-13
6.07371649813505e-13
5.805442061636532e-13
5.5314990437994e-13
5.275764085097541e-13
5.035597760710133e-13
4.797732149619576e-13
4.574631875586675e-13
4.358464083660154e-13
4.157346543174371e-13
3.964071599497541e-13
3.780992983837901e-13
3.59889012886485e-13
3.4318622336529387e-13
3.270199555960602e-13
3.1146190788117604e-13
2.9667036179530285e-13
2.8275049599557116e-13
2.6928547281822e-13
2.5632821977538636e-13
2.4406795006008496e-13
2.3252155643354245e-13
2.2118109408732078e-13
2.1057813101816429e-13
2.0031049771409026e-13
1.9063485093544566e-13
1.8132337108624745e-13
1.7244368609640552e-13
1.639568053475772e-13
1.5585524181550302e-13
1.4812043589623957e-13
1.407332400957136e-13
1.336788652878933e-13
1.2693448590296398e-13
1.2051326272313707e-13
1.143526007788871e-13
1.0850158468847494e-13
1.0292213712764633e-13
9.757826782141871e-14
9.249639372224945e-14
8.761317065966642e-14
8.296776861181252e-14
7.85466931425277e-14
7.430426388283725e-14
7.026424968876462e-14
6.641375499628294e-14
6.27448371401355e-14
5.923673442747242e-14
5.5884966793374067e-14
5.268623722501144e-14
4.9650336044693335e-14
4.674811775762912e-14
4.397535294884784e-14
4.133680539200989e-14
3.88242432696239e-14
3.642391777630258e-14
3.413969010546651e-14
3.196364066703943e-14
2.989121054105409e-14
2.7918331665122995e-14
2.6040296237628494e-14
2.4253379597620355e-14
2.255414730414279e-14
2.093967460146689e-14
1.9403934707888517e-14
1.7945591341878786e-14
1.656068332090245e-14
1.5247201996330232e-14
1.4002661664833411e-14
1.2822750143124277e-14
1.1706445721998313e-14
1.065085360519348e-14
9.653850889882409e-15
8.71327352328732e-15
7.826919880948429e-15
6.9933940300871075e-15
6.210337319811369e-15
5.4768234229248516e-15
4.79051027686674e-15
4.15048969383262e-15
3.5553579746258644e-15
3.003770532421052e-15
2.4945474856688885e-15
2.026840365956273e-15
1.5997024895448605e-15
1.2125310799622903e-15
8.650966691563185e-16
5.583302036803966e-16
2.9840334508201187e-16
1.3759308862106906e-16
2.2176248087041418e-16
3.6903506512263703e-16
4.944908785332504e-16
5.88670854104287e-16
6.496716498530587e-16
6.769579767906265e-16
6.703687944206903e-16
6.299421233930092e-16
5.55913361083721e-16
4.491272956186387e-16
3.129262020537837e-16
1.6842224030414715e-16
1.7808271268446936e-16
3.9373413199583257e-16
6.73999559128056e-16
9.974634311708818e-16
1.3611273696301528e-15
1.7647072846219924e-15
2.2086479276099712e-15
2.6937207696824316e-15
3.2208698332389077e-15
3.791173103389884e-15
4.405827590931229e-15
5.066176371102305e-15
5.773587057858085e-15
6.529670866809734e-15
7.335989492069254e-15
8.194388509383054e-15
9.10642353016958e-15
1.007459015936828e-14
1.1100677822151756e-14
1.2186824695707551e-14
1.3335687832648761e-14
1.4549473841351854e-14
1.5831572847284927e-14
1.718374406632383e-14
1.860976270036575e-14
