4.759425402404494e-23
4.759405967256657e-23
4.759385619388299e-23
4.7593643154997275e-23
4.759342010275557e-23
4.759318656287601e-23
4.759294203893236e-23
4.759268601129226e-23
4.7592417936006557e-23
4.7592137243647954e-23
4.759184333809748e-23
4.759153559527208e-23
4.75912133617963e-23
4.7590875953611213e-23
4.759052265451794e-23
4.759015271465494e-23
4.7589765348903107e-23
4.758935973521689e-23
4.7588935012876545e-23
4.758849028066171e-23
4.75880245949337e-23
4.7587536967634364e-23
4.758702636418608e-23
4.758649170129553e-23
4.758593184465508e-23
4.7585345606531556e-23
4.758473174325031e-23
4.7584088952551124e-23
4.7583415870826824e-23
4.758271107022932e-23
4.7581973055637596e-23
4.758120026148808e-23
4.758039104845197e-23
4.7579543699955284e-23
4.757865641853773e-23
4.757772732203973e-23
4.757675443960725e-23
4.7575735707513516e-23
4.7574668964777327e-23
4.7573551948579916e-23
4.7572382289464354e-23
4.757115750630798e-23
4.756987500105875e-23
4.756853205322515e-23
4.756712581410069e-23
4.7565653300722325e-23
4.756411138954746e-23
4.7562496809815326e-23
4.75608061366164e-23
4.755903578362877e-23
4.755718199550082e-23
4.7555240839889475e-23
4.75532081991158e-23
4.7551079761432685e-23
4.7548851011870924e-23
4.754651722265973e-23
4.7544073443210595e-23
4.75415144895867e-23
4.7538834933533295e-23
4.753602909093827e-23
4.7533091009789224e-23
4.753001445752243e-23
4.7526792907829606e-23
4.7523419526781264e-23
4.751988715833431e-23
4.751618830916413e-23
4.751231513274074e-23
4.750825941268573e-23
4.750401254535592e-23
4.749956552154635e-23
4.749490890743084e-23
4.749003282447543e-23
4.748492692850865e-23
4.747958038778374e-23
4.7473981859963716e-23
4.746811946805159e-23
4.7461980775214165e-23
4.7455552758320454e-23
4.7448821780365166e-23
4.7441773561511224e-23
4.743439314875211e-23
4.742666488416719e-23
4.7418572371722315e-23
4.7410098442407835e-23
4.7401225117891453e-23
4.73919335722042e-23
4.738220409190437e-23
4.7372016034118266e-23
4.736134778280959e-23
4.7350176702743124e-23
4.73384790915859e-23
4.7326230129432697e-23
4.7313403826148977e-23
4.729997296617384e-23
4.728590905074462e-23
4.72711822372615e-23
4.7255761275986884e-23
4.723961344365393e-23
4.722270447381181e-23
4.720499848429575e-23
4.718645790052982e-23
4.716704337621292e-23
4.714671370933823e-23
4.712542575475174e-23
4.7103134332186346e-23
4.7079792130706216e-23
4.705534960767793e-23
4.7029754883451157e-23
4.700295363152546e-23
4.6974888962408466e-23
4.694550130258027e-23
4.691472826821464e-23
4.68825045324766e-23
4.6848761685779696e-23
4.6813428090915165e-23
4.677642873017775e-23
4.673768504582497e-23
4.669711477252017e-23
4.665463176239269e-23
4.6610145801569876e-23
4.656356241731801e-23
4.651478267806487e-23
4.6463702980668804e-23
4.6410214830789986e-23
4.6354204611152375e-23
4.62955533394369e-23
4.623413641362241e-23
4.61698233470582e-23
4.61024774888815e-23
4.603195573223916e-23
4.5958108210318334e-23
4.5880777972737685e-23
4.579980065276919e-23
4.571500411459071e-23
4.562620808546861e-23
4.5533223770065425e-23
4.543585344439284e-23
4.5333890033618953e-23
4.522711666961422e-23
4.5115306221280015e-23
4.499822081253738e-23
4.487561130878351e-23
4.474721678114515e-23
4.46127639478536e-23
4.447196658168835e-23
4.432452490114033e-23
4.417012491958778e-23
4.400843777041954e-23
4.3839118990236694e-23
4.366180779362237e-23
4.347612626971311e-23
4.3281678587237516e-23
4.30780501142817e-23
4.286480654637954e-23
4.2641492943145056e-23
4.2407632745318615e-23
4.216272674536462e-23
4.190625199548533e-23
4.1637660669607466e-23
4.1356378864415666e-23
4.106180534186661e-23
4.075331023529601e-23
4.043023363779155e-23
4.009188417520165e-23
3.973753747301402e-23
3.9366434570368e-23
3.8977780248091366e-23
3.857074123792812e-23
3.8144444446701096e-23
3.769797493076375e-23
3.723037392537097e-23
3.674063666810724e-23
3.6227710231286455e-23
3.569049103013643e-23
3.5127822478958516e-23
3.453849229126487e-23
3.3921229850325217e-23
3.327470325319685e-23
3.2597516333413726e-23
3.188820550880204e-23
3.114523647252451e-23
3.036700069042737e-23
2.95518117965081e-23
2.869790177259226e-23
2.7803417017402764e-23
2.686641414827111e-23
2.58848558621069e-23
2.4856606551180762e-23
2.377942783126139e-23
2.26509743367502e-23
2.1468789451808114e-23
2.0230302026881774e-23
1.8932823548904425e-23
1.7573548054058874e-23
1.6149555584878107e-23
1.465782384706921e-23
1.3095255733729122e-23
1.1458743568883287e-23
9.74532034034715e-24
7.952555459849134e-24
6.079772235646808e-24
