4.770787504291994e-22
4.770780511011638e-22
4.77077318815105e-22
4.77076552017582e-22
4.770757490821334e-22
4.77074908305503e-22
4.770740279043518e-22
4.770731060110572e-22
4.770721406701221e-22
4.770711298338243e-22
4.770700713580577e-22
4.7706896299747885e-22
4.770678024010456e-22
4.770665871068804e-22
4.770653145370618e-22
4.770639819922304e-22
4.770625866457119e-22
4.770611255376694e-22
4.770595955687519e-22
4.770579934935461e-22
4.770563159136327e-22
4.770545592704344e-22
4.7705271983776135e-22
4.770507937135826e-22
4.770487768122042e-22
4.770466648551166e-22
4.770444533624006e-22
4.770421376427398e-22
4.770397127839478e-22
4.770371736420639e-22
4.770345148309085e-22
4.770317307102754e-22
4.77028815374113e-22
4.770257626381196e-22
4.770225660264041e-22
4.77019218757789e-22
4.77015713731653e-22
4.770120435124206e-22
4.770082003142386e-22
4.770041759842121e-22
4.769999619851297e-22
4.769955493773229e-22
4.769909287998376e-22
4.769860904503597e-22
4.769810240645604e-22
4.7697571889431415e-22
4.769701636847463e-22
4.769643466504974e-22
4.769582554506337e-22
4.769518771624465e-22
4.769451982541171e-22
4.76938204555776e-22
4.769308812296795e-22
4.769232127384825e-22
4.76915182812496e-22
4.769067744148845e-22
4.768979697056889e-22
4.768887500038729e-22
4.768790957474998e-22
4.768689864525588e-22
4.768584006691594e-22
4.768473159360493e-22
4.768357087329571e-22
4.768235544305277e-22
4.768108272382448e-22
4.767975001492981e-22
4.7678354488344795e-22
4.767689318269399e-22
4.767536299694461e-22
4.767376068383498e-22
4.767208284294181e-22
4.76703259134999e-22
4.766848616678987e-22
4.766655969823591e-22
4.766454241910166e-22
4.766243004778748e-22
4.766021810074161e-22
4.765790188289991e-22
4.765547647773056e-22
4.7652936736754285e-22
4.765027726859152e-22
4.764749242750547e-22
4.7644576301369195e-22
4.764152269909955e-22
4.763832513745265e-22
4.763497682725175e-22
4.763147065889775e-22
4.762779918725761e-22
4.762395461577183e-22
4.761992877986093e-22
4.761571312952942e-22
4.761129871111787e-22
4.760667614822676e-22
4.760183562171733e-22
4.759676684876583e-22
4.75914590609176e-22
4.758590098108571e-22
4.758008079951805e-22
4.757398614852099e-22
4.756760407607585e-22
4.756092101813152e-22
4.755392276962195e-22
4.754659445407716e-22
4.753892049179485e-22
4.753088456649292e-22
4.752246959036963e-22
4.751365766749589e-22
4.750443005545954e-22
4.749476712516634e-22
4.748464831873947e-22
4.74740521053788e-22
4.74629559351224e-22
4.745133619036781e-22
4.743916813510708e-22
4.742642586167827e-22
4.741308223499613e-22
4.739910883406734e-22
4.738447589070281e-22
4.736915222529023e-22
4.735310517942814e-22
4.73363005453527e-22
4.731870249190296e-22
4.7300273486937075e-22
4.728097421597685e-22
4.726076349688499e-22
4.723959819039798e-22
4.72174331063393e-22
4.719422090520705e-22
4.716991199498046e-22
4.714445442286918e-22
4.711779376177604e-22
4.708987299115351e-22
4.706063237202389e-22
4.703000931582852e-22
4.699793824680161e-22
4.696435045753262e-22
4.692917395735412e-22
4.689233331321441e-22
4.685374948258087e-22
4.681333963802867e-22
4.677101698301447e-22
4.67266905584163e-22
4.668026503928752e-22
4.663164052137268e-22
4.658071229679014e-22
4.652737061828187e-22
4.647150045144928e-22
4.641298121428387e-22
4.635168650330929e-22
4.628748380557842e-22
4.62202341957321e-22
4.614979201731292e-22
4.60760045473742e-22
4.599871164352552e-22
4.591774537228485e-22
4.583292961775667e-22
4.574407966942971e-22
4.565100178788279e-22
4.555349274706239e-22
4.545133935173249e-22
4.534431792862643e-22
4.523219378961108e-22
4.5114720665222675e-22
4.49916401066453e-22
4.486268085419571e-22
4.4727558170141735e-22
4.458597313355785e-22
4.44376118947543e-22
4.428214488659e-22
4.411922598980298e-22
4.394849164922214e-22
4.376955993751375e-22
4.358202956281924e-22
4.338547881632002e-22
4.317946445544063e-22
4.2963520518064e-22
4.273715706266068e-22
4.249985882887102e-22
4.2251083812408503e-22
4.1990261747907614e-22
4.171679249235747e-22
4.143004430135677e-22
4.1129351989567885e-22
4.0814014965873805e-22
4.048329513285738e-22
4.013641463913335e-22
3.977255347188673e-22
3.9390846875639367e-22
3.8990382581806883e-22
3.857019783186569e-22
3.8129276175110017e-22
3.76665440198077e-22
3.718086691415823e-22
3.6671045530639917e-22
3.6135811324311967e-22
3.557382183193991e-22
3.498365557480102e-22
3.43638065233987e-22
3.3712678076854243e-22
3.3028576503728624e-22
3.23097037837982e-22
