3.213812367958769e-23
3.2141985913087806e-23
3.2145652996592406e-23
3.2149132708580377e-23
3.2152432430072296e-23
3.2155559160287027e-23
3.215851953148816e-23
3.2161319823051964e-23
3.216396597478674e-23
3.2166463599531844e-23
3.2168817995063106e-23
3.2171034155329516e-23
3.2173116781045854e-23
3.217507028966261e-23
3.217689882473535e-23
3.21786062647128e-23
3.2180196231162403e-23
3.218167209645089e-23
3.2183036990895994e-23
3.218429380940467e-23
3.2185445217611604e-23
3.2186493657531304e-23
3.2187441352735526e-23
3.2188290313067064e-23
3.2189042338900056e-23
3.2189699024955287e-23
3.219026176367942e-23
3.2190731748194354e-23
3.219110997482373e-23
3.219139724520098e-23
3.2191594167964774e-23
3.21917011600437e-23
3.21917184475343e-23
3.21916460661732e-23
3.219148386140528e-23
3.219123148804693e-23
3.2190888409544333e-23
3.2190453896824994e-23
3.2189927026739576e-23
3.218930668009128e-23
3.218859153924791e-23
3.2187780085331866e-23
3.2186870594981554e-23
3.2185861136677675e-23
3.2184749566626124e-23
3.2183533524188627e-23
3.2182210426851283e-23
3.21807774647203e-23
3.217923159453267e-23
3.21775695331691e-23
3.2175787750655194e-23
3.217388246263536e-23
3.217184962230383e-23
3.2169684911774593e-23
3.2167383732872026e-23
3.2164941197322286e-23
3.216235211632343e-23
3.2159610989473034e-23
3.215671199302771e-23
3.215364896747013e-23
3.215041540435599e-23
3.21470044324124e-23
3.2143408802857115e-23
3.213962087390751e-23
3.2135632594443827e-23
3.2131435486792745e-23
3.2127020628592264e-23
3.2122378633698897e-23
3.211749963209468e-23
3.2112373248750493e-23
3.210698858139838e-23
3.210133417716467e-23
3.20953980080115e-23
3.208916744493306e-23
3.208262923084879e-23
3.2075769452133985e-23
3.206857350872374e-23
3.206102608272403e-23
3.205311110545987e-23
3.204481172288641e-23
3.20361102592855e-23
3.2026988179166007e-23
3.20174260472821e-23
3.200740348667884e-23
3.1996899134669884e-23
3.198589059664763e-23
3.1974354397619556e-23
3.1962265931360974e-23
3.194959940706623e-23
3.193632779337647e-23
3.192242275965402e-23
3.19078546143669e-23
3.189259224044085e-23
3.187660302742644e-23
3.1859852800323235e-23
3.184230574489217e-23
3.1823924329279596e-23
3.1804669221766886e-23
3.178449920444811e-23
3.176337108262948e-23
3.1741239589730435e-23
3.171805728745694e-23
3.16937744610022e-23
3.166833900901848e-23
3.164169632808759e-23
3.161378919140382e-23
3.1584557621366104e-23
3.1553938755758464e-23
3.1521866707181137e-23
3.1488272415373416e-23
3.145308349204989e-23
3.141622405784941e-23
3.1377614570972314e-23
3.133717164705716e-23
3.129480786982192e-23
3.125043159196527e-23
3.120394672579531e-23
3.1155252523019743e-23
3.1104243343098496e-23
3.1050808409523884e-23
3.099483155335372e-23
3.093619094328391e-23
3.0874758801502265e-23
3.081040110451981e-23
3.074297726812741e-23
3.06723398155729e-23
3.059833402800034e-23
3.052079757613408e-23
3.0439560132130033e-23
3.035444296045212e-23
3.026525848656477e-23
3.017180984216197e-23
3.0073890385580297e-23
2.9971283195968593e-23
2.986376053970878e-23
2.9751083307505024e-23
2.9633000420478927e-23
2.950924820353308e-23
2.9379549724169693e-23
2.924361409488529e-23
2.910113573720211e-23
2.8951793605353836e-23
2.879525036761604e-23
2.8631151543275784e-23
2.8459124593271764e-23
2.8278777962626467e-23
2.8089700072947256e-23
2.789145826351823e-23
2.768359767986747e-23
2.746564010921297e-23
2.723708276291536e-23
2.6997397007062113e-23
2.6746027043663764e-23
2.648238854677422e-23
2.620586726030974e-23
2.5915817567646e-23
2.561156104749697e-23
2.5292385036514313e-23
2.4957541227014327e-23
2.4606244338965032e-23
2.423767091986288e-23
2.385095834580219e-23
2.3445204123895264e-23
2.3019465633078982e-23
2.257276049135721e-23
2.2104067808654803e-23
2.1612330684520762e-23
2.1096460452057205e-23
2.0555343373550734e-23
1.9987850789772875e-23
1.9392854161107222e-23
1.8769247089187332e-23
1.811597739218817e-23
1.743209382010468e-23
1.6716814360654918e-23
1.5969626843851595e-23
1.519043862771355e-23
1.4379802130420743e-23
1.3539259614278526e-23
1.2671878612783871e-23
1.1783096351742161e-23
1.088206821288518e-23
9.983830010867776e-24
9.112711626816946e-24
8.307405064187505e-24
7.62724050554883e-24
7.156031482575554e-24
6.993720426502496e-24
7.226186042160214e-24
7.887895437460154e-24
8.955355992336475e-24
1.0376149654725587e-23
1.2099334711626592e-23
1.4088462601638857e-23
1.63224187557772e-23
1.8792388405166828e-23
2.149878224082176e-23
2.444906625055665e-23
2.7656462824277446e-23
3.113930770741861e-23
3.4920883424332183e-23
