8.646713707190424e-23
8.357363404406526e-23
8.093629369046817e-23
7.854953627405321e-23
7.640831585905932e-23
7.450810975066057e-23
7.284490906569901e-23
7.141521041577853e-23
7.021600868687751e-23
6.924479090201018e-23
6.8499531155868e-23
6.797868661286374e-23
6.768119456266815e-23
6.760647052991889e-23
6.775440743615134e-23
6.812537581682962e-23
6.872022509646382e-23
6.954028592935434e-23
7.058737361469605e-23
7.18637925999877e-23
7.337234208527111e-23
7.51163227494381e-23
7.709954461698676e-23
7.932633609256927e-23
8.180155418700898e-23
8.453059597001498e-23
8.751941128016332e-23
9.077451673428989e-23
9.430301107403322e-23
9.811259189740284e-23
1.0221157382966728e-22
1.0660890817768207e-22
1.1131420414298517e-22
1.163377516399698e-22
1.2169054580723248e-22
1.2738431327270557e-22
1.3343154026719378e-22
1.398455026623406e-22
1.4664029804051292e-22
1.5383087989239946e-22
1.6143309405754941e-22
1.6946371751402439e-22
1.779404996859959e-22
1.8688220633883923e-22
1.9630866629419848e-22
2.0624082106383454e-22
2.1670077760607643e-22
2.27711864381085e-22
2.392986909308375e-22
2.5148721116405354e-22
2.64304790626588e-22
2.7778027798885635e-22
2.9194408102455075e-22
3.068282474046325e-22
3.224665506011853e-22
3.388945812990811e-22
3.5614984463032908e-22
3.7427186373327752e-22
3.93302289982925e-22
4.132850205034818e-22
4.3426632341357415e-22
4.562949713586933e-22
4.794223841652765e-22
5.037027809137598e-22
5.29193342709761e-22
5.559543865146479e-22
5.840495511937508e-22
6.135459967681319e-22
6.445146177583888e-22
6.770302722272709e-22
7.111720272425613e-22
7.4702342285306505e-22
7.846727556135553e-22
8.242133839479501e-22
8.657440567814833e-22
9.09369267897396e-22
9.55199638394802e-22
1.0033523299698274e-21
1.0539514915503128e-21
1.1071287431182331e-21
1.163023699824697e-21
1.2217845411456871e-21
1.2835686287505084e-21
1.3485431789693171e-21
1.4168859950290713e-21
1.4887862657102987e-21
1.564445437622557e-21
1.644078168773013e-21
1.7279133740479844e-21
1.8161953700369122e-21
1.9091851342490536e-21
2.007161690161882e-21
2.1104236331135145e-21
2.2192908153783982e-21
2.3341062089934285e-21
2.455237969414767e-21
2.5830817262660712e-21
2.7180631306694222e-21
2.8606406913774252e-21
3.0113089448638398e-21
3.170601998253134e-21
3.339097505128016e-21
3.517421128579662e-21
3.7062515778808295e-21
3.9063262828662644e-21
4.11844783429834e-21
4.343491278020729e-21
4.58241243030244e-21
4.836257363632732e-21
5.1061732720492955e-21
5.39342095184081e-21
5.6993891782939886e-21
6.025611338683348e-21
6.373784735930955e-21
6.745793073463686e-21
7.143732759469551e-21
7.569943804056705e-21
8.027046275543849e-21
8.517983515545459e-21
9.04607362303247e-21
9.615071096110831e-21
1.022924110103508e-20
1.0893449412411503e-20
1.1613272065570305e-20
1.2395129977059958e-20
1.3246455333487043e-20
1.4175898928096205e-20
1.5193590635814725e-20
1.6311469635432002e-20
1.754370707977431e-20
1.890725293787383e-20
2.042255163432192e-20
2.2114490265895504e-20
2.4013672729350846e-20
2.6158157655408137e-20
2.8595869347698077e-20
3.1388005682919803e-20
3.4613956726911136e-20
3.8378574749119333e-20
4.282320966682615e-20
4.8142984526258016e-20
5.461481130350987e-20
6.264473570979544e-20
7.285191417833322e-20
8.62263475664565e-20
1.044460330646781e-19
1.3056759510894188e-19
1.7066533379863642e-19
2.3792032546677773e-19
3.5956532475807714e-19
5.19245727462579e-19
4.544204643680036e-19
3.091095564379545e-19
2.237319511348754e-19
1.7450273868103886e-19
1.4348933357788103e-19
1.2241091956644556e-19
1.072390723417819e-19
9.583409271142482e-20
8.69680761358633e-20
7.989033393425459e-20
7.411768361732168e-20
6.932569531339151e-20
6.528873726386794e-20
6.184517033334919e-20
5.887623551751686e-20
5.629275906009781e-20
5.40265000743488e-20
5.2024361035481493e-20
5.0244414919345566e-20
4.865311801978761e-20
4.722331633509508e-20
4.593279450801241e-20
4.476320238004783e-20
4.369924881371011e-20
4.272808963265799e-20
4.1838857180246283e-20
4.1022292820063447e-20
4.027045983630689e-20
3.957651454987146e-20
3.893452421030472e-20
3.833931960794855e-20
3.778637493073594e-20
3.727171090780228e-20
3.67918136125551e-20
3.634356757998709e-20
3.5924200651918954e-20
3.553123731746507e-20
3.5162459151805026e-20
3.48158720183744e-20
3.448967765490132e-20
3.418224947075401e-20
3.389211242921308e-20
3.361792445264624e-20
3.3358461678764126e-20
3.3112605013365346e-20
3.287932837231298e-20
3.265768865364506e-20
3.24468167640127e-20
3.2245910352015125e-20
3.205422574525795e-20
