2.8137084378296833e-24
2.7251466019456373e-24
2.6411549335457537e-24
2.5615489554226777e-24
2.4861530754668323e-24
2.414800196060927e-24
2.347331342398403e-24
2.283595309008541e-24
2.223448323969765e-24
2.1667537301740495e-24
2.1133816831138673e-24
2.0632088645519868e-24
2.016118211572238e-24
1.9719986603757748e-24
1.9307449041743766e-24
1.8922571645465485e-24
1.8564409755879973e-24
1.8232069800940326e-24
1.7924707369444414e-24
1.7641525390215877e-24
1.7381772406154338e-24
1.714474093625091e-24
1.6929765914919357e-24
1.6736223200901026e-24
1.65635281460089e-24
1.6411134214633529e-24
1.6278531647103832e-24
1.6165246157223832e-24
1.6070837658123711e-24
1.5994899009379538e-24
1.5937054781329227e-24
1.5896960030075956e-24
1.5874299082559666e-24
1.5868784327889367e-24
1.5880155014842209e-24
1.5908176055620915e-24
1.5952636837256862e-24
1.6013350042410883e-24
1.6090150484059225e-24
1.6182893955216118e-24
1.6291456101062882e-24
1.6415731315537529e-24
1.6555631669331238e-24
1.6711085871838182e-24
1.6882038275991483e-24
1.7068447924973905e-24
1.7270287650711315e-24
1.7487543224408582e-24
1.772021256517366e-24
1.7968305006349794e-24
1.823184062616568e-24
1.8510849640488707e-24
1.8805371860452467e-24
1.911545621624035e-24
1.9441160345012898e-24
1.9782550241385822e-24
2.0139699975646613e-24
2.051269146693225e-24
2.0901614318836575e-24
2.1306565710093284e-24
2.1727650339164063e-24
2.2164980416852065e-24
2.2618675706847245e-24
2.3088863608479906e-24
2.3575679278232633e-24
2.4079265785835944e-24
2.4599774303316423e-24
2.5137364319877846e-24
2.5692203880665818e-24
2.6264469847011326e-24
2.6854348172762107e-24
2.746203419212728e-24
2.8087732921894005e-24
2.8731659368846984e-24
2.9394038840998075e-24
3.0075107263735147e-24
3.07751114960877e-24
3.1494309644458134e-24
3.2232971375211493e-24
3.299137822122265e-24
3.376982388441366e-24
3.456861453222696e-24
3.538806908462196e-24
3.622851949988381e-24
3.709031104541704e-24
3.797380256598427e-24
3.887936674530482e-24
3.98073903551107e-24
4.0758274502558376e-24
4.173243486959872e-24
4.273030194514574e-24
4.375232125428855e-24
4.479895358397382e-24
4.5870675196870526e-24
4.696797805581825e-24
4.809137003353385e-24
4.9241375126201555e-24
5.041853366975986e-24
5.162340254535545e-24
5.28565553946039e-24
5.411858284336524e-24
5.541009270410267e-24
5.673171019810493e-24
5.808407818619875e-24
5.946785738468885e-24
6.0883726601274306e-24
6.2332382965794776e-24
6.381454216906182e-24
6.533093871190717e-24
6.688232615421941e-24
6.846947736071213e-24
7.009318477847515e-24
7.175426069353466e-24
7.345353750558598e-24
7.519186800506817e-24
7.697012566618311e-24
7.87892049286072e-24
8.065002149300998e-24
8.255351263013094e-24
8.450063748301729e-24
8.649237737240658e-24
8.852973612109196e-24
9.061374036272501e-24
9.274543987908485e-24
9.49259078977682e-24
9.715624145861097e-24
9.943756170198955e-24
1.017710142303323e-23
1.0415776940782372e-23
1.0659902271943814e-23
1.0909599508077824e-23
1.1164993315950687e-23
1.1426210970509266e-23
1.169338238481282e-23
1.1966640145120984e-23
1.2246119534542137e-23
1.2531958567547129e-23
1.2824298018755952e-23
1.3123281443473885e-23
1.342905521238542e-23
1.374176852995561e-23
1.4061573457424488e-23
1.438862493651211e-23
1.4723080807615916e-23
1.5065101820273038e-23
1.5414851657386237e-23
1.577249693518109e-23
1.6138207222055768e-23
1.651215503450265e-23
1.6894515841027044e-23
1.7285468065710633e-23
1.7685193069952997e-23
1.8093875152332467e-23
1.851170152391379e-23
1.8938862296598465e-23
1.937555044627638e-23
1.9821961787724063e-23
2.0278294936777077e-23
2.0744751257448864e-23
2.1221534823342207e-23
2.1708852345920285e-23
2.2206913110229037e-23
2.271592891334375e-23
2.3236113957193444e-23
2.3767684784867374e-23
2.4310860153009747e-23
2.4865860945007583e-23
2.543291002587838e-23
2.6012232142460212e-23
2.6604053752869373e-23
2.720860289063198e-23
2.782610901649346e-23
2.84568028030958e-23
2.910091599823549e-23
2.9758681207042653e-23
3.043033168539853e-23
3.1116101117131646e-23
3.1816223442583264e-23
3.253093253331944e-23
3.32604620086266e-23
3.40050449692328e-23
3.476491373646551e-23
3.5540299548460766e-23
3.6331432372561876e-23
3.713854055589433e-23
3.7961850531111776e-23
3.880158663535845e-23
3.965797070805834e-23
4.053122197648207e-23
4.142155659767956e-23
4.232918762368333e-23
4.325432459044939e-23
4.419717342848026e-23
4.515793618568375e-23
4.613681092491671e-23
4.7133991632349524e-23
4.8149667998969e-23
4.918402553691452e-23
5.023724548122953e-23
5.13095051583008e-23
5.240097761229123e-23
