5.4095463268071955e-24
5.6225622981507676e-24
5.824759374392926e-24
6.016563958370287e-24
6.198380949539931e-24
6.3705944678713634e-24
6.533568570886578e-24
6.68764795399891e-24
6.833158628049844e-24
6.97040857031725e-24
7.099688346802743e-24
7.221271704604332e-24
7.335416133833314e-24
7.442363398975071e-24
7.542340039861807e-24
7.635557842621059e-24
7.722214281065917e-24
7.802492929065008e-24
7.87656384446083e-24
7.944583925109014e-24
8.006697237615413e-24
8.063035319314588e-24
8.113717454016934e-24
8.158850922012218e-24
8.198531224784295e-24
8.232842284845051e-24
8.261856621058477e-24
8.285635499778484e-24
8.304229062079384e-24
8.317676427306995e-24
8.32600577314579e-24
8.329234392326884e-24
8.32736872607426e-24
8.320404374331562e-24
8.308326082755071e-24
8.291107706427785e-24
8.268712150179026e-24
8.24109128536659e-24
8.208185842907701e-24
8.169925282318025e-24
8.126227636447471e-24
8.076999331568138e-24
8.022134982417397e-24
7.96151716174332e-24
7.89501614386769e-24
7.822489621728494e-24
7.743782396827076e-24
7.658726041467549e-24
7.567138532656354e-24
7.468823856999956e-24
7.363571585946169e-24
7.251156420730377e-24
7.131337706438602e-24
7.00385891467964e-24
6.868447094534137e-24
6.724812291668243e-24
6.5726469358958785e-24
6.4116251980329896e-24
6.24140231775483e-24
6.061613905491313e-24
5.8718752234047804e-24
5.6717804535995335e-24
5.460901966623207e-24
5.2387896111576816e-24
5.004970058620034e-24
4.7589462580099944e-24
4.500197093730838e-24
4.2281774063385525e-24
3.942318661824449e-24
3.642030801659576e-24
3.326706317628159e-24
2.995728731710933e-24
2.6484903987606728e-24
2.2844318531856117e-24
1.903137135774543e-24
1.504600128254147e-24
1.0901534367336837e-24
6.671849162689451e-25
2.9847678403856556e-25
4.264710075974586e-25
8.90055685260992e-25
1.4130185499190395e-24
1.96987952177726e-24
2.557055451029015e-24
3.1743551661392876e-24
3.822539101338747e-24
4.502753568173895e-24
5.216353864625278e-24
5.96483848713636e-24
6.749822414143605e-24
7.573026355149467e-24
8.436273349054778e-24
9.341489116966105e-24
1.029070453550212e-23
1.128605943810246e-23
1.2329807342100421e-23
1.342432089257204e-23
1.4572097915494153e-23
1.577576802907699e-23
1.703809979517312e-23
1.8362008413284152e-23
1.975056397348318e-23
2.1207000294503635e-23
2.273472438114621e-23
2.4337326541854126e-23
2.6018591213571762e-23
2.778250854702262e-23
2.9633286811850087e-23
3.1575365687547745e-23
3.361343051318013e-23
3.5752427576551846e-23
3.7997580531907523e-23
4.035440804453767e-23
4.282874277098922e-23
4.542675179514068e-23
4.8154958653163274e-23
5.1020267094862805e-23
5.40299867449955e-23
5.719186084630436e-23
6.051409628640036e-23
6.400539613375375e-23
6.767499493389704e-23
7.153269704659735e-23
7.558891833795174e-23
7.985473157934137e-23
8.43419159483721e-23
8.906301107595338e-23
9.403137613993963e-23
9.926125456994818e-23
1.0476784500173024e-22
1.1056737920398287e-22
1.166772077982807e-22
1.2311589470500775e-22
1.2990332137868604e-22
1.37060802046898e-22
1.4461121134256918e-22
1.5257912592397155e-22
1.6099098191582226e-22
1.6987525028487509e-22
1.7926263259262986e-22
1.8918627995559983e-22
1.9968203850200194e-22
2.10788725157497e-22
2.2254843823940965e-22
2.350069081111286e-22
2.48213894073245e-22
2.6222363478083613e-22
2.7709536081841716e-22
2.928938796921561e-22
3.096902454788723e-22
3.2756252779263813e-22
3.46596697702084e-22
3.6688765189965727e-22
3.885404009719283e-22
4.116714532897087e-22
4.364104331423225e-22
4.629019806995009e-22
4.913079927483831e-22
5.218102776576663e-22
5.546137166678151e-22
5.899500477387768e-22
6.280824196705492e-22
6.693109056016117e-22
7.13979219885576e-22
7.6248295580161045e-22
8.152797608151957e-22
8.729020016120129e-22
9.359726581937553e-22
1.0052254476213173e-21
1.081530547676241e-21
1.1659278209717079e-21
1.259670211999626e-21
1.364281131654462e-21
1.4816313631735745e-21
1.6140436619162836e-21
1.764437355642067e-21
1.9365318800697343e-21
2.1351390824951783e-21
2.366592551486476e-21
2.6393943594038105e-21
2.9652175805168602e-21
3.3605116086073462e-21
3.849169625143042e-21
4.467151511937954e-21
5.2708838012518256e-21
6.3533217108909055e-21
7.876157089961983e-21
1.0135299189774525e-20
1.3671555204042373e-20
1.9153919897486956e-20
2.465004259052632e-20
2.2842474344676088e-20
1.7240059581041216e-20
1.3091901822583001e-20
1.0432992665299295e-20
8.671479578404871e-21
7.441442904917982e-21
6.5416631992742846e-21
5.858124600020332e-21
5.322823292673847e-21
4.8931325409261085e-21
