7.332728880144964e-24
7.34257943432476e-24
7.35197811566564e-24
7.360944349757424e-24
7.369496692214889e-24
7.377652863552826e-24
7.385429782720653e-24
7.39284359933457e-24
7.399909724634798e-24
7.406642861190704e-24
7.413057031392232e-24
7.419165604752604e-24
7.424981324066067e-24
7.430516330438236e-24
7.435782187233737e-24
7.440789902965912e-24
7.445549953168546e-24
7.450072301267982e-24
7.454366418501211e-24
7.458441302900868e-24
7.462305497380593e-24
7.465967106941722e-24
7.469433815050904e-24
7.472712899167437e-24
7.475811245519202e-24
7.478735363082335e-24
7.481491396818689e-24
7.484085140208297e-24
7.486522047061993e-24
7.488807242675603e-24
7.490945534303385e-24
7.492941421011842e-24
7.494799102890851e-24
7.496522489681994e-24
7.498115208780242e-24
7.499580612711551e-24
7.500921785989072e-24
7.502141551462963e-24
7.503242476117601e-24
7.504226876333769e-24
7.505096822636587e-24
7.505854143944897e-24
7.506500431299307e-24
7.507037041117004e-24
7.507465097919203e-24
7.507785496632795e-24
7.507998904347894e-24
7.508105761635793e-24
7.508106283386318e-24
7.508000459158971e-24
7.50778805304834e-24
7.507468603115084e-24
7.507041420271904e-24
7.506505586766582e-24
7.505859954099506e-24
7.505103140517171e-24
7.504233527950519e-24
7.503249258489969e-24
7.502148230362171e-24
7.500928093269004e-24
7.499586243361274e-24
7.49811981757658e-24
7.496525687373019e-24
7.494800451986212e-24
7.492940431049157e-24
7.490941656592758e-24
7.488799864473152e-24
7.486510485108059e-24
7.484068633548792e-24
7.481469098918703e-24
7.478706333064621e-24
7.475774438542601e-24
7.472667155770129e-24
7.469377849459477e-24
7.465899494140031e-24
7.462224658895283e-24
7.458345491135956e-24
7.454253699537557e-24
7.449940535883569e-24
7.44539677603465e-24
7.440612699612995e-24
7.435578068912372e-24
7.430282106360037e-24
7.424713470897849e-24
7.418860233081228e-24
7.412709848841889e-24
7.406249131956965e-24
7.399464224751876e-24
7.392340567975612e-24
7.384862868174536e-24
7.377015064086768e-24
7.368780290996962e-24
7.360140843425601e-24
7.351078135745719e-24
7.341572660717051e-24
7.331603946286095e-24
7.321150509787996e-24
7.310189809928912e-24
7.298698196565205e-24
7.286650857606333e-24
7.274021763392838e-24
7.26078360852292e-24
7.24690775028361e-24
7.232364144435936e-24
7.217121277658925e-24
7.201146096586376e-24
7.184403933462268e-24
7.166858428149344e-24
7.148471446717163e-24
7.129202994980605e-24
7.109011129634034e-24
7.087851863977383e-24
7.065679069754214e-24
7.042444374160522e-24
7.01809705366119e-24
6.99258392094706e-24
6.96584920982584e-24
6.937834453387116e-24
6.908478358992407e-24
6.8777166780997e-24
6.845482072151762e-24
6.81170397502603e-24
6.776308451690839e-24
6.739218053760368e-24
6.70035167447967e-24
6.659624402535819e-24
6.6169473764037214e-24
6.5722276430964366e-24
6.525368021336766e-24
6.476266973678551e-24
6.424818494778699e-24
6.370912012955317e-24
6.314432324585852e-24
6.255259556994274e-24
6.193269181565302e-24
6.128332084574304e-24
6.060314718002535e-24
5.989079354904519e-24
5.9144844720881305e-24
5.836385311022417e-24
5.754634655607463e-24
5.6690838999354255e-24
5.579584488633862e-24
5.485989838379234e-24
5.388157891553652e-24
5.285954491171279e-24
5.179257834426909e-24
5.0679643414789505e-24
4.9519964097027696e-24
4.8313126447975396e-24
4.705921422690588e-24
4.575898885667971e-24
4.441412892895181e-24
4.302754983793805e-24
4.160383068152056e-24
4.0149784513807774e-24
3.8675217648121904e-24
3.719393285359708e-24
3.572503418170648e-24
3.4294576541488974e-24
3.2937546858485303e-24
3.170002681530888e-24
3.064111877484662e-24
2.9833796148982312e-24
2.9363388092708297e-24
2.9322349234954984e-24
2.9800981073398427e-24
3.0876099093915644e-24
3.2601952347527963e-24
3.5007532643950316e-24
3.810110346610706e-24
4.187908060147936e-24
4.633530886671568e-24
5.146823429149029e-24
5.728544257323542e-24
6.380618417377415e-24
7.106277777358676e-24
7.910162883524406e-24
8.798436434679076e-24
9.778940984756882e-24
1.086142508758151e-23
1.2057860485554695e-23
1.3382877569138227e-23
1.485435556592228e-23
1.6494220159579043e-23
1.832952413238141e-23
2.0393923790124232e-23
2.2729721035383375e-23
2.539072657473151e-23
2.8446348684982246e-23
3.198754473122175e-23
3.613567825312719e-23
4.1056026329522324e-23
4.697893758832818e-23
5.423391770729949e-23
6.330614948853048e-23
7.493251605624971e-23
9.026610970935137e-23
1.1114485216010204e-22
1.4041460508048544e-22
1.815292772100479e-22
