1.3333703107345775e-24
1.3037276416098824e-24
1.2760910440821597e-24
1.2503515982423023e-24
1.2264037948803502e-24
1.2041455714762836e-24
1.1834783577176831e-24
1.1643071255331606e-24
1.146540438884885e-24
1.1300904989846135e-24
1.1148731811549545e-24
1.100808060213187e-24
1.0878184219692602e-24
1.0758312591622184e-24
1.0647772508741053e-24
1.0545907251260844e-24
1.0452096049544824e-24
1.0365753387679681e-24
1.0286328161924817e-24
1.0213302709154872e-24
1.0146191722489406e-24
1.0084541072492178e-24
1.002792655272333e-24
9.975952568170818e-25
9.928250784302104e-25
9.88447875328631e-25
9.844318532474007e-25
9.80747530857404e-25
9.773676039243812e-25
9.742668122068037e-25
9.714218099213273e-25
9.688110404445343e-25
9.664146157715628e-25
9.642142011183603e-25
9.621929049349129e-25
9.603351744926064e-25
9.586266971192593e-25
9.57054307079954e-25
9.556058980389391e-25
9.542703409872293e-25
9.530374074801657e-25
9.518976979981576e-25
9.508425752211999e-25
9.498641019914355e-25
9.489549837284221e-25
9.481085150560288e-25
9.473185303993667e-25
9.465793583117068e-25
9.45885779296425e-25
9.452329868955203e-25
9.446165518246715e-25
9.440323889440366e-25
9.434767268642614e-25
9.429460799976963e-25
9.42437222875749e-25
9.419471665643807e-25
9.4147313702044e-25
9.410125552424792e-25
9.405630190799204e-25
9.40122286574833e-25
9.396882607201395e-25
9.392589755274625e-25
9.388325833070699e-25
9.384073430704567e-25
9.379816099748998e-25
9.375538257366103e-25
9.371225099469438e-25
9.366862522330551e-25
9.362437052113704e-25
9.35793578188744e-25
9.353346315725917e-25
9.348656719574935e-25
9.343855478616227e-25
9.338931460925019e-25
9.333873887273568e-25
9.328672306990145e-25
9.323316579845e-25
9.317796863990193e-25
9.312103610044926e-25
9.30622756147668e-25
9.300159761495976e-25
9.293891566749597e-25
9.287414668166557e-25
9.280721119390046e-25
9.273803373305172e-25
9.2666543272617e-25
9.259267377679735e-25
9.251636484828976e-25
9.243756248678924e-25
9.23562199683184e-25
9.227229885679976e-25
9.218577016064597e-25
9.20966156486205e-25
9.20048293408935e-25
9.191041919291642e-25
9.181340899171708e-25
9.171384048623626e-25
9.161177577566118e-25
9.150729998195703e-25
9.140052423566207e-25
9.129158900653229e-25
9.118066781373652e-25
9.10679713534483e-25
9.095375208484772e-25
9.083830931910818e-25
9.072199485932912e-25
9.060521924294168e-25
9.048845864168048e-25
9.03722624774056e-25
9.025726181517465e-25
9.01441785976294e-25
9.003383578650742e-25
8.992716847830577e-25
8.982523606053556e-25
8.972923547339883e-25
8.96405156370242e-25
8.956059309841993e-25
8.949116894111603e-25
8.943414698675349e-25
8.939165329878007e-25
8.936605697246608e-25
8.935999216532744e-25
8.937638128127833e-25
8.941845917563782e-25
8.948979819163064e-25
8.959433377404515e-25
8.973639033365576e-25
8.992070695363312e-25
9.015246244729748e-25
9.04372991877001e-25
9.078134504819807e-25
9.119123272113642e-25
9.167411562701766e-25
9.223767960176957e-25
9.2890149559522e-25
9.364029039101571e-25
9.44974014749469e-25
9.547130435911961e-25
9.657232341684035e-25
9.781125959208317e-25
9.919935770175486e-25
1.0074826815269347e-24
1.0247000431612514e-24
1.0437689716672084e-24
1.064815490799347e-24
1.0879678888674658e-24
1.1133563034516676e-24
1.1411123613755992e-24
1.1713688928718107e-24
1.2042597356606194e-24
1.2399196403756781e-24
1.2784842839790976e-24
1.3200903928921962e-24
1.3648759726711725e-24
1.4129806372329382e-24
1.4645460272435787e-24
1.519716305175525e-24
1.578638713494246e-24
1.6414641821485469e-24
1.7083479723297685e-24
1.7794503446745037e-24
1.8549372418531657e-24
1.9349809774471584e-24
2.0197609248220935e-24
2.1094642018954202e-24
2.204286349040406e-24
2.3044319993701776e-24
2.410115541291307e-24
2.5215617746890917e-24
2.63900656268575e-24
2.7626974812916073e-24
2.892894469974731e-24
3.0298704859923522e-24
3.173912165751113e-24
3.325320496095499e-24
3.4844114991613015e-24
3.6515169332924575e-24
3.826985012834013e-24
4.011181149967141e-24
4.204488720286808e-24
4.407309857300126e-24
4.6200662736843026e-24
4.8432001156942084e-24
5.0771748518908915e-24
5.322476193439166e-24
5.5796130602291164e-24
5.849118578315162e-24
6.1315511228413735e-24
6.4274954064708704e-24
6.737563609390619e-24
7.062396557138244e-24
7.402664952740915e-24
7.75907064774374e-24
8.132347976291312e-24
8.523265147641185e-24
8.932625663670234e-24
9.361269854887491e-24
9.810076398896556e-24
1.0279963965977915e-23
1.0771892889377095e-23
1.1286866903973286e-23
