4.6457940110186427e-23
4.6852043330028824e-23
4.73430705397606e-23
4.793136673723963e-23
4.861742550148715e-23
4.940188564055634e-23
5.0285527865796435e-23
5.12692714799034e-23
5.2354171054576787e-23
5.354141308314444e-23
5.483231259557375e-23
5.622830971252837e-23
5.773096612711109e-23
5.93419615056541e-23
6.106308978477379e-23
6.289625535368411e-23
6.484346914173225e-23
6.690684453763542e-23
6.908859321863709e-23
7.139102081621871e-23
7.381652244585541e-23
7.636757811550108e-23
7.904674798500726e-23
8.185666750543245e-23
8.480004244490698e-23
8.787964380790814e-23
9.109830266871735e-23
9.445890493228884e-23
9.796438606367432e-23
1.0161772577752428e-22
1.0542194275491188e-22
1.093800893908617e-22
1.1349524662221073e-22
1.177705188726541e-22
1.2220902912868524e-22
1.2681391424051184e-22
1.3158832042913563e-22
1.3653539909080737e-22
1.4165830290062764e-22
1.4696018231574998e-22
1.5244418243919268e-22
1.5811344035922622e-22
1.6397108297751846e-22
1.7002022533208631e-22
1.762639694864496e-22
1.8270540401743652e-22
1.8934760404056696e-22
1.961936319675095e-22
2.0324653876763139e-22
2.105093659801595e-22
2.179851482932153e-22
2.256769168187224e-22
2.335877029583192e-22
2.4172054288427497e-22
2.5007848261323347e-22
2.5866458364482583e-22
2.674819291335936e-22
2.765336305009667e-22
2.858228345882627e-22
2.953527310709532e-22
3.051265603947934e-22
3.151476218816979e-22
3.254192821390451e-22
3.359449837102559e-22
3.4672825373196957e-22
3.5777271290294434e-22
3.690820843368916e-22
3.806602024201099e-22
3.9251102176331283e-22
4.0463862591552867e-22
4.1704723606081105e-22
4.29741219502193e-22
4.427250979441132e-22
4.560035556950764e-22
4.695814475107203e-22
4.834638060781129e-22
4.976558496645505e-22
5.121629889747255e-22
5.269908340783585e-22
5.421452009765914e-22
5.576321178537354e-22
5.734578311599086e-22
5.896288112683481e-22
6.061517581046584e-22
6.230336064194975e-22
6.402815307651388e-22
6.579029504775723e-22
6.759055345108561e-22
6.942972056285844e-22
7.130861451001825e-22
7.322807969384115e-22
7.518898719416552e-22
7.719223520364405e-22
7.92387494064873e-22
8.132948340718532e-22
8.3465419096878875e-22
8.564756708998385e-22
8.787696708940914e-22
9.015468832501666e-22
9.248182993044744e-22
9.485952136884194e-22
9.728892287260682e-22
9.977122585893834e-22
1.0230765334707924e-21
1.0489946048759948e-21
1.0754793493536904e-21
1.102543973871018e-21
1.130202020581814e-21
1.158467371699325e-21
1.187354255128597e-21
1.2168772493426993e-21
1.2470512892813132e-21
1.2778916716705444e-21
1.3094140614377527e-21
1.3416344969438417e-21
1.3745693969603523e-21
1.4082355662779468e-21
1.4426502029109554e-21
1.4778309042230489e-21
1.513795673861752e-21
1.5505629290635647e-21
1.5881515074232635e-21
1.6265806746505514e-21
1.6658701313836524e-21
1.7060400212907407e-21
1.7471109388689142e-21
1.789103936749828e-21
1.832040534130849e-21
1.8759427249536162e-21
1.920832986042457e-21
1.9667342851582377e-21
2.0136700892861743e-21
2.0616643739927336e-21
2.1107416309854314e-21
2.160926877779042e-21
2.21224566458175e-21
2.2647240851312747e-21
2.318388783458926e-21
2.3732669643733147e-21
2.429386399004108e-21
2.486775438284202e-21
2.545463016127065e-21
2.6054786621163726e-21
2.666852506638916e-21
2.729615290949096e-21
2.793798373876833e-21
2.8594337403443204e-21
2.9265540090811184e-21
2.995192438348544e-21
3.0653829338348105e-21
3.1371600559305887e-21
3.2105590222828754e-21
3.285615718504915e-21
3.362366698612291e-21
3.4408491930099425e-21
3.5211011063464525e-21
3.603161029950401e-21
3.687068236393457e-21
3.772862681462149e-21
3.860585011972322e-21
3.950276551199939e-21
4.041979312427459e-21
4.135735986273848e-21
4.2315899390705504e-21
4.3295852105840675e-21
4.429766496918999e-21
4.532179155486366e-21
4.6368691770664075e-21
4.743883190708012e-21
4.853268433548234e-21
4.965072748823561e-21
5.079344551431962e-21
5.196132807018146e-21
5.3154870229717415e-21
5.437457197508887e-21
5.562093802109799e-21
5.6894477500898905e-21
5.819570335905617e-21
5.952513214343066e-21
6.088328349503572e-21
6.2270679507272276e-21
6.368784429884227e-21
6.5135303292894005e-21
6.661358266606411e-21
6.812320828668392e-21
6.966470559173472e-21
7.123859781350337e-21
7.284540587945527e-21
7.448564691131555e-21
7.615983326293538e-21
7.78684715528638e-21
7.961206075134568e-21
8.139109205326716e-21
8.320604594685112e-21
8.505739187809408e-21
8.694558605456751e-21
8.887106961829314e-21
9.083426678734904e-21
9.283558328747767e-21
9.48754034804514e-21
9.695408905631287e-21
