1.26635859157359e-24
1.240847806782902e-24
1.217256925450424e-24
1.1954840236886946e-24
1.1754308908037205e-24
1.1570031413886862e-24
1.1401103328625672e-24
1.1246660829994763e-24
1.1105881825289348e-24
1.0977986986787783e-24
1.0862240663376687e-24
1.0757951644383742e-24
1.0664473760958984e-24
1.0581206318461638e-24
1.0507594361834181e-24
1.0443128782144675e-24
1.0387346278356633e-24
1.0339829192264583e-24
1.0300205237592452e-24
1.0268147145629415e-24
1.0243372250154562e-24
1.0225642033945503e-24
1.0214761657568236e-24
1.0210579489208999e-24
1.0212986651513018e-24
1.0221916598597641e-24
1.0237344733190613e-24
1.025928807038936e-24
1.0287804951423529e-24
1.0322994807394294e-24
1.0364997969860313e-24
1.0413995522285067e-24
1.047020918379774e-24
1.0533901214186414e-24
1.0605374327588357e-24
1.0684971600475776e-24
1.0773076359314802e-24
1.0870112032632798e-24
1.0976541952623187e-24
1.1092869093412637e-24
1.1219635734201004e-24
1.1357423038138053e-24
1.1506850542839908e-24
1.1668575559772263e-24
1.1843292486508503e-24
1.2031732039304489e-24
1.2234660420037616e-24
1.2452878433387201e-24
1.2687220577530924e-24
1.2938554134163215e-24
1.3207778285725031e-24
1.3495823291604972e-24
1.380364975197001e-24
1.4132247991645876e-24
1.4482637592723473e-24
1.4855867097096548e-24
1.5253013904305328e-24
1.567518437637154e-24
1.6123514162508024e-24
1.6599168745041694e-24
1.7103344209201308e-24
1.7637268219537256e-24
1.820220120429113e-24
1.879943771977432e-24
1.9430307975426835e-24
2.009617950275911e-24
2.079845893550552e-24
2.153859387677647e-24
2.2318074830191477e-24
2.3138437161418793e-24
2.4001263068866592e-24
2.4908183538921418e-24
2.586088025915342e-24
2.6861087467694914e-24
2.7910593725349676e-24
2.9011243576422206e-24
3.016493909220068e-24
3.137364128385198e-24
3.263937134651788e-24
3.396421175656528e-24
3.5350307160097204e-24
3.6799865089336465e-24
3.831515645272931e-24
3.9898515810529966e-24
4.155234140648431e-24
4.32790949604032e-24
4.508130118436463e-24
4.6961547039307254e-24
4.892248069741358e-24
5.096681018867139e-24
5.309730177737512e-24
5.53167779659219e-24
5.762811519247235e-24
6.003424119155077e-24
6.253813197152673e-24
6.514280845528302e-24
6.785133274222718e-24
7.066680401962684e-24
7.359235404259802e-24
7.663114231248758e-24
7.978635083371679e-24
8.306117848074362e-24
8.645883508464154e-24
8.998253504662943e-24
9.363549073291194e-24
9.742090543788465e-24
1.0134196610753444e-23
1.0540183575919719e-23
1.0960364563481462e-23
1.1395048710298846e-23
1.1844540343182284e-23
1.2309138126677211e-23
1.2789134212487227e-23
1.3284813372792663e-23
1.3796452120163816e-23
1.4324317837827473e-23
1.4868667911163668e-23
1.5429748864225432e-23
1.6007795490885574e-23
1.6603030037891825e-23
1.7215661369628144e-23
1.7845884171897309e-23
1.8493878187894133e-23
1.915980745478494e-23
1.9843819603116584e-23
2.0546045171027816e-23
2.1266596957661837e-23
2.200556939346615e-23
2.2763037980527077e-23
2.353905874838598e-23
2.4333667733309414e-23
2.5146880502667783e-23
2.5978691721153713e-23
2.68290747357087e-23
2.7697981180915745e-23
2.8585340640948795e-23
2.949106028539934e-23
3.041502454265703e-23
3.1357094857697296e-23
3.2317109337087785e-23
3.329488253452615e-23
3.429020513818837e-23
3.530284372124882e-23
3.6332540534959093e-23
3.737901322943615e-23
3.844195462947228e-23
3.9521032501109014e-23
4.061588934248136e-23
4.172614218938016e-23
4.2851382406957726e-23
4.399117551571678e-23
4.514506110038517e-23
4.631255267145621e-23
4.749313750734689e-23
4.868627679812037e-23
4.989140556011208e-23
5.11079327501893e-23
5.2335241467720385e-23
5.357268914783567e-23
5.481960797645792e-23
5.607530531336025e-23
5.733906421381395e-23
5.861014411238675e-23
5.988778170928957e-23
6.117119176602787e-23
6.24595683648721e-23
6.37520860688144e-23
6.504790119428055e-23
6.634615359760576e-23
6.764596796777366e-23
6.894645638438325e-23
7.024671941365097e-23
7.154584898279519e-23
7.284293024338853e-23
7.413704432359453e-23
7.542727063988211e-23
7.671268943021425e-23
7.799238482087839e-23
7.926544755687518e-23
8.053097756833748e-23
8.178808732555411e-23
8.303590451260353e-23
8.427357500968201e-23
8.550026602292654e-23
8.671516853010958e-23
8.791750080198248e-23
8.910651027245709e-23
9.028147698625581e-23
9.144171574566534e-23
9.258657858457154e-23
9.371545707252361e-23
9.482778444027735e-23
9.592303734591821e-23
9.700073812944739e-23
9.806045560356521e-23
9.910180770050987e-23
1.0012446121952763e-22
1.011281341135533e-22
1.0211259610694663e-22
1.0307766898842635e-22
1.0402322767382549e-22
