3.541956417160499e-24
3.5569076578800315e-24
3.56792589038216e-24
3.5750375665205125e-24
3.57826185939322e-24
3.577610718926841e-24
3.573088930065888e-24
3.5646941730386854e-24
3.552417086311993e-24
3.536241333728122e-24
3.5161436769406016e-24
3.492094056263959e-24
3.464055682714879e-24
3.431985146030731e-24
3.395832543769385e-24
3.355541639286556e-24
3.311050057728428e-24
3.2622895322107676e-24
3.2091862165749495e-24
3.1516610858581464e-24
3.0896304528344366e-24
3.0230066392862752e-24
2.951698854202231e-24
2.8756143515071198e-24
2.794659969278798e-24
2.7087441945781556e-24
2.6177799633281665e-24
2.5216885023374582e-24
2.4204046719554022e-24
2.3138845113397435e-24
2.202116076817559e-24
2.0851353128665414e-24
1.9630497936975136e-24
1.836075084468595e-24
1.704591874495131e-24
1.569238224443232e-24
1.4310626566488252e-24
1.2917845757460903e-24
1.154243907273078e-24
1.0231682832286414e-24
9.06377387323496e-25
8.161655629962693e-25
7.69121408402813e-25
7.808093539803799e-25
8.56419164130948e-25
9.884768098320122e-25
1.1644751931982168e-24
1.3736850752797677e-24
1.6088457880077344e-24
1.8654667051213457e-24
2.1408574555524272e-24
2.433434155863889e-24
2.742292193560987e-24
3.06695240950505e-24
3.4072096349352484e-24
3.763040483007277e-24
4.134545746620852e-24
4.521913409961256e-24
4.92539423103477e-24
5.3452851817885834e-24
5.7819179108344676e-24
6.235650496334372e-24
6.706861392741327e-24
7.195944873246121e-24
7.703307511609239e-24
8.229365398274736e-24
8.774541883178107e-24
9.339265711108857e-24
9.923969446415088e-24
1.0529088126652736e-23
1.115505809320986e-23
1.1802315969279001e-23
1.24712977658492e-23
1.316243809636962e-23
1.3876169490965602e-23
1.4612921810309245e-23
1.537312174803084e-23
1.615719242433021e-23
1.6965553071032407e-23
1.7798618808664826e-23
1.865680050961916e-23
1.9540504765149407e-23
2.045013393223859e-23
2.1386086287568006e-23
2.234875626933511e-23
2.3338534815071565e-23
2.435580978968578e-23
2.5400966509790992e-23
2.6474388350919905e-23
2.757645744863683e-23
2.8707555464473137e-23
2.986806445082354e-23
3.105836776823931e-23
3.227885107748795e-23
3.3529903390271914e-23
3.481191816321121e-23
3.612529445008664e-23
3.747043807970423e-23
3.8847762875346326e-23
4.025769188058441e-23
4.170065861575882e-23
4.3177108336915014e-23
4.4687499284610385e-23
4.623230394372418e-23
4.7812010282267124e-23
4.942712297629796e-23
5.107816457992329e-23
5.276567674331951e-23
5.44902213223673e-23
5.625238146852356e-23
5.805276271733944e-23
5.989199400832662e-23
6.1770728645965e-23
6.368964525730193e-23
6.564944869706475e-23
6.765087084562343e-23
6.969467150125179e-23
7.178163904449289e-23
7.391259126738887e-23
7.608837597835285e-23
7.830987170057892e-23
8.057798826483909e-23
8.289366741401473e-23
8.525788328291514e-23
8.767164306333062e-23
9.013598736489845e-23
9.26519908096185e-23
9.52207623153618e-23
9.784344582886869e-23
1.0052122047755839e-22
1.032553011874311e-22
1.0604693888577728e-22
1.0889742120411042e-22
1.118080725398304e-22
1.1478025477376788e-22
1.1781536743111483e-22
1.2091484813584175e-22
1.2408017315844584e-22
1.27312857685451e-22
1.3061445619827283e-22
1.3398656298075329e-22
1.3743081241825438e-22
1.409488797518923e-22
1.4454248087403675e-22
1.4821337384931892e-22
1.519633576906737e-22
1.5579427479133575e-22
1.597080099407393e-22
1.6370649127137014e-22
1.677916907437899e-22
1.7196562454093143e-22
1.7623035393458512e-22
1.805879846336671e-22
1.8504066885586264e-22
1.8959060512733994e-22
1.942400373560562e-22
1.9899125820732096e-22
2.0384660659981602e-22
2.0880846966680605e-22
2.1387928338824504e-22
2.190615325383917e-22
2.2435775057772955e-22
2.2977052090004114e-22
2.3530247684377613e-22
2.409563001319847e-22
2.46734725743191e-22
2.526405381933746e-22
2.5867657088823955e-22
2.6484570996569998e-22
2.7115089187645433e-22
2.7759510213678627e-22
2.8418138016294015e-22
2.9091281173251817e-22
2.9779253671658378e-22
3.0482373979624175e-22
3.1200965966010164e-22
3.1935358068269737e-22
3.268588323208656e-22
3.3452879499150904e-22
3.423668902596395e-22
3.5037658637453693e-22
3.5856139248708225e-22
3.6692485720423294e-22
3.7547057323857306e-22
3.842021585163204e-22
3.9312326476784147e-22
4.0223759275883886e-22
4.1154884722632565e-22
4.210607660246973e-22
4.307771139841739e-22
4.407016461283598e-22
4.5083814198092e-22
4.611904022743033e-22
4.717622008044064e-22
4.825572897614336e-22
4.935794474781102e-22
5.048323774365312e-22
5.163197768585066e-22
5.280452986260344e-22
5.400125227518743e-22
5.522249603671622e-22
