8.140108111737905e-24
9.11457230411424e-24
1.0036477397412e-23
1.090777663692906e-23
1.1730317047483655e-23
1.250584282889074e-23
1.323599878216123e-23
1.392233364685569e-23
1.4566303298005104e-23
1.516927378111914e-23
1.5732524176579383e-23
1.625724929150298e-23
1.6744562179803665e-23
1.7195496493544076e-23
1.7611008668102912e-23
1.7991979945646498e-23
1.833921823971417e-23
1.865345984465742e-23
1.8935370993771257e-23
1.9185549267902236e-23
1.9404524858981775e-23
1.959276168978332e-23
1.975065839262742e-23
1.9878549149127597e-23
1.997670439249837e-23
2.0045331373968933e-23
2.0084574594229358e-23
2.0094516100741e-23
2.0075175652332544e-23
2.0026510749492067e-23
1.994841653238097e-23
1.9840725545172795e-23
1.9703207365761126e-23
1.9535568101472484e-23
1.9337449747812638e-23
1.910842941021909e-23
1.884801838641757e-23
1.8555661107691308e-23
1.8230733936276465e-23
1.787254381755633e-23
1.7480326783045325e-23
1.705324630220738e-23
1.6590391479886396e-23
1.6090775096692852e-23
1.5553331489006147e-23
1.4976914268107838e-23
1.4360293876491857e-23
1.3702154983396908e-23
1.3001093726414293e-23
1.2255614813087813e-23
1.146412851238079e-23
1.0624947598512576e-23
9.736284372739587e-24
8.796248035634663e-24
7.802843028709546e-24
6.753969895036635e-24
5.647433024101545e-24
4.4809698792739424e-24
3.252364524752597e-24
1.9600608550944146e-24
6.123665752733089e-25
8.596007410943027e-25
2.357719977535615e-24
3.9408647892527864e-24
5.605983649192974e-24
7.355822335861297e-24
9.193906035162179e-24
1.1124095178408337e-23
1.3150499551208656e-23
1.5277459069454432e-23
1.7509542914520694e-23
1.9851555239607753e-23
2.23085438174422e-23
2.488581032943227e-23
2.75889217740336e-23
3.042372278590442e-23
3.339634877174896e-23
3.6513239848073035e-23
3.978115557780244e-23
4.32071905302146e-23
4.679879070083719e-23
5.056377082794628e-23
5.451033265018194e-23
5.864708416624848e-23
6.298305993799776e-23
6.752774251132447e-23
7.229108500362632e-23
7.72835349522222e-23
8.251605946238433e-23
8.800017178042994e-23
9.374795933094921e-23
9.977211334842064e-23
1.0608596017296043e-22
1.1270349435485e-22
1.1963941362878166e-22
1.2690915592183448e-22
1.3452893852647405e-22
1.425157995532469e-22
1.5088764184995537e-22
1.59663279521268e-22
1.6886248724932284e-22
1.7850605262623145e-22
1.886158316370091e-22
1.9921480761296605e-22
2.1032715383160551e-22
2.219783000731446e-22
2.341950033467015e-22
2.4700542327001247e-22
2.6043920220314303e-22
2.7452755071871335e-22
2.893033387026941e-22
3.0480119257527164e-22
3.2105759906076373e-22
3.3811101615285616e-22
3.5600199165716804e-22
3.7477329012187216e-22
3.94470028971716e-22
4.1513982389539725e-22
4.368329457048395e-22
4.596024876585356e-22
4.835045467089904e-22
5.085984170876977e-22
5.349467996905939e-22
5.626160276466029e-22
5.916763095190465e-22
6.222019922665958e-22
6.542718454510036e-22
6.879693692201701e-22
7.233831276750815e-22
7.606071114351758e-22
7.997411307868356e-22
8.408912439495072e-22
8.841702236766291e-22
9.29698065412977e-22
9.776025440573308e-22
1.0280198214059417e-21
1.0810951125612112e-21
1.1369834160404013e-21
1.1958503184464843e-21
1.25787287762662e-21
1.323240596401407e-21
1.392156501277082e-21
1.464838331517984e-21
1.5415198584861541e-21
1.6224523537994141e-21
1.707906217474008e-21
1.7981727947113423e-21
1.8935664114337045e-21
1.9944266423819755e-21
2.1011208627119213e-21
2.2140471192185546e-21
2.3336373618729757e-21
2.4603610984353828e-21
2.5947295354418657e-21
2.737300285242995e-21
2.8886827194397144e-21
3.049544105356512e-21
3.2206166165897197e-21
3.4027054084187314e-21
3.596697932617707e-21
3.803574727750361e-21
4.0244219405641606e-21
4.26044595571536e-21
4.51299051671233e-21
4.7835568851053534e-21
5.0738276336949736e-21
5.385694949830856e-21
5.7212943467960726e-21
6.083045190310478e-21
6.473699564171014e-21
6.896401602175144e-21
7.354760032572045e-21
7.852937375913623e-21
8.395760627628903e-21
8.988859568261903e-21
9.638841016702165e-21
1.0353510581984403e-20
1.1142157790008753e-20
1.2015926216670544e-20
1.2988300558815822e-20
1.4075755133388135e-20
1.5298630535318093e-20
1.6682337267550728e-20
1.8259037695719512e-20
2.0070043593675224e-20
2.2169309859095257e-20
2.4628654597856087e-20
2.7545786941418093e-20
3.1057063779034225e-20
3.5358558838675276e-20
4.0742459978363453e-20
4.76634285845128e-20
5.686770202084097e-20
6.96649797519252e-20
8.855935678775411e-20
1.1889047950014985e-19
1.7352617436552665e-19
2.8179115808063353e-19
3.827161329356692e-19
2.6675191091016275e-19
1.7512641850643966e-19
