2.640236026250642e-24
2.53838279131714e-24
2.4414642894053523e-24
2.3492717577263298e-24
2.2616061622108884e-24
2.1782777483636046e-24
2.0991056106217407e-24
2.0239172794296498e-24
1.952548325318656e-24
1.8848419793694592e-24
1.820648769519249e-24
1.7598261722634512e-24
1.702238279390577e-24
1.6477554794705428e-24
1.5962541539008802e-24
1.5476163873851993e-24
1.501729692783339e-24
1.4584867503202196e-24
1.4177851611753037e-24
1.379527215485755e-24
1.3436196747871838e-24
1.3099735688831603e-24
1.2785040070730937e-24
1.2491300035844142e-24
1.2217743169458746e-24
1.1963633029087888e-24
1.1728267803777e-24
1.1510979096559395e-24
1.1311130821531464e-24
1.1128118205485314e-24
1.0961366882646034e-24
1.0810332069880682e-24
1.0674497808878273e-24
1.0553376261266321e-24
1.0446507042520795e-24
1.0353456580818744e-24
1.0273817487709397e-24
1.0207207928600814e-24
1.0153270982535234e-24
1.0111673982491633e-24
1.0082107829423094e-24
1.0064286275365476e-24
1.0057945173073276e-24
1.0062841691781312e-24
1.007875350062731e-24
1.0105477923112606e-24
1.0142831067482356e-24
1.019064693920813e-24
1.0248776542688358e-24
1.031708697994331e-24
1.0395460554409865e-24
1.048379388797778e-24
1.058199705918979e-24
1.0689992770076732e-24
1.080771554843174e-24
1.0935110991547712e-24
1.1072135056515495e-24
1.1218753401211697e-24
1.1374940779086076e-24
1.1540680489869488e-24
1.1715963887315902e-24
1.1900789944225384e-24
1.2095164874111123e-24
1.229910180814614e-24
1.2512620525376661e-24
1.2735747233646833e-24
1.296851439822734e-24
1.321096061482767e-24
1.3463130523424893e-24
1.3725074759191577e-24
1.399684993677033e-24
1.4278518664124379e-24
1.4570149582289674e-24
1.4871817427490964e-24
1.5183603112234573e-24
1.5505593822227736e-24
1.583788312618975e-24
1.6180571095879467e-24
1.6533764433931122e-24
1.689757660734686e-24
1.7272127984770512e-24
1.7657545975921892e-24
1.8053965171818903e-24
1.8461527484661674e-24
1.8880382286462942e-24
1.9310686545731497e-24
1.975260496168534e-24
2.0206310095667066e-24
2.067198249955856e-24
2.114981084115493e-24
2.1639992026558343e-24
2.214273131975045e-24
2.2658242459614034e-24
2.3186747774700015e-24
2.372847829614001e-24
2.428367386912525e-24
2.4852583263384978e-24
2.5435464283176152e-24
2.603258387725562e-24
2.6644218249334255e-24
2.7270652969527425e-24
2.7912183087270046e-24
2.8569113246203617e-24
2.9241757801478616e-24
2.993044093993846e-24
3.0635496803604323e-24
3.13572696168731e-24
3.20961138178066e-24
3.285239419388319e-24
3.362648602253768e-24
3.441877521681422e-24
3.522965847640669e-24
3.605954344437821e-24
3.690884886978044e-24
3.7778004776416264e-24
3.866745263794556e-24
3.9577645559521005e-24
4.050904846612394e-24
4.146213829776451e-24
4.243740421166783e-24
4.343534779158773e-24
4.44564832643613e-24
4.550133772379717e-24
4.657045136199605e-24
4.766437770819043e-24
4.878368387517126e-24
4.992895081337349e-24
5.110077357267707e-24
5.229976157197689e-24
5.352653887657668e-24
5.478174448344452e-24
5.606603261435639e-24
5.738007301698813e-24
5.8724551273956206e-24
6.010016911984613e-24
6.150764476624361e-24
6.294771323478443e-24
6.442112669823602e-24
6.592865482960385e-24
6.747108515927973e-24
6.904922344021592e-24
7.066389402111212e-24
7.23159402276021e-24
7.400622475141328e-24
7.57356300474655e-24
7.750505873886032e-24
7.931543402972122e-24
8.116770012581243e-24
8.306282266286707e-24
8.500178914253526e-24
8.698560937585622e-24
8.901531593413103e-24
9.109196460708487e-24
9.321663486813401e-24
9.539043034662514e-24
9.761447930683596e-24
9.988993513353659e-24
1.0221797682385879e-23
1.0459980948522739e-23
1.070366648390541e-23
1.0952980172987362e-23
1.1208050663955653e-23
1.1469009420622555e-23
1.1735990774742921e-23
1.2009131978711954e-23
1.2288573258590712e-23
1.2574457867403864e-23
1.2866932138649494e-23
1.3166145539953615e-23
1.3472250726799684e-23
1.3785403596253053e-23
1.4105763340598396e-23
1.443349250079873e-23
1.4768757019678242e-23
1.5111726294725143e-23
1.5462573230399766e-23
1.5821474289828926e-23
1.6188609545755362e-23
1.6564162730602556e-23
1.6948321285510128e-23
1.734127640817741e-23
1.774322309934791e-23
1.815436020775632e-23
1.8574890473344546e-23
1.900502056854709e-23
1.9444961137428392e-23
1.989492683244619e-23
2.0355136348601073e-23
2.0825812454716376e-23
2.1307182021587e-23
2.179947604670699e-23
2.2302929675292666e-23
2.2817782217278666e-23
2.3344277159975887e-23
2.3882662176042769e-23
2.4433189126421075e-23
2.4996114057868174e-23
2.5571697194700937e-23
2.616020292435286e-23
2.676189977633692e-23
2.737706039417725e-23
