2.661909214362104e-24
2.4972194538070665e-24
2.3435132825244388e-24
2.200175123382289e-24
2.066627967218709e-24
1.9423315857259475e-24
1.8267807605211883e-24
1.7195035103001622e-24
1.6200592956012628e-24
1.5280371789769543e-24
1.4430539177845347e-24
1.3647519680909442e-24
1.2927973821371614e-24
1.226877589283747e-24
1.166699062057599e-24
1.1119848851477523e-24
1.0624722655351866e-24
1.0179100449128935e-24
9.780562984337268e-25
9.426761226556508e-25
9.11539725725302e-25
8.844209299208224e-25
8.61096177825517e-25
8.413440986029007e-25
8.249456435814593e-25
8.116847475036454e-25
8.01349422081721e-25
7.937331505211459e-25
7.886364315551558e-25
7.858683215145544e-25
7.852478411223575e-25
7.8660514489073375e-25
7.8978238852907765e-25
7.946342671822253e-25
8.0102822963390915e-25
8.088443979612662e-25
8.1797523766762e-25
8.283250307281988e-25
8.398092048666927e-25
8.523535686511904e-25
8.658934955027481e-25
8.803730919541978e-25
8.957443776035622e-25
9.119664968711146e-25
9.290049763079883e-25
9.468310359525112e-25
9.654209590915725e-25
9.847555216606762e-25
1.00481948025796e-24
1.02560111620474e-24
1.0470918320997748e-24
1.0692857967654027e-24
1.0921796342361248e-24
1.1157721524348565e-24
1.140064107314233e-24
1.1650579984776928e-24
1.1907578925896867e-24
1.2171692712036704e-24
1.2442988999654014e-24
1.2721547164747366e-24
1.300745734384105e-24
1.3300819616129002e-24
1.3601743308003867e-24
1.3910346403718945e-24
1.4226755047900174e-24
1.4551103127616096e-24
1.4883531923330617e-24
1.5224189819495385e-24
1.5573232066855324e-24
1.5930820589639712e-24
1.6297123831750374e-24
1.6672316636936973e-24
1.705658015862596e-24
1.7450101795708443e-24
1.785307515116436e-24
1.8265700010770553e-24
1.8688182339648682e-24
1.9120734294619153e-24
1.956357425078844e-24
2.0016926840813688e-24
2.0481023005771674e-24
2.0956100056468523e-24
2.1442401744416095e-24
2.194017834168412e-24
2.2449686729008428e-24
2.297119049163823e-24
2.3504960022438272e-24
2.405127263193121e-24
2.4610412664900664e-24
2.5182671623375215e-24
2.5768348295674997e-24
2.6367748891453112e-24
2.6981187182503275e-24
2.760898464929227e-24
2.8251470633088207e-24
2.8908982493621808e-24
2.958186577227346e-24
3.0270474360733494e-24
3.0975170675115704e-24
3.169632583555011e-24
3.243431985126709e-24
3.3189541811190825e-24
3.39623900800961e-24
3.475327250034262e-24
3.556260659926375e-24
3.6390819802299884e-24
3.723834965186502e-24
3.810564403212035e-24
3.899316139967768e-24
3.990137102029059e-24
4.08307532117615e-24
4.178179959298308e-24
4.275501333937479e-24
4.375090944472305e-24
4.477001498959373e-24
4.581286941648109e-24
4.688002481161601e-24
4.797204619388257e-24
4.90895118106738e-24
5.023301344104462e-24
5.1403156706217546e-24
5.260056138746236e-24
5.3825861751849936e-24
5.507970688565414e-24
5.636276103584482e-24
5.7675703959678404e-24
5.901923128263019e-24
6.039405486476059e-24
6.180090317605242e-24
6.324052168009959e-24
6.471367322750616e-24
6.62211384580279e-24
6.776371621240888e-24
6.934222395395924e-24
7.09574981999935e-24
7.26103949630897e-24
7.43017902032596e-24
7.603258029023313e-24
7.780368247657712e-24
7.961603538208588e-24
8.147059948952529e-24
8.336835765131154e-24
8.531031560893277e-24
8.729750252359738e-24
8.933097151955602e-24
9.141180024028977e-24
9.354109141750699e-24
9.571997345203918e-24
9.794960101144874e-24
1.002311556377944e-23
1.0256584637074011e-23
1.0495491038683458e-23
1.0739961365112918e-23
1.099012515849156e-23
1.1246114974904667e-23
1.150806645426016e-23
1.1776118391718805e-23
1.2050412810965105e-23
1.2331095038939938e-23
1.2618313782202656e-23
1.2912221205671283e-23
1.3212973012284201e-23
1.35207285251258e-23
1.3835650771094806e-23
1.4157906566866337e-23
1.448766660634474e-23
1.4825105550309848e-23
1.517040211856712e-23
1.5523739183098455e-23
1.5885303864553747e-23
1.6255287630093113e-23
1.663388639408705e-23
1.7021300619908222e-23
1.7417735426283167e-23
1.7823400693473607e-23
1.8238511172720703e-23
1.866328660054293e-23
1.909795181064765e-23
1.9542736853394425e-23
1.9997877114829065e-23
2.0463613439587925e-23
2.0940192255914268e-23
2.1427865703916997e-23
2.1926891766925554e-23
2.2437534405808923e-23
2.2960063693919468e-23
2.3494755958642196e-23
2.4041893923829042e-23
2.46017668565246e-23
2.5174670714707425e-23
2.576090829963634e-23
2.6360789414923585e-23
2.6974631021500875e-23
2.7602757402733784e-23
2.824550032892686e-23
2.890319922644007e-23
2.957620135389231e-23
3.0264861973206353e-23
3.096954453854009e-23
3.169062086966457e-23
3.242847134670619e-23
