5.794999343810821e-22
5.7949972123057045e-22
5.794993629238847e-22
5.794988587026504e-22
5.794982074988142e-22
5.79497407932411e-22
5.794964583086955e-22
5.7949535661445755e-22
5.794941005138547e-22
5.794926873433767e-22
5.794911141063562e-22
5.794893774664229e-22
5.794874737405788e-22
5.794853988913171e-22
5.794831485180995e-22
5.794807178480428e-22
5.7947810172569375e-22
5.7947529460226095e-22
5.79472290523703e-22
5.794690831181583e-22
5.7946566558247e-22
5.794620306676951e-22
5.794581706637481e-22
5.794540773830402e-22
5.7944974214317975e-22
5.794451557484065e-22
5.794403084702918e-22
5.794351900268784e-22
5.794297895610899e-22
5.794240956174628e-22
5.794180961180772e-22
5.794117783367955e-22
5.794051288723046e-22
5.793981336196596e-22
5.793907777404177e-22
5.79383045631113e-22
5.793749208901231e-22
5.7936638628294e-22
5.793574237056362e-22
5.793480141463549e-22
5.793381376449335e-22
5.7932777325084395e-22
5.793168989783358e-22
5.793054917601635e-22
5.792935273983089e-22
5.792809805129588e-22
5.792678244884048e-22
5.792540314167151e-22
5.792395720385442e-22
5.7922441568085875e-22
5.792085301917811e-22
5.791918818730883e-22
5.791744354077974e-22
5.791561537856031e-22
5.791369982243692e-22
5.791169280880249e-22
5.790959007996302e-22
5.790738717521526e-22
5.790507942124775e-22
5.790266192231202e-22
5.790012954983207e-22
5.789747693148532e-22
5.789469843977496e-22
5.789178818018538e-22
5.788873997857659e-22
5.788554736808688e-22
5.788220357543381e-22
5.787870150659652e-22
5.787503373162242e-22
5.78711924689204e-22
5.786716956878427e-22
5.786295649599544e-22
5.78585443118254e-22
5.785392365488822e-22
5.784908472144456e-22
5.784401724450423e-22
5.783871047186735e-22
5.783315314360422e-22
5.782733346791345e-22
5.782123909614609e-22
5.781485709649989e-22
5.780817392674008e-22
5.780117540527893e-22
5.779384668091954e-22
5.778617220161492e-22
5.777813568118171e-22
5.7769720064853e-22
5.776090749284423e-22
5.775167926255971e-22
5.774201578875942e-22
5.77318965619546e-22
5.772130010476927e-22
5.77102039263957e-22
5.769858447421048e-22
5.768641708487463e-22
5.767367593065402e-22
5.766033396464243e-22
5.76463628642524e-22
5.763173297015104e-22
5.761641322230713e-22
5.760037109543362e-22
5.758357252940761e-22
5.756598185533321e-22
5.754756172219508e-22
5.75282730140106e-22
5.750807476967586e-22
5.7486924093241055e-22
5.746477606382179e-22
5.744158363954053e-22
5.741729755674524e-22
5.739186622641611e-22
5.736523562092866e-22
5.733734916316782e-22
5.730814760165319e-22
5.72775688858411e-22
5.724554803537223e-22
5.721201699537739e-22
5.717690449951897e-22
5.714013591020526e-22
5.710163306076998e-22
5.70613140920984e-22
5.701909327240207e-22
5.697488081554707e-22
5.692858268882228e-22
5.688010041152991e-22
5.682933084315608e-22
5.677616596205635e-22
5.672049263078733e-22
5.666219236247768e-22
5.660114105334932e-22
5.653720872207024e-22
5.647025923266121e-22
5.640014999264999e-22
5.63267316569072e-22
5.624984779855709e-22
5.61693345664003e-22
5.608502034366575e-22
5.59967253660403e-22
5.590426132782514e-22
5.580743099772481e-22
5.570602775896974e-22
5.559983518821871e-22
5.548862656474453e-22
5.537216438828452e-22
5.5250199850021735e-22
5.512247231519027e-22
5.498870871474637e-22
5.48486229738792e-22
5.47019153850762e-22
5.454827193211413e-22
5.43873636183355e-22
5.421884573290092e-22
5.404235707681095e-22
5.385751919231364e-22
5.366393549589974e-22
5.346119042235725e-22
5.324884845917319e-22
5.302645322170245e-22
5.279352641236049e-22
5.254956671099407e-22
5.229404871494425e-22
5.202642171581126e-22
5.17461083972365e-22
5.145250364981002e-22
5.114497304556709e-22
5.082285154017298e-22
5.048544179567063e-22
5.013201265209992e-22
4.976179741953566e-22
4.937399207845961e-22
4.896775341127126e-22
4.85421969786452e-22
4.809639514465282e-22
4.762937468475255e-22
4.714011455463629e-22
4.66275435088942e-22
4.609053726785885e-22
4.552791597433595e-22
4.493844119743025e-22
4.432081280256687e-22
4.367366579006235e-22
4.299556655748417e-22
4.228500964848367e-22
4.1540413351448025e-22
4.0760115746139863e-22
3.994237019297501e-22
3.9085340587843732e-22
3.8187096082663403e-22
3.724560553329014e-22
3.6258731932698176e-22
3.522422553387371e-22
3.4139715876647935e-22
3.30027067067198e-22
3.181056395237848e-22
3.056050752709913e-22
2.924960028254467e-22
2.7874734212271935e-22
2.6432614448442357e-22
2.491973904504165e-22
2.3332372528460656e-22
2.1666509069394412e-22
